0.0	0.01	0.007	0.007	0.007	0.01	0.0	0.0	0.0	0.0	0.0	0.0	0.0	0.0	0.0	0.0	100.0	0.035
0.006492475488258274	0.01	0.007	0.007	0.007	0.01	0.0026071765943279264	0.006453228698609765	0.003619178942710929	0.0012583178673888531	0.00021987493265892365	0.00010277593903487658	0.0003816191895982622	0.00047477094965684785	8.177127569998212e-5	5.045694290355515e-6	99.88886925044642	0.03499212546407678
0.011475974353984755	0.01	0.007	0.007	0.007	0.01	0.004512353334406064	0.010940311537938781	0.006273394492253637	0.0021989476577549505	0.00036242276266421005	0.00031643588391718267	0.0011586876733293782	0.001463182540034046	0.0002533813057869967	1.5038151198979617e-5	99.80365121964874	0.034986082324182564
0.01851234043831806	0.01	0.007	0.007	0.007	0.01	0.007067459541347628	0.016654821695276448	0.009846436704917392	0.0034907470166187383	0.0005312807199002441	0.000806705972474822	0.002897758039148954	0.003735176670150597	0.0006517436201583868	3.668066759856025e-5	99.68345285518535	0.03497755159307793
0.025538107216961318	0.01	0.007	0.007	0.007	0.01	0.009469314776440654	0.021709367518559335	0.013219991107883605	0.004739363779945954	0.0006683857264119626	0.0015043634791587087	0.005304322536310534	0.006974598945745637	0.0012260866822694282	6.557939499733155e-5	99.56357998668328	0.03496903578770078
0.033692216005755685	0.01	0.007	0.007	0.007	0.01	0.012080986005696131	0.026856013377265127	0.01690570636239285	0.0061385119115982415	0.0007956835069578428	0.002558023847117705	0.008833311603939048	0.011877331227943924	0.002105799282997665	0.00010643827099612953	99.42463619445647	0.03495915493875781
0.042269879218777326	0.01	0.007	0.007	0.007	0.01	0.014637421489774271	0.03154044563279165	0.020532445315199824	0.007554362814149774	0.0009002658255730466	0.003929795422873711	0.013286398416772205	0.018274656530289205	0.003268638597622045	0.0001561102401143728	99.27868441457382	0.034948763855369984
0.05161048812925479	0.01	0.007	0.007	0.007	0.01	0.017214251603479263	0.03590743935590249	0.024208734240212266	0.009033336322950187	0.0009875773442548706	0.005707498623012301	0.0188745839757515	0.02658461233194984	0.004799858287116816	0.00021619726886854313	99.11999453502654	0.03493745204333173
0.061479892876525215	0.01	0.007	0.007	0.007	0.01	0.019719988665167575	0.03981104432941907	0.027805265241530614	0.010527745811024966	0.0010568277667651821	0.007881504166913309	0.02548713816826908	0.03677203948577612	0.006704078936514395	0.00028480210901100835	98.9525964068599	0.03492550381862072
0.07197507866950263	0.01	0.007	0.007	0.007	0.01	0.022159472624040118	0.0432850093203713	0.03132925830842402	0.012043225309664094	0.0011110175437676337	0.010497850829571642	0.03318512770375616	0.049063180426326965	0.009035880275595251	0.0003619957119277955	98.77489436104152	0.03491280248584981
0.08302290735677069	0.01	0.007	0.007	0.007	0.01	0.02449776195296656	0.04631063612110318	0.034730167528983946	0.013560169968107756	0.0011520808279680266	0.013559962563441816	0.04189984815707928	0.0634854737096377	0.011814269197795971	0.0004466372617672642	98.58817985441202	0.0348994373318412
0.09465690449149146	0.01	0.007	0.007	0.007	0.01	0.02672802400320587	0.04891670110914332	0.0379974076202774	0.015074899227370932	0.0011824762330897938	0.017092844822864627	0.051627871854919447	0.08016846593419151	0.015079156471444399	0.0005383773319094456	98.3919402926883	0.03488536858900018
0.10686437644352899	0.01	0.007	0.007	0.007	0.01	0.028836003280898043	0.05112605790018344	0.04110909701171255	0.016577660282672886	0.001204269929554897	0.021105004189718838	0.06232193610234492	0.09916455051619118	0.018857049514093834	0.0006365640242073919	98.18644744802337	0.03487061245299741
0.11966974727859547	0.01	0.007	0.007	0.007	0.01	0.030816527353313937	0.052973928632579305	0.04405622358310325	0.018063704219249813	0.0012193511314793353	0.02561305001747424	0.07396114705065428	0.12056480618327634	0.023183463843758925	0.0007409021773609129	97.971351156297	0.03485514029705388
0.133088332814741	0.01	0.007	0.007	0.007	0.01	0.03266423560227057	0.05449514937403228	0.04682915190187121	0.019527158525543056	0.0012292916243018949	0.030628195058465042	0.08651471160391495	0.14443507813008316	0.028090339901465932	0.0008510939911837939	97.74646006263904	0.03483893458722199
0.14715133988101942	0.01	0.007	0.007	0.007	0.01	0.03437725638455771	0.05572646155897713	0.049423151070312886	0.020963876210700054	0.0012354001622518305	0.036165276073067645	0.09996590186509223	0.1708586389337194	0.03361461616569399	0.0009670384543716576	97.51132267072265	0.03482195869163653
0.16189191724710572	0.01	0.007	0.007	0.007	0.01	0.03595466709934138	0.056703130119984055	0.0518346860897746	0.022369676666669017	0.0012387394847986244	0.04223829374662161	0.1143005677185569	0.19991492601587332	0.039793973829974634	0.0010887120070328367	97.26546327071354	0.03480417375891204
0.17735274060535072	0.01	0.007	0.007	0.007	0.01	0.03739715161568727	0.05745878471285037	0.05406246939068271	0.02374100868052488	0.0012401744261963013	0.04886367253981199	0.12951498921742105	0.23169500543487623	0.04667012472656428	0.0012162240588196355	97.00825686554927	0.03478552958854388
0.19358184925230473	0.01	0.007	0.007	0.007	0.01	0.038706223695505845	0.058024448584023405	0.05610633519946945	0.025074398786895657	0.0012404151160028997	0.05605887204412025	0.14561220814363093	0.26629487076550057	0.05428750464879389	0.0013497767665697263	96.73900091442016	0.03476596968890149
0.2106349820242371	0.01	0.007	0.007	0.007	0.01	0.039884251839429515	0.0584283318299141	0.057967320815805086	0.02636655451849342	0.001240059360554174	0.06384351417482405	0.16260431122660993	0.3038207571811215	0.06269451111663812	0.001489680405541368	96.45687883048144	0.03474542849630164
0.22857424847432098	0.01	0.007	0.007	0.007	0.01	0.04093418415724581	0.058695614484496346	0.059647277184334754	0.02761415573026674	0.0012396278633441575	0.07223885977278556	0.1805108885509398	0.34438651976535306	0.07194301505256585	0.0016363412482018592	96.16098476233037	0.03472383301844701
0.2474686019145273	0.01	0.007	0.007	0.007	0.01	0.04185948965910752	0.0588484517250937	0.06114880825449861	0.0288138279458423	0.0012395909289989251	0.08126797045013111	0.19935908749705541	0.38811426465222965	0.08208853973521704	0.001790267251592553	95.8503187017549	0.03470110230991875
0.2673928788834144	0.01	0.007	0.007	0.007	0.01	0.04266405761848264	0.05890604632213401	0.06247513972379928	0.029962044174874396	0.001240385419479815	0.09095512466030985	0.21918211062059295	0.43513133244291113	0.09318954481570825	0.001952064836971814	95.52380551657741	0.03467714867810124
0.28842696887357155	0.01	0.007	0.007	0.007	0.01	0.043352171544064746	0.05888480318960733	0.06363010424877959	0.031055090877728706	0.0012424217217933996	0.10132520161471854	0.24001776237660122	0.48556705488749863	0.10530652919901719	0.0021224391102723605	95.18031188768214	0.034651878733733224
0.31065410485999034	0.01	0.007	0.007	0.007	0.01	0.04392850017130922	0.05879852881521827	0.06461815523051286	0.03208904494731012	0.001246081255469993	0.112402575478342	0.26190609439100193	0.5395470599396075	0.1185003858244435	0.0023021883696420133	94.81867757415439	0.03462519549801982
0.3341587656733881	0.01	0.007	0.007	0.007	0.01	0.044398124496893406	0.058658663449053725	0.06544444444657509	0.03305980733082346	0.0012517058478258036	0.12420978277205816	0.2848866995288578	0.5971863953007274	0.1328302461455617	0.0024921955315155993	94.43775263707187	0.03459700097123695
0.3590242799730145	0.01	0.007	0.007	0.007	0.01	0.04476658080985454	0.058474529783105626	0.06611493585120422	0.03396319843391684	0.0012595812394574836	0.13676605787298995	0.30899579906341806	0.6585819506712731	0.14835090001266357	0.0026934153695212697	94.0364388894476	0.0345671990510546
0.38533133390178187	0.01	0.007	0.007	0.007	0.01	0.0450399056007767	0.0582535793525537	0.06663653803841825	0.034795144500199514	0.0012699182645641647	0.15008639920665479	0.3342643231659082	0.7238074586198879	0.16511063072966078	0.0029068652442191117	93.61371599844163	0.03453569735726283
0.41315808797787384	0.01	0.007	0.007	0.007	0.01	0.04522463697971724	0.05800162256186935	0.06701718113168997	0.0355519255613796	0.00128283608241727	0.16418157026665053	0.3607176183406893	0.7929131263686876	0.18315010675391957	0.0031336233562188408	93.16864126706325	0.03450240712350031
0.44258307042401485	0.01	0.007	0.007	0.007	0.01	0.045327738629835385	0.0577230300467192	0.06726577680492116	0.03623044824096641	0.0012983520367547611	0.17905962202205733	0.3883777663902207	0.8659328500942441	0.20250328909271315	0.0033748434607492966	92.70030532424435	0.03446723977323129
0.47369082750541025	0.01	0.007	0.007	0.007	0.01	0.04535642295301021	0.057420904952228666	0.06739200890268848	0.03682846509173974	0.0013163810447685508	0.19472884946406224	0.417268271735605	0.9428986385735972	0.22320050090520838	0.0036317870620299225	92.2077456526259	0.034430100228005626
0.5065796879713194	0.01	0.007	0.007	0.007	0.01	0.045317888848178146	0.05709723116609228	0.06740596366150631	0.03734467944480146	0.0013367446222629364	0.2112017139797471	0.4474202674826265	1.0238599425278376	0.24527323415799704	0.003905870435868074	91.68982999550003	0.03439087774452068
0.541370675505779	0.01	0.007	0.007	0.007	0.01	0.04521901862253388	0.05675300203410179	0.06731766112239543	0.03777871285268977	0.0013591868819784747	0.22849907666110666	0.4788791260289906	1.1089046074305282	0.2687598818131724	0.00419872157963539	91.14512662465864	0.03434943546076857
0.5782169936184838	0.01	0.007	0.007	0.007	0.01	0.04506608498432072	0.05638832767760113	0.06713656936941605	0.038130955020902454	0.0013833934547964944	0.24665430008361253	0.5117107723708553	1.1981791721793402	0.29371172857625577	0.004512244677609964	90.57177198590813	0.03430559936170321
0.6173132453421292	0.01	0.007	0.007	0.007	0.01	0.044864508436545804	0.05600252243417608	0.06687117261299824	0.0384023323570311	0.0014090088490543258	0.26571668294522394	0.5460068031351997	1.291905768706065	0.3201983098897852	0.004848685824229628	89.96735009614066	0.03425914768404837
0.6589010930243199	0.01	0.007	0.007	0.007	0.01	0.044618705458051154	0.055594201461048716	0.06652866561180346	0.03859403533043818	0.001435647055567856	0.28575256975517177	0.5818854783236168	1.390387377470417	0.3483095970448635	0.005210669871614546	89.32883522458509	0.03420980468728666
0.7032544423094134	0.01	0.007	0.007	0.007	0.01	0.04433215203621242	0.055161550435508355	0.06611497353037275	0.0387072628177234	0.0014628842858216754	0.3068362402332975	0.6194745988659653	1.4939626270842987	0.37814347824358724	0.005601053292161126	88.65285340838652	0.03415725879984312
0.7505849400961545	0.01	0.007	0.007	0.007	0.01	0.044008101328599586	0.05470333232946441	0.06563578395668049	0.0387432347681212	0.001490207113958846	0.3290040678694087	0.6588297269804964	1.6027803305040544	0.40973989796281224	0.006022046447980127	87.93713837614898	0.03410127486767636
0.8007536865510344	0.01	0.007	0.007	0.007	0.01	0.04365182073408577	0.054221678353312625	0.0650999684176421	0.03870433040193468	0.001516890330714224	0.35212434802189735	0.6997055528169569	1.716162022452573	0.4428915715121936	0.006472530506459595	87.18481159722167	0.034042033943153534
0.8530221532334199	0.01	0.007	0.007	0.007	0.01	0.04327261726726768	0.053724332104063244	0.06452282348074749	0.038596841377743316	0.0015419967682418919	0.37579935066123255	0.7413895821764704	1.8321276692047825	0.47699777572186575	0.006945622666434925	86.40784282787997	0.03398042306118333
0.9066421715817583	0.01	0.007	0.007	0.007	0.01	0.04287943726345332	0.053218856376955566	0.06391937138210887	0.038430898556893814	0.0015648117214740942	0.3996511294410347	0.7832119166889349	1.9488033507841422	0.5114757767164243	0.0074339220558518855	85.61797776822725	0.033917334919236916
0.9612799389038562	0.01	0.007	0.007	0.007	0.01	0.042477420672044346	0.05270868496599396	0.06329876906674362	0.03821681688652886	0.001585011163959479	0.4235067159918651	0.8248677549837242	2.065327113972531	0.5460368260486411	0.007933526957397585	84.82054716127776	0.03385316980019283
1.016771146952875	0.01	0.007	0.007	0.007	0.01	0.042069685484414074	0.052195564075680545	0.06266684715426113	0.03796370588903184	0.0016024683159362922	0.44727738886538854	0.866201220284648	2.1812542615821626	0.5805176820201381	0.008441969976346268	84.01826238637426	0.03378812666925014
1.073058408031085	0.01	0.007	0.007	0.007	0.01	0.041657971789034735	0.0516802020713677	0.06202707815841334	0.03767907636206155	0.0016171751783019758	0.47092540849470915	0.9071455072557137	2.2963923373164414	0.6148339654344079	0.008957721699565227	83.21222060186098	0.03372227812767455
1.1301246394244493	0.01	0.007	0.007	0.007	0.01	0.041243313589450534	0.051162920583993285	0.061381644185132436	0.037369042148586974	0.00162918583587551	0.4944321977417781	0.9476667785322733	2.4106443075568884	0.6489339574421666	0.009479616138982235	82.40291764707213	0.03365564930046028
1.1879870707371754	0.01	0.007	0.007	0.007	0.01	0.04082622293803361	0.05064372718480799	0.06073176242769316	0.037038454550399905	0.0016385928207664055	0.5177941132652467	0.9877565527136548	2.523986973746038	0.6827918580233588	0.01000681140584661	81.5903593544738	0.03358822526663573
1.2466788343325381	0.01	0.007	0.007	0.007	0.01	0.04040692342573897	0.050122494108387455	0.06007808513352085	0.03669115224188475	0.0016455080230585724	0.5410137236767428	1.0274164852516656	2.636427864390389	0.7163944057231736	0.01053862667806778	80.77433997290173	0.03351997284617844
1.306247239081087	0.01	0.007	0.007	0.007	0.01	0.03998543035840334	0.0495989808398111	0.0594208549694624	0.03633012817556384	0.0016500526940153592	0.56409843981266	1.0666559290628401	2.7479981235783493	0.7497381921004495	0.011074526235326721	79.95447693122848	0.0334508427957776
1.3667470288117698	0.01	0.007	0.007	0.007	0.01	0.03956164440361196	0.04907289910816806	0.05876007471943157	0.03595771050627668	0.001652350188977936	0.5870573838146124	1.1054865198167554	2.85873701948792	0.7828245118914159	0.011614054975740598	79.1303122581394	0.03338077778902268
1.4282394676137191	0.01	0.007	0.007	0.007	0.01	0.03913538799313051	0.048543924301459644	0.058095581918405415	0.03557568963123971	0.001652521922890651	0.6099007504042827	1.143921054440327	2.9686886439549083	0.8156579216210924	0.012156825440697386	78.30133028102938	0.033309713577761
1.49078987805835	0.01	0.007	0.007	0.007	0.01	0.03870644237337996	0.04801171950333145	0.05742711976977533	0.035185434281016524	0.0016506848176202707	0.6326386722495297	1.18197154366663	3.0778962920241817	0.8482441768180534	0.012702490392278054	77.46699517024983	0.03323758192658662
1.5544673817913621	0.01	0.007	0.007	0.007	0.01	0.03827456246300798	0.04747593976344974	0.056754369824238156	0.03478797595105403	0.001646949923057941	0.655280988235487	1.2196488033344817	3.186401249622067	0.8805895529986225	0.013250734938153597	76.62675756246367	0.03316431098318416
1.6193443084355954	0.01	0.007	0.007	0.007	0.01	0.03783948974390649	0.046936239010169994	0.056076978878598936	0.03438407990218004	0.0016414217101661042	0.6778369173110831	1.256961888913762	3.294241156410911	0.9127000975331987	0.013801265706403587	75.78006534378561	0.033089826028739874
1.685496527847884	0.01	0.007	0.007	0.007	0.01	0.03740095618153673	0.0463922691231028	0.05539456991311446	0.03397429769492535	0.0016341977616365262	0.7003150757728003	1.2939181021217954	3.4014500337634805	0.9445814262023768	0.014353808023757953	74.92636214752737	0.03301404916640013
1.7530038222944273	0.01	0.007	0.007	0.007	0.01	0.036958686370240426	0.045843678922010994	0.05470674884381615	0.03355900923838074	0.0016253687039291325	0.7227234961720926	1.3305229915293084	3.508058323326966	0.9762385612208557	0.01490810320386788	74.0650857140929	0.032936898973219414
1.8219507745695633	0.01	0.007	0.007	0.007	0.01	0.0365123954829734	0.045290109307617114	0.05401310374276917	0.0331384535326998	0.0016150182274726726	0.7450697977437218	1.3667805901101273	3.6140936432250883	1.0076760127797946	0.01546390973989004	73.19566019832492	0.03285828957487629
1.8924278608251903	0.01	0.007	0.007	0.007	0.01	0.036061785693702435	0.04473118737223414	0.0533132009935736	0.0327127518476579	0.0016032231407413031	0.7673613829077724	1.402693676032285	3.719581652593688	1.038897915129818	0.01602100540686572	72.31748683527505	0.03277812950746378
1.9645329795020183	0.01	0.007	0.007	0.007	0.01	0.03560654000702704	0.04416651784219174	0.05260657695615013	0.032281923434489865	0.0015900533776579998	0.789605719516319	1.4382641474631543	3.8245472992145637	1.0699082921625902	0.01657919175239495	71.42993038280622	0.03269632010961323
2.0383734583957027	0.01	0.007	0.007	0.007	0.01	0.03514631366778188	0.0435956718638167	0.05189272558505061	0.031845894848663125	0.0015755719094783878	0.811810698076022	1.4734934836041311	3.929016386701779	1.1007114271892833	0.017138300697379795	70.53230134506727	0.03261275340812587
2.114068664277423	0.01	0.007	0.007	0.007	0.01	0.03468072280260203	0.04301817257224186	0.05117108159575601	0.0314045033236914	0.0015598345135951095	0.8339850745441207	1.5083832964842976	4.0330174970359325	1.131312341309775	0.01769820346380651	69.62383307865866	0.032527309369443806
2.191753514738477	0.01	0.007	0.007	0.007	0.01	0.03420932895220225	0.04243347569763221	0.0504409972101358	0.030957493565329043	0.0015428893220604705	0.8561390509233516	1.542936038852327	4.136584494758206	1.1617174404138308	0.018258823074487653	68.70365101361524	0.032439852196593476
2.2715833179172717	0.01	0.007	0.007	0.007	0.01	0.03373161760820835	0.041840942817808285	0.049701709663674404	0.03050450671359178	0.0015247760433176208	0.8782850616557522	1.5771559480664803	4.239759902228683	1.191935407633724	0.018820152051211576	67.7707301923951	0.032350225219265914
2.3537405244318412	0.01	0.007	0.007	0.007	0.01	0.03324696825705555	0.04123980412727575	0.04895229572170083	0.03004505956313691	0.0015055247153718456	0.9004388491979322	1.6110503151409687	4.342599491563424	1.2219784316473616	0.01938227728627986	66.8238361480892	0.032258243761092875
2.4384446644061697	0.01	0.007	0.007	0.007	0.01	0.03275460992638271	0.04062910325488861	0.04819160406113422	0.029578508757193638	0.00148515368935501	0.9226210525333565	1.64463135935057	4.4451790653574745	1.2518640392126354	0.01994541755071202	65.86143728059471	0.032163684620637505
2.525967357854895	0.01	0.007	0.007	0.007	0.01	0.03225355374241682	0.04000761358542812	0.047418152611542884	0.029103992299439857	0.0014636663908474312	0.944859604766172	1.6779190507235682	4.547604681886988	1.2816178722697313	0.02050998081108042	64.88157198121361	0.03206627016067007
2.6166562469757118	0.01	0.007	0.007	0.007	0.01	0.03174248462111856	0.0393737039037121	0.04662996360290498	0.028620331875963884	0.0014410459383019914	0.9671935875637802	1.7109456684993867	4.6500291137115735	1.3112781769830117	0.021076657183281094	63.88163530985993	0.03196564289506157
2.710974956385621	0.01	0.007	0.007	0.007	0.01	0.031219579550198676	0.038725112992627896	0.045824286746210856	0.02812586573486405	0.0014172459157640305	0.9896796990733696	1.743763469542762	4.752679483851977	1.3409033578376937	0.021646575706944077	62.85802113749093	0.031861323002121085
2.809575497846965	0.01	0.007	0.007	0.007	0.01	0.030682175854799952	0.03805853816438602	0.044997093697062944	0.027618140538778646	0.0013921733490311204	1.012404117374939	1.7764588653798987	4.855908072195817	1.3705859034322105	0.022221593082983628	61.80546899505827	0.03175263121264872
2.9134073773309734	0.01	0.007	0.007	0.007	0.01	0.030126292134067215	0.03736904106222159	0.04414235005846894	0.02709346613579441	0.0013656633697283257	1.035498742753287	1.809170443675835	4.960260392648297	1.4004707065238486	0.02280468396270935	60.71611947041986	0.0316385734832435
3.023746722227393	0.01	0.007	0.007	0.007	0.01	0.02954664217472637	0.03665006494581855	0.043252050504797745	0.026546938402314927	0.001337476839648584	1.0591348784216654	1.8420721103208322	5.066438233804311	1.4307426193764197	0.023399748287648427	59.57953225866641	0.031517816393294706
3.1401162155856746	0.01	0.007	0.007	0.007	0.01	0.028947436047731628	0.03590683166157596	0.042332795064160794	0.02598261649810427	0.0013078378330470505	1.083089375159396	1.8747772257258097	5.173359512967149	1.4610752176258301	0.024000703682892307	58.40387411117086	0.031390959153756205
3.253904839271267	0.01	0.007	0.007	0.007	0.01	0.028373313111597284	0.035194708669592685	0.041453071152738864	0.025442551440679653	0.0012790283608296624	1.1055836863771749	1.9048574441481336	5.273087633561042	1.4892170167630974	0.024562735949331158	57.27672598975646	0.03126740913023983
3.362771572992037	0.01	0.007	0.007	0.007	0.01	0.02783472293185667	0.034526658312365316	0.04062874609590445	0.02493648998019819	0.0012516866410986823	1.1262783514234158	1.9319497623283721	5.364216672163913	1.5147931402420818	0.02507755304919956	56.21870001484644	0.0311496584272213
3.4687684497741813	0.01	0.007	0.007	0.007	0.01	0.027320189860299927	0.033888447392991704	0.039842117052840964	0.024453567472178295	0.0012253249045947325	1.1456797839786226	1.9568055511017084	5.449072418033805	1.538477714425395	0.025557995505074052	55.207345959097054	0.031035437847195695
3.5731818505368453	0.01	0.007	0.007	0.007	0.01	0.026822676167324717	0.033271346497910116	0.039082334917497664	0.02398712533200022	0.0011996469763487585	1.1640962991934136	1.9798778990810633	5.5290664270681615	1.5606788810070698	0.026011862278693412	54.22889024284721	0.030923333092934203
3.676489699882049	0.01	0.007	0.007	0.007	0.01	0.026339378758071956	0.03267187866785946	0.03834505429707887	0.023534496959472496	0.0011745549602290989	1.1816631041074426	2.0013787970805748	5.604832310970465	1.5815829490305613	0.026442612726106807	53.27786269981905	0.03081281386373067
3.778941911625176	0.01	0.007	0.007	0.007	0.01	0.025868715121445934	0.03208808098489553	0.037627807219456154	0.023094167927100756	0.0011500035410090784	1.1984639428678177	2.021446725462512	5.676770342086106	1.6013092529917898	0.026852418651299302	52.351184561916966	0.0307036001028675
3.8807238058117868	0.01	0.007	0.007	0.007	0.01	0.02540948846097756	0.03151846898670432	0.036928722733528103	0.022664990083675937	0.0011259602252899994	1.2145644218221887	2.040191984094333	5.745196049173222	1.6199522688969117	0.027242995519889485	51.44653019777352	0.030595484210960745
3.981984834720294	0.01	0.007	0.007	0.007	0.01	0.024960730261759212	0.030961841370339988	0.03624628440683643	0.02224603276953902	0.0011023989556776723	1.230018813291905	2.0577066174416028	5.810371287080859	1.6375905804194617	0.02761577257091278	50.562018908489364	0.03048829938926751
4.082848676575229	0.01	0.007	0.007	0.007	0.01	0.02452163897748029	0.030417203936128463	0.035579235342115365	0.02183652455923493	0.00107929813541743	1.2448729671138343	2.0740689776896137	5.872517876259565	1.654290888711257	0.02797196594973192	49.696095267469744	0.030381908284867573
4.183419012393276	0.01	0.007	0.007	0.007	0.01	0.024091542895886282	0.029883723525947932	0.034926520488479516	0.021435817878748733	0.0010566395749983927	1.2591661519199318	2.0893466970760843	5.9318263226479075	1.670110595620179	0.02831262507121875	48.84745675927602	0.0302761964121128
4.283783450651063	0.01	0.007	0.007	0.007	0.01	0.02366987415976574	0.029360695799464438	0.03428724623092833	0.02104336421763819	0.001034407794972549	1.2729323678927085	2.1035988342185052	5.988462064089028	1.685099660278773	0.028638665722153598	48.01500319281231	0.030171067652857708
4.384014579698693	0.01	0.007	0.007	0.007	0.01	0.023256156880173642	0.028847530490128934	0.03366066157169434	0.02065870258900565	0.0010125899088133075	1.286201095169027	2.1168772617771334	6.0425692074279524	1.6993017465107738	0.02895088937216393	47.19781378078276	0.03006644284571141
4.484174396548808	0.01	0.007	0.007	0.007	0.01	0.02284998259493261	0.028343720964924404	0.033046120297841944	0.02028143631223239	0.0009911747243712102	1.2989983769808258	2.12922826933876	6.094275501659347	1.712755663427891	0.029250010079447226	46.395099119800875	0.029962254899469812
4.584315387588626	0.01	0.007	0.007	0.007	0.01	0.022451001210169276	0.027848832988503658	0.03244306677349919	0.019911224296225598	0.0009701525721696047	1.3113473301379783	2.1406934585728874	6.143694832164791	1.725496120312641	0.02953666750731487	45.60618363395667	0.02985844747244318
4.684482266331519	0.01	0.007	0.007	0.007	0.01	0.022058910108466858	0.02736249121339085	0.03185101905406155	0.019547770676831465	0.0009495149746148762	1.3232686696430056	2.1513105756500073	6.190929690156716	1.7375544549552968	0.029811440068982148	44.83048432987936	0.029754973001160163
4.784713237957113	0.01	0.007	0.007	0.007	0.01	0.021673445992052818	0.02688436906258735	0.031269556227399964	0.019190817048107763	0.0009292544110349953	1.3347811080465122	2.1611141527205966	6.236073061213306	1.7489591924311452	0.030074854938344605	44.06749489640398	0.029651791255430174
4.885040975271073	0.01	0.007	0.007	0.007	0.01	0.02129437848668557	0.026414180796086168	0.030698308483916886	0.018840136368120004	0.0009093641387770445	1.3459016705968783	2.1701360168365316	6.2792099187947565	1.7597364876141068	0.03032739594601683	43.31677323957372	0.02954886821798936
4.985493553375011	0.01	0.007	0.007	0.007	0.01	0.02092150442012654	0.025951674414116686	0.030136948261437913	0.018495527524124655	0.0008898380217196305	1.3566459654958771	2.178405712860159	6.320418490846124	1.7699104974349065	0.03056951030093378	42.5779303137221	0.029446175028578107
5.086095089365959	0.01	0.007	0.007	0.007	0.01	0.020554643641124123	0.02549662647117572	0.029585183758692447	0.01815681135151332	0.0008706704176167732	1.3670283888194745	2.1859508333375617	6.359771230404351	1.77950366824195	0.030801613703155956	41.85062197112223	0.02934368724899138
5.186866376603639	0.01	0.007	0.007	0.007	0.01	0.02019363519118588	0.025048837327646605	0.029042753016990535	0.017823827001374228	0.0008518560667561821	1.3770623034328056	2.1927972961255193	6.397335652217347	1.7885369811700076	0.031024094770675446	41.13454148513413	0.029241384148032706
5.287825356212011	0.01	0.007	0.007	0.007	0.01	0.019838334356204346	0.024608127492750546	0.028509419356715617	0.017496429139626197	0.0008333900128917104	1.3867601797238047	2.1989695663730715	6.433174995039823	1.7970301472112666	0.031237318525084587	40.42941379587776	0.02913924816490984
5.388987533892481	0.01	0.007	0.007	0.007	0.01	0.019488610139777533	0.024174334490552122	0.027984967472468984	0.017174485550398837	0.0008152675351922908	1.3961337140667671	2.2044908406168258	6.467348776486932	1.8050017700250225	0.031441629313249245	39.734990574966915	0.029037264438109518
5.490366316272634	0.01	0.007	0.007	0.007	0.01	0.01914434320883762	0.023747310311797155	0.027469200258044717	0.01685787518737783	0.0007974840958485064	1.4051939256701196	2.2093831978074028	6.499913247534473	1.812469479428497	0.031637353194209496	39.051046213018324	0.02893542042412888
5.591973287288688	0.01	0.007	0.007	0.007	0.01	0.018805424199293368	0.02332691931229739	0.026961936188206567	0.01654648656691036	0.0007800352990505812	1.413951236707635	2.21366772445178	6.530921769078285	1.819450042045654	0.0318247999130619	38.37737451014659	0.028833705583502553
5.693818458529543	0.01	0.007	0.007	0.007	0.01	0.018471752238266366	0.02291303637996958	0.026463007039093763	0.016240216368951715	0.0007629168551763708	1.4224155408771326	2.2173646197993615	6.560425132377391	1.825959455047195	0.03200426458367263	37.713785786787035	0.02873211109879548
5.7959104938732935	0.01	0.007	0.007	0.007	0.01	0.018143233664443464	0.0225055453476078	0.02597225591734429	0.01593896822749843	0.0007461245502578672	1.4305962618311547	2.220493283995647	6.588471830843589	1.8320130253252376	0.03217602911849468	37.06010437965865	0.02863062962354197
5.898256840614512	0.01	0.007	0.007	0.007	0.01	0.017819781142668613	0.022104337894657596	0.025489535888385588	0.015642651888803153	0.0007296542314518685	1.4385023976052196	2.2230723902672547	6.615108272583689	1.8376254326016115	0.03234036333293745	36.416166914862536	0.02852925512849819
6.000863881843985	0.01	0.007	0.007	0.007	0.01	0.01750131277787503	0.021709312448172056	0.025014708611362464	0.015351182373644313	0.0007135017889351498	1.4461425618728756	2.22511994789275	6.640378973580689	1.8428107858844842	0.032497525960708866	35.78182057419404	0.02842798272981204
6.10373710384436	0.01	0.007	0.007	0.007	0.01	0.01718775125223796	0.021320373112566224	0.02454764301620797	0.015064479165452442	0.000697663136095677	1.453525021611328	2.226653356044834	6.664326730347781	1.8475826730983325	0.032647765571619296	35.15692140226501	0.02832680850573519
6.206881155673347	0.01	0.007	0.007	0.007	0.01	0.01687902335218243	0.020937429082935076	0.024088214567910674	0.014782465758869996	0.0006821342069082418	1.460657722994254	2.227689447972302	6.686992746740912	1.8519541992238553	0.03279132122915106	34.54133338584125	0.028225729422381877
6.310299950442209	0.01	0.007	0.007	0.007	0.01	0.016575059405857444	0.020560393947318137	0.02363630440169941	0.014505069129059899	0.0006669109465729913	1.467548317579779	2.22824453034456	6.708416756523921	1.8559380219901325	0.0329284231413413	33.934927351606525	0.028124743220147186
6.413996774633652	0.01	0.007	0.007	0.007	0.01	0.01627579274124898	0.020189185014561174	0.023191798493571277	0.014232219222698851	0.0006519893013824063	1.4742041861734654	2.2283344169485346	6.728637132903132	1.8595463832827948	0.03305929325027258	33.337579901657946	0.028023848294485634
6.5179743159106405	0.01	0.007	0.007	0.007	0.01	0.01598115941715721	0.019823722980629645	0.02275458724003791	0.013963848700150785	0.0006373652205743549	1.4806324550579766	2.227974457547763	6.7476909698335605	1.8627911338624843	0.033184145658636637	32.74917289072558	0.027923043657897332
6.622234746612695	0.01	0.007	0.007	0.007	0.01	0.01569109781749273	0.01946393142538868	0.022324564837527528	0.013699892554651037	0.0006230346499522084	1.4868400141356797	2.2271795634442895	6.765614165592446	1.8656837573265148	0.033303187085699064	32.169592628565525	0.027822328848829982
6.726779759754022	0.01	0.007	0.007	0.007	0.01	0.015405548407035254	0.019109736509654227	0.02190162890415104	0.013440287880250196	0.000608993532270338	1.4928335304366953	2.2259642298389157	6.7824414889209566	1.8682353898623607	0.033416617224266594	31.59872940271863	0.02772170388799033
6.831610619425863	0.01	0.007	0.007	0.007	0.01	0.015124453466106245	0.018761066646090018	0.021485680072253335	0.013184973621814906	0.0005952378054794504	1.4986194612233499	2.2243425555578775	6.798206641126673	1.8704568383605196	0.03352462908334934	31.036476957578827	0.027621169221643066
6.936728197937644	0.01	0.007	0.007	0.007	0.01	0.014847756880439869	0.01841785223857053	0.021076621664673306	0.012933890376401557	0.0005817634027249902	1.5042040651420703	2.222328260571769	6.812942309912742	1.872358596286474	0.03362740928735062	30.482732082316975	0.027520725678632958
7.042133006491689	0.01	0.007	0.007	0.007	0.01	0.01457540396341426	0.01808002546168246	0.02067435942046039	0.01268698022497811	0.0005685662530669425	1.5095934120570993	2.2199347017030133	6.8266802172707495	1.8739508578636317	0.03372513834534053	29.93739426232039	0.0274203744343471
7.147825240350757	0.01	0.007	0.007	0.007	0.01	0.014307341255097814	0.017747520011467555	0.020278801187809642	0.012444186544016595	0.0005556422803403173	1.51479339274843	2.2171748862742033	6.83945116474355	1.875243531065128	0.03381799091258412	29.40036528307463	0.027320116961612774
7.253804789474846	0.01	0.007	0.007	0.007	0.01	0.014043516423113809	0.017420270982458103	0.019889856768636634	0.012205453910155387	0.0005429874062589638	1.519809726082519	2.2140614850427345	6.851285070260943	1.8762462488597347	0.033906136001720044	28.871549036938585	0.027219955015128926
7.360071249349821	0.01	0.007	0.007	0.007	0.01	0.013783878169398746	0.01709821475202377	0.019507437772599192	0.011970728010651369	0.0005305975531544458	1.5246479657188985	2.21060684416248	6.862211002509856	1.8769683796758938	0.033989737182939676	28.350851341134074	0.02711989061595466
7.466623988621534	0.01	0.007	0.007	0.007	0.01	0.013528376008167286	0.01678128870496482	0.01913145728240867	0.011739955437996694	0.0005184686400751094	1.5293135088158847	2.206822994150908	6.8722572181147905	1.8774190373082738	0.03406895281474016	27.838179496666637	0.02701992598304397
7.5734621041778905	0.01	0.007	0.007	0.007	0.01	0.013276960327236768	0.0164694313095774	0.01876182993731392	0.011513083741200669	0.0005065965918431958	1.5338115991189085	2.2027216615510246	6.8814511846950905	1.8776070892649515	0.03414393617431449	27.333442414874067	0.02692006357120983
7.680584482384719	0.01	0.007	0.007	0.007	0.01	0.013029582196965709	0.016162581880666934	0.018398471645518832	0.011290061249307851	0.0004949773357083332	1.5381473344674017	2.1983142763302452	6.88981961268378	1.8775411651650389	0.034214835661504406	26.83655023728906	0.02682030600949766
7.787989789870782	0.01	0.007	0.007	0.007	0.01	0.012786193355689124	0.015860680561481915	0.018041299557013633	0.011070837054750166	0.00048360680593537045	1.5423256707989266	2.1936119809759176	6.897388478345669	1.877229664168659	0.034281794940265155	26.347414309101325	0.026720656106086454
7.895676507147956	0.01	0.007	0.007	0.007	0.01	0.012546746100359673	0.01556366818806783	0.017690231897587963	0.010855360911489564	0.00047248094359031347	1.546351427620164	2.188625637296808	6.904183048734122	1.8766807619396495	0.034344953102046646	25.865946961879626	0.02662111681349251
8.003642926878424	0.01	0.007	0.007	0.007	0.01	0.012311193263876927	0.01527148626114668	0.01734518793063531	0.010643583211591928	0.00046159570003737564	1.550229291760908	2.183365834125802	6.910227902393865	1.8759024171662806	0.03440444479879973	25.392061470054426	0.026521691226978845
8.111887166544486	0.01	0.007	0.007	0.007	0.01	0.012079488162971143	0.014984076881473747	0.017006087876057785	0.010435454935465608	0.000450947038751732	1.5539638214830955	2.1778428939844003	6.915546949988299	1.8749023776987461	0.034460400379891724	24.925671947978962	0.02642238256975367
8.220407174126255	0.01	0.007	0.007	0.007	0.01	0.011851584565165595	0.014701382708858195	0.016672852857468144	0.010230927619463948	0.00044053093772652253	1.5575594501211167	2.1720668796676037	6.920163453391822	1.8736881863816122	0.03451294601972875	24.466693285099534	0.02632319418482359
8.3292007411244	0.01	0.007	0.007	0.007	0.01	0.011627436643402572	0.014423346905882421	0.01634540483164272	0.010029953312590463	0.00043034339105717966	1.5610204897838418	2.166047600084981	6.924100044132036	1.8722671865042968	0.03456220384430414	24.015041056058312	0.026224129520302605
8.438265508553188	0.01	0.007	0.007	0.007	0.01	0.011406998948980876	0.01414991310433407	0.01602366654505369	0.00983248454982113	0.0004203804111224009	1.564351134635947	2.159794616121276	6.927378740547214	1.870646527025482	0.03460829204951609	23.57063146744028	0.02612519212136858
8.547598987571405	0.01	0.007	0.007	0.007	0.01	0.01119022635815923	0.0138810253389738	0.015707561452239505	0.009638474302001902	0.000410638029366798	1.56755546445794	2.1533172453430005	6.93002096449861	1.8688331673069507	0.034651325021268754	23.133381251221444	0.026026385609153917
8.657198551303498	0.01	0.007	0.007	0.007	0.01	0.010977074079837317	0.013616628057062407	0.015397013723552273	0.009447875980599133	0.00040111229961962345	1.5706374471791027	2.1466245680826277	6.932047556438309	1.8668338820356087	0.03469141343945674	22.703207681179222	0.025927713685962184
8.767061441189945	0.01	0.007	0.007	0.007	0.01	0.01076749763468674	0.013356666092475772	0.01509194821131973	0.009260643416923987	0.0003917992999215528	1.5736009417773207	2.1397254325304718	6.933478790477519	1.8646552657911004	0.03472866438575793	22.280028531692892	0.025829180127324804
8.877184766145009	0.01	0.007	0.007	0.007	0.01	0.010561452849747847	0.013101084659003188	0.014792290438670502	0.009076730855264104	0.00038269513484767513	1.5764497008815892	2.1326284600808294	6.934334388800887	1.8623037375819913	0.03476318144597866	21.86376206766963	0.025730788780616572
8.987565538383091	0.01	0.007	0.007	0.007	0.01	0.010358895786874347	0.012849829261590852	0.014497966492343087	0.00889609288708417	0.000373795934765377	1.5791873742034899	2.125342048098967	6.9346335357322975	1.8597855444050568	0.03479506482047207	21.45432690069026	0.025632543531094107
9.098200650944069	0.01	0.007	0.007	0.007	0.01	0.010159782783263103	0.012602845746613935	0.014208903078717949	0.008718684485402162	0.0003650978598578811	1.5818175103304755	2.1178743762207795	6.934394890669823	1.8571067658443856	0.03482441141260407	21.051642071444725	0.025534448320274412
9.209086906518326	0.01	0.007	0.007	0.007	0.01	0.009964070397969507	0.01236008023553539	0.013925027443255045	0.008544460955330176	0.0003565970998814587	1.5843435597522286	2.110233409181193	6.933636600916852	1.854273317422129	0.03485131493042732	20.655626942146124	0.02543650711864501
9.320221002368827	0.01	0.007	0.007	0.007	0.01	0.009771715439999247	0.01212147915975038	0.013646267408535234	0.008373377957405696	0.00034828987732310045	1.5867688767341372	2.1024269024214757	6.932376314036147	1.8512909548400662	0.0348758659734585	20.266201253805722	0.025338723937529888
9.431599537294172	0.01	0.007	0.007	0.007	0.01	0.009582674956542872	0.01188698924599319	0.013372551354427734	0.008205391495401967	0.0003401724486770588	1.5890967216872895	2.0944624061444848	6.930631189973178	1.84816527762752	0.03489815212388856	19.88328510293647	0.025241102821381475
9.543219048332508	0.01	0.007	0.007	0.007	0.01	0.009396906173873404	0.011656557443027026	0.013103808129925764	0.008040457862200851	0.0003322411035966077	1.591330264041338	2.0863472670545287	6.928417912103617	1.8449017317738265	0.03491825804023636	19.506798822227175	0.025143647814312185
9.655075973643811	0.01	0.007	0.007	0.007	0.01	0.009214366564836613	0.0114301310053577	0.012839967148354359	0.007878533698205152	0.0003244921693080411	1.5934725835105694	2.0780886352684056	6.925752699088801	1.8415056143272082	0.034936265533955985	19.13666311760501	0.02504636299146337
9.767166696854538	0.01	0.007	0.007	0.007	0.01	0.009035013780154016	0.011207657408023427	0.012580958285509243	0.007719575928804093	0.00031692200912431044	1.5955266729800897	2.06969346527248	6.922651315022184	1.8379820755795122	0.03495225365963393	18.772798929369436	0.024949252419198008
9.87948749498046	0.01	0.007	0.007	0.007	0.01	0.008858805737956015	0.010989084457650854	0.012326712006550814	0.007563541842229617	0.0003095270274951296	1.597495439493682	2.061168523909737	6.919129081584733	1.8343361240907408	0.034966298787616264	18.41512761415812	0.024852320199252247
9.992034620282709	0.01	0.007	0.007	0.007	0.01	0.008685700499659287	0.010774360138495186	0.012077159184377842	0.007410388978068261	0.00030230366601263444	1.5993817076540553	2.052520388265034	6.915200886254881	1.8305726274308305	0.03497847469390148	18.063570693465095	0.02475557039694103
10.0	0.01	0.007	0.007	0.007	0.01	0.00867357856202088	0.010759323659871584	0.012059692013663682	0.0073996692469569265	0.00030179732543620053	1.5995120137043009	2.0519044835111195	6.914908184145397	1.8303022293828533	0.034979266728754274	18.038945522935585	0.024748737341529135
