0.0	0.01	0.007	0.007	0.007	0.01	0.0	0.0	0.0	0.0	0.0	0.0	0.0	0.0	0.0	0.0	100.0	0.035
0.0063430607086419335	0.01	0.007	0.007	0.007	0.01	0.0026795004298338595	0.005701528541413098	0.0039793121309192716	0.00139596059188893	0.000384025872825157	0.0001369862346863259	0.00048770088002589995	0.00043916912975294216	8.868626049045874e-5	1.3703171262746881e-5	99.88466670375675	0.0349923066650272
0.01075746182370704	0.01	0.007	0.007	0.007	0.01	0.004452783850435996	0.00926258344739618	0.006639985954541952	0.0023434185147833183	0.0006009671154038619	0.0003884660116356975	0.0013620901731109516	0.0012487802536433686	0.000253191708679396	3.733411788041151e-5	99.80447994948796	0.034986953549591075
0.01720427613966606	0.01	0.007	0.007	0.007	0.01	0.006914486503894571	0.013927760349784277	0.010371884368605267	0.0036925251119970686	0.0008582295175020754	0.0009734241634965656	0.0033399467968680567	0.0031414421728544538	0.0006406254185640945	8.846063229485087e-5	99.68749043570972	0.03497913730323476
0.023443714097277225	0.01	0.007	0.007	0.007	0.01	0.00915963733799977	0.01790217049409598	0.013816923551601834	0.004960138814865202	0.0010530275709288686	0.0017723291708865675	0.005958743904469243	0.005740914350456777	0.0011772148844309963	0.00015298912461805255	99.574394743508	0.03497157414695236
0.03073875261189382	0.01	0.007	0.007	0.007	0.01	0.011623407929619842	0.02195793703075124	0.017646500664289595	0.006396080306881502	0.001228379170407208	0.002978383066225489	0.009786275116081568	0.00968863738479229	0.0019994212247145967	0.00024288851881561316	99.44232799064476	0.034962733514477956
0.0383362460983576	0.01	0.007	0.007	0.007	0.01	0.0140160974526276	0.025592728740727228	0.021418881535703666	0.007840326758862409	0.0013651009650056342	0.004525285242006232	0.014530565681381056	0.014784570485966021	0.0030710588187346974	0.0003490644185614833	99.30497190409065	0.034953528721905464
0.0466225357241123	0.01	0.007	0.007	0.007	0.01	0.0164379451345996	0.02896902883637606	0.025295679638598932	0.00935793336299887	0.001474470710154955	0.006525938909707072	0.020455419825600667	0.02141950689193085	0.004480573589808928	0.0004755989569116438	99.15537927795687	0.03494349217678075
0.0553533950062225	0.01	0.007	0.007	0.007	0.01	0.018793091272955566	0.03196227123362113	0.029127709071777304	0.010894300176199568	0.0015569079957763624	0.008960224549053824	0.02741110025620839	0.029549080089848842	0.006226156193325284	0.0006176247197698181	98.99800462159033	0.03493292027658142
0.06464530139818696	0.01	0.007	0.007	0.007	0.01	0.02109502078719305	0.03461336359953079	0.032938575870251716	0.012461472385205669	0.001618197529731926	0.011888010985928817	0.03548100894408732	0.03939734406627964	0.008364403082230206	0.0007756148333554564	98.83079139211182	0.03492167253687438
0.07442517669328744	0.01	0.007	0.007	0.007	0.01	0.02330851753216921	0.03690824044081185	0.03667102904252024	0.014038356203212022	0.001662036415077246	0.015311765634423954	0.04458398315132222	0.05099928956718601	0.010912603475155597	0.0009470433588381778	98.65510194116618	0.03490983802855654
0.08473518467697447	0.01	0.007	0.007	0.007	0.01	0.025429469531443805	0.03887439819042083	0.040317623593846615	0.015623551173366198	0.0016924729351863994	0.019265493651827177	0.054727180204165865	0.0644984439511114	0.01391293657466948	0.0011314597202162927	98.47022714427904	0.03489736635563773
0.09556431358836016	0.01	0.007	0.007	0.007	0.01	0.02744345297376861	0.0405312819635058	0.043852188496106295	0.017207106916483826	0.0017127001877466038	0.023761194963500883	0.06586201008396401	0.07996598551253956	0.017393024794362603	0.0013276545229547357	98.27641672536588	0.034884271517125705
0.10694108939946317	0.01	0.007	0.007	0.007	0.01	0.02934564785271454	0.041908489909964715	0.047263820588661104	0.018785092124616876	0.001725427954972084	0.028823030820407387	0.07797482375597099	0.09751669092015017	0.02139156980268684	0.0015352953872848493	98.07321586511571	0.03487051974372329
0.11888247637133159	0.01	0.007	0.007	0.007	0.01	0.03113005579159336	0.04303434119454033	0.05053851418143812	0.02035165369854494	0.0017327834801440262	0.03446814292763425	0.09103874934232326	0.11724317259398799	0.02594375198430439	0.0017540018197205144	97.86038239794716	0.0348560913231371
0.13142212806788842	0.01	0.007	0.007	0.007	0.01	0.03279415960709191	0.043938483398069536	0.05366758422547472	0.021902902699373145	0.0017364464817406918	0.040719274748538606	0.10504471242312638	0.13925939918656446	0.031091188407782626	0.0019838383892805123	97.63738310431464	0.03484094646335041
0.14459504708893534	0.01	0.007	0.007	0.007	0.01	0.03433602647966831	0.04464902137127248	0.05664262442017637	0.023434633549064082	0.001737732400385393	0.04759840017336318	0.11998618265018188	0.163678572853772	0.036877024347798174	0.002225015411183807	97.4036693616354	0.03482504385734106
0.1584464347484901	0.01	0.007	0.007	0.007	0.01	0.03575525305949356	0.04519257200835046	0.05945739477016284	0.024943285605644443	0.0017376977441331738	0.05513139255034128	0.1358695360486445	0.19062955093412084	0.043349928932706026	0.002478035455291093	97.15852161437809	0.03480833001952794
0.17302726635557464	0.01	0.007	0.007	0.007	0.01	0.03705211268833883	0.0455934913587472	0.062106325953120746	0.02642522835961334	0.001737229694960997	0.06334609710255845	0.15270934083062265	0.22025011389550947	0.050562731032763535	0.002743604119167091	96.90113041579532	0.034790744661264895
0.18839721811563176	0.01	0.007	0.007	0.007	0.01	0.03822766289597865	0.0458737648627236	0.06458481639148086	0.027876927952656505	0.0017371223171755781	0.07227404768869647	0.17053159263602366	0.25269313178401215	0.0585741252423825	0.0030226845198298197	96.63054730386717	0.03477221719509161
0.20462327271666197	0.01	0.007	0.007	0.007	0.01	0.039283448891426716	0.046052856854959655	0.06688870342768158	0.029294648464653402	0.001738133795964249	0.08194973218892651	0.1893717622404165	0.2881239214878814	0.06744827565640944	0.0033164830025413684	96.34571259677192	0.034752668459408435
0.22178001446049556	0.01	0.007	0.007	0.007	0.01	0.04022145502268165	0.04614774547982768	0.06901419852386376	0.030674369858322458	0.0017410225111701588	0.09241062337164901	0.20927457941418856	0.3267202099886868	0.07725501698332742	0.0036264760432095466	96.04545362512344	0.03473201040934253
0.23994730707203304	0.01	0.007	0.007	0.007	0.01	0.04104398063588019	0.04617301351664969	0.07095762587090798	0.03201153996244608	0.0017465596545084444	0.10369548003543566	0.23029065326773568	0.36866552683280085	0.08806832368700597	0.003954399115151346	95.72852905662893	0.03471014896337738
0.2592060879724523	0.01	0.007	0.007	0.007	0.01	0.04175360300843301	0.046141022881571646	0.07271529981823102	0.03330083189150784	0.001755515734475641	0.11584123644506746	0.2524708959608481	0.4141368821497397	0.09996308417370056	0.004302208199387297	95.39370552966298	0.03468698910994729
0.2796296850956753	0.01	0.007	0.007	0.007	0.01	0.04235319351655996	0.04606215652367264	0.074283469176227	0.034535836175829455	0.0017686175557023087	0.12887684182188794	0.27585597440101844	0.4632802937196618	0.11300827873549013	0.004671960570092625	95.03991047867092	0.034662445377359775
0.30127118234758987	0.01	0.007	0.007	0.007	0.01	0.042846100627222924	0.045945119987897	0.07565862764658209	0.035708888927400116	0.0017864745281474025	0.14281441514606671	0.3004617570371224	0.5161750971705332	0.1272564518887463	0.00506561168094322	94.66644966554117	0.034636457003299086
0.3241524291857199	0.01	0.007	0.007	0.007	0.01	0.04323657034901799	0.0457972371758875	0.07683851527479371	0.03681140210496509	0.00180948544900209	0.15764158382479312	0.3262674690726634	0.5728016224847529	0.14273316344604386	0.005484811076824211	94.2731907766265	0.03460900105643666
0.34826736797044167	0.01	0.007	0.007	0.007	0.01	0.04353028507612663	0.04562460946888127	0.07782380476968502	0.03783504249014354	0.0018377619651324976	0.1733236773531375	0.35322071189259613	0.6330462104981986	0.1594360235136867	0.0059309156072230515	93.86049650674093	0.03458008831828975
0.3736059220006031	0.01	0.007	0.007	0.007	0.01	0.04373456662071782	0.04543207068272195	0.07861948299874363	0.03877334381730983	0.0018711139970310749	0.18982008931648542	0.3812651813183613	0.6967621119937146	0.1773496766122991	0.006405349275007512	93.42880804590355	0.034549734543073
0.4001850636250485	0.01	0.007	0.007	0.007	0.01	0.04385789719532412	0.04522307639936962	0.07923471250267435	0.03962264519841956	0.001909103164570223	0.2071056451345562	0.41037467517612336	0.7638525070769371	0.19646863956528612	0.006910104458719932	92.97811739145905	0.03451792326493194
0.4280714121896831	0.01	0.007	0.007	0.007	0.01	0.04390901131454695	0.044999699733959765	0.07968129643267292	0.04038190634322825	0.00195112739210312	0.2251859307215447	0.4405756141100381	0.8343324401137228	0.2168159686227627	0.007448126628180946	92.50759792762403	0.03448457894017847
0.45739678027964675	0.01	0.007	0.007	0.007	0.01	0.043896028769146105	0.04476272082841828	0.07997179141625745	0.04105191918197593	0.0019965046238266167	0.24410696098982934	0.4719600627919119	0.9083695920833741	0.23845700667494613	0.008023617027537736	92.01536657858024	0.03444954869408468
0.48837519207787555	0.01	0.007	0.007	0.007	0.01	0.043825814665022104	0.04451170609986537	0.08011787875472574	0.041634417456163364	0.002044542293088255	0.2639645091667326	0.5046986604329995	0.986323600775062	0.2615133425849917	0.008642414160701729	91.49823309640729	0.03441258247476459
0.5213205290431898	0.01	0.007	0.007	0.007	0.01	0.04370355353624339	0.04424505844895075	0.0801290547114295	0.04213112783348267	0.0020945757023082723	0.28491237422595894	0.5390521998960088	1.0687806078556372	0.2861757573481521	0.009312431330788747	90.95145365119485	0.03437331266750296
0.5565943437189529	0.01	0.007	0.007	0.007	0.01	0.04353288331901549	0.043960599017795775	0.08001202298281201	0.04254212020390442	0.0021458676967782684	0.30712524029353516	0.5753094844837944	1.1564074888428364	0.31266252375514614	0.010042660942841453	90.3696509960874	0.03433131706195338
0.5940554554534576	0.01	0.007	0.007	0.007	0.01	0.04331950963118136	0.04366008801794503	0.0797753978490728	0.04286195865148938	0.0021968616011067876	0.33045433943733404	0.6132286228914472	1.2485886117485572	0.34080108706342416	0.010831450478180564	89.75584577735023	0.03428677352495211
0.6322422142526885	0.01	0.007	0.007	0.007	0.01	0.04307829729106955	0.04335566020432894	0.07944405771239119	0.04308346497014036	0.0022445329889405306	0.35394604449020944	0.6512687493122632	1.3415129183997425	0.3694178205069141	0.011647921149635393	89.1344415303928	0.0342414266326042
0.670572104191879	0.01	0.007	0.007	0.007	0.01	0.04281978959331161	0.04305212741166531	0.079043055230162	0.04321658687045279	0.0022876723958385114	0.37722425057158543	0.6888371418560504	1.433644965102748	0.39800758495461075	0.012478154904732683	88.51503447572063	0.03419597008385756
0.7090446208573252	0.01	0.007	0.007	0.007	0.01	0.042549309360917935	0.042749557519012674	0.07858944680617248	0.04327482961592409	0.002326124125625873	0.4002810277928749	0.7259351070999298	1.5249127971051848	0.42651315930155437	0.013320301890929762	87.89765094699075	0.034150405071968024
0.7476372807514113	0.01	0.007	0.007	0.007	0.01	0.04227081027315636	0.04244816014452792	0.07809660747565501	0.04326973702011917	0.002359880689782608	0.4230980850577819	0.7625433875132508	1.6152116985754132	0.4548702965769265	0.014172016967131836	87.28266578212725	0.03410475876667335
0.7864084129673424	0.01	0.007	0.007	0.007	0.01	0.041986565304425086	0.04214750160373497	0.07757379666237016	0.043211095310950326	0.0023891151658778503	0.4457064568032393	0.7987189565013126	1.7046389681511347	0.4830816121705103	0.01503278655048837	86.66916926457166	0.034058962805142146
0.8253971052395602	0.01	0.007	0.007	0.007	0.01	0.04169819426202474	0.041847302032909914	0.0770280737334462	0.04310702346481437	0.0024140368482472247	0.46812558248319175	0.8344977394847164	1.7932513118105295	0.5111406526721205	0.015901765588177616	86.05657865683149	0.034012971877837986
0.8646662756400957	0.01	0.007	0.007	0.007	0.01	0.04140658941366325	0.041547105425793034	0.07646433530923481	0.04296420264095303	0.0024348967990459685	0.4903879719123501	0.8699346950820043	1.881161134896181	0.539061819262043	0.016778733803235708	85.44395781688797	0.03396671287408816
0.9042710550646553	0.01	0.007	0.007	0.007	0.01	0.041112315808188034	0.041246526885773654	0.07588620424208879	0.04278816890058432	0.002451946380588766	0.5125204595609051	0.9050742487620768	1.9684613776057083	0.5668562115005855	0.017663385891903954	84.83051840163397	0.0339201222462623
0.9442726969137086	0.01	0.007	0.007	0.007	0.01	0.04081562674300119	0.04094514683742062	0.07529618287058933	0.04258347905306228	0.0024654347838989946	0.534551964086279	0.9399629690188641	2.0552553677155507	0.5945406635406195	0.01855562855874261	84.21540243517188	0.03387312962360328
0.9847280822678035	0.01	0.007	0.007	0.007	0.01	0.04051662422475359	0.040642591326808745	0.07469606553918369	0.042353924119690745	0.002475597927396271	0.5565074812393607	0.9746402387173942	2.141632498496121	0.6221296302204192	0.01945533181070995	83.5978454632867	0.033825670172584886
1.0256944860887849	0.01	0.007	0.007	0.007	0.01	0.04021528124120501	0.04033849581724221	0.0740870641821678	0.042102649480281605	0.0024826576321585144	0.5784107177353071	1.009142602395846	2.227678155329982	0.6496380137103934	0.020362421236640126	82.97710233373888	0.033777678990149655
1.0672262507727548	0.01	0.007	0.007	0.007	0.01	0.03991150665831003	0.04003252991007814	0.07347000317215267	0.041832287700693534	0.0024868197150267955	0.6002822889368229	1.0435010419415314	2.31346627803563	0.6770785064158068	0.02127679117229433	82.35249750512443	0.03372909500516623
1.1093766771420448	0.01	0.007	0.007	0.007	0.01	0.03960515950895965	0.0397243829316626	0.07284540044598678	0.04154504066047597	0.002488274592049941	0.6221407774258667	1.077742743224931	2.399063269909346	0.704462601614065	0.02219833547285251	81.72339556448024	0.03367985875709617
1.1521971829238518	0.01	0.007	0.007	0.007	0.01	0.03929607506109078	0.03941376989947238	0.07221356213244158	0.04124275989151422	0.0024871978836334815	0.6440023268568512	1.111890529488484	2.48452621414885	0.7317998246480965	0.023126919235161247	81.08921338214245	0.03362991337923975
1.195738278753657	0.01	0.007	0.007	0.007	0.01	0.03898407180026865	0.039100424175733	0.07157463025674132	0.040927000901271965	0.0024837514723032206	0.6658811898422712	1.145963775311148	2.569904879555468	0.7590982084597043	0.024062391811468617	80.44940510722145	0.0335792034585943
1.240049602787467	0.01	0.007	0.007	0.007	0.01	0.03866896126218885	0.038784097153917896	0.07092862964604268	0.04059907236625149	0.0024780845609095794	0.6877897723637243	1.1799785154580607	2.655241785988284	0.7863641749257483	0.025004580152497423	79.8034615270434	0.03352767500026465
1.2851805788183879	0.01	0.007	0.007	0.007	0.01	0.03835055058615664	0.038464553566649407	0.07027549469828091	0.0402600719947397	0.0024703346850393506	0.709738981203266	1.2139480142399153	2.7405734773250865	0.813602823309522	0.025953296332208674	79.15090048824383	0.03347527466940216
1.3311808066979647	0.01	0.007	0.007	0.007	0.01	0.038028645092827724	0.038141568903087626	0.069615091978266	0.03991091722747746	0.002460628645239695	0.7317384155700469	1.2478830801491234	2.8259312003667336	0.8408180450393435	0.026908339613302988	78.49126162383568	0.033421949350979745
1.3781006457410587	0.01	0.007	0.007	0.007	0.01	0.0377030481990451	0.03781492563668441	0.06894723397752962	0.03955236897640098	0.00244908330563093	0.7537966320881954	1.281792483812486	2.9113418782646288	0.8680127450797925	0.027869502653105248	77.82409864874221	0.03336764549152906
1.42599175017196	0.01	0.007	0.007	0.007	0.01	0.037373560826475416	0.03748441000462579	0.06827168912448012	0.039185051365550894	0.0024358062844606725	0.7759213613076416	1.3156832906012652	2.9968288992062395	0.8951890136592585	0.028836576438629663	77.14897277889185	0.03331230850386667
1.4749077384808105	0.01	0.007	0.007	0.007	0.01	0.037039979357067376	0.03714980808736086	0.06758818663867516	0.038809467038881246	0.0024208965046065966	0.7981197598028856	1.349561237644339	3.0824130426540943	0.9223483484739939	0.02980935743378458	76.46544471719653	0.03325588202499413
1.5249048678037838	0.01	0.007	0.007	0.007	0.01	0.03670209328246931	0.03681090212396075	0.06689641901518482	0.038426009759366254	0.002404444642524335	0.8203986328718782	1.3834310547011996	3.1681132876593177	0.9494918436924764	0.03078765396818327	75.77306711704566	0.033198307177813316
1.5760428852111426	0.01	0.007	0.007	0.007	0.01	0.036359681568999186	0.03646746592762358	0.06619604048770292	0.038034973585019886	0.0023865334373670897	0.8427647015883809	1.417296840660093	3.25394778439098	0.9766204329637863	0.03177129496305687	75.07137520278604	0.03313952163997052
1.6283859794444895	0.01	0.007	0.007	0.007	0.01	0.036012508444499436	0.03611925999907255	0.06548666321225938	0.03763655971152552	0.0023672378901646893	0.8652248710390993	1.4511624275437676	3.339934817788748	1.0037351298593538	0.03276013899159982	74.35987676716667	0.03307945861080416
1.6820039725687979	0.01	0.007	0.007	0.007	0.01	0.03566031783754941	0.03576602548628122	0.06476784984407438	0.037230880356409986	0.002346625316351137	0.8877865514498289	1.485031807660867	3.4260939571072435	1.0308373247311897	0.033754085831754696	73.63803980465268	0.033018045519303346
1.7369737893755701	0.01	0.007	0.007	0.007	0.01	0.03530282641254255	0.03540747687655607	0.06403910260886121	0.036817959818023126	0.002324755243733733	0.9104580329351687	1.5189096202138779	3.512447386930514	1.0579291335546797	0.03475309043438171	72.9052775456386	0.03295520243475427
1.793381376891424	0.01	0.007	0.007	0.007	0.01	0.03493971429603005	0.03504329247251139	0.0632998472172736	0.03639773184078448	0.0023016790976044294	0.9332489654970301	1.552801768167619	3.5990216074251804	1.0850138540087788	0.0357571814550166	72.16092895051106	0.03289083998960048
1.8513242186973475	0.01	0.007	0.007	0.007	0.01	0.03457061285863053	0.03467310198485047	0.06254941051557651	0.03597003270459161	0.0022774396228917616	0.9561709729175696	1.5867161979210351	3.685849599132506	1.1120965532901959	0.03676648545674751	71.40423329594405	0.03282485665931301
1.9109147886189835	0.01	0.007	0.007	0.007	0.01	0.034195087755416256	0.03429646941849178	0.06178698841028153	0.035534588105907296	0.0022520699138383255	0.9792384949697004	1.62066396702218	3.7729737910763643	1.1391848859589964	0.03778126073364122	70.63429512020582	0.03275713502097325
1.9722854661103943	0.01	0.007	0.007	0.007	0.01	0.03381261454251227	0.033912868546899386	0.06101159884785257	0.035090990874673086	0.002225591847770021	1.002469993862908	1.6546607764633572	3.8604503151557763	1.1662902803132056	0.0388019464267025	69.85003398792095	0.03268753641911169
2.03559576526235	0.01	0.007	0.007	0.007	0.01	0.033422542512486164	0.03352164659377499	0.0602220113139704	0.034638664657881256	0.0021980135878835218	1.0258897426908733	1.688729248237897	3.948355318050498	1.1934297136033611	0.039829236013435985	69.05011010253426	0.03261589310775491
2.101043598954006	0.01	0.007	0.007	0.007	0.01	0.03302403770777388	0.0331219670472841	0.05941663499340996	0.034176803338975416	0.002169325464516914	1.0495306598167016	1.7229025588349833	4.036794990028066	1.2206285570170605	0.04086419470175578	68.23280718586848	0.032541995978780845
2.1688838399973123	0.01	0.007	0.007	0.007	0.01	0.032615988044332425	0.032712714483527215	0.05859333184184318	0.03370426681211212	0.0021394929183401906	1.0734390586105527	1.7572305679244755	4.125922413369705	1.2479253872778369	0.04190845729077504	67.39583756329579	0.032465574297818746
2.239461532718746	0.01	0.007	0.007	0.007	0.01	0.03219683164083668	0.032292322376329174	0.05774907746300666	0.033219388787528295	0.0021084435093884765	1.0976833163770001	1.7917910902480052	4.215968409223339	1.2753808514954368	0.04296459106927124	66.5359895590556	0.03238625936332572
2.313281044006102	0.01	0.007	0.007	0.007	0.01	0.03176419363789403	0.03185840883730239	0.056879241785317385	0.03271956550384207	0.0020760391771469425	1.1223724831435147	1.8267143762245412	4.307308087429019	1.303096949683682	0.044036879320213496	65.648381673489	0.032303508603176635
2.391157978343648	0.01	0.007	0.007	0.007	0.01	0.03131408588487066	0.03140697393848453	0.055976003239810924	0.0322003455141777	0.002042014681650085	1.147697326070494	1.862237177185401	4.400607681630997	1.3312596240844161	0.04513305109119421	64.72481912304912	0.03221643870089234
2.4746998878183963	0.01	0.007	0.007	0.007	0.01	0.030838335628519575	0.030929820822231207	0.05502324298770267	0.03165249416929267	0.002005779665615355	1.1740641789058355	1.8988810353955967	4.497305783020376	1.3602793540229303	0.046269949228903665	63.7485143013809	0.03212329599947766
2.568767635467171	0.01	0.007	0.007	0.007	0.01	0.030311302587670286	0.030401233676893014	0.05397013883720644	0.03104680354960195	0.00196539580051308	1.2027920593092356	1.9383865219558505	4.602126459364832	1.3915282281200736	0.04750312758634009	62.6668156392187	0.03201874009282887
2.6718169159048735	0.01	0.007	0.007	0.007	0.01	0.02974429712120664	0.02983255614466324	0.052839973804194584	0.030396678635997258	0.001921765259236434	1.2331336066438252	1.9796038237553917	4.712194960392389	1.4240889548798177	0.04879879328572408	61.50289248499756	0.03190459181187612
2.7541965709956453	0.01	0.007	0.007	0.007	0.01	0.029298671560156656	0.029385615507224506	0.05195382107765175	0.029886865251101527	0.0018873590623882958	1.256568425401518	2.0110580641961677	4.796733844641064	1.448907321860844	0.04979440563713328	60.58799696292776	0.03181363215652379
2.834548259301807	0.01	0.007	0.007	0.007	0.01	0.028870458563390704	0.0289561390446976	0.0511040396989995	0.029397944522769722	0.0018542575383726102	1.2787460963671362	2.0404998760904047	4.876337129182905	1.472113915256722	0.05073223303075398	59.70873656762172	0.031725161518228503
2.914693497177792	0.01	0.007	0.007	0.007	0.01	0.02844958981512836	0.028534028463572753	0.050270520338507194	0.028918358292305126	0.0018217141073115816	1.3002170883272768	2.0686848151332806	4.95301515685309	1.4943077137557021	0.05163590236819427	58.84444624495548	0.031637163272170817
2.99417565479607	0.01	0.007	0.007	0.007	0.01	0.028038272015703653	0.02812149690152878	0.049457551963601395	0.028450581830410875	0.0017899197019492252	1.320888047914092	2.09550622754216	5.026457661640573	1.515407358013789	0.052501725879845265	57.999662970727414	0.03155013414586987
3.0730071975615214	0.01	0.007	0.007	0.007	0.01	0.02763620420597098	0.027718242507118355	0.04866444688356408	0.027994224783659254	0.0017588677659966484	1.3407950899268057	2.12102923334901	5.09681853093186	1.5354667147186143	0.053331496005205245	57.17377466677333	0.031464053885871375
3.151327887672241	0.01	0.007	0.007	0.007	0.01	0.027242460458645826	0.027323336625790427	0.04788929309164917	0.02754819066703805	0.0017284996743218554	1.3600032495690755	2.1453542188890298	5.1643512909244045	1.5545670969964387	0.054128190581722864	56.36488493084692	0.031378764034126906
3.229258470030353	0.01	0.007	0.007	0.007	0.01	0.026856254428372632	0.02693599059646581	0.04713046697874739	0.027111547796890956	0.0016987645267189867	1.3785678419350846	2.1685664162913416	5.229271557508915	1.5727776116500476	0.054894349044191965	55.57138320660519	0.03129412847526174
3.3068987779507397	0.01	0.007	0.007	0.007	0.01	0.02647693977024074	0.02655555617104703	0.04638663127059154	0.026683528477607854	0.0016696198966267152	1.3965350562340375	2.190737254736981	5.291759906922128	1.590156283019184	0.05563210395682235	54.79194583539236	0.031210035173379037
3.3843317452359267	0.01	0.007	0.007	0.007	0.01	0.026103982117113275	0.026181497409169027	0.04565667742832055	0.026263496103641506	0.0016410301910800287	1.4139438322718445	2.2119272390965796	5.351969120668221	1.6067523630086193	0.056343264740452634	54.025478649109154	0.0311263915159387
3.4616266387426564	0.01	0.007	0.007	0.007	0.01	0.025736936875156973	0.025813368408304303	0.044939680103912874	0.02585091911547557	0.0016129653214474566	1.4308273262925215	2.232188184606781	5.410029825691566	1.6226081227737639	0.05702938292279791	53.271071475942485	0.031043120574981795
3.5388398032133153	0.01	0.007	0.007	0.007	0.01	0.025375440252967903	0.02545080430649893	0.044234877916751944	0.02544536004794405	0.0015854002893878319	1.447213669852552	2.2515644999811557	5.466053571172275	1.6377598895888918	0.05769178742960253	52.52797981470972	0.030960160099693407
3.616018687866776	0.01	0.007	0.007	0.007	0.01	0.025019185824692633	0.025093497776407313	0.0435416263391486	0.025046448494276896	0.0015583136039323507	1.4631273179814186	2.2700950973702065	5.5201378294828505	1.6522395665803735	0.0583316428546673	51.79557675222856	0.030877458014102004
3.6932027782758463	0.01	0.007	0.007	0.007	0.01	0.024667916872542807	0.024741191345249332	0.04285938174502025	0.024653871978836492	0.0015316868567229493	1.4785896032530152	2.2878142756877784	5.57236817453854	1.6660753428022403	0.05894997456820023	51.073337290546874	0.030794971289850436
3.7704251098502706	0.01	0.007	0.007	0.007	0.01	0.02432141665146596	0.024393667630792936	0.04218768161880913	0.024267364604671757	0.0015055041055512175	1.4936193407192635	2.304752617225259	5.622820574980427	1.6792924094268376	0.05954769531750398	50.36081838901358	0.030712664217776662
3.847713330047142	0.01	0.007	0.007	0.007	0.01	0.023979501335727706	0.024050742267151256	0.04152613017438426	0.02388669880342159	0.0014797514372385072	1.5082332747885128	2.3209376573716765	5.6715630972297655	1.6919134951247419	0.06012562495821135	49.65764450733625	0.030630507185800283
3.9250906262804963	0.01	0.007	0.007	0.007	0.01	0.023642014041282005	0.02371225790953641	0.04087438621224503	0.023511678365856256	0.0014544165939703551	1.5224464491089913	2.336394432200299	5.718657306815918	1.703959303378262	0.06068450670231859	48.963495350729055	0.030548475618065094
4.002576392877127	0.01	0.007	0.007	0.007	0.01	0.023308820381361537	0.023378079776752866	0.040232154065679614	0.02314213324478437	0.0014294887014848659	1.5362724868014206	2.3511458980047526	5.764159335760198	1.7154488477829926	0.06122501948111338	48.27809676015658	0.03046654920608699
4.080186902757114	0.01	0.007	0.007	0.007	0.01	0.022979804305911317	0.02304809147836748	0.0395991751934418	0.022777914726448273	0.0014049580083324823	1.5497238394894965	2.365213293420695	5.808120818268982	1.7263997409167526	0.06174778880659612	47.60121217988701	0.030384711146732395
4.157935724699107	0.01	0.007	0.007	0.007	0.01	0.02265486528750824	0.02272219219233609	0.038975222448954135	0.02241889213954561	0.0013808157177295484	1.5628119647184977	2.3786164054588634	5.850589567235952	1.736828407030002	0.062253394605857076	46.93263688946934	0.0303029476591286
4.235834190994275	0.01	0.007	0.007	0.007	0.01	0.02233391548867022	0.022400293823962216	0.03836009437694373	0.022064949578292775	0.0013570538116885523	1.5755474918867776	2.39137380791629	5.891610194625751	1.746750272194133	0.06274237843050519	46.272192193227646	0.030221247456107228
4.313891695216095	0.01	0.007	0.007	0.007	0.01	0.02201687781086696	0.022082319049157147	0.03775361125793585	0.021715983629978088	0.001333664935551728	1.5879403421958178	2.4035030389629246	5.931224566504848	1.7561799062851535	0.06321524873507418	45.61972142024769	0.030139601401197987
4.392115980234053	0.01	0.007	0.007	0.007	0.01	0.02170368411182356	0.021768199526488504	0.037155611516884096	0.0213719013111575	0.0013106422907676045	1.5999998339442827	2.415020753417274	5.969472198374279	1.7651311446315323	0.06367248547407506	44.97508626790052	0.03005800218094653
4.4705133860195545	0.01	0.007	0.007	0.007	0.01	0.02139427370103615	0.021457874388260044	0.0365659487005982	0.021032618330506923	0.0012879795448365484	1.6117347700315672	2.425942848109607	6.006390582608578	1.7736171882133651	0.06411454391592096	44.338163715485386	0.02997644402396604
4.549089041704898	0.01	0.007	0.007	0.007	0.01	0.021088592152696106	0.021151289049936028	0.03598448909115235	0.020698057717160386	0.001265670761768632	1.623153507608521	2.4362845622772347	6.042015450142061	1.7816506840406374	0.06454185769419069	43.708843589174464	0.029894922482002345
4.627847043395436	0.01	0.007	0.007	0.007	0.01	0.020786590252226116	0.02084839415357042	0.03541110959845151	0.020368148609345132	0.0012437103399804343	1.63426401806661	2.4460605623565037	6.076380994180571	1.7892437930783205	0.06495484142423441	43.08702640034615	0.02981343422901277
4.7067905706783435	0.01	0.007	0.007	0.007	0.01	0.020488223244332117	0.020549144813642277	0.03484569624632009	0.020042825384278925	0.0012220929701373883	1.6450739320285865	2.4552850076963058	6.109520040851104	1.7964082430888653	0.0653538927003835	42.47262180330891	0.029731976926453962
4.785922019959547	0.01	0.007	0.007	0.007	0.01	0.0201934500675675	0.020253499849362103	0.03428814264919793	0.019722026782486336	0.0012008135903034958	1.6555905818076946	2.463971609494161	6.141464206851512	1.8031553760019374	0.06573939395139264	41.86554702415251	0.029650549073270287
4.865243133950848	0.01	0.007	0.007	0.007	0.01	0.019902232655163315	0.019961421083439172	0.0337383486301097	0.019405695113272475	0.0011798673445517546	1.6658210386138985	2.472133680782215	6.172244036010286	1.8094961881671086	0.06611171405616949	41.26572542498374	0.029569149862100366
4.9447550376143115	0.01	0.007	0.007	0.007	0.01	0.019614535620818427	0.01967287302694565	0.03319621957814329	0.019093775885587444	0.0011592495680122932	1.6757721339265585	2.479784170012232	6.201889084025934	1.8154413577366444	0.06647120934509024	40.67308586019259	0.029487779133284712
5.024458364463852	0.01	0.007	0.007	0.007	0.01	0.019330325642407286	0.019387822261205463	0.03266166524483814	0.01878621711598264	0.001138955749172844	1.6854504897767173	2.4869356989930074	6.230428026931831	1.8210012753260112	0.06681822489752058	40.08756140987927	0.029406437237403604
5.104353299540152	0.01	0.007	0.007	0.007	0.01	0.019049571181412567	0.019106237156398923	0.03213459918315151	0.018482969006225314	0.0011189815153424501	1.6948625356569396	2.4936005875463696	6.257888726447074	1.8261860642760182	0.0671530953265246	39.50908880416703	0.029325124984647115
5.18443964420702	0.01	0.007	0.007	0.007	0.01	0.018772242145169957	0.01882808753281089	0.03161493808512626	0.01818398356258193	0.0010993226132147635	1.7040145262268318	2.4997908767880195	6.284298295498683	1.831005599782378	0.06747614557238442	38.93760772925672	0.029243843572802512
5.264716860460396	0.01	0.007	0.007	0.007	0.01	0.01849830964224656	0.01855334441548681	0.03110260130052808	0.017889214319185057	0.001079974895363201	1.7129125548018078	2.5055183474760687	6.30968314931781	1.8354695241414316	0.06778769152686763	38.37306032494394	0.02916259453705011
5.345184126509661	0.01	0.007	0.007	0.007	0.01	0.018227745716905924	0.018281979767913823	0.030597510321442756	0.01759861604178398	0.0010609343046803091	1.7215625666178405	2.5107945365341084	6.334069054072111	1.8395872605397618	0.06808804063312497	37.81539063867542	0.029081379689152906
5.425840366307466	0.01	0.007	0.007	0.007	0.01	0.017960523188629656	0.018013966331068346	0.030099588467829973	0.017312144547088175	0.0010421968657146497	1.7299703678982083	2.515630749386222	6.3574811619183995	1.8433680235549612	0.06837749232406827	37.264544295795965	0.0290002010837746
5.506684284853931	0.01	0.007	0.007	0.007	0.01	0.017696615483974474	0.017749277454776512	0.02960876056201269	0.017029756515720793	0.0010237586750091276	1.7381416345838228	2.520038070967248	6.379944043890536	1.8468208286020174	0.06865633843791877	36.72046815376233	0.02891906097951464
5.587714398591028	0.01	0.007	0.007	0.007	0.01	0.017435996496381688	0.01748788695710914	0.029124952658339604	0.016751409336895066	0.0010056158930151291	1.7460819196445245	2.5240273748339623	6.401481717672373	1.8499544998830404	0.06892486357423401	36.183110013751865	0.028837961805452
5.6689290662003975	0.01	0.007	0.007	0.007	0.01	0.017178640455117748	0.01722976899293519	0.02864809179249687	0.016477060964377368	0.000987764736322451	1.7537966596468926	2.5276093309171572	6.422117672301433	1.8527776772657498	0.06918334541511109	35.65241835089975	0.02875690612780536
5.750326503590207	0.01	0.007	0.007	0.007	0.01	0.016924521853304682	0.01697489798173916	0.028178105842556037	0.016206669836718274	0.0009702014736974245	1.7612911791649208	2.530794411427035	6.441874886200464	1.8552988217066306	0.06943205496574167	35.12834216621809	0.028675896632831543
5.83190481533777	0.01	0.007	0.007	0.007	0.01	0.01667361533103543	0.01672324849039081	0.027714923308515684	0.015940194750576016	0.0009529224187724321	1.768570696238896	2.5335928965837935	6.460775847300973	1.8575262205347811	0.06967125682332707	34.610830745765725	0.02859493609367404
5.913662004810823	0.01	0.007	0.007	0.007	0.01	0.016425895632202134	0.016474795189845536	0.027258473229801277	0.015677594813395916	0.0009359239276094622	1.7756403253852686	2.5360148786705503	6.478842566030263	1.8594679914113357	0.06990120935825053	34.09983357171529	0.028514027358816627
5.99559599530656	0.01	0.007	0.007	0.007	0.01	0.01618133753213578	0.01622951278256993	0.026808685049876657	0.015418829365649036	0.0009192023940708886	1.7825050812757914	2.5380702659203576	6.4960965895713905	1.8611320861566751	0.07012216491256686	33.595300173137566	0.02843317332985556
6.077704640545122	0.01	0.007	0.007	0.007	0.01	0.01593991580254811	0.01598737596737968	0.02636548855062096	0.015163857943195377	0.0009027542475893574	1.789169881176416	2.5397687855393696	6.512559012477592	1.8625262938905123	0.07033436995340038	33.09718005365204	0.02835237695009292
6.159985740756137	0.01	0.007	0.007	0.007	0.01	0.015701605163571906	0.015748359391337792	0.025928813763678716	0.014912640226388125	0.0008865759499253782	1.7956395476244034	2.5411199864779648	6.528250487525779	1.8636582439717337	0.07053806523022316	32.60542259240372	0.028271641187831157
6.24243705347767	0.01	0.007	0.007	0.007	0.01	0.015466380255257739	0.015512437621166561	0.02549859091822396	0.014665136010116408	0.0008706639931403357	1.801918810450213	2.542133241711711	6.5431912345947305	1.8645354085449328	0.07073348590752618	32.11997698512773	0.028190969025108634
6.325056293512343	0.01	0.007	0.007	0.007	0.01	0.015234215642243561	0.015279585147931127	0.025074750449700083	0.014421305208916645	0.0008550148997016539	1.8080123078529517	2.5428177501885556	6.5574010470743405	1.8651651048054707	0.07092086166541989	31.640792253646115	0.028110363457184335
6.4078411603614205	0.01	0.007	0.007	0.007	0.01	0.015005085743013987	0.015049776316088748	0.024657222871079427	0.014181107782983182	0.0008396252174408805	1.813924589412437	2.5431825388569784	6.570899302618156	1.8655544973492242	0.07110041685752612	31.16781709969914	0.028029827465333133
6.490789338414908	0.01	0.007	0.007	0.007	0.01	0.014778964839759295	0.01482298533337681	0.024245938791927227	0.013944503749201444	0.0008244915198825729	1.8196601168839686	2.5432364641285448	6.583704968379715	1.8657106000453356	0.07127237059710707	30.700999925081756	0.027949364016494605
6.573898502658732	0.01	0.007	0.007	0.007	0.01	0.014555827073421049	0.014599186265843458	0.02384082891031314	0.013711453176551614	0.0008096104055135325	1.8252232653842526	2.54298821336849	6.595836607106614	1.865640277924866	0.07143693685393283	30.240288821207947	0.02786897605759988
6.6571663023355825	0.01	0.007	0.007	0.007	0.01	0.014335646497808805	0.014378353092124407	0.023441824111695587	0.013481916243043113	0.0007949785009093932	1.830618323128347	2.5424463065044525	6.6073123800866345	1.865350249114261	0.07159432450750017	29.785631680653488	0.02778866653122986
6.740590405341615	0.01	0.007	0.007	0.007	0.01	0.014118396972642614	0.014160459596168448	0.023048855275571083	0.013255853124525967	0.0007805924531525936	1.835849495146575	2.5416190973219264	6.618150058602797	1.8648470866055329	0.07174473751580476	29.336975976112722	0.027708438332679525
6.824168493123139	0.01	0.007	0.007	0.007	0.01	0.013904052192958481	0.013945479396729557	0.02266185333018189	0.013033224026198999	0.0007664489313036188	1.8409209035305347	2.5405147746606476	6.628367027536057	1.8641372198708874	0.07188837497844344	28.89426882086557	0.027628294315163678
6.907898233295497	0.01	0.007	0.007	0.007	0.01	0.013692585772725563	0.013733386031231651	0.022280749404191835	0.0128139892698926	0.0007525446313637266	1.8458365865044952	2.5391413642067224	6.637980286888062	1.863226936879401	0.07202543116778873	28.457457141274983	0.02754823731620957
6.991777313227034	0.01	0.007	0.007	0.007	0.01	0.013483971171328175	0.013524152882032596	0.021905474694250023	0.012598109217905074	0.0007388762708935379	1.8506005012567628	2.5375067295883733	6.647006460955512	1.8621223856642963	0.07215609566638956	28.02648752476465	0.027468270125559066
7.07580344604069	0.01	0.007	0.007	0.007	0.01	0.013278181694507656	0.013317753177368665	0.02153596046755453	0.012385544274495957	0.0007254405885530529	1.8552165249313388	2.5356185735788936	6.655461803476793	1.8608295759197808	0.07228055344904565	27.60130622154491	0.027388395479813588
7.159974354319628	0.01	0.007	0.007	0.007	0.01	0.013075190549567222	0.013114160046722579	0.02117213816153022	0.012176254943239604	0.0007122343471555368	1.859688454435154	2.533484439878874	6.66336220065906	1.8593543809864748	0.07239898493252932	27.181859258473246	0.02730861607828231
7.2442877816309	0.01	0.007	0.007	0.007	0.01	0.01287497083096524	0.012913346506373982	0.02081393935797135	0.011970201812158679	0.0006992543321804167	1.864020007865574	2.531111714432837	6.670723177320299	1.857702539514275	0.07251156606928677	26.768092409128492	0.02722893457231039
7.328741481726816	0.01	0.007	0.007	0.007	0.01	0.012677495559859496	0.012715285499060933	0.020461295853705146	0.011767345594377377	0.000686497353780218	1.8682148247622472	2.528507627338895	6.677559900943145	1.8558796575230316	0.07261846840913266	26.359951275378183	0.027149353575803642
7.4133332525404105	0.01	0.007	0.007	0.007	0.01	0.012482737618579138	0.01251994982825728	0.020114139543349167	0.011567647060678794	0.0006739602420391558	1.8722764686155964	2.5256792534387915	6.683887189442291	1.8538912095286006	0.07271985921794284	25.95738115180297	0.027069875633551663
7.498060902999547	0.01	0.007	0.007	0.007	0.01	0.012290669843048631	0.012327312250870345	0.019772402584119164	0.011371067134307048	0.0006616398523963149	1.8762084260134877	2.5226335149516483	6.689719513369597	1.8517425410850001	0.07281590150932143	25.56032721657743	0.026990503252956776
7.582922264597934	0.01	0.007	0.007	0.007	0.01	0.012101265008595435	0.012137345463006637	0.019436017369653044	0.01117756687590326	0.0006495330642117395	1.8800141081143051	2.519377182900765	6.695071002094657	1.8494388704748397	0.0729067541361408	25.168734502040426	0.026911238893472376
7.6679152086854785	0.01	0.007	0.007	0.007	0.01	0.011914495805328945	0.01195002207527761	0.01910491648564343	0.010987107457975225	0.0006376367787141028	1.883696852281233	2.5159168781821353	6.6999554499599885	1.8469852901283277	0.0729925718833815	24.782547843681936	0.026832084950914825
7.753037624356341	0.01	0.007	0.007	0.007	0.01	0.011730334901189998	0.011765314676035933	0.018779032820948297	0.010799650228800898	0.0006259479225295342	1.8872599219719992	2.5122590741902577	6.704386320002327	1.84438676913164	0.07307350551875262	24.401712010406417	0.026753043778593895
7.838287407467872	0.01	0.007	0.007	0.007	0.01	0.011548754976533205	0.011583195866060445	0.01845829962725489	0.010615156746734347	0.0006144634493729908	1.89070650729291	2.50841009927989	6.708376748950506	1.8416481556126163	0.07314970186089967	24.026171776005654	0.026674117697790073
7.923662511859285	0.01	0.007	0.007	0.007	0.01	0.011369728626772022	0.011403638160912504	0.018142650345682455	0.010433588680447584	0.0006031803334700085	1.8940397280476244	2.504376136396283	6.7119395550262695	1.838774177097139	0.07322130390145136	23.65587171776543	0.026595308950721996
8.009160910201842	0.01	0.007	0.007	0.007	0.01	0.01119322845977663	0.011226614088622492	0.017832018777712868	0.010254907907237234	0.000592095575263147	1.8972626330412876	2.500163226655703	6.715087241147399	1.8357694436596197	0.0732884508417576	23.290756417835066	0.026516619737401805
8.094780588627131	0.01	0.007	0.007	0.007	0.01	0.011019227117043886	0.011052096210922718	0.017526339120479184	0.010079076533303487	0.0005812062022950349	1.9003782009329149	2.4957772716851534	6.71783200034606	1.8326384501826765	0.07335127816616267	22.9307705070182	0.026438052220899254
8.180519575427889	0.01	0.007	0.007	0.007	0.01	0.010847697225871762	0.01088005707528002	0.017225545880794634	0.009906056844277701	0.0005705092658221883	1.9033893423161277	2.491224034204771	6.720185722201128	1.82938557734796	0.07340991773890042	22.57585856582733	0.026359608501391667
8.266375913008122	0.01	0.007	0.007	0.007	0.01	0.01067861146744802	0.010710469283186263	0.016929573992832167	0.009735811372891758	0.0005600018446588963	1.9062988997098922	2.48650914148585	6.722159997324887	1.8260150946653204	0.07346449785746711	22.22596526535192	0.026281290642373042
8.352347675244744	0.01	0.007	0.007	0.007	0.01	0.010511942551960371	0.010543305465194955	0.016638358772225675	0.009568302872553704	0.0005496810432540547	1.9091096492271706	2.4816380865257	6.723766123362329	1.8225311618588733	0.07351514333943075	21.881035315785965	0.026203100655166407
8.438432962121396	0.01	0.007	0.007	0.007	0.01	0.010347663239573332	0.010378538301960205	0.01635183595059713	0.009403494337184536	0.000539543992629495	1.9118243014253968	2.4766162304042725	6.725015110257984	1.8189378310830906	0.07356197559203487	21.541013509862168	0.02612504050429703
8.524629905749894	0.01	0.007	0.007	0.007	0.01	0.01018574633882051	0.01021614052262441	0.01606994167043321	0.009241348998247093	0.0005295878499403329	1.9144455025446785	2.471448804022513	6.725917685755611	1.8152390486833028	0.07360511268825397	21.205844719563014	0.02604711210249819
8.610936647805207	0.01	0.007	0.007	0.007	0.01	0.010026164758128913	0.01005608495649547	0.015792612572275655	0.009081830374872955	0.0005198098012887078	1.9169758348918255	2.466140911579312	6.726484300616679	1.8114386581872046	0.07364466942827605	20.87547400283234	0.025969317331542684
8.697351368383234	0.01	0.007	0.007	0.007	0.01	0.009868891460198021	0.009898344487290647	0.015519785712610092	0.008924902226606678	0.0005102070586173012	1.919417818800817	2.460697530985941	6.726725134386275	1.8075404010907894	0.07368075742636036	20.549846509211918	0.025891658016565535
8.783872274869477	0.01	0.007	0.007	0.007	0.01	0.009713899492120016	0.009742892083346258	0.015251398613679789	0.008770528582033069	0.0005007768612461173	1.921773913345687	2.4551235166348553	6.726650100591242	1.803547919315693	0.07371348517563658	20.228907542261542	0.025814135936628853
8.870497579242963	0.01	0.007	0.007	0.007	0.01	0.009561162033441975	0.009589700845822642	0.014987389343756034	0.008618673784921718	0.0004915164784724152	1.9240465168298373	2.4494236030429266	6.726268852237748	1.7994647582803014	0.07374295811121687	19.912602659179136	0.02573675284542151
8.95722552124429	0.01	0.007	0.007	0.007	0.01	0.009410652361169586	0.009438743973604207	0.014727696453369946	0.0084693024575216	0.0004824232071593051	1.9262379685441315	2.443602405566253	6.7255907873020275	1.795294367860052	0.07376927869058564	19.60087759845199	0.025659510450806975
9.044054380159539	0.01	0.007	0.007	0.007	0.01	0.009262343837641632	0.009289994751138038	0.014472258951587987	0.008322379486889152	0.0004734943707471259	1.9283505501157303	2.437664421710792	6.724625053842707	1.7910401037608168	0.07379254646509459	19.293678254837836	0.02558241040483685
9.130982452081195	0.01	0.007	0.007	0.007	0.01	0.009116209957541458	0.009143426595584966	0.014221016384127467	0.008177870069793002	0.0004647273218115499	1.9303864860003261	2.4316140347815307	6.723380555403231	1.7867052305548714	0.0738128581407998	18.990950776844073	0.025505454324468713
9.218008038573148	0.01	0.007	0.007	0.007	0.01	0.00897222437219904	0.008999013081194135	0.013973908871702594	0.008035739734743143	0.0004561194432378011	1.9323479443484621	2.425455516879518	6.721865956591109	1.7822929242369976	0.07383030764522477	18.69264161721873	0.02542864380186858
9.305129481478646	0.01	0.007	0.007	0.007	0.01	0.008830360837336548	0.008856727886893522	0.013730877016929557	0.007895954288418574	0.000447668144863204	1.9342370389033896	2.4191930286178542	6.720089687787081	1.7778062724170642	0.0738449862022691	18.398697424839348	0.025351980373989735
9.392345134305762	0.01	0.007	0.007	0.007	0.01	0.008690593266808867	0.008716544850190185	0.013491861993326693	0.007758479866832207	0.00043937086642527616	1.9360558294194121	2.412830623256183	6.718059950746882	1.7732482776658187	0.07385698239176172	18.109065156191953	0.025275465548262845
9.479653379760201	0.01	0.007	0.007	0.007	0.01	0.008552895709439508	0.008578437943937674	0.013256805502206304	0.007623282910510419	0.00043122507595589227	1.9378063231236913	2.406372247570248	6.715784723376205	1.7686218585092566	0.0738663822176468	17.823692027531543	0.025199100787527455
9.56705261839326	0.01	0.007	0.007	0.007	0.01	0.008417242372741036	0.00844238130012698	0.013025649809848156	0.00749033018584869	0.00042322827094968114	1.9394904755405127	2.399821744778197	6.713271765019856	1.7639298518844382	0.07387326917014608	17.54252556419444	0.02512288752039116
9.654541274585746	0.01	0.007	0.007	0.007	0.01	0.008283607618403752	0.0083083492053621	0.012798337736300017	0.007359588778644844	0.0004153779778742466	1.9411101916752624	2.3931828561946196	6.710528621306015	1.75917501467199	0.07387772428951275	17.26551359141786	0.025046827136359213
9.74211776772214	0.01	0.007	0.007	0.007	0.01	0.008151966010329605	0.008176316149036937	0.012574812733439248	0.007231026138972119	0.00040767175473925706	1.9426673265557786	2.386459225521048	6.707562630052415	1.7543600271050843	0.07387982622735711	16.992604334092295	0.024970921011183228
9.82978056457877	0.01	0.007	0.007	0.007	0.01	0.008022292239132478	0.008046256747611398	0.012355018753005565	0.007104610005252074	0.00040010718648850495	1.9441636872439063	2.3796543969251793	6.704380924476256	1.7494874917185572	0.07387965131016708	16.723746260436652	0.024895170461683182
9.917528138890804	0.01	0.007	0.007	0.007	0.01	0.007894561187932034	0.007918145810601008	0.01213890035488512	0.006980308466511405	0.00039268188861170075	1.9456010331259226	2.3727718201528747	6.7009904392707265	1.7445599373237244	0.07387727359731397	16.458888218570696	0.024819576781237085
10.0	0.01	0.007	0.007	0.007	0.01	0.007776366560620778	0.007799599614202426	0.011939259811594568	0.006865484741729606	0.0003858307659389403	1.9468985207673501	2.3662412124484775	6.697622678889433	1.7398850080538502	0.07387309978566348	16.213779562430233	0.0247487373415292
