0.0	0.01	0.007	0.007	0.007	0.01	0.0	0.0	0.0	0.0	0.0	0.0	0.0	0.0	0.0	0.0	100.0	0.035
0.007171980525240206	0.01	0.007	0.007	0.007	0.01	0.00297086936258943	0.005329691091576157	0.002922947547597912	0.001085761050000926	0.00016753018018573077	0.00014900495396670074	0.0003163393896268937	0.00019519287342782481	5.918614525069748e-5	4.9812818612339075e-6	99.86726374776885	0.034991301414473104
0.012107750899946014	0.01	0.007	0.007	0.007	0.01	0.004908393420412708	0.008637254678218081	0.004837770345252262	0.0018130576718030514	0.00025392817219202995	0.00041832749839533777	0.0008766732779260341	0.0005486510529037013	0.00016733988989637178	1.320264433598273e-5	99.77601677587772	0.03498531628757614
0.01946455176701155	0.01	0.007	0.007	0.007	0.01	0.0076431809534528465	0.013078287804835304	0.007552743332272797	0.0028677667359302723	0.00035046517172604495	0.0010573607350796265	0.0021745624768834174	0.001389179204330278	0.0004273757275388433	3.0777399192664954e-5	99.64016723290698	0.03497639731340098
0.026578739131414772	0.01	0.007	0.007	0.007	0.01	0.010122983557944054	0.01687351262441408	0.010027744900093824	0.003855209171815454	0.0004166664486021577	0.001930009671245831	0.0038998803364091446	0.0025398527346217584	0.0007878261343506865	5.222521994315894e-5	99.508973671997	0.03496777463279888
0.03503043103887356	0.01	0.007	0.007	0.007	0.01	0.012871907311522083	0.02082100820800142	0.012787097664179497	0.0049881132739761766	0.00047104831094764817	0.003269775322451413	0.006474708393112531	0.004311163648181669	0.001350171783876353	8.164493200755199e-5	99.35333952058045	0.03495753360574897
0.04388395161466191	0.01	0.007	0.007	0.007	0.01	0.015537622689173112	0.024386013721851556	0.015480035964676593	0.006129677477945564	0.0005086884973299342	0.0050002721648992245	0.009701445487037103	0.0066056191860311125	0.002089295574433162	0.00011555490054380078	99.19056691598628	0.034946808894145635
0.053650059795904495	0.01	0.007	0.007	0.007	0.01	0.018243337787939934	0.02773693200778156	0.01823218499013022	0.007337282576577905	0.0005351661092203151	0.0072657026785453264	0.01379583248005346	0.009618343686779914	0.0030748792173290003	0.00015530868569227496	99.01132562795938	0.0349349825360251
0.06400679345319281	0.01	0.007	0.007	0.007	0.01	0.020865225070072494	0.030723767007522017	0.020918921473334007	0.00856113463218375	0.0005522666221891943	0.01004114810177195	0.018653371603845385	0.013320872567257783	0.004306036693270586	0.00019911300170143292	98.82159821239902	0.034922445327084745
0.07510664469189345	0.01	0.007	0.007	0.007	0.01	0.023416840511056254	0.03338111714387097	0.023554425963132317	0.009810720451623775	0.0005628825933645705	0.013401865232262057	0.024347172923279738	0.017818592068631938	0.0058272473903591224	0.00024713652627735076	98.61866105875188	0.034909013541889335
0.0868429666329886	0.01	0.007	0.007	0.007	0.01	0.02585058198456479	0.03568266547997278	0.026089483129650134	0.011065313580263069	0.0005689344879772528	0.017346165307639112	0.030815241615005907	0.023114679514653503	0.007650359296409056	0.0002985424350163863	98.40454065079379	0.034894817190690965
0.09926502686451771	0.01	0.007	0.007	0.007	0.01	0.028159372257700557	0.03765161796954484	0.02851599983350214	0.012322232360638808	0.0005719979063706841	0.021911704432066453	0.03806361917173045	0.029265300952062524	0.009806444763896407	0.00035325018204694815	98.17841587553761	0.03487979765381245
0.11234927207053207	0.01	0.007	0.007	0.007	0.01	0.030324464592100257	0.03930387994434643	0.03081315757254882	0.013571286618511222	0.0005731462629762893	0.027105735114785496	0.04605120599808162	0.03628601879339219	0.012313807814889262	0.0004109358651798658	97.9407989051287	0.03486398445862474
0.12612703305662026	0.01	0.007	0.007	0.007	0.01	0.032340229914872606	0.040668460629935246	0.03297342692494161	0.014808025650056693	0.0005731086070956905	0.03295050937714703	0.05476430936294005	0.0442127373114607	0.01519906057148859	0.0004715743079405961	97.69120891165691	0.03484734085182151
0.14061384192909276	0.01	0.007	0.007	0.007	0.01	0.03420047844112988	0.04177392173388677	0.03498830091745397	0.01602649558747804	0.0005723492032606092	0.03945809598165404	0.06417755027850831	0.05306766364348608	0.018485092404024014	0.000535110981079931	97.4294601756521	0.03482984928072698
0.1558483537982812	0.01	0.007	0.007	0.007	0.01	0.03590393427692724	0.04265100179225298	0.03685422934553259	0.01722269989534464	0.0005711542637141712	0.04664716895408742	0.07427954446066634	0.06288197221736408	0.0221992459350901	0.0006016185427906132	97.15495839683462	0.034811464394021066
0.17187068726357368	0.01	0.007	0.007	0.007	0.01	0.037450511385247805	0.043329107324360516	0.03856871693234865	0.01839250703901743	0.0005696965673259449	0.05453453739169606	0.08506027690604856	0.07368426051906327	0.02636914061820689	0.0006711902555105056	96.8670956982534	0.03479213924061795
0.1887344729634335	0.01	0.007	0.007	0.007	0.01	0.0388422814876471	0.04383621518615745	0.040131453468889126	0.019532477892574944	0.0005680820464842122	0.06314124763744648	0.09651958825821817	0.0855088220470984	0.031025841593936735	0.000743984672184461	96.56503641522563	0.03477181076719277
0.20650037105169175	0.01	0.007	0.007	0.007	0.01	0.040082351491168705	0.044197913232048656	0.04154314755314787	0.020639214251463263	0.0005663841091273574	0.07248991466969498	0.10866310832830336	0.09839195889509679	0.03620254491654217	0.0008201923085996707	96.24783753216045	0.03475040768868466
0.22523998005657547	0.01	0.007	0.007	0.007	0.01	0.04117490112581917	0.04443722497078279	0.04280562306380906	0.0217095031265523	0.0005646682936512238	0.08260689669518342	0.1215048260412672	0.11237491504391782	0.04193580847656333	0.0009000502303965407	95.91438275467462	0.03472784583010372
0.2450338323501392	0.01	0.007	0.007	0.007	0.01	0.04212478717707718	0.04457442117241177	0.043921419889120496	0.022740071465962977	0.0005630127865608773	0.09352132124039751	0.1350654303934248	0.12750247479346868	0.04826506918067259	0.0009838338677167894	95.56342315352124	0.034704030605579736
0.26597224341741443	0.01	0.007	0.007	0.007	0.01	0.04293745249678971	0.044627049903146934	0.04489372991970121	0.023727557643943898	0.000561527425636593	0.1052654194053607	0.14937241674827145	0.143823339088131	0.05523282236331828	0.0010718644898629795	95.19356730872136	0.034678856065964006
0.2881533794025794	0.01	0.007	0.007	0.007	0.01	0.04361876969198783	0.04461003546706716	0.04572625128081115	0.02466837632226006	0.0005603743816595585	0.11787319198989016	0.16445816964851248	0.16138816260521663	0.06288374636044115	0.0011645094540536742	94.80332126473198	0.034652207300542186
0.31167976553687243	0.01	0.007	0.007	0.007	0.01	0.04417497198608833	0.044535866527746194	0.04642313759359565	0.02555861213045063	0.0005597922012804223	0.1313780136168456	0.18035694367124772	0.1802460617276323	0.07126298170098612	0.0012621826337205699	94.39115557722828	0.034623964708793566
0.33664667904181	0.01	0.007	0.007	0.007	0.01	0.044612578772053914	0.0444148770379863	0.04698892871327837	0.026393776786936975	0.0005601237413116379	0.14580544344356888	0.19709648346999026	0.20043435655062453	0.08041106184664802	0.0013653207179767778	93.95571255789547	0.034594017990494934
0.36310880234815035	0.01	0.007	0.007	0.007	0.01	0.044938375715003344	0.044255724968044245	0.04742851300238976	0.027168273728883714	0.0005618432649795092	0.16115339684989122	0.2146757076661451	0.221950479425471	0.09034991409383028	0.001474282766930645	93.49638450568389	0.03456230610760279
0.3909968610285416	0.01	0.007	0.007	0.007	0.01	0.04515969279677129	0.044066295567329994	0.047747380961498095	0.027874430666775772	0.0005655614346760571	0.17734367432957437	0.2330112143897078	0.24468344784346965	0.10104814795429383	0.0015890566527075566	93.01473524909255	0.03452891686254609
0.4200048388138491	0.01	0.007	0.007	0.007	0.01	0.04528569948571117	0.04385488983095166	0.04795313988786091	0.028502551798772868	0.0005719622082513766	0.19415823351635167	0.25186893638574104	0.26832359140311723	0.1123724866621854	0.0017088386843172986	92.51637659584158	0.03449422100817908
0.4496596156154934	0.01	0.007	0.007	0.007	0.01	0.045329270552289115	0.0436299368023699	0.048058193269102996	0.02904560531017838	0.000581685306302806	0.21128461487462077	0.27091827962238996	0.29242602036803556	0.1241110683722993	0.0018323157669842527	92.00966588760518	0.03445878756865782
0.4795883874067515	0.01	0.007	0.007	0.007	0.01	0.04530590526206107	0.04339791146411496	0.048079142051641016	0.02950423671357445	0.0005952852893360336	0.22847597995534644	0.2899080245739602	0.3166366641130747	0.13608231775025867	0.0019587182632441816	91.50108721138596	0.03442306364637501
0.5095627066018579	0.01	0.007	0.007	0.007	0.01	0.04523048072842162	0.043163014374538365	0.048032864921785386	0.02988438493733354	0.0006132340506107828	0.2455777175894476	0.30868987426316274	0.34073115419377065	0.14815998640536393	0.0020879571512020458	90.99455210452666	0.03438732247735335
0.5394488693528343	0.01	0.007	0.007	0.007	0.01	0.04511560966557029	0.04292781311307509	0.04793422542535735	0.030194091276207563	0.0006359209117086837	0.26249748297835973	0.3271818643075448	0.36457347058331957	0.16025800746044647	0.0022203880612841924	90.4922985032867	0.03435172337169167
0.5691703624325227	0.01	0.007	0.007	0.007	0.01	0.04497136249531745	0.0426938246548078	0.047795458924120335	0.030441766162516204	0.0006636536140768624	0.2791817301145017	0.34534142693641945	0.388083184669694	0.17231725049649113	0.002356632799161819	89.99556166477078	0.03431635696305778
0.5986882115036871	0.01	0.007	0.007	0.007	0.01	0.04480551687738444	0.04246189134436838	0.04762627975305871	0.030635405865356964	0.000696664893591581	0.2956026988311538	0.36315108231528404	0.411217152665632	0.18429800295806736	0.002497481956802564	89.5049271363001	0.03428126891372494
0.6279883848212728	0.01	0.007	0.007	0.007	0.01	0.04462395770805577	0.04223242870069581	0.047434235008667947	0.030782253039716313	0.0007351211469117123	0.3117497833034061	0.3806093526106002	0.4339572595684859	0.1961746346524269	0.0026438324245772367	89.02055607587955	0.03424647509820664
0.6570740688850838	0.01	0.007	0.007	0.007	0.01	0.04443107290805231	0.04200558018059223	0.04722510260306186	0.030888691619438916	0.0007791326428266323	0.3276240223679086	0.39772520155246255	0.45630251763692725	0.20793196323134647	0.0027966502148900944	88.54232338723355	0.034211970914938564
0.6859593273070912	0.01	0.007	0.007	0.007	0.01	0.04423010323156248	0.041781324528475654	0.047003266301850165	0.030960252908377617	0.0008287616490326835	0.34323370693788197	0.414513688875981	0.4782627350834962	0.2195621081376324	0.002956941245105927	88.06992881704245	0.03417773890088728
0.7146655732884336	0.01	0.007	0.007	0.007	0.01	0.04402341959442121	0.04155953803844836	0.04677202624390357	0.031001683334052402	0.0008840308147169715	0.35859181328452605	0.43099355227791264	0.4998547709496719	0.23106250988813215	0.0031257367208736395	87.60295883294249	0.03414375296945189
0.7432188431245204	0.01	0.007	0.007	0.007	0.01	0.04381274101370089	0.04134003647932306	0.04653385097146943	0.03101703164500046	0.0009449298501283188	0.37371407654364736	0.44718541897567804	0.5210997121522302	0.242434338082488	0.0033040829207769723	87.14093360534673	0.0341099816753052
0.7716479571679654	0.01	0.007	0.007	0.007	0.01	0.0435993005339466	0.04112260161265003	0.04629057475558226	0.031009740472227886	0.0010114210387114555	0.3886176964352387	0.46311064116706846	0.5420209618229579	0.2536813345227589	0.0034930354559705432	86.6833382707419	0.034076390411446514
0.7999834827797937	0.01	0.007	0.007	0.007	0.01	0.0433839684581607	0.04090699644684101	0.0460435479321217	0.030982732794888463	0.001083444203353017	0.4033205771553626	0.47879065601451093	0.5626430979572105	0.2648090510403692	0.003693657884957981	86.22964042690717	0.03404294264707649
0.8282565703361847	0.01	0.007	0.007	0.007	0.01	0.0431673480527495	0.04069297840240518	0.045793755994053865	0.03093848992536629	0.001160919438931836	0.4178405802483977	0.4942463216883814	0.582990767341472	0.27582410523691403	0.003907018540823204	85.77930912400946	0.03400960130803396
0.8564986212708204	0.01	0.007	0.007	0.007	0.01	0.04294984329330909	0.04048030429984462	0.04554190614292253	0.030879119472027573	0.0012437503099212426	0.4321952673427807	0.5094977466688505	0.6030882807448235	0.2867338221988589	0.004134192079262653	85.33182014267334	0.033976329169715026
0.8847410077586875	0.01	0.007	0.007	0.007	0.01	0.042731709839138446	0.040268733908052814	0.04528849367673156	0.03080641323235486	0.0013318261737507184	0.4464017019938166	0.5245641579140072	0.6229593012719165	0.2975459405647473	0.0043762610031531255	84.88666032307347	0.03394308918732516
0.9130149842641141	0.01	0.007	0.007	0.007	0.01	0.04251309234042852	0.04005803142522451	0.04503385167214882	0.030721895899032996	0.0014250242290161884	0.4604763714473048	0.5394638782384805	0.6426267087363116	0.3082684285651137	0.004634318283781017	84.4433287850128	0.03390984459910974
0.9413516947172225	0.01	0.007	0.007	0.007	0.01	0.04229405193172749	0.039847965892664504	0.04477818840196922	0.03062686576761186	0.0015232112553303086	0.47443516932818747	0.5542143540976083	0.6621125552719807	0.31890936388328406	0.004909470587477832	84.00133664725375	0.03387655891710016
0.9697822865044468	0.01	0.007	0.007	0.007	0.01	0.04207458615366031	0.03963831062536578	0.044521615140458846	0.0305224284778539	0.0016262452599381978	0.48829343779729684	0.5688322352084559	0.681438108428021	0.3294768742343207	0.005202842459444178	83.5602051268337	0.03384319579302062
0.9983380786409847	0.01	0.007	0.007	0.007	0.01	0.04185464344074091	0.03942884215684746	0.04426416692420311	0.03040952493366114	0.0017339769933696582	0.502066037668751	0.5833334748517026	0.7006239363446519	0.33997911249459434	0.005515581245281843	83.11946288818586	0.033809718821887776
1.0270508041977462	0.01	0.007	0.007	0.007	0.01	0.04163413330659916	0.03921933861684512	0.044005817676731	0.030288954222806714	0.00184625149765599	0.515767452380226	0.597733458699112	0.7196900421462288	0.350424268738428	0.005848863201081873	82.67864236435905	0.033776091260253396
1.0559529049564684	0.01	0.007	0.007	0.007	0.01	0.04141293335469229	0.03900957775176364	0.04374649110170914	0.03016139237227368	0.0019629096763129493	0.5294119116173688	0.6120471482994593	0.7386560268344092	0.36082060636755975	0.006203900857422113	82.23727542764027	0.033742275685477364
1.0850778895185802	0.01	0.007	0.007	0.007	0.01	0.041190893744503236	0.03879933454011896	0.043486068162206376	0.030027407544306415	0.0020837899661096475	0.5430135370779094	0.6262892426022854	0.7575412833885878	0.37117652240760113	0.006581952058037493	81.79488826991758	0.033708233583392616
1.1144607757245915	0.01	0.007	0.007	0.007	0.01	0.040967839495424783	0.038588378283257514	0.043224391664901496	0.02988747211303341	0.0022087302169520894	0.5565865170454111	0.6404743649023413	0.7763652306241878	0.3815006353791841	0.00698433130733784	81.35099521693797	0.033673924840621636
1.1441386093306667	0.01	0.007	0.007	0.007	0.01	0.040743571104393216	0.038376469260662925	0.04296126857003893	0.029741972102503577	0.002337569745906121	0.5701453025866468	0.6546172677815814	0.7951475761377834	0.3918018937092723	0.007412423764940702	80.90509164962967	0.033639307151750834
1.1741511363540507	0.01	0.007	0.007	0.007	0.01	0.04051786321499063	0.038163354430125376	0.042696469774133265	0.02959121398289165	0.002470151873135452	0.5837048569544999	0.6687330888427577	0.813908651390451	0.4020897271794084	0.007867703511581687	80.45664492971639	0.033604335252013916
1.2045416197319385	0.01	0.007	0.007	0.007	0.01	0.04029046167686044	0.03794876228872988	0.042429727811096864	0.029435429158125546	0.0026063268611045743	0.5972809480615782	0.6828376460113545	0.8326698039427843	0.41237423209786284	0.008351756758864712	80.0050835678254	0.03356895998791014
1.2353579384852844	0.01	0.007	0.007	0.007	0.01	0.04006107818704865	0.037732395976452344	0.04216073156702351	0.029274775696165885	0.002745955789686012	0.6108905389268136	0.6969478285028161	0.8514539216563796	0.4226664300669439	0.008866313139808667	79.5497826981939	0.0335331270667361
1.26665403079166	0.01	0.007	0.007	0.007	0.01	0.03982938228095479	0.0375139242864783	0.04188911777761104	0.029109337168960886	0.002888915529227096	0.6245522917813519	0.7110820978363228	0.87028610881104	0.4329786099401781	0.009413287690014696	79.09004515057255	0.03349677541669409
1.2984918702998476	0.01	0.007	0.007	0.007	0.01	0.03959498950068995	0.037292969387385355	0.041614457975637426	0.0289391177833989	0.0030351054691566256	0.6382872533841735	0.7252611661460064	0.8891946050514448	0.4433248011130973	0.009994838895044857	78.6250756030096	0.033459834941786046
1.3309443445746587	0.01	0.007	0.007	0.007	0.01	0.03935744331169178	0.03706908889968774	0.04133623808910207	0.028764031981901597	0.0031844573698024984	0.6521198565456751	0.739508986738121	0.9082121295012776	0.4537214756216109	0.010613452850426842	78.15394285268333	0.033422223250080624
1.3640994594221763	0.01	0.007	0.007	0.007	0.01	0.03911618807163475	0.03684174973498236	0.04105382759334456	0.028583886370010095	0.0033369497378663224	0.6660793789964753	0.7538541948435493	0.9273778383243514	0.46418857844343975	0.011272067025024972	77.67552474860894	0.03338384087504483
1.3980670163543907	0.01	0.007	0.007	0.007	0.01	0.038870525313352895	0.03661028636728827	0.04076642924549873	0.028398347935139068	0.0034926310261776984	0.6802022790390883	0.7683324174101963	0.9467404622797536	0.4747511897419058	0.011974265067112867	77.18842035706656	0.03334456367933315
1.4329896428907132	0.01	0.007	0.007	0.007	0.01	0.03861954082884202	0.03637383171993388	0.04047299490934114	0.028206888566678207	0.0036516584485249506	0.6945360718367513	0.7829901095770139	0.9663635169874633	0.48544229565658703	0.012724597540530657	76.69080448721743	0.03330423029994365
1.4690628112490494	0.01	0.007	0.007	0.007	0.01	0.038361971260901455	0.036131191168648456	0.040172071155060336	0.028008681032020245	0.003814369840633145	0.7091464256982722	0.7978915910546011	0.9863348515692555	0.4963078819755087	0.013529158415047154	76.1801624867669	0.03326261934278669
1.5065751486224528	0.01	0.007	0.007	0.007	0.01	0.03809593386997191	0.03588058774737137	0.03986148603662127	0.027802385594874683	0.003981431277916334	0.7241315700500256	0.8131333582903292	1.0067860551362136	0.5074173092212257	0.014396735062467301	75.652753944438	0.03321940342318284
1.5460057645636167	0.01	0.007	0.007	0.007	0.01	0.037818270098014535	0.035619043661107366	0.03953758739490327	0.02758562891205755	0.004154202244323295	0.7396574530208996	0.82887909029478	1.0279398719423651	0.5188887140356735	0.015341546794803778	75.10231089806341	0.033174038085887966
1.5883276549333212	0.01	0.007	0.007	0.007	0.01	0.03752248961078298	0.035340443688174315	0.03919285554341908	0.02735336873509192	0.004335897730230293	0.7560683021111243	0.8454699442896887	1.0502594635097027	0.5309690932511384	0.016391683322051015	74.51596172419953	0.03312541523745946
1.6367831048202817	0.01	0.007	0.007	0.007	0.01	0.03718667540656441	0.03502414329294547	0.03880184945477238	0.027088277443424756	0.004538546634050199	0.7745403973843005	0.8640782632496138	1.0753321369561761	0.5445092216095875	0.017637716391320304	73.85025402165212	0.0330698331550284
1.6871232404768581	0.01	0.007	0.007	0.007	0.01	0.03684097775237622	0.03469853972636538	0.03839977300816414	0.026814146070956984	0.004742355203370903	0.7933786026398637	0.8829805334587948	1.1008454441816728	0.5582521593018048	0.018978900929680048	73.16495148724668	0.0330121879672084
1.7307286012536522	0.01	0.007	0.007	0.007	0.01	0.03654412597000792	0.034418946051420804	0.038054869604098984	0.026577959611914056	0.0049129372960696	0.8094113472499351	0.8990062286701154	1.1225132636332504	0.5698941443953628	0.020176761575393547	72.57647463384696	0.032962336087663045
1.775303913147254	0.01	0.007	0.007	0.007	0.01	0.036243142335279026	0.034135462816041774	0.03770551165085974	0.026337905459672815	0.005081252109489032	0.8255317230213167	0.9150605393111276	1.144255841031855	0.5815475029076167	0.02143367484765271	71.97979980424556	0.03291145312154059
1.8175315350700358	0.01	0.007	0.007	0.007	0.01	0.035960297546789484	0.03386906508550163	0.037377529783701215	0.026111905008413417	0.005234834740456526	0.84055622801269	0.929968565218227	1.1644799792098168	0.5923598651098824	0.022652620228792254	71.41907598597892	0.03286332250864422
1.8594856304708962	0.01	0.007	0.007	0.007	0.01	0.03568147103863257	0.03360645285199977	0.03705451648689791	0.025888818252166847	0.005381602487365954	0.8552493245597171	0.9444949401358502	1.1842194580108332	0.6028867112808419	0.02388897435452931	70.86630998941045	0.03281557336381987
1.900282999065442	0.01	0.007	0.007	0.007	0.01	0.035412406067815275	0.03335303508272364	0.036743105758511106	0.025673335876847784	0.005518656148257158	0.8693169736831462	0.9583525654447487	1.2030821292895402	0.612920549638446	0.02511367460561323	70.3328876964929	0.03276920725823921
1.9406094336753705	0.01	0.007	0.007	0.007	0.01	0.03514844158515157	0.03310442157651565	0.03643788174832393	0.025461801294580554	0.00564856788597365	0.8830119434447041	0.9717943190714815	1.2214099677077028	0.6226451250915589	0.026344317713589676	69.8095688441632	0.03272344075037385
1.9802626455499708	0.01	0.007	0.007	0.007	0.01	0.034890803172771385	0.032861766507109494	0.036140245944288614	0.02525525324472234	0.005770888413823721	0.8962774364533038	0.9847673483164107	1.2391292655235053	0.6320227062797064	0.02757232496643953	69.29878344793067	0.032678500611325774
2.0195106135247562	0.01	0.007	0.007	0.007	0.01	0.03463765817480502	0.03262334370874821	0.03584806646437098	0.02505226676717519	0.005886656807350535	0.9092141107691262	0.997372807199887	1.2563766268147214	0.6411269063572707	0.0288037941075706	68.79689845490218	0.0326340805221041
2.05833977669431	0.01	0.007	0.007	0.007	0.01	0.034389022601595945	0.03238916820021839	0.03556134992417008	0.024852889021499423	0.005996013897298973	0.9218262809838325	1.009617108432101	1.2731595720037965	0.6499627784294132	0.030036401141389776	68.30394588452769	0.03259019384581309
2.0968773877147884	0.01	0.007	0.007	0.007	0.01	0.0341440194524645	0.03215841394383986	0.03527907445390443	0.02465644384021162	0.006099491435461377	0.9341629966034597	1.021549842910315	1.289544954149191	0.6585664998994606	0.031272466501125626	67.81818723981675	0.03254669505287417
2.135156427584768	0.01	0.007	0.007	0.007	0.01	0.03390238898264384	0.03193083627282546	0.035000931974720366	0.024462744485355105	0.006197332562321273	0.9462411998648075	1.0331890620577118	1.3055566267815855	0.6669514322158808	0.03251151058882327	67.33910777548022	0.03250354559440398
2.1732499920043153	0.01	0.007	0.007	0.007	0.01	0.033663627680181454	0.03170596093901439	0.03472633520949221	0.024271404577253335	0.006289868505199222	0.9580894538452449	1.044563751134528	1.32123365109317	0.6751387732515992	0.03375449412396899	66.86570940168876	0.032460662001589244
2.2111971018119583	0.01	0.007	0.007	0.007	0.01	0.0334274569526605	0.03148352553886406	0.034454957230219255	0.024082214814160282	0.006377325877110209	0.9697245142643784	1.0556912489552068	1.3365992383359717	0.6831412890314914	0.035001403151998935	66.39743994035679	0.03241799953189269
2.2490465502554544	0.01	0.007	0.007	0.007	0.01	0.033193545335152855	0.03126321787541172	0.03418641152841417	0.023894921030977234	0.006459939937449127	0.981165284456184	1.066590726813432	1.3516792737332166	0.6909730287570863	0.036252647546354225	65.93364234990153	0.03237550271341159
2.28683321417972	0.01	0.007	0.007	0.007	0.01	0.03296165527616143	0.03104481420610982	0.0339204205762851	0.023709342349535017	0.006537900652343943	0.9924256308410149	1.077276338552469	1.3664928451266682	0.6986444018509423	0.03750826745994125	65.47384576735094	0.032333131959152744
2.3245923540202273	0.01	0.007	0.007	0.007	0.01	0.032731553134057845	0.030828094472866104	0.033656712248737175	0.023525299493198044	0.006611387523941571	1.003518879874561	1.087761551028327	1.3810582040046764	0.7061652970602013	0.03876838827001738	65.0175870564343	0.03229084745933606
2.3623527852607102	0.01	0.007	0.007	0.007	0.01	0.03250305031123523	0.030612881043299858	0.03339506688372121	0.023342648024271183	0.006680556946245989	1.014455869713026	1.0980573187454126	1.395390219965803	0.7135437758386932	0.04003298208987087	64.56449237208945	0.03224861681484538
2.4001416852592623	0.01	0.007	0.007	0.007	0.01	0.03227597300197944	0.030399010217620967	0.03313528246272587	0.02316125437445637	0.006745553634823657	1.0252464656105365	1.108173544370545	1.4095023908905349	0.7207871245648032	0.041302017601204985	64.11421717892132	0.03220640962394011
2.4379826205415682	0.01	0.007	0.007	0.007	0.01	0.03205017349844042	0.030186342876775695	0.03287718745590825	0.022981005068773416	0.006806508298143667	1.0358990578493148	1.1181186253775468	1.423406199178134	0.7279015328411724	0.0425753860173061	63.66646867232623	0.032164199668922415
2.4758973348042055	0.01	0.007	0.007	0.007	0.01	0.031825518813112644	0.02997475376642597	0.032620627705713584	0.022801797775968042	0.006863542061732946	1.0464211403983577	1.1279000156647756	1.4371118823638134	0.7348924987859391	0.04385295437014834	63.22098322064944	0.032121962899109395
2.513905290991305	0.01	0.007	0.007	0.007	0.01	0.031601892932876685	0.029764133619757778	0.03236546892634133	0.022623543221229454	0.006916766720541508	1.0568192339469782	1.137524168526649	1.4506283434269711	0.741764790716921	0.045134544716154294	62.77753083703048	0.0320796779267201
2.5520244107979027	0.01	0.007	0.007	0.007	0.01	0.03137919199928827	0.029554384617977263	0.03211159112907254	0.022446161428898395	0.006966286767557087	1.0670991382228758	1.1469967848130032	1.46396348924579	0.7485226267904821	0.046419954586380374	62.335905624084695	0.03203732518933151
2.5902710694981783	0.01	0.007	0.007	0.007	0.01	0.031157323986334074	0.029345420086736913	0.031858888197003256	0.02226958153681851	0.007012200110423637	1.0772659687117323	1.1563228581029517	1.4771242863878131	0.7551697091444608	0.047708953153966914	61.895925136599296	0.03199488694466925
2.628660445865129	0.01	0.007	0.007	0.007	0.01	0.030936206345933758	0.029137162278521124	0.03160726514997171	0.022093739977301154	0.00705459916036356	1.087324284447191	1.1655068023981179	1.4901169340031293	0.761709316673213	0.04900128999678172	61.457425714000436	0.03195234687218488
2.6672066246584234	0.01	0.007	0.007	0.007	0.01	0.030715765155302457	0.02892954156956072	0.03135663713040612	0.02191857984449718	0.007093571475165599	1.0972781431979377	1.1745525111837671	1.502946941305883	0.7681443485574617	0.05029669602086585	61.02026079081871	0.03190968995139357
2.705922789516665	0.01	0.007	0.007	0.007	0.01	0.03049593378238783	0.028722495202860656	0.031106927846983514	0.021744049870079947	0.007129200418640438	1.10713117622908	1.1834634331129854	1.515619229443981	0.7744773794231493	0.051594887831874894	60.58429825126659	0.031866902241292315
2.744821341624346	0.01	0.007	0.007	0.007	0.01	0.030276652018971124	0.02851596647170012	0.03085806855675541	0.021570103764751616	0.007161565651916116	1.116886639479405	1.1922426249075004	1.5281382020238556	0.7807106980740347	0.05289556992640343	60.14941871105626	0.03182397074336414
2.7839140262194078	0.01	0.007	0.007	0.007	0.01	0.030057865201785473	0.028309903891852214	0.030609997038805164	0.02139669954528229	0.007190743563827559	1.126547463388419	1.2008928019985958	1.540507813168451	0.7868463444490054	0.05419843740100131	59.71551377530025	0.031780883257004816
2.8232120129740146	0.01	0.007	0.007	0.007	0.01	0.029839523622004257	0.02810426064540633	0.03036265689964096	0.02122379908638365	0.007216807604908638	1.136116288265827	1.209416375249158	1.552731616387327	0.7928861365497152	0.05550317732245789	59.28248486817206	0.031737628286814944
2.86272600562262	0.01	0.007	0.007	0.007	0.01	0.029621581795296593	0.027898993893269372	0.030115996724309528	0.021051367558917625	0.0072398285949486305	1.1455955044347486	1.2178154911691101	1.5648128190155453	0.7988316997202056	0.056809471235171334	58.850241785923366	0.03169419491848225
2.9024663002452136	0.01	0.007	0.007	0.007	0.01	0.02940399803996915	0.027694064377837467	0.029869969580066585	0.020879373109706195	0.007259874952427822	1.1549872776037657	1.226092058243487	1.5767543172806624	0.8046844859701549	0.05811699608752737	58.41870186080836	0.03165057275196853
2.942442862674351	0.01	0.007	0.007	0.007	0.01	0.029186733966783535	0.027489435942481544	0.029624532422774987	0.02070778646930333	0.0072770129034761795	1.1642935771111138	1.2342477752453522	1.5885587346426684	0.8104457946133568	0.05942542589647185	57.987788949752236	0.03160675181427148
2.9826653938511405	0.01	0.007	0.007	0.007	0.01	0.028969754053151307	0.027285075130504096	0.0293796456015314	0.02053658062503889	0.007291306651822487	1.1735161995374699	1.2422841548804768	1.6002284538472256	0.8161167895141196	0.06073443308633826	57.5574325902806	0.031562722486069804
3.023143366746193	0.01	0.007	0.007	0.007	0.01	0.028753025385489912	0.027080950942477654	0.029135272555357215	0.020365730625483594	0.00730281851372436	1.1826567843726101	1.2502025400253813	1.6117656385974348	0.8216985110320764	0.06204368896115447	57.127567489907754	0.03151847546002618
3.063886099098238	0.01	0.007	0.007	0.007	0.01	0.028536517221419446	0.026877034423902338	0.028891379308536674	0.02019521324173275	0.007311609044696967	1.191716836649935	1.2580041256173649	1.6231722637593344	0.827191891891093	0.06335286538723144	56.69813265813701	0.03147400166036066
3.104902770599145	0.01	0.007	0.007	0.007	0.01	0.028320200861794313	0.026673298544679227	0.028647934317159007	0.02002500687218503	0.007317737131623724	1.200697735877571	1.2656899682788254	1.634450128007764	0.8325977643427148	0.06466163470837066	56.269071152937904	0.03142929222361269
3.1462024925207963	0.01	0.007	0.007	0.007	0.01	0.02810404925378726	0.026469717825277735	0.02840490801413001	0.01985509123477425	0.007321260082736215	1.2096007557284656	1.2732610048950985	1.6456008798100263	0.8379168735874557	0.06596967137253172	55.84032929373233	0.031384338422529454
3.1877943267047146	0.01	0.007	0.007	0.007	0.01	0.027888036872963137	0.02626626822566748	0.02816227266987994	0.019685447278442625	0.007322233693775503	1.2184270715758072	1.2807180604197677	1.65662602790523	0.8431498835664509	0.06727665194338026	55.41185642770062	0.031339131645614346
3.229687330063663	0.01	0.007	0.007	0.007	0.01	0.02767213947913697	0.026062926915374977	0.02792000211219321	0.019516056994859643	0.007320712308273468	1.2271777728757185	1.288061859573055	1.667526957703332	0.8482973854549618	0.0685822559345855	54.98360444570401	0.03129366334920033
3.2718906060863975	0.01	0.007	0.007	0.007	0.01	0.027456333847394987	0.02585967202014769	0.02767807141973725	0.019346903210673186	0.007316748864166044	1.2358538760502586	1.2952930386139923	1.6783049480879062	0.8533599061609018	0.06988616684243305	54.55552724889141	0.03124792500237837
3.3144133126755873	0.01	0.007	0.007	0.007	0.01	0.027240597732248475	0.025656482588192656	0.027436456878283444	0.01917796956250855	0.0073103949342225045	1.2444563275713352	1.3024121486473241	1.6889611758583745	0.8583379108577514	0.07118807180776318	54.12758067771279	0.031201908079660712
3.3572647129975453	0.01	0.007	0.007	0.007	0.01	0.027024909618087935	0.025453338355143587	0.027195135698149523	0.019009240304229538	0.007301700757840167	1.25298601538011	1.3094196656963233	1.6994967304119764	0.863231810230788	0.0724876626017034	53.69972201700818	0.031155604007305496
3.4004542051197584	0.01	0.007	0.007	0.007	0.01	0.02680924858737473	0.025250219619918163	0.02695408586481267	0.01884070020663232	0.007290715266690769	1.2614437752076746	1.3163159962622542	1.7099126219295158	0.8680419645315275	0.07378463592335441	53.2719097346067	0.031109004133034444
3.4439913614376048	0.01	0.007	0.007	0.007	0.01	0.02659359414766117	0.025047107081798147	0.026713285944450157	0.01867233442504392	0.007277486102634732	1.2698303982220702	1.3231014837464845	1.7202097910614784	0.8727686882082579	0.07507869396275044	52.84410313822356	0.031062099685539607
3.4878859637613897	0.01	0.007	0.007	0.007	0.01	0.026377926089303252	0.02484398170641717	0.02647271492487535	0.018504128391169168	0.007262059630580334	1.2781466371479029	1.3297764133772998	1.7303891165838992	0.8774122534658777	0.07636954478920195	52.416262093209106	0.031014881739085814
3.532148036843818	0.01	0.007	0.007	0.007	0.01	0.02616222435914742	0.024640824606793444	0.026232352075256832	0.018336067717641704	0.007244480947403515	1.286393211489436	1.3363410161907812	1.7404514218237133	0.8819728931438514	0.07765690264953778	51.988346771957474	0.030967341180185258
3.5767879071378417	0.01	0.007	0.007	0.007	0.01	0.025946468820803474	0.024437616817544524	0.02599217668055805	0.018168138014610934	0.007224793875725744	1.2945708167764565	1.3427954759553278	1.7503974858427866	0.8864508056130831	0.07894048894132853	51.56031717828764	0.030919468647628227
3.621816224985837	0.01	0.007	0.007	0.007	0.01	0.02573063920355811	0.02423433924677173	0.025752167987357237	0.018000324853808116	0.0072030409671191694	1.302680126271531	1.3491399298202034	1.76022804526655	0.8908461552865112	0.08022003205169656	51.13213304601937	0.030871254512295023
3.667244033314269	0.01	0.007	0.007	0.007	0.01	0.02551471483648592	0.02403097242563434	0.025512304911614637	0.017832613565894388	0.0071792634811727865	1.3107218005316856	1.3553744749108243	1.769943805524189	0.8951590772334798	0.08149526846180427	50.70375331137777	0.03082268880759288
3.7130827965762836	0.01	0.007	0.007	0.007	0.01	0.02529867458562867	0.02382749644918216	0.025272565973630066	0.017664989196425316	0.007153501378516105	1.3186964889715298	1.3614991683403836	1.7795454422110502	0.8993896772045119	0.08276594262517359	50.27513598822296	0.030773761203075584
3.7593444743604754	0.01	0.007	0.007	0.007	0.01	0.02508249659032487	0.02362389072801917	0.02503292901105021	0.017497436306427683	0.007125793287437628	1.3266048386049383	1.3675140325046802	1.7890336109705198	0.9035380352892272	0.08403180800855165	49.84623764477124	0.030724460930901254
3.8060415798130958	0.01	0.007	0.007	0.007	0.01	0.02486615808735328	0.02342013382267397	0.024793370991093844	0.01732993884217689	0.007096176472738617	1.334447499081892	1.3734190571066232	1.7984089526827045	0.9076042072799325	0.08529262757536611	49.41701305448318	0.030674776729308784
3.8531872535923544	0.01	0.007	0.007	0.007	0.01	0.02464963517821604	0.023216203224416712	0.024553867761371622	0.017162479961892657	0.0070646867910447815	1.3422251293937468	1.3792142020539524	1.8076721004425529	0.9115882266078377	0.08654817455845852	48.98741473409041	0.030624696770350467
3.9007953352441658	0.01	0.007	0.007	0.007	0.01	0.02443290262608116	0.023012075164010392	0.024314393835373045	0.016995041886547855	0.007031358643363352	1.3499384030469863	1.3848993987566847	1.81682368446913	0.9154901051446788	0.08779823300655376	48.55739254041294	0.030574208591284704
3.9488804640967206	0.01	0.007	0.007	0.007	0.01	0.024215933537563235	0.02280772431199755	0.024074922052673472	0.016827605662975618	0.006996224903084652	1.3575880168521621	1.3904745535991325	1.825864341045849	0.9193098354618968	0.08904259893255559	48.1268930386224	0.03052329899567213
3.9974581823587343	0.01	0.007	0.007	0.007	0.01	0.02399869905937765	0.022603123492995713	0.023835423258192986	0.016660150940206803	0.0069593168361907895	1.365174698535343	1.3959395498957066	1.8347947197207866	0.9230473920014521	0.09028108129070606	47.69585889993688	0.030471953953420748
4.046545037426971	0.01	0.007	0.007	0.007	0.01	0.02378116810385684	0.02239824342717592	0.023595866015860754	0.016492655769786962	0.006920664017887036	1.372699212718548	1.4012942480179584	1.843615488246394	0.9267027309506819	0.09151350269806953	47.264228356505015	0.030420158503007673
4.096158739971985	0.01	0.007	0.007	0.007	0.01	0.023563306856031987	0.02219305226601015	0.023356216084649415	0.016325096239881588	0.006880294201175472	1.3801623737592363	1.4065384896575515	1.8523273451738202	0.9302757928897696	0.09273970128655486	46.83193422277823	0.030367896596377404
4.146318321275799	0.01	0.007	0.007	0.007	0.01	0.02334507832309851	0.021987515167937493	0.023116435945410182	0.016157446144848892	0.0068382331781070135	1.387565056124268	1.411672099289285	1.860931029011037	0.9337665034520053	0.09395953216499471	46.39890300085709	0.030315150946670026
4.197044313869093	0.01	0.007	0.007	0.007	0.01	0.02312644182323584	0.02178159381691128	0.022876484265275394	0.015989676611118556	0.0067945046162348225	1.3949082058275726	1.4166948852847217	1.869427328056655	0.9371747736710385	0.09517286905889955	45.96505386537107	0.030261902853623977
4.248359009036807	0.01	0.007	0.007	0.007	0.01	0.02290735219319343	0.02157524567606783	0.02263631505865998	0.015821755510905783	0.0067491298220125	1.4021928600707623	1.4216066452691782	1.877817099019166	0.940500503109835	0.09637960730758886	45.53029709013611	0.030208131950956053
4.300286689384961	0.01	0.007	0.007	0.007	0.01	0.022687759165549225	0.021368423401199967	0.022395877041016147	0.015653647010671453	0.006702127517180844	1.4094201596385003	1.4264071648219707	1.8861012763760727	0.943743578351266	0.09757966566389827	45.09453281130221	0.030153815983224086
4.352853990381776	0.01	0.007	0.007	0.007	0.01	0.022467606267841694	0.02116107380390971	0.022155112466046577	0.015485310758412743	0.006653513492945281	1.4165913754142465	1.4310962237048175	1.894280896973028	0.9469038764452202	0.09877299042395805	44.65764884148742	0.030098930451426177
4.406090301715971	0.01	0.007	0.007	0.007	0.01	0.02224682964936301	0.020953136746628725	0.021913955894043595	0.015316701022794378	0.006603300215414729	1.4237079348370385	1.4356735993204726	1.9023571231479472	0.9499812662809556	0.09995955954177899	44.21951834004919	0.030043448222049424
4.460028285412034	0.01	0.007	0.007	0.007	0.01	0.02202535653411094	0.02074454368553835	0.021672332563737424	0.01514776555506887	0.006551496310513621	1.430771457642923	1.4401390729461117	1.9103312747532266	0.9529756115844367	0.10113938827080249	43.77999674110978	0.029987339020366655
4.514704481861488	0.01	0.007	0.007	0.007	0.01	0.021803103452035188	0.020535216004676855	0.021430156537374866	0.014978444292461559	0.006498105952230053	1.4377837951599381	1.4444924341039378	1.9182048630847552	0.9558867723507961	0.10231253536856222	43.33891824114215	0.029930568839769828
4.570160170472821	0.01	0.007	0.007	0.007	0.01	0.021579973609311107	0.020325062539144168	0.02118732792659097	0.01480866741890467	0.006443127989232303	1.4447470923773378	1.448733493867033	1.9259796477223596	0.9587146118469635	0.10347911306397044	42.8960905773158	0.02987309909613047
4.626442413489823	0.01	0.007	0.007	0.007	0.01	0.021355853758233057	0.02011397662702559	0.020943729599974054	0.014638353063437188	0.0063865548707350344	1.4516638595248985	1.4528620966844286	1.9336577002633615	0.9614590020387688	0.1046392985586052	42.45128881198455	0.029814885605063637
4.683605479506173	0.01	0.007	0.007	0.007	0.01	0.021130609855310865	0.019901832019990257	0.02069922260681539	0.014467404101078008	0.006328371171982798	1.4585370733556091	1.4568781406121436	1.9412414962668765	0.9641198338448828	0.105793350413959	42.00424671116198	0.029755877182707974
4.741712760421602	0.01	0.007	0.007	0.007	0.01	0.020904081185704228	0.019688477349417664	0.020453639982142103	0.014295703822059315	0.006268551592988861	1.4653703145741206	1.4607816056268774	1.948734040421005	0.9666970316511418	0.10694163087179426	41.55464507774013	0.02969601375934949
4.800839496363688	0.01	0.007	0.007	0.007	0.01	0.02067607190533997	0.01947372816038141	0.020206777816498666	0.01412310968883944	0.006207058095526008	1.4721679683370894	1.464572599605258	1.9561390514926325	0.9691905779076995	0.108084638570569	41.10209495752323	0.02963522369140587
4.86107664924892	0.01	0.007	0.007	0.007	0.01	0.02044633896754164	0.019257355540403667	0.019958382504425505	0.013949444421659293	0.006143835806731644	1.4789355110859752	1.4682514255568428	1.9634612275987038	0.9716005493264013	0.1092230554714066	40.64611366646819	0.029573419936594368
4.922536787497322	0.01	0.007	0.007	0.007	0.01	0.020214573574966827	0.019039068650052976	0.019708131130201423	0.013774482286348746	0.006078806763686912	1.4856799564018022	1.4718186950301144	1.9707066629955392	0.9739271796672102	0.11035782004959722	40.18608796257721	0.029510494230587755
4.985363389343534	0.01	0.007	0.007	0.007	0.01	0.01998037160111629	0.01881848686458874	0.019455600160362893	0.013597927207382737	0.006011859974359294	1.4924105720034668	1.4752755208541217	1.9778835234844405	0.9761709682667457	0.11149024531587982	39.721215317188914	0.02944630786474204
5.049746465368365	0.01	0.007	0.007	0.007	0.01	0.01974318349957459	0.01859509259622966	0.019200212377076066	0.013419375669053813	0.0059428346535963655	1.49914010402944	1.4786238633376072	1.9850032081682423	0.9783328778297437	0.11262222082129958	39.25040446017693	0.029380676173586695
5.115951307093488	0.01	0.007	0.007	0.007	0.01	0.01950222122281996	0.01836814362610523	0.018941138160601986	0.01323824770185128	0.005871489254659176	1.5058870748774	1.4818672176456453	1.9920825487148544	0.980414733237676	0.11375659270797465	38.772090571206434	0.029313339934261974
5.184377563334899	0.01	0.007	0.007	0.007	0.01	0.01925626525144118	0.018136491355711045	0.018677090635026795	0.013053643667922284	0.005797437614492778	1.5126805895151754	1.4850121209095448	1.9991484440852123	0.9824201065802749	0.11489796030035988	38.283852150449306	0.029243906492727158
5.255703566201752	0.01	0.007	0.007	0.007	0.01	0.019003188929491807	0.0178981328046306	0.018405820208385035	0.012863990890521324	0.005719992517447998	1.5195722917643666	1.4880720751708338	2.006249476946749	0.9843566465714201	0.11605466155888972	37.78146663664143	0.029171705683101023
5.33136071190535	0.01	0.007	0.007	0.007	0.01	0.018738380723018106	0.017648724623064035	0.018122436277453417	0.012665870341667568	0.0056376503966646336	1.5266763998238588	1.4910812732376633	2.0134951070732963	0.9862443133438878	0.11724543350233485	37.25577802008668	0.029095315422947413
5.416392829592414	0.01	0.007	0.007	0.007	0.01	0.018445162700536442	0.01737255878977487	0.017809206392235485	0.012446885116979771	0.005544981800247486	1.5344147429708	1.4941815378974916	2.0212970255367333	0.9881679414995753	0.11854023581216476	36.67367432553012	0.029009698077798532
5.502284314099538	0.01	0.007	0.007	0.007	0.01	0.018153641070252184	0.017097990664587732	0.017498375129282488	0.012229578256855533	0.005451375258539345	1.5419748432188536	1.4970201612332585	2.0288225598011262	0.9899056238341849	0.11980241645100555	36.094920616119126	0.02892347122288455
5.571603846645914	0.01	0.007	0.007	0.007	0.01	0.01792173037410514	0.016879566758680357	0.017251525402369582	0.012057002910696437	0.005375860694010773	1.5478938487136646	1.4991031950269424	2.0346438985560154	0.9911625636606732	0.12078833398993406	35.63449887431762	0.02885406795387154
5.637328884484775	0.01	0.007	0.007	0.007	0.01	0.017704583098878904	0.01667504769483905	0.017020732604434576	0.0118956539805784	0.005304362531451937	1.5533594768817054	1.5009117225705277	2.0399612932652467	0.9922380329319177	0.12169669562263495	35.203377196636886	0.028788417335042747
5.702858941742007	0.01	0.007	0.007	0.007	0.01	0.017490700485476074	0.01647360342410683	0.016793736343859982	0.01173696004103897	0.005233228247569492	1.5586704434606486	1.5025578425499082	2.045072198107187	0.9932007941171843	0.12257725411130523	34.77872726168238	0.02872311018480273
5.768208620920557	0.01	0.007	0.007	0.007	0.01	0.017279980877576904	0.016275138201102643	0.016570416920475436	0.011580837380684088	0.0051624782850966475	1.5638324237144878	1.504047355782395	2.0499842461454176	0.9940550174448642	0.12343091387023851	34.36034759515257	0.028658130338925704
5.832990259370554	0.01	0.007	0.007	0.007	0.01	0.017073599678845572	0.016080759074064196	0.016352005810686153	0.011428146889869883	0.005092564496782608	1.5688202599766028	1.5053779416828779	2.0546761065968226	0.9948003311933605	0.12425351154431429	33.95057236824637	0.028593860411770648
5.897160262417676	0.01	0.007	0.007	0.007	0.01	0.0168715982054133	0.015890504957013954	0.01613852987776933	0.011278907306378998	0.005023561521577248	1.5736371207847801	1.5065563952836667	2.059153860999137	0.9954417315525197	0.12504560355113012	33.549484125538626	0.02853033938929983
5.960781542621883	0.01	0.007	0.007	0.007	0.01	0.016673684465036063	0.015704100839144496	0.01592966436582944	0.011132891554650495	0.004955425915799473	1.5782939360054784	1.5075911781477975	2.0634306746913174	0.9959850626432618	0.12580903275282848	33.15650358536949	0.028467500847667776
6.02391542713355	0.01	0.007	0.007	0.007	0.01	0.016479582959737022	0.01552128724462836	0.01572510371586939	0.010989885983742129	0.004888113597406466	1.58280081411573	1.508489908489596	2.0675186151568026	0.9964355738682983	0.1265455059610703	32.77108416322845	0.02840528052257137
6.086615662298741	0.01	0.007	0.007	0.007	0.01	0.016289051999315875	0.015341836539266884	0.015524579615061256	0.010849702984893	0.004821586666298621	1.5871666899089603	1.509259364927131	2.071428371441771	0.9967979411220309	0.12725653586766	32.39274635644877	0.02834362216714946
6.148928982342543	0.01	0.007	0.007	0.007	0.01	0.01610188022002399	0.015165549651630432	0.015327857064661662	0.010712178242038302	0.004755813058656655	1.5913994677973549	1.5099056132283488	2.075169434754387	0.9970763548699871	0.12794346493710346	32.02107083944334	0.028282476901471794
6.210895970833748	0.01	0.007	0.007	0.007	0.01	0.015917882460002118	0.014992252188367932	0.015134729811913612	0.010577167537789894	0.004690765826414325	1.5955061698308117	1.5104341183547751	2.0787502752047526	0.9972745968686474	0.1286074900629985	31.65569028042254	0.02822180228602804
6.2725520325028326	0.01	0.007	0.007	0.007	0.01	0.01573689557419245	0.01482179049250893	0.014945015760549959	0.010444543544556664	0.004626422259943237	1.599493075078768	1.5108498389942822	2.082178502579603	0.9973961041655327	0.12924968572041295	31.296281036646675	0.02816156130090786
6.333928219144806	0.01	0.007	0.007	0.007	0.01	0.015558774934629904	0.014654028347285433	0.01475855313893343	0.0103141931454017	0.004562763138710436	1.6033658347981385	1.511157304115589	2.0854609984006176	0.9974440208238138	0.12987102306610407	30.942556209539294	0.028101721481244207
6.395052006289037	0.01	0.007	0.007	0.007	0.01	0.015383391289369589	0.01448884401773229	0.014575197076293593	0.01018601504026629	0.004499772017293396	1.60712957227041	1.5113606752529134	2.0886040283384633	0.9974212397330523	0.1304723864340791	30.59425941101815	0.028042254112309612
6.4559478835862025	0.01	0.007	0.007	0.007	0.01	0.015210628341722454	0.014326127970705507	0.01439481695980266	0.010059917898119407	0.00443743469454798	1.610788960836172	1.511463796356466	2.0916133307036247	0.997330436187302	0.13105458620705518	30.251159959455848	0.027983133616058233
6.516637323062866	0.01	0.007	0.007	0.007	0.01	0.015040382212651809	0.014165782368546822	0.014217295776455903	0.009935819896656563	0.004375739306364062	1.6143482577146009	1.5114702347290776	2.0944941646649453	0.9971740968423624	0.13161836457497497	29.91305181495028	0.027924337547927985
6.577139693364463	0.01	0.007	0.007	0.007	0.01	0.014872558316737054	0.01400771812672699	0.014042526769769928	0.0098136463849228	0.0043146754415132604	1.6178113890608152	1.5113833171122424	2.097251397394212	0.9969545427095508	0.13216440937930454	29.579747377593456	0.02786584568040833
6.637472356984433	0.01	0.007	0.007	0.007	0.01	0.014707070661733813	0.01385185425414224	0.013870412642493913	0.009693329325798233	0.004254234090484181	1.621181980175475	1.5112061578377407	2.099889542873172	0.9966739487758717	0.13269335914354868	29.251076098423432	0.027807639885728926
6.697650991619174	0.01	0.007	0.007	0.007	0.01	0.014543840580143012	0.013698116658450424	0.013700864176708344	0.009574806331225512	0.004194407360193903	1.6244633953467496	1.510941682960684	2.1024128064385015	0.9963343601927461	0.1332058095891426	28.92688196205623	0.02774970380463538
6.757689808265504	0.01	0.007	0.007	0.007	0.01	0.014382795810734343	0.013546437281009807	0.013533799227997337	0.009458019958959571	0.00413518829020143	1.627658768285129	1.5105926505504488	2.1048251197715415	0.9959377060378458	0.13370231861501056	28.607021664048837	0.027692022618522997
6.817601704253875	0.01	0.007	0.007	0.007	0.01	0.014223869804126718	0.013396753442844718	0.013369141959835351	0.009342917177257541	0.0040765707303233355	1.630771026345194	1.5101616682166652	2.1071301694549676	0.9954858112975021	0.13418341026622171	28.291363233039256	0.027634582886813263
6.877398467421845	0.01	0.007	0.007	0.007	0.01	0.014067000933342134	0.013249007101110488	0.013206821985970086	0.00922944876526961	0.004018549165861972	1.6338029151432665	1.5096512076827013	2.109331424356842	0.9949804066461254	0.13464957872554145	27.979784463949976	0.02757737233753906
6.937090861861506	0.01	0.007	0.007	0.007	0.01	0.01391213205518352	0.013103144435980343	0.013046773881987704	0.00911756897151861	0.003961118657200748	1.636757015018846	1.509063617927166	2.1114321556804043	0.9944231375162367	0.1351012910088434	27.67217204782473	0.027520379773526372
6.996688782145744	0.01	0.007	0.007	0.007	0.01	0.01375920991982158	0.012959115294568353	0.012888936544282237	0.009007235065719692	0.0039042747111447253	1.6396357594132445	1.5084011359623406	2.1134354573736265	0.9938155713384977	0.13553898992911867	27.36842040003712	0.027463594914591133
7.05620131839353	0.01	0.007	0.007	0.007	0.01	0.013608184838738302	0.012816872878184449	0.012733252820245284	0.008898407080203629	0.003848013237200548	1.6424414473743214	1.5076658968285215	2.1153442613777678	0.9931592044492114	0.1359630961343213	27.068431001539288	0.027407008326398138
7.115636874752408	0.01	0.007	0.007	0.007	0.01	0.01345901023634357	0.012676373320027209	0.01257966902173215	0.0087910474697543	0.0037923304517581613	1.6451762574954838	1.5068599416864312	2.1171613530804336	0.992455467533759	0.1363740103422907	26.772111508947674	0.027350611299577932
7.175003219430583	0.01	0.007	0.007	0.007	0.01	0.013311642395549573	0.012537575445554927	0.012428134641643966	0.008685120913438557	0.0037372228465364942	1.647842257544659	1.5059852255266655	2.118889383075586	0.9917057309645209	0.13677211490189417	26.47937524980177	0.02729439579509203
7.234307553263868	0.01	0.007	0.007	0.007	0.01	0.013166040170864592	0.012400440502264952	0.01227860203941725	0.00858059409470716	0.0036826871383891908	1.650441414153962	1.5050436237202311	2.1205308783873127	0.9909113092797556	0.13715777534884016	26.190140653232653	0.027238354372777173
7.2935565733419825	0.01	0.007	0.007	0.007	0.01	0.013022164728591256	0.012264931915001007	0.012131026156746385	0.008477435502635	0.0036287202233509243	1.6529756014938755	1.5040369377417107	2.1220882524520293	0.9900734650942347	0.1375313417927837	25.90433073440127	0.027182480125422456
7.352756520117762	0.01	0.007	0.007	0.007	0.01	0.012879979340213156	0.012131015091355769	0.011985364289960441	0.008375615272768963	0.003575319145489457	1.6554466085462984	1.5029669003863162	2.1235638137063164	0.9891934126925827	0.13789315008177896	25.621872684532423	0.02712676662918203
7.411913223854015	0.01	0.007	0.007	0.007	0.01	0.01273944918791468	0.011998657238501008	0.01184157587656629	0.008275105037882506	0.003522481065891941	1.6578561457795498	1.5018351803506818	2.124959773367801	0.9882723211775125	0.1382435228661975	25.342697484999782	0.027071207895213462
7.471032127029039	0.01	0.007	0.007	0.007	0.01	0.012600541236302687	0.011867827242369677	0.01169962235104169	0.008175877827140585	0.0034702032526278503	1.6602058503505568	1.5006433867123303	2.126278251964331	0.9873113175982604	0.13858277043706196	25.0667396528805	0.027015798344413318
7.530118341520039	0.01	0.007	0.007	0.007	0.01	0.012463224029679976	0.011738495476719037	0.011559466925802403	0.008077907912963419	0.0034184830393352004	1.6624972922833647	1.4993930722439932	2.1275212860738684	0.9863114891867508	0.13891119169620936	24.793936838571526	0.02696053274995968
7.589176658431156	0.01	0.007	0.007	0.007	0.01	0.012327467608523967	0.011610633724466888	0.011421074495268673	0.007981170743941246	0.003367317825534473	1.6647319783498016	1.498085737213369	2.1286908334342876	0.9852738860352684	0.1392290747843462	24.52422966018317	0.026905406224708422
7.6482115928157315	0.01	0.007	0.007	0.007	0.01	0.012193243350494536	0.011484215027945697	0.011284411463876204	0.007885642824587931	0.0033167050459076758	1.6669113569894742	1.4967228320858081	2.129788778350273	0.9841995229308517	0.13953669785102096	24.257561387968003	0.026850414176264704
7.70722740074812	0.01	0.007	0.007	0.007	0.01	0.012060523881734423	0.011359213605361584	0.011149445646815645	0.0077913016459348295	0.003266642163601033	1.6690368218401532	1.495305760453802	2.130816936079967	0.9830893814066225	0.13983432961763834	23.993877768367852	0.026795552288274047
7.766228096181797	0.01	0.007	0.007	0.007	0.01	0.011929282992722367	0.011235604771541178	0.011016146176143684	0.007698125619881221	0.003217126663135974	1.6711097150264178	1.4938358817028052	2.1317770568908356	0.9819444116070098	0.14012222990111786	23.73312685708346	0.026740816502132427
7.825217479338828	0.01	0.007	0.007	0.007	0.01	0.011799495532784761	0.011113364838578103	0.010884483385963335	0.007606093998915934	0.003168156033364633	1.6731313306196067	1.4923145131241584	2.1326708299785846	0.9807655337424058	0.14040065015511316	23.47525880972024	0.026686202988246758
7.884199145404385	0.01	0.007	0.007	0.007	0.01	0.011671137352624067	0.010992471061703818	0.010754428747079669	0.007515186830423887	0.0031197277667898483	1.675102917184161	1.4907429322684274	2.1334998867589308	0.979553639750572	0.14066983387828966	23.220225767812934	0.02663170813581687
7.9431765087124	0.01	0.007	0.007	0.007	0.01	0.01154418521608584	0.01087290155618593	0.010625954771033664	0.007425384889589514	0.003071839345756362	1.6770256806725627	1.4891223786917747	2.13426580414054	0.9783095945023149	0.1409300170658347	22.96798168371448	0.026577328528465633
8.002152819004147	0.01	0.007	0.007	0.007	0.01	0.011418616733189621	0.010754635234253818	0.010499034936324153	0.007336669627811027	0.003024488235255843	1.678900786855499	1.4874540556908298	2.134970107411993	0.9770342370148021	0.14118142859137756	22.718482187714244	0.026523060927445986
8.061131161968568	0.01	0.007	0.007	0.007	0.01	0.011294410329296282	0.010637651776059194	0.01037364365163335	0.00724902314698083	0.002977671888083098	1.6807293631056845	1.4857391323154705	2.1356142727370226	0.9757283818872279	0.14142429049805771	22.47168452694369	0.02646890226946501
8.120114487042377	0.01	0.007	0.007	0.007	0.01	0.011171545158749421	0.010521931548339716	0.01024975616337191	0.0071624281348471345	0.002931387727946641	1.6825125009123487	1.483978744456228	2.136199729786247	0.9743928200383619	0.14165881838365316	22.22754739394064	0.026414849639571945
8.1791055999852	0.01	0.007	0.007	0.007	0.01	0.011050001095299898	0.010407455595400602	0.010127348541180768	0.007076867854867109	0.0028856331604298823	1.6842512571691437	1.4821739968049368	2.1367278637983373	0.973028320118197	0.14188522161858885	21.986030907768242	0.02636090027655219
8.238107186646458	0.01	0.007	0.007	0.007	0.01	0.010929758659029934	0.010294205570288456	0.010006397599706124	0.006992326091516979	0.0028404055591205357	1.685946656313174	1.480325963777574	2.137200017821057	0.9716356291369765	0.1421037036735313	21.74709646894725	0.026307051549810147
8.297121821059536	0.01	0.007	0.007	0.007	0.01	0.010810798978560634	0.010182163699196708	0.009886880856369646	0.006908787120763036	0.002795702264150449	1.6875996918633238	1.4784356907647447	2.1376174946228823	0.9702154733516558	0.14231446236365333	21.51070668448514	0.02625330095078833
8.356151973494665	0.01	0.007	0.007	0.007	0.01	0.010693103755011764	0.010071312747521419	0.009768776491202669	0.006826235681976105	0.002751520580612326	1.689211327866713	1.4765041952806932	2.137981558478022	0.9687685590808022	0.14251769007822074	21.27682529637795	0.026199646084522993
8.415200002830447	0.01	0.007	0.007	0.007	0.01	0.010576655258324234	0.009961636016397732	0.009652063339388058	0.006744656972708249	0.0027078577883715505	1.6907824998477274	1.4745324685446541	2.1382934367566238	0.9672955738460517	0.14271357394540815	21.045417174415658	0.026146084675507178
8.474268184087935	0.01	0.007	0.007	0.007	0.01	0.010461436254908895	0.009853117274556294	0.009536720815150817	0.006664036595484936	0.002664711125478022	1.6923141166394626	1.472521475823833	2.138554321623821	0.9657971865896906	0.14290229610574953	20.816448172512775	0.02609261454167865
8.533358704658163	0.01	0.007	0.007	0.007	0.01	0.010347429999388012	0.009745740750545049	0.00942272890024169	0.006584360549746469	0.0026220777949869933	1.6938070612780243	1.4704721577094306	2.1387653714322763	0.9642740485957914	0.14308403386442203	20.589885112394224	0.02603923359697335
8.592473672239251	0.01	0.007	0.007	0.007	0.01	0.010234620204060359	0.009639491103970188	0.00931006811026994	0.006505615208307113	0.0025799549628789196	1.6952621921558695	1.468385430940305	2.1389277121019687	0.9627267940751917	0.14325895987429993	20.36569572300796	0.025985939843297126
8.651615118841756	0.01	0.007	0.007	0.007	0.01	0.010122991017153563	0.00953435340501329	0.00919871947003675	0.006427787300105899	0.002538339758742857	1.6966803440130296	1.4662621892925538	2.1390424383988145	0.9611560408022186	0.14342724229689713	20.14384859739392	0.025932731366124572
8.710785012617093	0.01	0.007	0.007	0.007	0.01	0.010012526987426789	0.00943031310109253	0.009088664475453511	0.006350863883581279	0.0024972292709101737	1.6980623290579828	1.4641033041233804	2.1391106151480788	0.9595623904979654	0.1435890449763526	19.92431312242009	0.025879606323130595
8.769985238310435	0.01	0.007	0.007	0.007	0.01	0.009903213088189108	0.009327356039484508	0.008979885114821217	0.006274832361536932	0.0024566205632172663	1.6994089373078787	1.461909626005151	2.1391332783445374	0.9579464300198152	0.14374452752013134	19.70705952659614	0.025826562961040737
8.829217644360742	0.01	0.007	0.007	0.007	0.01	0.009795034618223092	0.009225468374009385	0.008872363767682686	0.006199680410437065	0.0024165106456628133	1.7007209384246886	1.4596819838619337	2.1391114362565737	0.956308730710237	0.14389384555214252	19.492058683242796	0.02577359957273804
8.888484007641782	0.01	0.007	0.007	0.007	0.01	0.009687977256639517	0.009124636616695797	0.008766083257117759	0.006125396016951578	0.002376896501814074	1.7019990816032242	1.4574211870797242	2.1390460703986416	0.9546498499404169	0.14403715073718643	19.279282219580466	0.025720714528308358
8.947786053097968	0.01	0.007	0.007	0.007	0.01	0.009582027016245137	0.009024847593860486	0.008661026801093635	0.006051967443945777	0.0023377750782066354	1.7032440966933884	1.4551280255611783	2.1389381365010878	0.9529703311386104	0.14417459094783852	19.068702424118456	0.02566790625686768
9.007125461625902	0.01	0.007	0.007	0.007	0.01	0.00947717022016913	0.008926088424094085	0.008557177987181043	0.005979383212802219	0.0022991432820775224	1.7044566949923383	1.4528032701503961	2.1387885653913865	0.9512707040946248	0.1443063103901467	18.860292200262396	0.025615173239043554
9.066503858292135	0.01	0.007	0.007	0.007	0.01	0.009373393513820695	0.008828346529523395	0.008454520782377755	0.0059076321102808265	0.002260997991791872	1.7056375696019312	1.4504476737907541	2.138598263878756	0.9495514858009283	0.14443244968059127	18.654025090141527	0.02556251401696657
9.125922820185956	0.01	0.007	0.007	0.007	0.01	0.009270683841959358	0.008731609614215199	0.008353039508410797	0.005836703171250741	0.0022233360541075347	1.706787396177355	1.448061971897155	2.1383681155719017	0.9478131807181722	0.14455314596546798	18.449875229093966	0.02550992718677611
9.185383900048544	0.01	0.007	0.007	0.007	0.01	0.009169028400073055	0.00863586561838191	0.008252718791872109	0.00576658564383284	0.002186154271842218	1.7079068339219612	1.4456468820348327	2.138098981557318	0.9460562805386336	0.1446685330625792	18.247817249078597	0.025457411377295538
9.244888594766099	0.01	0.007	0.007	0.007	0.01	0.009068414681328862	0.008541102762602046	0.00815354360885618	0.005697269020593386	0.002149449426254647	1.7089965254942034	1.4432031057867591	2.1377917012607703	0.944281265544286	0.1447787414878094	18.047826372048796	0.025404965277513177
9.304438372935863	0.01	0.007	0.007	0.007	0.01	0.008968830421929645	0.008447309496354626	0.008055499229315425	0.005628742999646952	0.002113218262039156	1.7100570980305227	1.4407313282189127	2.137447093042049	0.9424886042151895	0.14488389859745301	17.849878301390838	0.02535258761181713
9.364034663028633	0.01	0.007	0.007	0.007	0.01	0.008870263614530935	0.008354474510655857	0.007958571228696414	0.005560997492784518	0.0020774574969497665	1.711089163394908	1.4382322189120968	2.1370659549249904	0.9406787539785386	0.14498412864905655	17.653949248640444	0.025300277150083247
9.423678865214805	0.01	0.007	0.007	0.007	0.01	0.008772702482022377	0.0082625867133653	0.007862745460584193	0.005494022606349092	0.002042163816803847	1.7120933188401517	1.43570643199734	2.1366490651747583	0.9388521612342244	0.14507955290275612	17.46001588141331	0.02524803269692979
9.483372343447604	0.01	0.007	0.007	0.007	0.01	0.008676135484514236	0.00817163523576618	0.00776800806209453	0.005427808644999973	0.0020073338823291794	1.713070147301313	1.4331546069911414	2.1361971829657587	0.9370092619603007	0.14517028968531956	17.268055337337117	0.02519585309834227
9.543116441265454	0.01	0.007	0.007	0.007	0.01	0.008580551287879252	0.00808160940293666	0.007674345421576271	0.005362346089134846	0.001972964321961627	1.7140202180688184	1.4305773686040866	2.135711048856065	0.9351504815762012	0.14525645448909597	17.078045161560684	0.02514373722754478
9.602912461983852	0.01	0.007	0.007	0.007	0.01	0.008485938790145395	0.007992498758607828	0.007581744203127268	0.00529762561202022	0.0019390517452853332	1.7149440868623937	1.4279753280525205	2.1351913855078535	0.9332762358913916	0.14533816001431338	16.889963359260022	0.025091684002011408
9.662761692431525	0.01	0.007	0.007	0.007	0.01	0.008392287078171641	0.007904293024358936	0.007490191302820585	0.005233638049193027	0.0019055927312762783	1.715842296589287	1.4253490824799124	2.1346388980403157	0.9313869306899514	0.14541551627303545	16.703788309554568	0.025039692362476496
9.722665387079111	0.01	0.007	0.007	0.007	0.01	0.008299585447883586	0.00781698211867634	0.0073996738672629115	0.0051703744114274955	0.0018725838391803829	1.7167153774585535	1.4226992160700933	2.1340542746845146	0.9294829625352503	0.14548863063383116	16.519498805771374	0.024987761286503474
9.782624779911375	0.01	0.007	0.007	0.007	0.01	0.008207823380757092	0.007730556134804663	0.007310179269374182	0.005107825867803349	0.0018400216036060406	1.7175638475117234	1.4200262999384083	2.1334381871792107	0.9275647186941258	0.1455576079024866	16.337074008732742	0.02493588977790715
9.842641080435934	0.01	0.007	0.007	0.007	0.01	0.008116990545508565	0.007645005342338866	0.007221695108875937	0.005045983746043471	0.0018079025384769853	1.7183882128974401	1.4173308926996337	2.1327912912883846	0.9256325775482398	0.1456225503793766	16.15649345015138	0.024884076869986282
9.902715477632764	0.01	0.007	0.007	0.007	0.01	0.00802707678766449	0.007560320177400401	0.007134209200987484	0.004984839524609992	0.0017762231365542384	1.7191889682498267	1.414613540670485	2.1321142272239326	0.9236869087427249	0.14568355792467447	15.977737011928415	0.024832321621880187
9.962849139932016	0.01	0.007	0.007	0.007	0.01	0.0079380721254734	0.007476491238786899	0.007047709571359681	0.004924384829160038	0.0017449798710903446	1.7199665969966225	1.4118747782336063	2.1314076200895165	0.9217280734507884	0.14574072801679067	15.800784918058795	0.024780623118379946
10.0	0.01	0.007	0.007	0.007	0.01	0.007883578680728118	0.007425166648194514	0.006994800168819215	0.0048874064892402945	0.0017259021041683453	1.7204352924396524	1.4101736685060127	2.130956947385636	0.9205124573243001	0.14577414549623655	15.692443829833884	0.024748737341529162
