0.0	0.01	0.007	0.007	0.007	0.01	0.0	0.0	0.0	0.0	0.0	0.0	0.0	0.0	0.0	0.0	100.0	0.035
0.006895607663225731	0.01	0.007	0.007	0.007	0.01	0.0026934034105872305	0.005596902392453436	0.0032093449092607034	0.001071788009465617	8.903985984199464e-5	0.00012521614070360305	0.00034771877457953724	0.00027433057306314423	7.06654187366346e-5	3.3296993520337706e-6	99.85977316139062	0.034991636575132774
0.01188691887117617	0.01	0.007	0.007	0.007	0.01	0.0045434256592207295	0.009216678927189578	0.005435657048270905	0.0018265340268328156	0.00014167063312688614	0.00036649025151109165	0.0010014007823246282	0.0008050854637749414	0.00020823123621447094	9.373125836465524e-6	99.75839417232254	0.03498558404714136
0.019067865529370308	0.01	0.007	0.007	0.007	0.01	0.007066145103355772	0.013859825584731393	0.008502247748861168	0.002882215899946706	0.00020332827599257384	0.000922833257088434	0.002465174857323632	0.0020349426068761215	0.0005293879160773275	2.2368873648178852e-5	99.61272181647537	0.03497687817562199
0.02610481707713265	0.01	0.007	0.007	0.007	0.01	0.009387805045768284	0.017836195784284668	0.01135800181534643	0.0038831634347845155	0.0002507580710243282	0.0016936864030003829	0.004428423359744628	0.0037484087023442743	0.0009806228328098352	3.905475167745689e-5	99.47017690367038	0.03496834897925519
0.034299933305936725	0.01	0.007	0.007	0.007	0.01	0.011915505455252275	0.02184429364867211	0.014506824861810177	0.005008329011606397	0.0002933799991222201	0.0028540285677353993	0.007284801469757214	0.006342779746453041	0.00167003674368091	6.22913387422561e-5	99.3044285599111	0.034958418641102294
0.04286702787490936	0.01	0.007	0.007	0.007	0.01	0.0143687327567165	0.02541632176064132	0.01760589237715391	0.006139552223579998	0.0003268129223924395	0.004347563160760078	0.010831850183878269	0.009703155828635655	0.0025717529322255546	8.990128939472316e-5	99.13145212798545	0.034948040577378964
0.05220112629503737	0.01	0.007	0.007	0.007	0.01	0.01683729623692602	0.0286966676996863	0.020771319326236864	0.007321647047975455	0.00035357225979609417	0.0062756162633464405	0.015245890649798349	0.014069692867706415	0.0037555385265770425	0.00012282315635467146	98.9433322373521	0.03493673688244167
0.062047203578462995	0.01	0.007	0.007	0.007	0.01	0.0192279975453333	0.031575222910276965	0.023886580019326073	0.008513887396920538	0.00037378768046708247	0.008620982353597833	0.02041821003939141	0.019417723228744938	0.0052211229284489825	0.00015985399073623272	98.74528078571696	0.034924817137903595
0.072524591990538	0.01	0.007	0.007	0.007	0.01	0.021551104239966725	0.03409278584262648	0.026965940265425523	0.00972353381894393	0.00038881602050098735	0.011436559245379611	0.02639872007723215	0.02588320927550323	0.00701288583669519	0.00020106436334005486	98.5349660209014	0.03491213758901398
0.08355854228388028	0.01	0.007	0.007	0.007	0.01	0.023772554919399728	0.03624358897627756	0.029964545273001603	0.010934593756673229	0.0003995538642255051	0.014724315704137604	0.033125559867283424	0.03348750818549628	0.009144817072298988	0.00024581397037022645	98.31396352486651	0.034898789475449735
0.09519489709021026	0.01	0.007	0.007	0.007	0.01	0.025887811850138026	0.0380590846015119	0.032875306588459004	0.012145249864295495	0.000406974907049895	0.018513924444240458	0.04059769959026914	0.04231698308027825	0.011649955368824447	0.00029396605985275806	98.08143227033064	0.03488471814332025
0.10742589378028289	0.01	0.007	0.007	0.007	0.01	0.027883391098210093	0.039564023676105904	0.03567798866901391	0.013347842155543964	0.0004118532879876695	0.022815757515216594	0.04877752935125269	0.05241459168145607	0.01455020585259044	0.000345210642053543	97.83761101870212	0.03486993385279581
0.12028600196677668	0.01	0.007	0.007	0.007	0.01	0.029754996122151676	0.04079151395352	0.03836402469724395	0.014539057785485018	0.0004148437163961469	0.02765106027541042	0.057652405160953116	0.06384976493823119	0.017876059220646338	0.00039945571122317893	97.58190227290602	0.034854395877282916
0.13379890303398603	0.01	0.007	0.007	0.007	0.01	0.0314975292348819	0.04177298483400642	0.04092292476929573	0.0157143242553868	0.0004164576956480328	0.03303514627374356	0.06720212150770916	0.07667908886807635	0.021655448244510413	0.0004566043773579971	97.31393351454992	0.034838076637209406
0.1480068751609102	0.01	0.007	0.007	0.007	0.01	0.0331092400571102	0.04254014713149469	0.04334830230768135	0.016870485060878564	0.0004170930693057901	0.03898855485815498	0.0774198339074589	0.0909725475822055	0.025921413358627503	0.0005166720029284368	97.03297466859269	0.03482092621520635
0.16295485695672657	0.01	0.007	0.007	0.007	0.01	0.03458903467546841	0.04312252737265412	0.045634140036080205	0.018004186144830712	0.0004170534121985935	0.04553147270079741	0.0883016875756519	0.10680030773002083	0.030708360025839394	0.0005797124268191603	96.73825792644276	0.03480289164259882
0.17869983603072792	0.01	0.007	0.007	0.007	0.01	0.035937282428622964	0.043547471092433516	0.04777609742443568	0.019112520952584755	0.00041657363243815734	0.052687881387772466	0.0998537486336274	0.12424265499391643	0.03605514226093803	0.0006458516986369806	96.42879541076425	0.034783905602441156
0.19530635310558192	0.01	0.007	0.007	0.007	0.01	0.03715502029987886	0.04383954366344121	0.049770400643289366	0.02019252043822312	0.0004158445542737972	0.06048387706667058	0.11208873758289614	0.14338597893601623	0.04200402026399685	0.0007152649438392087	96.10347227510155	0.034763891902002714
0.21284978396209747	0.01	0.007	0.007	0.007	0.01	0.03824402879086669	0.04402048679813424	0.051614032260347956	0.021241254801377844	0.00041503759163233047	0.06894920580868785	0.12502814488100072	0.16432650707305033	0.048601967504149954	0.0007881888220287356	95.76098701672377	0.03474276156785219
0.23141510183532593	0.01	0.007	0.007	0.007	0.01	0.03920656048059705	0.044109174072515724	0.05330435063413731	0.022255622127724913	0.00041432967347809015	0.0781166359187142	0.1387008501299786	0.18716873495328226	0.05590035545601375	0.000864918994177782	95.39988147908363	0.03472041440054905
0.2510975872819033	0.01	0.007	0.007	0.007	0.01	0.04004530096551627	0.04412172027423991	0.05483906127376172	0.02323229696863081	0.0004139288394397868	0.08802207287740318	0.15314301597396804	0.2120255842853682	0.06395514057576351	0.0009458213743775519	95.01853338126367	0.034696738190332956
0.27200111408560146	0.01	0.007	0.007	0.007	0.01	0.04076327959967915	0.044071645070126356	0.0562160835171589	0.024167587809612402	0.0004141010207742602	0.09870333243485307	0.16839609150080384	0.2390150856966136	0.07282587438507417	0.0010313411231751377	94.61519664584189	0.03467161085851381
0.2942354054288193	0.01	0.007	0.007	0.007	0.01	0.04136387525862634	0.04397009980862872	0.0574335631092481	0.025057339805198368	0.0004151975732043067	0.11019820824698132	0.1845040312684012	0.26825504246807347	0.0825738981289296	0.0011220180045024319	94.18806149174809	0.03464490383688606
0.31790943716381914	0.01	0.007	0.007	0.007	0.01	0.04185085908331556	0.04382614572231391	0.05848993500692571	0.02589681707123902	0.0004176816240401466	0.12254041827917121	0.20150780501423435	0.29985197006635245	0.09325837391683901	0.0012184995395079234	93.73538739855466	0.03461649006441904
0.34312039255606475	0.01	0.007	0.007	0.007	0.01	0.04222854133720887	0.043647084975842354	0.059384174711187517	0.02668065155177953	0.0004221483369216301	0.13575317856213492	0.21943702237810553	0.3338834727962802	0.10492965188929193	0.0013215515752439645	93.2557173740666	0.034586257284517655
0.36993471786879156	0.01	0.007	0.007	0.007	0.01	0.04250201277276014	0.04343885820893852	0.060116240289867014	0.027402865455283826	0.0004293294331535515	0.14983879898761593	0.23829660310870718	0.3703697567448395	0.11761823871789011	0.001432050240870476	92.74823466604498	0.034554130731945035
0.39835936343713785	0.01	0.007	0.007	0.007	0.01	0.042677513815843816	0.043206519248470236	0.06068780720081749	0.028057071440811914	0.00044006606957204623	0.16476366398076372	0.25804778424814806	0.4092324615377243	0.13131838922329298	0.001550935852072349	92.21329041402421	0.034520107419274665
0.42830793958019825	0.01	0.007	0.007	0.007	0.01	0.04276292021888809	0.042954737950858045	0.06110337977182926	0.028637050521703275	0.0004552321912903288	0.1804416707180231	0.2785875146109581	0.45024887254711704	0.1459689212785168	0.0016791199652214073	91.65300381032529	0.03448429625694302
0.45959054472970373	0.01	0.007	0.007	0.007	0.01	0.042768141036417205	0.042688074093571296	0.061371648624749885	0.029138030034035905	0.000475614080750164	0.19673168790787868	0.2997461042050135	0.49304295891076133	0.1614464608542217	0.0018174264713408566	91.07139461037808	0.03444692959163335
0.4919628475106335	0.01	0.007	0.007	0.007	0.01	0.042704835680164886	0.04241071424034309	0.06150607322053393	0.029558340622560807	0.000501805768651407	0.21346696947612007	0.3213251162908371	0.5371620916597863	0.17759060667271082	0.0019667108491779215	90.47341120585759	0.03440830392628989
0.5252030127028908	0.01	0.007	0.007	0.007	0.01	0.042585183049387854	0.042125967274340134	0.06152352565830586	0.029900042063169596	0.0005341774366426645	0.2304980187751584	0.3431506504367128	0.5821920738387019	0.19424600245596754	0.0021280808418931364	89.8634820674075	0.034368687821543356
0.5591528416668027	0.01	0.007	0.007	0.007	0.01	0.04242048263057977	0.04183608553053202	0.061441791267942726	0.030168039156451113	0.000572898564206033	0.24771455097567907	0.3650988817835991	0.6278186885517789	0.2112873968810031	0.0023029975965242503	89.24477546204788	0.03432827301218521
0.5937117317272526	0.01	0.007	0.007	0.007	0.01	0.042220386733265766	0.041542485025174006	0.06127759164341341	0.030368674688327414	0.000617965352023264	0.26504151701724316	0.3870891004450409	0.673820252562402	0.2286197483723784	0.0024931991826962468	88.61934414576959	0.03428718197051466
0.6288299537868334	0.01	0.007	0.007	0.007	0.01	0.04199267399748161	0.041245936233861795	0.06104557594788319	0.030508745687053765	0.0006692409172726573	0.2824341628674869	0.40907658324509094	0.7200564474659831	0.2461763375027828	0.0027006490922735437	87.98828015248206	0.03424547626097811
0.6644943276503759	0.01	0.007	0.007	0.007	0.01	0.04174338248078236	0.04094677819299392	0.06075802241894637	0.030594858388129177	0.0007264851149263526	0.299869203530202	0.4310412062200435	0.7664458750931799	0.26391191681576903	0.0029274617504972266	87.35200102530568	0.034203173870854586
0.7007218578946699	0.01	0.007	0.007	0.007	0.01	0.04147704274705745	0.04064503159289989	0.060424895917373586	0.03063310964333583	0.000789387270455413	0.31734018487316035	0.4529817223534015	0.8129540772781972	0.2817991845737519	0.003175881869626222	86.71038533687526	0.03416025700581821
0.737553568925723	0.01	0.007	0.007	0.007	0.01	0.04119694836196036	0.04034048773546411	0.06005408386678802	0.03062893540640021	0.0008575909286475204	0.33485316005717025	0.47491055960124406	0.8595820139542546	0.2998250045441243	0.003448273415659697	86.06290030321891	0.03411667960403615
0.7750523595882219	0.01	0.007	0.007	0.007	0.01	0.04090538879375467	0.040032750027660956	0.059651666213150566	0.03058706538401185	0.0009307168306360564	0.35242451274022313	0.49685133617571875	0.9063600458607532	0.317988437691711	0.003747141481094945	85.40865513731563	0.034072370057209624
0.8133022109775394	0.01	0.007	0.007	0.007	0.01	0.04060384314276978	0.03972125659486023	0.05922217791690228	0.0305115278152706	0.0010083810125537513	0.37007953310956865	0.5188372772225701	0.9533438178424357	0.3362993179115482	0.004075172186567041	84.74642983212125	0.03402723232512635
0.8524103553335665	0.01	0.007	0.007	0.007	0.01	0.04029311826722238	0.039405274907208285	0.0587688193932449	0.030405673952147674	0.0010902120658503249	0.3878524024046941	0.5409113246385271	1.0006138403714957	0.3547781402672085	0.004435306578375616	84.0746532197764	0.03398114356590807
0.8925123300110243	0.01	0.007	0.007	0.007	0.01	0.039973434159165454	0.03908387230133555	0.05829360304036494	0.030272199668465224	0.0011758684471836322	0.4057873901282426	0.5631276702159435	1.048278263160323	0.37345712029842015	0.004830857064305993	83.3913346168371	0.03393394840714396
0.9337820736453267	0.01	0.007	0.007	0.007	0.01	0.03964444515827484	0.03875584787598802	0.057797409159354746	0.0301131433470707	0.0012650604858871785	0.4239420345528601	0.5855556404265582	1.0964808734274163	0.3923832510715701	0.005265700369254656	82.69391595379507	0.03388544736360372
0.9764507653742098	0.01	0.007	0.007	0.007	0.01	0.03930517476535267	0.0384196000220659	0.0572799102810327	0.02992983214799675	0.0013575839136598074	0.44239359506344533	0.6082874713315535	1.1454176841224109	0.41162469623900566	0.005744611358780679	81.9789884182669	0.03383537513263585
1.0208441184134054	0.01	0.007	0.007	0.007	0.01	0.038953796375939743	0.03807285934190252	0.056739254382094845	0.029722718391138683	0.0014533818808445148	0.46125233545843247	0.63145424638668	1.195371424525824	0.43128417750470127	0.006273896807191428	81.24172354367853	0.03378335752680462
1.0674673448382799	0.01	0.007	0.007	0.007	0.01	0.03858704476240032	0.037712072968512304	0.056171167629991914	0.0294909384262037	0.0015526868119599838	0.48069255936057753	0.6552631339555334	1.2467925482956574	0.451530578874969	0.006862796207801753	80.47456326567567	0.03372881317669807
1.1172360326015285	0.01	0.007	0.007	0.007	0.01	0.03819852523535685	0.037330720668099684	0.05556632442751876	0.0292310277282579	0.0016564137710028538	0.5010380846855162	0.6801000253759064	1.3005228723161053	0.47268645029880996	0.007527231443938454	79.6636382368715	0.0336706861347744
1.172458455115159	0.01	0.007	0.007	0.007	0.01	0.037771354902609966	0.03691209431466472	0.05489882108556034	0.02893134033114058	0.0017678968187116756	0.5231316721513711	0.7069741705614354	1.358763962309792	0.4956076719576347	0.008305416337396399	78.77341093390439	0.03360630666990508
1.2504288476064689	0.01	0.007	0.007	0.007	0.01	0.037175645960744935	0.03632900910820959	0.0539652951307751	0.028494354254398082	0.0019173838502848256	0.5534845408395002	0.743723319442771	1.4385858016856607	0.5269843407800813	0.009471839758547028	77.5333822175007	0.03351561668733863
1.300634645296284	0.01	0.007	0.007	0.007	0.01	0.03679679267947419	0.03595844341933641	0.05337071904321112	0.028207452770594926	0.0020081427432993774	0.5725199833219702	0.7666642319814648	1.4885253812782784	0.5465822460513284	0.010261063244323751	76.74526792264616	0.03345735020892426
1.3602145941059063	0.01	0.007	0.007	0.007	0.01	0.036352060577674095	0.035523592845311126	0.05267239790243195	0.027863790495040036	0.002109729943635978	0.5946051137728497	0.7931733067475122	1.5463440744072832	0.5692318717184538	0.011232373656047975	75.82038902715068	0.03338833595033965
1.412430426785972	0.01	0.007	0.007	0.007	0.01	0.03596663771221183	0.03514681947438815	0.0520671694471128	0.027561174715176547	0.002193123973906067	0.6135199990414103	0.8157816705269719	1.5957548173681506	0.5885475802404406	0.012111444095679191	75.01899490599008	0.033327968957235735
1.4669310128050213	0.01	0.007	0.007	0.007	0.01	0.03556865895344869	0.0347578249401573	0.05144239053581876	0.02724502634018931	0.002274420245217244	0.6328333895387994	0.8387715425563013	1.6460993448738666	0.608184834915708	0.013053479982301025	74.19156813148057	0.033265076959181336
1.5187957461899264	0.01	0.007	0.007	0.007	0.01	0.0351939895399684	0.034391645419588605	0.05085448771126345	0.026944689194449742	0.0023463185289844452	0.6508143257972102	0.8600856025489718	1.692869587063189	0.6263842553335524	0.013970344160515945	73.41263509546887	0.03320533686745774
1.5710695841749207	0.01	0.007	0.007	0.007	0.01	0.034820341363968756	0.03402648392908085	0.05026855312474413	0.026643113117176803	0.002413419894490264	0.6685523362143821	0.881023388573554	1.7389091627719484	0.6442544152977585	0.014911833786653481	72.63583266157941	0.03314523410924319
1.6223015476367886	0.01	0.007	0.007	0.007	0.01	0.034457980395577535	0.03367236570288086	0.04970073160877931	0.026349107096551333	0.0024740402170032095	0.6855698272943778	0.9010248442101058	1.7829832192138448	0.6613164995092446	0.015848997835218172	71.88248879638543	0.033086434822922645
1.6735322842341098	0.01	0.007	0.007	0.007	0.01	0.03409939393737927	0.03332194400379583	0.04913927195760792	0.026057004178248928	0.0025296781177815645	0.7022311850053177	0.9205229419682226	1.8260413602050993	0.6779395255429385	0.016798074233683534	71.13697601135172	0.033027741250234915
1.7243652760466468	0.01	0.007	0.007	0.007	0.01	0.033747277661769236	0.03297785016816608	0.04858841018701929	0.025769311043662438	0.0025800976214949063	0.7184188378211407	0.9393830761676424	1.867783698873696	0.6940085192698564	0.01774938240500807	70.40489354301566	0.032969606272580484
1.7751948826960058	0.01	0.007	0.007	0.007	0.01	0.033398820043680465	0.03263733483299089	0.0480437537032574	0.025483975926620297	0.002625900103849637	0.734269484740551	0.9577674789883528	1.9085666496732585	0.7096616965301843	0.018708125804989137	69.68039305862925	0.032911577484530136
1.825945230109204	0.01	0.007	0.007	0.007	0.01	0.033054496048871666	0.03230086095268756	0.04750604874065236	0.025201575315819492	0.0026671956986726976	0.7497671477788821	0.975659764789502	1.9483521007316997	0.724885156390801	0.01967092232239679	68.96446036889279	0.032853741077498125
1.876790831696631	0.01	0.007	0.007	0.007	0.01	0.0327130869244093	0.03196723679899343	0.046973392819129746	0.024921257541097076	0.002704300960120082	0.7649717007363322	0.9931309576756489	1.987296471270824	0.7397394668321494	0.02063926849077737	68.25456047382029	0.03279589804004832
1.9277472905787503	0.01	0.007	0.007	0.007	0.01	0.03237447306652076	0.031636345008811115	0.046445599687218495	0.024643040533497498	0.002737384933509992	0.7798924816396536	1.010193217674194	2.025425869359699	0.7542351342146553	0.021611777722701855	67.55044416501192	0.03273803106190819
1.9789089736360634	0.01	0.007	0.007	0.007	0.01	0.032038023718205355	0.03130756889523949	0.04592168586673328	0.024366498431837257	0.0027666589671328837	0.7945607300750257	1.0268834378246918	2.0628220250044116	0.7684037056339578	0.022588665412201413	66.85079959445969	0.03268003374912995
2.030314238654881	0.01	0.007	0.007	0.007	0.01	0.03170349629706404	0.030980671205311013	0.04540127357154257	0.024091505608283128	0.0027922844125829057	0.8089898295541352	1.0432177041740247	2.099520615532856	0.7822590540937908	0.02356916187917778	66.15512218647369	0.03262186379002211
2.0820249199232963	0.01	0.007	0.007	0.007	0.01	0.03137050786329932	0.03065527760141313	0.04488376725634924	0.02381780659833432	0.0028144243610044774	0.8231986514450034	1.0592180109939793	2.1355709480318845	0.7958200669878416	0.0245530125946788	65.4626155270421	0.03256345268916388
2.134081983251725	0.01	0.007	0.007	0.007	0.01	0.03103882400457885	0.030331158932196893	0.04436880334692555	0.023545256706449122	0.0028332211394275692	0.8371991118474839	1.0748981778300195	2.171004319891268	0.8090986928399708	0.02553961966569699	64.77279207125201	0.03250475596456581
2.186532502562461	0.01	0.007	0.007	0.007	0.01	0.030708182479319758	0.03000805888179439	0.043855975955287924	0.023273679484310653	0.002848810626662083	0.8510038420450756	1.0902725618131561	2.205853562577078	0.8221073294952342	0.026528545607290246	64.08510637054187	0.03244572260519621
2.2394151873396884	0.01	0.007	0.007	0.007	0.01	0.030378384951059222	0.029685783601341203	0.04334497935372442	0.023002943999214046	0.002861317619365961	0.8646223617333634	1.1053517923270482	2.240143381834311	0.8348552105403532	0.02751923040272415	63.3991458431556	0.03238631138245066
2.29276980206583	0.01	0.007	0.007	0.007	0.01	0.030049236292511373	0.029364142390583256	0.04283551371458747	0.022732916434269678	0.0028708600506705305	0.8780636928314639	1.1201457231586356	2.2738970020797074	0.847350905510209	0.028511162985847317	62.714504535181916	0.03232648021609332
2.346632589613359	0.01	0.007	0.007	0.007	0.01	0.02972057264613717	0.029042975113981066	0.0423273285595939	0.022463484282238592	0.0028775485576511897	0.8913352419590207	1.1346622149096652	2.3071333761747006	0.859601290966578	0.029503789622615562	62.03084148236481	0.03226619130827639
2.4010397421924687	0.01	0.007	0.007	0.007	0.01	0.02939223935492754	0.028722130631976123	0.04182018852284524	0.022194539144363944	0.002881487913427713	0.9044437489929354	1.1489082031225677	2.339869594988436	0.8716124543108942	0.03049657394808143	61.347834807403316	0.032205407238178274
2.456026100406517	0.01	0.007	0.007	0.007	0.01	0.029064098617944182	0.02840147428003712	0.041313885149332596	0.02192598373549253	0.0028827773703783495	0.9173950082562531	1.1628894077726721	2.37212020662718	0.8833894495412095	0.03148896860716769	60.66519764540622	0.03214409241647663
2.511626597351038	0.01	0.007	0.007	0.007	0.01	0.028736020523003607	0.028080879104652172	0.04080822299758508	0.021657725118447047	0.0028815112571624335	0.9301942549638766	1.1766107669488943	2.4038981979775222	0.8949366641216132	0.032480437835536884	59.982659491918355	0.03208221147132067
2.567876061247512	0.01	0.007	0.007	0.007	0.01	0.028407884186007603	0.027760226975875005	0.04030302137345879	0.021389676109269992	0.002877779321537529	0.9428461394620122	1.1900764172567078	2.4352149413682858	0.9062578033615155	0.03347045009946876	59.29996857422658	0.03201972947462664
2.62480996675249	0.01	0.007	0.007	0.007	0.01	0.028079573375833163	0.02743940431148619	0.039798107569479685	0.021121752083505984	0.002871667014339962	0.9553549131934573	1.2032898990301741	2.466080664647581	0.91735606399685	0.03445848782659136	58.616882750277654	0.03195661111550214
2.6824646037894055	0.01	0.007	0.007	0.007	0.01	0.02775097574502929	0.02711830132489892	0.03929331568007253	0.020853870665468923	0.0028632557020792215	0.9677244675719006	1.2162541996273313	2.4965045518599327	0.9282341712653308	0.035444046526577656	57.933167908223965	0.0318928205277954
2.740877643096405	0.01	0.007	0.007	0.007	0.01	0.02742197991036713	0.026796809172077152	0.03878848212429728	0.020585949610420668	0.002852622785864879	0.9799584500289423	1.228971874900088	2.5264950311041074	0.9388944814902972	0.03642664055510956	57.24859189159273	0.0318283206828956
2.8000885124499213	0.01	0.007	0.007	0.007	0.01	0.027092473811755773	0.02647481834773802	0.03828344315573144	0.020317905692538153	0.0028398417740626825	0.9920603252033418	1.2414451082911324	2.556059922827724	0.9493390320157339	0.03740580506825684	56.56292108303934	0.031763072999302124
2.8601389403486097	0.01	0.007	0.007	0.007	0.01	0.026762342311818253	0.026152216339582098	0.03777803122769253	0.020049652946121068	0.002824982275276134	1.004033458776389	1.2536757891813508	2.5852066396666245	0.9595696070484243	0.03838110018404678	55.875915406888524	0.03169703677433938
2.9210735280505036	0.01	0.007	0.007	0.007	0.01	0.02643146486719205	0.025828885352642758	0.037272071494793856	0.01978110094720198	0.0028081099294104757	1.0158811918938182	1.2656655761746995	2.613942358403965	0.9695877905777767	0.0393521147318713	55.1873234794089	0.03163016859350601
2.982940433711023	0.01	0.007	0.007	0.007	0.01	0.026099712840912087	0.02550469968292294	0.036765377794246275	0.019512152793075468	0.0027892862617743745	1.0276069214470562	1.2774159604631843	2.6422742009176967	0.979395019043301	0.0403184707422769	54.496877010495425	0.031562421626735386
3.045792207192919	0.01	0.007	0.007	0.007	0.01	0.02576694630924362	0.025179522597023128	0.03625774788971996	0.019242702669273592	0.002768568444524445	1.0392141900229335	1.2889283318026092	2.6702094322530945	0.988992635799307	0.04127982893804523	53.8042841511987	0.03149374477182635
3.1096867938645634	0.01	0.007	0.007	0.007	0.01	0.025433010344034803	0.02485320269925625	0.035748957957619995	0.01897263299720425	0.002746008954666181	1.050706784371087	1.30020404424686	2.6977556716254676	0.9983819449194589	0.04223589507718428	53.109221747204735	0.031424081628275397
3.1746888345697917	0.01	0.007	0.007	0.007	0.01	0.025097730206044205	0.024525569234576855	0.035238755466762785	0.018701810714980137	0.0027216550787075217	1.0620888594939535	1.3112444961895944	2.7249211554914523	1.0075642763575419	0.04318642851029881	52.41132532257345	0.03135336916703968
3.240871313945101	0.01	0.007	0.007	0.007	0.01	0.024760905336800716	0.024196426217443	0.03472685029860502	0.018430082612900127	0.0026955482312653214	1.0733650882195458	1.3220512208533266	2.751715049194876	1.0165410590607746	0.04413125289060168	51.7101765586429	0.031281536045910045
3.3083177842839926	0.01	0.007	0.007	0.007	0.01	0.024422301197818456	0.023865544457123845	0.034212902686122815	0.01815726897095368	0.0026677229853484005	1.0845408630183042	1.3326260079610392	2.7781478666337343	1.025313919019561	0.04507027120309322	51.005286286737395	0.031208500332427426
3.377125328922376	0.01	0.007	0.007	0.007	0.01	0.024081638450560352	0.023532650984397555	0.033696507239987294	0.017883155111892216	0.0026382057239824563	1.0956225586214066	1.3429710567883686	2.8042320114822004	1.0338848020020912	0.0460034857442142	50.296071937905694	0.031134166469856724
3.4474087700501035	0.01	0.007	0.007	0.007	0.01	0.023738577422963206	0.023197413872297297	0.03317717000102534	0.017607479246493557	0.0026070126719510865	1.106617910890708	1.3530892010964102	2.8299825609669704	1.042256153951712	0.04693102757668365	49.58182517013035	0.03105842095933624
3.519306762757414	0.01	0.007	0.007	0.007	0.01	0.023392695459840244	0.02285942010301245	0.032654274970370316	0.01732991472859826	0.0025741469788572017	1.1175365697421924	1.3629842399850267	2.8554184113197305	1.0504311861736546	0.04785320012655041	48.86166466560381	0.03098112609681458
3.592990966235149	0.01	0.007	0.007	0.007	0.01	0.023043452574654223	0.0225181420029405	0.03212703332970285	0.01705004311802432	0.0025395942522514455	1.1283909406025174	1.3726614477190626	2.880564025618677	1.0584142840081059	0.04877054622178863	48.1344645488393	0.030902110532326183
3.6686807834378157	0.01	0.007	0.007	0.007	0.01	0.022690135551617457	0.02217288261949872	0.031594400721875394	0.016767310286666455	0.0025033152852409575	1.1391975685134055	1.3821284352764098	2.9054523271989354	1.0662116985400294	0.04968395938681151	47.39873789976605	0.030821154061920205
3.7466683216357404	0.01	0.007	0.007	0.007	0.01	0.022331762385694363	0.021822682340327873	0.031054935739122855	0.01648095131495707	0.002465233603515327	1.1499795218435163	1.3913966619801579	2.9301297048383144	1.0738327613728382	0.050594876735410826	46.65243761974926	0.030737961827194342
3.827364949155083	0.01	0.007	0.007	0.007	0.01	0.021966901862679848	0.02146614258782097	0.030506532478165954	0.01618984854076845	0.0024252120407119862	1.1607709437502198	1.4004843960564604	2.954665630004086	1.0812922676970238	0.05150564943207656	45.89258047637566	0.030652116085695406
3.9113989304772896	0.01	0.007	0.007	0.007	0.01	0.021593290884429676	0.021101051871353124	0.029945852753198176	0.015892230184393705	0.0023830032669350013	1.1716268081072267	1.4094232062892915	2.979173389820416	1.0886157093379802	0.052420340519319215	45.11444972421779	0.030562974859946128
3.999867900805743	0.01	0.007	0.007	0.007	0.01	0.021206831048617775	0.02072340525089356	0.029366835503384703	0.015584879143534089	0.0023381211548254093	1.182648855474816	1.4182757042371514	3.0038656032702895	1.0958536047919745	0.05334685625338554	44.309504380697156	0.030469409210374686
4.095207659228962	0.01	0.007	0.007	0.007	0.01	0.020798102339296014	0.0203239975391769	0.028755513659274798	0.015260381769712868	0.0022893962254863795	1.1940765271994203	1.4271988680709895	3.0292497808599226	1.1031327041142147	0.05430444315137005	43.45811539893743	0.0303688975978661
4.208122421676664	0.01	0.007	0.007	0.007	0.01	0.020324212777804218	0.01986091505147662	0.02804811797730064	0.01488488913986099	0.002231422356924909	1.2070302915297328	1.4369734977461657	3.0577366740280905	1.1110848120502774	0.05538519417878349	42.470916153382625	0.03025028639053088
4.307515126614365	0.01	0.007	0.007	0.007	0.01	0.019916023377661917	0.019462033928528855	0.027440006915723677	0.014562099633704258	0.002180308833612763	1.2179331811571656	1.4448961888981242	3.0814580541043055	1.1175113300706732	0.05629008485290197	41.62051327849583	0.030146262839280593
4.398788466105306	0.01	0.007	0.007	0.007	0.01	0.01954840856152799	0.019102802121980286	0.026893317335035624	0.014271914578966339	0.002133417065822058	1.2275500509705048	1.4516336673348904	3.102172305146417	1.1229610493693676	0.0570839625486652	40.854585920585876	0.03005105204938836
4.488051270362877	0.01	0.007	0.007	0.007	0.01	0.019195459706506462	0.018757901827825146	0.026369319344176207	0.013993775699263862	0.002087701810408154	1.2366026356168318	1.4577441550495585	3.1214788441500336	1.1278895052537217	0.0578270429919291	40.11916476063738	0.029958229375199694
4.575709403354553	0.01	0.007	0.007	0.007	0.01	0.018855062347476834	0.018425266756215124	0.02586478492949962	0.013725969441511419	0.0020430216419856672	1.245165437662969	1.4633016545304487	3.139557090975289	1.1323584659110162	0.05852567275470096	39.409849051897865	0.0298673544016784
4.661934391371022	0.01	0.007	0.007	0.007	0.01	0.01852612385185869	0.018103829185726263	0.025378018798339654	0.01346759583992355	0.001999341514278292	1.2532831741690227	1.468355821109512	3.1565192573846192	1.1364096924244715	0.05918373613855168	38.724366293423266	0.029778234106305458
4.74696502724088	0.01	0.007	0.007	0.007	0.01	0.018207365728406564	0.017792339782299566	0.024907062644648186	0.013217615335890437	0.0019565824833273513	1.2610024104150344	1.4729540648304829	3.17247847550595	1.1400828383935981	0.05980524877926867	38.06005598410758	0.029690608694922793
4.830987825424026	0.01	0.007	0.007	0.007	0.01	0.017897777060115593	0.01748981068486198	0.024450365209463476	0.012975204444009639	0.0019146850596977636	1.268360633585295	1.4771350170390782	3.1875262225221244	1.1434102516378908	0.06039346476598346	37.414814595186435	0.029604275159463525
4.914160604594525	0.01	0.007	0.007	0.007	0.01	0.01759650855358313	0.01719541197012122	0.024006622893663575	0.01273967114688683	0.0018735989149678822	1.2753894448275436	1.480931249192018	3.2017396171935557	1.146419215724141	0.06095114095590711	36.786874925544055	0.02951906226375455
4.996615382831181	0.01	0.007	0.007	0.007	0.01	0.01730285002545928	0.016908449652276333	0.02357474457646438	0.012510436218673687	0.0018332825637679194	1.282115529013608	1.4843704013475578	3.2151838957362657	1.1491328991627745	0.06148061962713615	36.17475929162071	0.029434827092300407
5.078463867898485	0.01	0.007	0.007	0.007	0.01	0.01701620094604834	0.016628336898369338	0.023153806644328104	0.01228700935286001	0.001793701420462663	1.2885616879174597	1.4874762138536892	3.2279149033010026	1.1515712153199333	0.06198391529905232	35.57721822130814	0.02935144903455139
5.159800900430464	0.01	0.007	0.007	0.007	0.01	0.016736050687226285	0.016354574726669357	0.022743022697646383	0.012068973081327969	0.0017548266572920562	1.2947475626016354	1.4902692762896528	3.2399808592299997	1.1537514478561868	0.06246277578679566	34.99318935281013	0.02926882595895849
5.240707492266408	0.01	0.007	0.007	0.007	0.01	0.01646196188753218	0.01608673575114502	0.022341718125630527	0.011855969277742646	0.0017166341171928332	1.3006902223197216	1.4927676215485923	3.251423782001474	1.1556887459714817	0.06291873184389384	34.421762814886634	0.029186870868469852
5.321253149593613	0.01	0.007	0.007	0.007	0.01	0.01619355763636922	0.015824451657948768	0.021949310511710486	0.01164768875597561	0.0016791034769483325	1.306404619381689	1.4949871862007345	3.2622805910280372	1.157396508172384	0.06335313553807831	33.86215455562522	0.029105509338504473
5.401497844165065	0.01	0.007	0.007	0.007	0.01	0.015930510897421035	0.015567402870047374	0.02156529349603028	0.011443862703728134	0.0016422175148266302	1.311903957232204	1.4969421765472797	3.2725839927595417	1.1588866871088659	0.06376719122042444	33.31368432937903	0.029024677354996108
5.481494352649053	0.01	0.007	0.007	0.007	0.01	0.015672533645164403	0.015315307931482142	0.02118922037382144	0.011244253976189203	0.0016059611797944063	1.317200032106883	1.4986453731976246	3.2823632738838264	1.1601700418962373	0.0641619837468575	32.775753076645145	0.02894431882126983
5.561287521250524	0.01	0.007	0.007	0.007	0.01	0.015419376610402456	0.015067923258731042	0.020820703277314924	0.011048656661158215	0.00157032202984614	1.3223033322363427	1.5001083171434944	3.291644613115597	1.1612562964281796	0.06453848802667118	32.2478424190079	0.028864386183486638
5.640917139904821	0.01	0.007	0.007	0.007	0.01	0.015170817778313478	0.014825031901055687	0.02045939603417142	0.010856886980238184	0.0015352890046692433	1.3272233521754633	1.5013415398810808	3.3004517690990838	1.1621543278001458	0.06489759427693416	31.729490696796464	0.0287848374457142
5.7204179912990565	0.01	0.007	0.007	0.007	0.01	0.014926660499268366	0.014586441694412809	0.020104991121024398	0.010668781671431702	0.0015008524730332048	1.3319686930397403	1.502354696655327	3.3088063498075497	1.1628722785724281	0.06524011687369692	31.220289046494752	0.02870563604540816
5.799820891991708	0.01	0.007	0.007	0.007	0.01	0.014686728735980916	0.014351980616996489	0.019757212498740188	0.010484194185954955	0.0014670038247474144	1.3365472098460562	1.5031566955315159	3.316728152879541	1.1634176636629403	0.06556680642547624	30.719871503643954	0.02862674974695917
5.879153165682284	0.01	0.007	0.007	0.007	0.01	0.014450864372576464	0.014121494159678748	0.019415811493557516	0.010302992501775675	0.0014337353088403205	1.340966108081424	1.503755796364559	3.3242354007189645	1.163797452934858	0.06587835786765922	30.227909402943776	0.028548150115398088
5.958439207236673	0.01	0.007	0.007	0.007	0.01	0.014218924461416493	0.013894842635623258	0.019080562625112284	0.010125056909015906	0.0014010398287966545	1.345232033833664	1.5041596948015086	3.3313449530320267	1.16401814104609	0.06617541788154731	29.74410564640956	0.02846981190923237
6.03770084693703	0.01	0.007	0.007	0.007	0.01	0.013990779253805312	0.013671899255905298	0.01875126060170729	0.009950278414930576	0.0013689108205303	1.3493511426366327	1.5043755910013406	3.3380724730140616	1.1640858047811808	0.06645859061318439	29.268190604669773	0.028391712679787826
6.116957759407886	0.01	0.007	0.007	0.007	0.01	0.01376631025066045	0.013452548224638407	0.01842771737064136	0.00977855717814928	0.001337342110968945	1.35332916265115	1.504410247640477	3.3444325757385567	1.1640061513216657	0.06672844283490878	28.799918058405062	0.02831383233320561
6.196227709334728	0.01	0.007	0.007	0.007	0.01	0.013545408853099706	0.013236683420337375	0.018109760056916897	0.009609801414463324	0.0013063278428514277	1.3571714425179628	1.5042700382106307	3.3504389442204014	1.1637845586106768	0.06698550790918811	28.339062389936696	0.028236152859234184
6.2755268192033515	0.01	0.007	0.007	0.007	0.01	0.013327975049787527	0.013024207113201342	0.01779722897254186	0.009443926340107848	0.00127586238981574	1.3608829950118768	1.5039609881340985	3.3561044329101004	1.1634261096564513	0.06723028935433518	27.885415850491086	0.02815865804286343
6.354869786708956	0.01	0.007	0.007	0.007	0.01	0.013113916335842286	0.01281502890867682	0.017489975974984084	0.009280853300380684	0.0012459402916882043	1.3644685335272813	1.503488809583717	3.3614411546295275	1.1629356216288	0.06746326382484948	27.43878630964934	0.028081333229548724
6.434270031577914	0.01	0.007	0.007	0.007	0.01	0.012903146896075288	0.012609064949324655	0.01718786321820274	0.009120509106640027	0.0012165562164687196	1.3679325015319452	1.502858931534032	3.3664605524005777	1.1623176710434444	0.06768488354331767	26.998995555565465	0.028004165162673827
6.51373989859189	0.01	0.007	0.007	0.007	0.01	0.012695586698855111	0.012406237029349336	0.016890761786419784	0.008962825311083576	0.00118770490130458	1.371279101339964	1.5020765251314532	3.3711734663723134	1.1615766149570095	0.06789557861244995	26.565877408073508	0.027927141769163104
6.593290727880603	0.01	0.007	0.007	0.007	0.01	0.012491160995570984	0.012206472105478884	0.016598550918729485	0.008807737795125406	0.0011593811426420099	1.3745123143586457	1.5011465264296857	3.3755901849872574	1.1607166101063313	0.06809575871556132	26.13927667757377	0.02785025207661513
6.672933019118332	0.01	0.007	0.007	0.007	0.01	0.012289799615587236	0.012009701607998162	0.016311116948497656	0.00865518620641144	0.0011315797518103015	1.3776359231368822	1.500073655287097	3.379720495899425	1.1597416287258318	0.06828581487789823	25.719047696736656	0.027773486041299117
6.752676505588243	0.01	0.007	0.007	0.007	0.01	0.012091436535782527	0.011815861020105865	0.01602835264272939	0.008505113608124984	0.0011042955434082606	1.3806535276319924	1.4988624324798876	3.383573726200587	1.158655472968838	0.06846612081552676	25.30505342478812	0.02769683446539537
6.832530227731068	0.01	0.007	0.007	0.007	0.01	0.011896009479285806	0.011624889485802113	0.01575015658845474	0.008357466153254493	0.001077523323081761	1.3835685599569842	1.4975171947886727	3.3871587785603907	1.1574617876247277	0.0686370341535481	24.897164612421044	0.0276202889159955
6.912502622288607	0.01	0.007	0.007	0.007	0.01	0.0117034595033933	0.011436729407203545	0.015476432568813946	0.00821219275340217	0.0010512578699009526	1.3863842982940078	1.4960421079319288	3.3904841642829813	1.1561640710179595	0.06879889755650345	24.495258943832724	0.02754384163045855
6.992601558305662	0.01	0.007	0.007	0.007	0.01	0.011513730741074214	0.011251326191944857	0.015207089162162847	0.008069244865963188	0.0010254939362938221	1.3891038776611446	1.494441178769096	3.3935580307229354	1.1547656853381822	0.06895203964131001	24.099220499076655	0.027467485473832473
7.072834442028014	0.01	0.007	0.007	0.007	0.01	0.011326769998397893	0.011068627859786566	0.014942039140344409	0.007928576174722316	0.001000226225449425	1.3917303020176217	1.4927182647746429	3.396388188639728	1.1532698646314525	0.0690967759365259	23.70893891545332	0.02739121383149402
7.153208215579622	0.01	0.007	0.007	0.007	0.01	0.011142526623447975	0.010888584914519758	0.014681199255969678	0.0077901424769140585	0.0009754494029300472	1.394266451789221	1.4908770843338102	3.398982132860212	1.1516797235575054	0.06923340955548095	23.324309115394307	0.027315020604050173
7.23372941398397	0.01	0.007	0.007	0.007	0.01	0.010960952249644067	0.01071115009314155	0.014424489853977204	0.007653901477026295	0.0009511580888704437	1.3967150926770615	1.4889212249226706	3.4013470632839504	1.1499982643268096	0.06936223192226112	22.945230772038492	0.027238900147175196
7.31440420095458	0.01	0.007	0.007	0.007	0.01	0.010782000603259357	0.010536278177762762	0.014171834576918743	0.007519812630350958	0.000927346856794869	1.3990788830428178	1.486854150768491	3.403489903178394	1.1482283832162148	0.06948352339777097	22.57160790866177	0.02716284723236744
7.395238410100799	0.01	0.007	0.007	0.007	0.01	0.01060562731129381	0.010363925807862787	0.013923160073126037	0.007387836988067297	0.0009040102306904213	1.4013603808324229	1.4846792095394037	3.4054173159455248	1.1463728762677992	0.06959755386183634	22.20334849871272	0.027086857003214254
7.476237548671079	0.01	0.007	0.007	0.007	0.01	0.010431789801756025	0.010194051382846315	0.013678395837253731	0.007257937112582545	0.0008811426926634713	1.4035620489029557	1.4823996393175523	3.4071357195388265	1.144434445239137	0.06970458319734446	21.840364258673866	0.02701092496739944
7.557406854982804	0.01	0.007	0.007	0.007	0.01	0.010260447095773973	0.01002661485889485	0.013437473900096248	0.00713007691288243	0.0008587386748636032	1.405686261401417	1.480018573503371	3.408651300906338	1.1424157017957455	0.0698048618115338	21.48257021496423	0.026935046938672314
7.638751302292616	0.01	0.007	0.007	0.007	0.01	0.010091559725147798	0.00986157766840033	0.013200328696924366	0.007004221574627569	0.0008367925666436844	1.4077353082026216	1.4775390465856861	3.409970027997997	1.140319172449682	0.06989863104607716	21.12988453266426	0.026859219029595895
7.720275624194381	0.01	0.007	0.007	0.007	0.01	0.009925089609836634	0.009698902600245984	0.012966896880717237	0.006880337461007018	0.0008152987152435387	1.4097113995941493	1.47496399884616	3.41109766130868	1.1381473025938387	0.06998612358772978	20.78222826050584	0.026783437624386737
7.801984318468646	0.01	0.007	0.007	0.007	0.01	0.009760999986079943	0.00953855372956753	0.012737117207739651	0.006758392051988117	0.0007942514319338728	1.4116166701026274	1.4722962812926288	3.4120397642132185	1.1359024607300365	0.07006756382804896	20.439525181530257	0.02670769937211244
7.8838816889072625	0.01	0.007	0.007	0.007	0.01	0.009599255263250001	0.009380496277869894	0.01251093032442183	0.0066383538311886444	0.0007736449880490162	1.413453182930328	1.4695386589781916	3.412801712989016	1.1335869413367137	0.07014316823828198	20.101701514837764	0.026632001144909115
7.965971827580755	0.01	0.007	0.007	0.007	0.01	0.009439821005814473	0.009224696595401928	0.012288278730542427	0.0065201922663158576	0.0007534736261460341	1.4152229327275954	1.4666938158957465	3.413388705406956	1.1312029690621623	0.07021314566219737	19.768685878567215	0.026556340051680786
8.04825864596494	0.01	0.007	0.007	0.007	0.01	0.009282663821224045	0.009071122051600652	0.012069106611569177	0.0064038777201680915	0.0007337315583188002	1.4169278492808879	1.4637643579727957	3.413805769275009	1.1287527013171763	0.07027769763918996	19.440409056348575	0.026480713406686587
8.130745878981907	0.01	0.007	0.007	0.007	0.01	0.009127751306080224	0.008919740982487108	0.011853359753445617	0.006289381405392276	0.000714412971196634	1.4185698003603708	1.4607528166673625	3.4140577701003556	1.1262382313719819	0.07033701868317133	19.116803885426236	0.026405118723411027
8.213437099999753	0.01	0.007	0.007	0.007	0.01	0.008975051974653555	0.008770522620814828	0.011640985433510304	0.006176675326576135	0.0006955120280457059	1.4201505946117703	1.4576616519245433	3.4141494183070913	1.1236615909151404	0.07039129655497885	18.797805107872858	0.026329553698503313
8.296335713942035	0.01	0.007	0.007	0.007	0.01	0.008824535231159782	0.008623437068978682	0.011431932373008555	0.006065732255028459	0.0006770228756537447	1.4216719838537575	1.454493255713328	3.414085275950264	1.121024753092955	0.0704407125058705	18.48334931317438	0.026254016215875094
8.379444994398018	0.01	0.007	0.007	0.007	0.01	0.008676171264334306	0.008478455195993323	0.011226150582261313	0.005956525646594109	0.0006589396410978277	1.4231356660435197	1.4512499536878583	3.4138697630105406	1.1183296339833166	0.0704854415356271	18.17337471844981	0.02617850431077318
8.462768054772893	0.01	0.007	0.007	0.007	0.01	0.008529931064874438	0.008335548654538373	0.011023591377138656	0.005849029650380333	0.0006412564430391552	1.4245432868768761	1.4479340091620467	3.41350716331946	1.1155780959921926	0.07052565259849886	17.867821205326166	0.026103016194110106
8.546307880036926	0.01	0.007	0.007	0.007	0.01	0.008385786335271421	0.008194689792846531	0.010824207246621989	0.005743219038457729	0.0006239673893778886	1.4258964423692393	1.4445476245895197	3.4130016300785813	1.1127719491707915	0.07056150883431113	17.566630131965436	0.026027550221681794
8.630067331044724	0.01	0.007	0.007	0.007	0.01	0.00824370945260227	0.008055851618344165	0.010627951794525716	0.005639069174918115	0.0006070665809708905	1.427196680790545	1.4410929439043538	3.4123571910158335	1.1099129532476122	0.07059316777141669	17.26974425569973	0.025952104888557502
8.714049115420277	0.01	0.007	0.007	0.007	0.01	0.008103673488403547	0.007919007817072419	0.010434779760356092	0.005536556026929847	0.000590548121612978	1.4284455040093655	1.4375720561312835	3.411577753590669	1.1070028207050056	0.07062078151065894	16.977107774929223	0.025876678853524085
8.798255847488608	0.01	0.007	0.007	0.007	0.01	0.00796565207992999	0.007784132627881272	0.010244646835386239	0.005435656067118228	0.0005744061100649789	1.429644370104102	1.4339869951699526	3.410667109201945	1.104043216686941	0.07064449693332023	16.688666060443342	0.025801270883449762
8.882690002460341	0.01	0.007	0.007	0.007	0.01	0.007829619481462814	0.007651200892568461	0.010057509727731931	0.005336346308087445	0.0005586346529718656	1.430794694261838	1.430339743836254	3.409628938007543	1.1010357624250238	0.07066445586281195	16.404365762959834	0.025725879892872502
8.96735393181622	0.01	0.007	0.007	0.007	0.01	0.007695550512782953	0.007520188005527883	0.009873326085692816	0.005238604261726659	0.0005432278652598681	1.431897850552679	1.4266322352724234	3.408466813063659	1.0979820364829742	0.07068079524288443	16.124154705760436	0.025650504928465986
9.052249884519753	0.01	0.007	0.007	0.007	0.01	0.007563420502157779	0.007391069858036288	0.009692054414175252	0.005142407894845612	0.0005281798697200229	1.432955173648378	1.4228663539389133	3.4071842040385394	1.09488357565655	0.0706936473061543	15.847981765823985	0.025575145148582137
9.13737998893226	0.01	0.007	0.007	0.007	0.01	0.007433205293197349	0.007263822844953639	0.009513654079221242	0.005047735631566853	0.000513484803625146	1.4339679599478754	1.419043938218179	3.4057844812444924	1.0917418771983833	0.07070313972803972	15.575796888429643	0.02549979983785654
9.222746262809167	0.01	0.007	0.007	0.007	0.01	0.007304881207772987	0.00713842382848729	0.009338085252406154	0.004954566323808052	0.0004991368200178453	1.4349374690143657	1.415166781707974	3.4042709191290137	1.0885583999593533	0.07070939578105338	15.30755100991528	0.025424468396787674
9.308350606368494	0.01	0.007	0.007	0.007	0.01	0.0071784250361052885	0.007014850128506283	0.009165308892767083	0.004862879241681402	0.00048513009179995274	1.435864924743065	1.4112366351817047	3.4026466998575193	1.0853345660753495	0.07071253448116038	15.043196037209741	0.025349150346345117
9.394194818056983	0.01	0.007	0.007	0.007	0.01	0.007053813993888081	0.006893079480642997	0.008995286683913148	0.004772654040109882	0.00047145881192386593	1.4367515167245386	1.4072552074324347	3.400914916322183	1.0820717617345696	0.07071267073019875	14.782684758441901	0.02527384531258839
9.480280576227367	0.01	0.007	0.007	0.007	0.01	0.006931025730751741	0.006773090044563859	0.008827981041537265	0.004683870762803884	0.0004581171990150519	1.4375984011822807	1.4032241676033093	3.3990785756411523	1.0787713391611937	0.07070991545187227	14.525970860859529	0.025198553041303556
9.566609460685093	0.01	0.007	0.007	0.007	0.01	0.0068100382812907164	0.006654860356113482	0.008663355042749312	0.0045965098047513865	0.00044509949649201223	1.438406702279024	1.3991451456043857	3.397140601730177	1.075434617027368	0.07070437572358916	14.273008828662553	0.025123273377638786
9.653182922789233	0.01	0.007	0.007	0.007	0.01	0.006690830090197201	0.0065383693518756255	0.008501372456599491	0.004510551928406665	0.0004323999794847416	1.4391775128696294	1.3950197348707198	3.3951038388390886	1.0720628827791678	0.07069615490542824	14.023753995758199	0.025048006290737633
9.740002335851937	0.01	0.007	0.007	0.007	0.01	0.006573379926035078	0.006423596284913013	0.008341997623327331	0.004425978199603726	0.00042001294967671557	1.439911895952875	1.3908494912558647	3.3929710531414474	1.0686573917991102	0.0706853527591116	13.778162365669607	0.024972751828407184
9.827068930604637	0.01	0.007	0.007	0.007	0.01	0.0064576669543027305	0.006310520796164818	0.008185195550289882	0.004342770038453431	0.00040793274685044565	1.4406108850509878	1.3866359373358539	3.3907449368940674	1.0652193709885014	0.07067206557332292	13.536190764491554	0.024897510171749085
9.914383845725675	0.01	0.007	0.007	0.007	0.01	0.006343670653067169	0.006199122832004193	0.0080309317941945	0.00426090915684116	0.00039615374362798926	1.4412754855672305	1.3823805611676971	3.388428109762582	1.0617500178153567	0.07065638627373037	13.297796664662867	0.024822281589796765
10.0	0.01	0.007	0.007	0.007	0.01	0.006233847478978126	0.006091802857664353	0.007882517110536044	0.004182152404955817	0.00038492109306080823	1.4418930085312194	1.3781806839692374	3.3860774923888566	1.0583285692923312	0.07063882846369074	13.068117895947355	0.024748737341529173
