0.0	0.01	0.007	0.007	0.007	0.01	0.0	0.0	0.0	0.0	0.0	0.0	0.0	0.0	0.0	0.0	100.0	0.035
0.006940148838169476	0.01	0.007	0.007	0.007	0.01	0.002692753324058061	0.005475326133125457	0.003460730823629443	0.0011999740148231415	9.901170751140179e-5	0.00012065248877435463	0.00034338694163766394	0.00027608872515825063	7.15982266569427e-5	3.195756472050252e-6	99.85764533356017	0.03499158255930271
0.012025195267525934	0.01	0.007	0.007	0.007	0.01	0.004571795121938435	0.009066792691076346	0.0058814450426767995	0.0020548372304227116	0.00015749508565682653	0.00035708510064036934	0.0009993919271389352	0.0008176429714669073	0.000213104637429899	9.055939954779076e-6	99.75347073470385	0.034985416386313625
0.0193163406342674	0.01	0.007	0.007	0.007	0.01	0.007134284237811746	0.013664435596914657	0.00919068714028706	0.003245645274938921	0.00022482394760982	0.0009028162886188343	0.0024683286130756437	0.0020691159069065805	0.0005431179255873723	2.1572747003912323e-5	99.60429057945066	0.03497657697385007
0.026489898144792336	0.01	0.007	0.007	0.007	0.01	0.009511524258081043	0.017623744967205774	0.012269480120896636	0.004378230090198843	0.00027595461560155364	0.0016645344444869733	0.004450593383796007	0.0038181843150009386	0.0010091409425095276	3.7626801632319216e-5	99.45773405625167	0.034967882298531865
0.03484220754156615	0.01	0.007	0.007	0.007	0.01	0.012109997517903915	0.021619232364183713	0.01564510454389186	0.005649779341167781	0.00032104526136674444	0.0028145331378186993	0.007339225635873876	0.0064625061636799175	0.001721538289695934	5.986072507813765e-5	99.28736719166606	0.034957761645996815
0.04358734207536434	0.01	0.007	0.007	0.007	0.01	0.014647440323180346	0.025190631691320547	0.018952568522784808	0.0069286989004581235	0.00035573395759915276	0.00430151277129142	0.010937207324943873	0.009886777991193007	0.002655149470455311	8.617531667191343e-5	99.10930038016667	0.03494716813881862
0.05311849920556448	0.01	0.007	0.007	0.007	0.01	0.017213905077358288	0.028475832436337833	0.022309911428013782	0.008263848274193837	0.0003828725823404423	0.006227285911500683	0.015421636051282299	0.014328386954952683	0.0038814458898543923	0.00011739661884680178	98.91559240191695	0.03493562613118792
0.06317948519889399	0.01	0.007	0.007	0.007	0.01	0.019713969911155118	0.03136449421862837	0.025593015781114586	0.009609503929762689	0.00040286717930854935	0.008578099709766609	0.0206855771364672	0.019759019866525365	0.005400720435017274	0.00015236430263567755	98.71152710218743	0.03492344664893931
0.07388854520440216	0.01	0.007	0.007	0.007	0.01	0.02215722999734827	0.03389487825412015	0.028814641102263026	0.01097310410357535	0.00041731236861363563	0.01140873262425377	0.026779050865363342	0.026308836571383293	0.007258358932255879	0.00019111467990971738	98.49477954705958	0.034910487295797196
0.08516990173939329	0.01	0.007	0.007	0.007	0.01	0.024507728032545865	0.03606009473061343	0.03192736285477858	0.01233647216417923	0.00042729819646729935	0.01472392251309795	0.03364004676938284	0.03399271593917526	0.00946870783429105	0.0002330397652072841	98.26696365157098	0.034896840590805986
0.0970686418461688	0.01	0.007	0.007	0.007	0.01	0.026759736396059403	0.03789035301765457	0.03492325495085927	0.013697161753220851	0.00043392716424084485	0.018555634172207982	0.04126676959330646	0.04288880700832135	0.012065267073905882	0.00027800656843596537	98.02725125491996	0.034882452836602414
0.10957637435135559	0.01	0.007	0.007	0.007	0.01	0.028898149835072974	0.03940963739018139	0.03778169006554451	0.015046360777337939	0.0004380586496228443	0.022916749379093826	0.04962059195986991	0.05303124661016337	0.015070063808014646	0.00032573154616153587	97.77590046470081	0.0348673350942635
0.12272710817319231	0.01	0.007	0.007	0.007	0.01	0.030917329085952124	0.04065045601295901	0.04049437978234774	0.016380102428562193	0.0004403925610844827	0.02783088094226709	0.05868761726370679	0.06447926350987347	0.0185136590452067	0.0003761360600436345	97.5123231618987	0.03485144724016048
0.13654417006323805	0.01	0.007	0.007	0.007	0.01	0.03281071620847553	0.04164386546821775	0.04305160085256854	0.017693090718466812	0.0004414618247552206	0.03331573796283231	0.06844627177459739	0.07727850089405687	0.022423842608997935	0.00042914037014723513	97.23615620286395	0.034834762171198734
0.15106954913025664	0.01	0.007	0.007	0.007	0.01	0.034575214698873105	0.04242134514388739	0.04544810061602559	0.018981624694484577	0.00044167151985098147	0.039394197692867755	0.07888825047359703	0.09148675464367384	0.026833381096072282	0.00048476859223915486	96.94667510367996	0.03481723037230106
0.16634789498090405	0.01	0.007	0.007	0.007	0.01	0.036208367662060044	0.04301231234293207	0.047679338823193466	0.020241823115402385	0.0004413291441950525	0.04608874407636827	0.09000816321789519	0.10716098601931845	0.03177619671927563	0.0005430808854951826	96.64311781382598	0.03479879928113492
0.1824358123678769	0.01	0.007	0.007	0.007	0.01	0.03770923298607373	0.04344409010019262	0.04974270008620352	0.021470320445348193	0.00044067846023781776	0.05342557129657306	0.10181043107256833	0.12436687759579722	0.037290432765182444	0.0006042042317249611	96.32450289633447	0.03477940210614075
0.19939724752798968	0.01	0.007	0.007	0.007	0.01	0.039077545260839376	0.04374128782941116	0.051636377387920485	0.022663705338704453	0.00043993169236203187	0.06143285282734103	0.11430595915746133	0.14317475332728957	0.04341732451241715	0.000668312806034714	95.98972574787271	0.0347589634408135
0.2173065987455226	0.01	0.007	0.007	0.007	0.01	0.040313810698813325	0.04392573983229649	0.053359519630316765	0.02381862689084963	0.000439300928882498	0.07014219266975812	0.12751414259987437	0.16366293409093774	0.0502024094043422	0.0007356418214913102	95.6375018560031	0.03473739556564667
0.2362472402061167	0.01	0.007	0.007	0.007	0.01	0.041419023130708874	0.04401644849807508	0.054911854166727773	0.024931563864478104	0.00043902949985418274	0.07958786288874728	0.14146132510216555	0.18591588455602368	0.057695056618853234	0.0008064893263629554	95.26640166698894	0.03471460028896509
0.2563118882668109	0.01	0.007	0.007	0.007	0.01	0.042394632679148885	0.044029685017185245	0.05629365345095752	0.025998770447267682	0.00043942386109320025	0.08980671942899224	0.15618045973949646	0.2100239212119757	0.06594844378956956	0.0008812322730512844	94.87484960905277	0.03469046857393218
0.27760032160612785	0.01	0.007	0.007	0.007	0.01	0.043242455613884755	0.04397914849325334	0.05750561677557907	0.02701612498152946	0.0004408863197398458	0.1008366323243002	0.1717087316447918	0.2360793806177675	0.07501823837331857	0.0009603423862702858	94.46117535099627	0.03466488335534043
0.3002154466338768	0.01	0.007	0.007	0.007	0.01	0.04396468256108292	0.043876195009937655	0.05854888777200215	0.02797901955427561	0.0004439473561245023	0.11271384847976063	0.18808397507417338	0.2641702069930198	0.08496016730611504	0.0010444084705467933	94.02369662083024	0.0346377243402137
0.3242536277346066	0.01	0.007	0.007	0.007	0.01	0.04456391365693843	0.043730135858782625	0.05942510873527078	0.028882194791318896	0.00044929322188574374	0.12546716787124867	0.20533710407858258	0.29436592878743434	0.09582452619864884	0.0011341523633342791	93.56091068642736	0.03460887967338465
0.3497854742359154	0.01	0.007	0.007	0.007	0.01	0.0450433060566063	0.04354863569362046	0.060136634438893735	0.02971956997048714	0.00045777803096124344	0.13910693744494068	0.2234782332051073	0.32669126576743246	0.10764554883303673	0.0012304235403136317	93.07186281665304	0.034578268984810874
0.37681932410569063	0.01	0.007	0.007	0.007	0.01	0.04540690749409596	0.04333826512017949	0.06068701515195953	0.030484100387807085	0.00047039730581413845	0.1536049452565686	0.24247175114067598	0.36107806300009126	0.12042166303622413	0.0013341322492302415	92.55683092452371	0.03454588702143353
0.40525260604141095	0.01	0.007	0.007	0.007	0.01	0.045660423547827934	0.043105156259965034	0.0610821316332424	0.031168138788735512	0.00048819113760344737	0.16886860069355564	0.2622052037885123	0.3973036213513006	0.13408893425350935	0.001446107986330866	92.01821279262386	0.03451186149596041
0.4348589224520969	0.01	0.007	0.007	0.007	0.01	0.04581239330294156	0.042855319308221146	0.06133202202306033	0.03176521526632764	0.0005120846436097126	0.18473606031243472	0.2824856137313029	0.43497892035257485	0.14851196945486292	0.00156701952366297	91.46070436251529	0.034476467839126314
0.46536501986828527	0.01	0.007	0.007	0.007	0.01	0.04587461867177294	0.04259412187173182	0.06145176444149848	0.032272797328981334	0.0005427690956713858	0.20102131390084418	0.3030973355828976	0.4736559813657638	0.1635217478571718	0.0016975719363442258	90.88978549093599	0.03444003648428258
0.4965468214657214	0.01	0.007	0.007	0.007	0.01	0.04586074379328395	0.04232559027110882	0.06145963758093964	0.0326931856568959	0.0005806911475431138	0.21756900441476296	0.3238682404350812	0.5129588363525494	0.17896699264756824	0.0018387848747216543	90.30990379468047	0.03440283796722271
0.5282536242441894	0.01	0.007	0.007	0.007	0.01	0.045784214485923035	0.04205238945106606	0.06137418308649584	0.03303199938610273	0.000626081217461915	0.23426865205911476	0.3446832839221906	0.5526180718898939	0.1947310915760501	0.0019920283345799634	89.72405225755287	0.03436505434494241
0.5603955029925101	0.01	0.007	0.007	0.007	0.01	0.04565702432224161	0.04177614768952859	0.06121228882140722	0.033296419926686256	0.0006789848513926232	0.25104760381345664	0.3654728087972759	0.5924545403431871	0.21072907779945466	0.002158936725397285	89.13404071260442	0.034326794615938516
0.5929282453494529	0.01	0.007	0.007	0.007	0.01	0.04548925538453447	0.041497769442314654	0.06098840029219198	0.03349402760361655	0.0007392973620087449	0.2678619646001052	0.3861999468067552	0.6323580078294432	0.22690160979580568	0.0023413292389056796	88.5408050679353	0.034288113002505796
0.6258408057034318	0.01	0.007	0.007	0.007	0.01	0.045289072383360364	0.04121767438990556	0.060714402806166426	0.03363213872894493	0.0008067965642340385	0.28468870888840236	0.406850482776459	0.6722684376628044	0.24320907964592758	0.0025411516050499318	87.94466104533974	0.034249024138363934
0.6591476783712036	0.01	0.007	0.007	0.007	0.01	0.04506291143327178	0.04093594909493098	0.06039981121287054	0.033717479225148214	0.0008811749902412286	0.301520449573688	0.4274265023889976	0.71216349152341	0.2596275549387306	0.0027604500537252038	87.3454609976344	0.03420951233165116
0.6928835774602263	0.01	0.007	0.007	0.007	0.01	0.044815734041025984	0.0406524468876749	0.060052077489264055	0.03375604420515116	0.0009620673453440649	0.31836155957984097	0.44794190850428106	0.7520491969438552	0.2761455581855923	0.003001363842222769	86.74270431700056	0.03416953804022127
0.7271005341212572	0.01	0.007	0.007	0.007	0.01	0.044551276727682596	0.040366846520682405	0.05967691146362438	0.03375306397579763	0.0010490742718291196	0.3352256892579287	0.46841970345635264	0.7919539077528993	0.29276189841796685	0.0032661374189258824	86.13560139555604	0.034129041448871696
0.7618666606298825	0.01	0.007	0.007	0.007	0.01	0.044272269456115405	0.04007868425750695	0.05927857077971884	0.03371302301991231	0.001141782202346043	0.352134243730343	0.4888904236932239	0.8319245334724186	0.3094842519138379	0.0035571491705200797	85.52310641665224	0.03408794405832767
0.7972667379459336	0.01	0.007	0.007	0.007	0.01	0.04398061020808843	0.03978736365219742	0.058860097659279804	0.0336397008898769	0.0012397810471907423	0.36911582469097315	0.5093916935823614	0.8720250475155046	0.3263285754831143	0.0038769608905968337	84.90391776052552	0.03404614811809079
0.8334047821855793	0.01	0.007	0.007	0.007	0.01	0.043677492523534915	0.03949214552047111	0.0584234945301448	0.03353621442199994	0.0013426813376805514	0.3862066166898777	0.5299688524266233	0.912337216994983	0.343319383602181	0.004228394689562227	84.27644505879114	0.034003533739751776
0.8704094067022572	0.01	0.007	0.007	0.007	0.01	0.043363481948268605	0.039192114190282165	0.05796983024232006	0.033405045803423745	0.0014501337801258217	0.4034519854323725	0.5506769605455547	0.9529641667604987	0.3604911832374794	0.004614653476295215	83.63873085040889	0.03395995275273598
0.9084435761001981	0.01	0.007	0.007	0.007	0.01	0.04303853252215828	0.038886109633875766	0.05749926228359533	0.033248040238068335	0.0015618556820411477	0.4209098558206489	0.5715848426969816	0.9940380826643834	0.3778916413777942	0.0050395158546960375	82.98830255856615	0.03391521746088896
0.9477226083868752	0.01	0.007	0.007	0.007	0.01	0.042701916098064854	0.0385725976709018	0.057010934315564185	0.03306634608448562	0.0016776738686813788	0.4386573439592813	0.592782889423603	1.0357354636775808	0.3955879436499239	0.0055076742714528105	82.3218944065766	0.03386907983104986
0.9885495202203037	0.01	0.007	0.007	0.007	0.01	0.042351993857170665	0.03824941127298963	0.05650264561680938	0.032860237980696504	0.0017976058836160144	0.4568041679509833	0.6143987268441151	1.0783080836890226	0.41367981335078	0.0060253776111742685	81.63489616027032	0.033821190565438385
1.0313952526626475	0.01	0.007	0.007	0.007	0.01	0.041985606308212076	0.03791315760107281	0.05596996679866178	0.03262864849436666	0.0019220463612832034	0.4755237167014621	0.6366334670722457	1.1221548984549736	0.4323299059928335	0.006601851726133776	80.92009161950075	0.033771006074638045
1.0771222823682027	0.01	0.007	0.007	0.007	0.01	0.041596270716178156	0.03755755437518095	0.05540362241765141	0.032367781326522564	0.0020522994827569517	0.4951408294263358	0.659864178620284	1.168025513856382	0.45185006153618745	0.0072531873954298064	80.16412083440788	0.03371752891018748
1.1279556901075218	0.01	0.007	0.007	0.007	0.01	0.04116617747715032	0.0371661574059838	0.05477785780168452	0.032064987237001845	0.0021929672593007355	0.5165181060140863	0.6850956284215466	1.217916867490679	0.4730820391294555	0.008018874265841025	79.33201668930396	0.03365817929256429
1.199018641553509	0.01	0.007	0.007	0.007	0.01	0.04057064272830781	0.03662583411043123	0.053911515000680574	0.03162551572214453	0.002380577702949352	0.5456588622874735	0.7193449628060323	1.2857605331735604	0.5019377574298175	0.009157605040663215	78.18322744163511	0.03357538609922615
1.2448160674662418	0.01	0.007	0.007	0.007	0.01	0.04019073037570779	0.03628178913589493	0.05335908931133752	0.03133541215798756	0.0024951617099000754	0.5639893871903606	0.7407998328929456	1.3283341193127083	0.520026867335201	0.009930262576473992	77.45170578995474	0.033522136917883354
1.299167066296388	0.01	0.007	0.007	0.007	0.01	0.0397440343883797	0.035877681736835906	0.05270992356385126	0.03098664442025912	0.002624059907881052	0.585296490255328	0.7656485586263623	1.3777176663295025	0.5409836032603716	0.010882976497123551	76.59243422964806	0.03345905197374264
1.3466670496543545	0.01	0.007	0.007	0.007	0.01	0.039357447362766466	0.03552820323632495	0.052148504959271404	0.030679358239587194	0.002730159288322178	0.6035282880640688	0.7868310999060651	1.4198824987478207	0.5588497934767177	0.011744462502432801	75.84928490822568	0.03340401619317368
1.3962232386847897	0.01	0.007	0.007	0.007	0.01	0.038957957305818885	0.03516722740520452	0.05156878685441411	0.03035752644588986	0.002834150701691441	0.6221699030422714	0.8084108367521611	1.462905401049556	0.5770491617266195	0.012668982497715886	75.08165011785647	0.03334669448052512
1.4433008618786822	0.01	0.007	0.007	0.007	0.01	0.0385820915341027	0.03482770643888534	0.051023796930377965	0.030051491029462196	0.002926549575393059	0.6395272342635473	0.8284294222631154	1.502880217097029	0.5939279434642042	0.013568983113715313	74.35960574404392	0.033292330839229826
1.4907067280013895	0.01	0.007	0.007	0.007	0.01	0.03820719435287249	0.034489133253299595	0.05048067202769706	0.029743716759362843	0.003013304558499391	0.6566658253524968	0.8481226275680409	1.542269243304627	0.6105267478150039	0.014494123323681713	73.63954338626594	0.033237677709504504
1.53710749346304	0.01	0.007	0.007	0.007	0.01	0.03784372438136358	0.034160928939218446	0.049954563998629124	0.029443376698315208	0.003092176125482669	0.6731171494371812	0.8669552569504845	1.5799997856460488	0.6263934804603454	0.015415658991332036	72.94150082411045	0.03318427022427662
1.5834594906931398	0.01	0.007	0.007	0.007	0.01	0.037484055865632394	0.033836190597603885	0.049434424268875725	0.0291446630398909	0.0031650989109085416	0.6892373286280646	0.8853389718706142	1.6168936006741117	0.6418744299943964	0.016349845290681488	72.25079838587484	0.033131004553350926
1.6294002357260595	0.01	0.007	0.007	0.007	0.01	0.03713092986924229	0.033517382205152144	0.04892421161011979	0.028850214537362702	0.0032317258947655325	0.704910769247303	0.9031444952271714	1.652689500050569	0.6568603405836363	0.017287125016822148	71.57267795660985	0.03307829584050066
1.6752906284987537	0.01	0.007	0.007	0.007	0.01	0.03678149804108043	0.033201924731434025	0.048419802747289235	0.028557948135527814	0.003292823834403452	0.7202708190819169	0.9205258369104784	1.6876953469585854	0.6714806534315866	0.018232757595060933	70.90165492552565	0.03302572861526058
1.721061650087618	0.01	0.007	0.007	0.007	0.01	0.03643624185642044	0.03289024782550005	0.04792188747420854	0.028268493203451154	0.0033485070839541216	0.7353015192249684	0.9374667725678129	1.7218773096544675	0.6857216212805263	0.019183452319757533	70.2386440154461	0.03297338134214276
1.7668727908369346	0.01	0.007	0.007	0.007	0.01	0.036093922699273674	0.032581229882349225	0.04742867429467392	0.02798099347086992	0.003399172015260579	0.7500613912824441	0.9540348835251484	1.7553707640775598	0.6996400517082617	0.020140788335395742	69.58126000490734	0.032921071267535434
1.8127379431045796	0.01	0.007	0.007	0.007	0.01	0.035754418754254336	0.03227475856866423	0.04693998411072723	0.027695492066001613	0.0034450166509951982	0.7645593420375891	0.970241396770898	1.788197770660252	0.7132454176805196	0.02110345743689373	68.92926444774363	0.03286878265235993
1.8587425256110992	0.01	0.007	0.007	0.007	0.01	0.03541708941335847	0.031970253962199505	0.04645489193795606	0.027411568121008183	0.0034863005372367667	0.7788258472825365	0.9861213905713356	1.8204289371114344	0.7265672549395037	0.022071752566791326	68.28142402802149	0.032816418508683026
1.9049206992136973	0.01	0.007	0.007	0.007	0.01	0.03508168770670008	0.03166749198468217	0.0459730409295418	0.02712910947268268	0.003523216115642398	0.7928738813015179	1.0016900578720018	1.8520948920575753	0.7396184207780608	0.023044978998064077	67.63726232757419	0.03276394067242923
1.9513276124674506	0.01	0.007	0.007	0.007	0.01	0.03474782523105031	0.03136612123456032	0.04549387222163859	0.026847867373543725	0.003555961095047202	0.8067218225765025	1.0169683303754837	1.8832381746371674	0.7524165962418309	0.024022954564774986	66.99603193051722	0.03271128743508613
1.9979992039242755	0.01	0.007	0.007	0.007	0.01	0.03441526438721003	0.031065926679893895	0.04501704486830742	0.02656770610068806	0.0035847057947365	0.820381234551503	1.0319693406288202	1.9138856991967228	0.7649729290680085	0.025005150682555755	66.35727546248266	0.03265841923543682
2.0449765798038744	0.01	0.007	0.007	0.007	0.01	0.03408374053560654	0.03076666904757324	0.04454218026016607	0.026288455997125978	0.0036096136857906164	0.8338643761120433	1.0467067710021	1.9440657153956313	0.7772990295657688	0.0259911954555611	65.72048388292133	0.032605290939434546
2.092292973011238	0.01	0.007	0.007	0.007	0.01	0.0337530544207532	0.030468168202157978	0.04406899458645475	0.026009993521082894	0.0036308340655917394	0.8471804497034086	1.0611907516987276	1.9737994125403333	0.7894035346960246	0.026980590841422517	65.08527390682552	0.032551866603239124
2.1399821800769865	0.01	0.007	0.007	0.007	0.01	0.03342301134574224	0.030170248204986053	0.043597211524593095	0.025732191744063358	0.003648508254460031	0.8603381494773966	1.075430681154984	2.0031066625477822	0.8012944681360841	0.027972883268693093	64.45127111007581	0.032498109901284766
2.188074443746237	0.01	0.007	0.007	0.007	0.01	0.03309344940878016	0.029872762777981086	0.04312660256214069	0.025454945509721556	0.003662768545893253	0.8733445644014983	1.0894340509448637	2.0320035918002026	0.8129782578952457	0.028967571886675186	63.818164123713366	0.03244398876478803
2.2365995283852556	0.01	0.007	0.007	0.007	0.01	0.03276421750598596	0.029575575430257156	0.042656955437875906	0.025178154018408557	0.0036737403452901055	0.8862061006659105	1.1032074656499253	2.060504660121859	0.8244605887991316	0.029964168172711747	63.18566235006558	0.03238947189990088
2.2855855198077353	0.01	0.007	0.007	0.007	0.01	0.03243518316576119	0.0292785665179422	0.04218808525823304	0.024901728310592692	0.003681542445499629	0.8989282030482675	1.1167563568700962	2.0886220581206105	0.835746164231593	0.03096216714131101	62.553510993017774	0.03233453013194293
2.335060052227196	0.01	0.007	0.007	0.007	0.01	0.03210622384121301	0.02898162537567387	0.04171982200235602	0.0246255846662781	0.003686287928243197	0.9115157242683853	1.130085392463258	2.116366541511959	0.846839048039289	0.03196106926883297	61.92147431696064	0.03227913502075304
2.385050059799587	0.01	0.007	0.007	0.007	0.01	0.03177722836436781	0.028684651623338758	0.0412520125430535	0.024349646417454462	0.0036880845798031026	0.9239728903376935	1.1431984493687426	2.143747366192598	0.8577426424459342	0.032960372380757344	61.28933843190166	0.03222325913786578
2.4355823891187987	0.01	0.007	0.007	0.007	0.01	0.03144809272233412	0.028387551349177018	0.040784514589941694	0.024073840885856318	0.003687035351468378	0.9363034807311029	1.1560988126274128	2.170772695380167	0.8684598543147664	0.03395958127212535	60.656903172498716	0.03216687538110224
2.4866838637553323	0.01	0.007	0.007	0.007	0.01	0.031118719597444177	0.028090236691750595	0.04031719600638739	0.023798099398345728	0.003683238669350295	0.9485108594680534	1.1687892136389086	2.197449675174916	0.878993127476624	0.03495820630626844	60.02398121046673	0.03210995690624775
2.5383816058776785	0.01	0.007	0.007	0.007	0.01	0.030789016303978067	0.027792623975429923	0.03984993185752453	0.023522355890338284	0.0036767886937211875	0.9605980634036123	1.1812719265748628	2.223784633772448	0.889344523351135	0.0359557671792007	59.390394087258684	0.03205247677411714
2.5907032732429203	0.01	0.007	0.007	0.007	0.01	0.0304588933881903	0.027494632445237126	0.03938260241484024	0.023246546013113982	0.003667775509988088	0.9725678615148304	1.193548831893057	2.2497832145854955	0.8995157740974083	0.03695179487883708	58.75596952166105	0.03199440769555592
2.6436773057370098	0.01	0.007	0.007	0.007	0.01	0.030128263266975066	0.02719618303699911	0.03891509122795793	0.02297060623141461	0.0036562852683078976	0.9844228093272895	1.2056214725968954	2.275450496618187	0.9095083296394679	0.03794583366230849	58.1205387917678	0.03193572176907189
2.697333204590127	0.01	0.007	0.007	0.007	0.01	0.029797038768133298	0.026897197058983628	0.03844728307044152	0.022694472806052652	0.0036424002711897482	0.9961653034181301	1.2174911082110873	2.300791112777504	0.9193234026756889	0.0389374433952803	57.48393392767198	0.03187639018580308
2.751701811165333	0.01	0.007	0.007	0.007	0.01	0.02946513178939575	0.02659759498094576	0.037979062067619175	0.022418080850425584	0.0036261990195926015	1.0077976281360008	1.229158758345151	2.3258093490401186	0.9289620049387421	0.03992620153450572	56.84598513198292	0.0318163829389321
2.806815634138424	0.01	0.007	0.007	0.007	0.01	0.029132451783824658	0.026297295066600786	0.037510309594050675	0.022141363223343796	0.0036077562102903495	1.0193220049184295	1.2406252462640548	2.350509246862825	0.9384249833283486	0.040911705569328605	56.20651786606712	0.03175566848397814
2.8627092224679385	0.01	0.007	0.007	0.007	0.01	0.028798904111363068	0.025996211885376635	0.03704090199938193	0.021864249297573923	0.0035871426835211513	1.0307406423241245	1.2518912401501563	2.3748947044491366	0.9477130539796738	0.04189357572818711	55.565349678208385	0.03169421335372724
2.919419566244836	0.01	0.007	0.007	0.007	0.01	0.02846438838512932	0.025694254819494604	0.03657070834570775	0.0215866637161206	0.0035644253293615215	1.042055782024689	1.2629572870059003	2.3989695664520863	0.9568268300948904	0.042871457498941355	54.92228702069939	0.031631981748355346
2.9769866141527075	0.01	0.007	0.007	0.007	0.01	0.028128796313716082	0.02539132611615837	0.03609958745776994	0.021308524727014964	0.0035396669198317038	1.0532697572391883	1.2738238549117888	2.4227377368872327	0.9657668564751358	0.0438450253452496	54.277121096919394	0.031568935004370045
3.035453860902908	0.01	0.007	0.007	0.007	0.01	0.027792009365659235	0.02508731877925427	0.035627384750363096	0.021029742373414675	0.0035129258794683706	1.0643850513801676	1.2844913706515184	2.446203288383933	0.9745336400030344	0.04481398654242838	53.62962336503324	0.03150503099542698
3.0948690852977068	0.01	0.007	0.007	0.007	0.01	0.02745389583762823	0.024782113922831046	0.03515392825106783	0.020750216197719308	0.0034842559586487237	1.0754043698316162	1.2949602642413836	2.469370594377891	0.983127685534981	0.04577808621793266	52.97953989351067	0.031440223378679626
3.1552852729937304	0.01	0.007	0.007	0.007	0.01	0.02711430721452251	0.024475577485417805	0.03467902367139192	0.02046983237480426	0.0034537057861225616	1.0863307265497515	1.3052310202274988	2.4922444863621154	0.9915495370060035	0.04673711372102714	52.32658435290329	0.03137446065255933
3.2167617637213803	0.01	0.007	0.007	0.007	0.01	0.026773073699788884	0.024167556195332875	0.03420244836795805	0.020188460182427696	0.003421318274995048	1.0971675470467788	1.3153042350539095	2.514830437693651	0.9997998230800558	0.047690910423053484	51.67042940920458	0.03130768498656244
3.279365796640242	0.01	0.007	0.007	0.007	0.01	0.02642999809083624	0.023857872042163823	0.03372394305764374	0.019905947139357904	0.003387129783552206	1.1079188107106361	1.3251806988150234	2.5371348193214494	1.0078793222098028	0.04863938092414713	51.0106949312112	0.031239830639660415
3.343174473765659	0.01	0.007	0.007	0.007	0.01	0.026084848104075558	0.02354631534876801	0.033243201458381264	0.019622112913694926	0.0033511690059017823	1.1185892239429287	1.3348614887088524	2.5591652057536223	1.0157890364890778	0.04958250686589123	50.34693321137472	0.03117082195375152
3.4082775309622453	0.01	0.007	0.007	0.007	0.01	0.025737345314384343	0.02323263478720849	0.03275985533177975	0.01933674051223691	0.0033134553640407254	1.1291844744425845	1.3443481137030198	2.580930830154057	1.0235303063070238	0.05052036770802345	49.67860766895608	0.03110057051130237
3.4747811276909095	0.01	0.007	0.007	0.007	0.01	0.025387150042454093	0.022916523736951182	0.032273454057541354	0.019049564238038143	0.003273996754382685	1.1397115754523715	1.353642707337342	2.6024431976337437	1.0311049627362994	0.05145316913728968	49.00506375023903	0.031028971246666037
3.5428134086961665	0.01	0.007	0.007	0.007	0.01	0.025033838873185325	0.0225975999913071	0.03178343421261435	0.018760251744092793	0.0032327861819194917	1.1501793837907885	1.3627483271063001	2.6237170152861164	1.0385155645345883	0.05238128633148034	48.325485641738005	0.030955896724976034
3.612532800332098	0.01	0.007	0.007	0.007	0.01	0.02467687090083598	0.022275375287815702	0.03128907387756213	0.018468377067985105	0.0031897966624521213	1.1605993798930325	1.3716694100199933	2.6447715959812537	1.0457657587520155	0.05330532957028013	47.638831278631194	0.03088118859627655
3.684141279308934	0.01	0.007	0.007	0.007	0.01	0.024315533049794853	0.021949205950759217	0.030789418532673554	0.01817337689185068	0.0031449729705215514	1.1709869462357065	1.3804125410166963	2.6656331761121255	1.0528608899646976	0.054226252553455305	46.94372707041547	0.030804643896135204
3.75790666391457	0.01	0.007	0.007	0.007	0.01	0.023948847357137048	0.02161820919760842	0.030283155304688166	0.017874476308203227	0.0030982176309970882	1.1813635516119345	1.3889877907373782	2.6863388948227804	1.0598090618229552	0.05514553840302902	46.2382893970615	0.03072599199083758
3.8342037588179876	0.01	0.007	0.007	0.007	0.01	0.023575397792486203	0.021281106813997835	0.029768377824783823	0.017570550003802383	0.003049364838544425	1.191760876886036	1.397411306661591	2.7069443607388814	1.0666231961636183	0.056065552706611906	45.5197912098179	0.030644851932784545
3.9135993269246447	0.01	0.007	0.007	0.007	0.01	0.023192968666125493	0.020935898754628222	0.029242094767941137	0.017259832117365374	0.0029981261967297955	1.202229518387286	1.4057109016728941	2.72753971062418	1.0733254797433762	0.05699029127104362	44.783965938684695	0.030560644218500885
3.9970660250246937	0.01	0.007	0.007	0.007	0.01	0.022797622088593483	0.020579030391715988	0.02869897438153957	0.016939175038797584	0.002943953220228139	1.212861487120121	1.4139408895339673	2.7482914313142457	1.0799591882023247	0.05792732129923426	44.02323162392693	0.030472368104751853
4.086686498813719	0.01	0.007	0.007	0.007	0.01	0.022380632935055912	0.02020262579461512	0.028127169647006265	0.016601584665058674	0.0028855825587269395	1.2238656322501558	1.4222327022813106	2.769583257966797	1.0866290699211256	0.05889430765613041	43.220791011145266	0.030377867492951547
4.190475803342734	0.01	0.007	0.007	0.007	0.01	0.021907247793100614	0.019775314071204114	0.02747935296943476	0.016219119741864216	0.0028179101220634026	1.2360965781867894	1.431157752547581	2.793010586033398	1.093791260690045	0.05996493017977394	42.309746474355315	0.030268792676104973
4.2886297785594305	0.01	0.007	0.007	0.007	0.01	0.02146878815583914	0.01937952834735347	0.0268806035642985	0.01586562624726068	0.0027540070350528982	1.2471767814647108	1.4389565768260288	2.8140008638214415	1.1000333287991921	0.06093027561554924	41.465842709605575	0.03016600051793992
4.375433649224861	0.01	0.007	0.007	0.007	0.01	0.02108835334957347	0.01903611993988986	0.026362097421000104	0.01555950937023007	0.00269767317653143	1.2565968410159634	1.4453551059634204	2.8316588945330863	1.1051416724231464	0.0617470047484725	40.73356047720125	0.030075385706658252
4.46036940727631	0.01	0.007	0.007	0.007	0.01	0.020722637055982072	0.018705997513938446	0.025864544767733786	0.015265764938408966	0.0026428185609720426	1.2654824478582716	1.4511803958356329	2.848146162236416	1.1097808172804378	0.06251357276006839	40.02955689074429	0.029986984500657565
4.543849029616374	0.01	0.007	0.007	0.007	0.01	0.020369375982064352	0.018387118019660798	0.025384779263513343	0.014982523461088392	0.0025892339391327805	1.2739069865834372	1.4565012809866513	2.8636162759813195	1.1140073059346216	0.06323652470723876	39.349480174250715	0.029900352041812246
4.625926629376979	0.01	0.007	0.007	0.007	0.01	0.020027924043154538	0.018078898249880418	0.024921848014124774	0.014709222235508185	0.002536928586261664	1.2819017114325983	1.4613557789769307	2.8781419540029263	1.1178528625973498	0.06391876105189825	38.69209090642927	0.029815418572230398
4.706843786800504	0.01	0.007	0.007	0.007	0.01	0.019696907254575853	0.01778009794887308	0.024473820827747784	0.014444721602425372	0.0024857830290314574	1.2895128509530602	1.4657885921728946	2.8918210703857885	1.1213542860270793	0.06456445199387793	38.054747702155915	0.029731922090920005
4.786779619088715	0.01	0.007	0.007	0.007	0.01	0.019375281091944738	0.017489774256137267	0.024039225640121325	0.014188152386784302	0.0024357119279207603	1.2967765642820257	1.469835435343528	2.904730812106441	1.1245410276731638	0.06517688138920542	37.43544281095489	0.029649667809161888
4.865887330413145	0.01	0.007	0.007	0.007	0.01	0.019062161481750554	0.017207129145595718	0.02361681660016549	0.013938778977817626	0.002386642134389558	1.303723465410603	1.4735264777837085	2.9169364755737224	1.1274379723807433	0.06575883922396175	36.83247688917174	0.029568489704251376
4.944294352357911	0.01	0.007	0.007	0.007	0.01	0.018756812460022487	0.01693149828529893	0.023205555404451312	0.013695988306415776	0.0023385135213532674	1.3103793079254786	1.4768872431368685	2.9284931125838787	1.1300661890497015	0.06631268441832147	36.244435352291106	0.029488249942885906
5.022108561684016	0.01	0.007	0.007	0.007	0.01	0.018458611787162522	0.0166623199989005	0.022804563275360876	0.013459261492167843	0.002291275707892088	1.3167660775785772	1.4799396241459046	2.9394478071946453	1.1324437620291925	0.06684044122559968	35.670122255851666	0.02940883213513793
5.099421364820808	0.01	0.007	0.007	0.007	0.01	0.018167031371104307	0.016399117594224	0.02241309332224824	0.013228157524371724	0.0022448865639490122	1.32290267413748	1.4827025713374138	2.9498411421345443	1.134586357831944	0.06734386005283614	35.10852266863959	0.029330137893102362
5.176310744841412	0.01	0.007	0.007	0.007	0.01	0.01788161951347809	0.016141483337402014	0.02203050564615013	0.013002298563194351	0.0021993106239866925	1.3288054951485884	1.485192654117593	2.9597084306588317	1.136507685541311	0.06782446924558418	34.55876853980023	0.02925208348989806
5.252843517842318	0.01	0.007	0.007	0.007	0.01	0.017601987531798043	0.01588906637712469	0.021656248558680258	0.01278135885075836	0.0021545179108930627	1.3344888799780548	1.4874244916947925	2.969080656856508	1.1382198505104832	0.06828361454051621	34.02011298042936	0.029174597376138662
5.329077204464411	0.01	0.007	0.007	0.007	0.01	0.017327798864592413	0.015641562910165666	0.021289843311261294	0.01256505569487112	0.002110482945413556	1.339965466396821	1.4894110948935302	2.977985227255174	1.139733634707168	0.06872249069311133	33.49190931710969	0.02909761812713881
5.40506217740054	0.01	0.007	0.007	0.007	0.01	0.017058758095409795	0.015398706273667991	0.020930868871687627	0.012353140480989464	0.002067183581822392	1.3452465184603544	1.4911641511443896	2.98644663828294	1.1410587294466032	0.06914217011476867	32.973589980043705	0.02902109214711625
5.480841537487075	0.01	0.007	0.007	0.007	0.01	0.016794608740837397	0.0151602649484781	0.02057895851751948	0.012145396660312955	0.002024601130123296	1.3503420585348223	1.4926942070262894	2.994486799806712	1.1422038870508118	0.06954361537165067	32.46466226823241	0.028944973689533627
5.556453096385905	0.01	0.007	0.007	0.007	0.01	0.016535123978670702	0.014926034189724593	0.020233787084145152	0.011941632221135643	0.0019827192546330976	1.3552611229898763	1.4940108691809912	3.0021255383506897	1.1431770840368638	0.06992770120003794	31.964690509182194	0.02886922277032734
5.6319299840128485	0.01	0.007	0.007	0.007	0.01	0.016280102751208732	0.014695832509381699	0.019895065468112896	0.011741676443404212	0.0019415236618447105	1.3600118965332226	1.4951229396665684	3.0093808856456885	1.143985632373662	0.0702952264694228	31.47328856914147	0.02879380448677701
5.707301405021921	0.01	0.007	0.007	0.007	0.01	0.01602936566450887	0.014469497974647009	0.019562534913720866	0.011545376525432898	0.0019010017005968165	1.364601839810036	1.496038532218905	3.016269342819784	1.1446362746666554	0.07064692535473578	30.99011196699007	0.028718688198999847
5.782593205527029	0.01	0.007	0.007	0.007	0.01	0.01578275181805207	0.014246885346174265	0.019235962585122907	0.011352594969588814	0.0018611420681356166	1.3690377902259332	1.4967651662358707	3.022806090917877	1.1451352612056735	0.0709834761779757	30.514851778020823	0.02864384691277773
5.857828375470552	0.01	0.007	0.007	0.007	0.01	0.015540116077053067	0.01402786361586791	0.018915137765149765	0.011163207338019636	0.0018219345527091754	1.3733260471507485	1.4973098446153132	3.0290051675946237	1.145488413757538	0.0713055088418063	30.04722938837818	0.028569256735795617
5.933027440685748	0.01	0.007	0.007	0.007	0.01	0.01530132689531027	0.013812314041634183	0.018599868816019643	0.010977100458203461	0.0017833698370379066	1.3774724410350834	1.4976791179533853	3.034879611352454	1.145701178241918	0.07161361086273077	29.586992308534573	0.028494896451285688
6.00820881229379	0.01	0.007	0.007	0.007	0.01	0.01506626442914159	0.013600128444886353	0.018289980551762473	0.010794170871592783	0.001745439326203787	1.381482392348349	1.4978791382793746	3.040441583786094	1.145778668822299	0.07190833248994831	29.133910546187735	0.028420747140290952
6.083389065620356	0.01	0.007	0.007	0.007	0.01	0.014834819003819753	0.013391207826241274	0.017985312098532612	0.010614323570309185	0.001708135014024756	1.3853609602012398	1.497915704027758	3.045702471000055	1.1457257048532206	0.07219019092895781	28.687773657234427	0.028346791878978414
6.158583189988458	0.01	0.007	0.007	0.007	0.01	0.01460688977712584	0.013185461159148402	0.01768571503342788	0.010437470898279578	0.0016714493661529072	1.3891128841405738	1.4977942980326113	3.050672970307346	1.1455468421058437	0.07245967395470951	28.248388175591344	0.028273015469112667
6.233804780621775	0.01	0.007	0.007	0.007	0.01	0.014382383669676339	0.012982804424327775	0.01739105189011137	0.010263531668928757	0.0016353752336704848	1.3927426185799854	1.4975201197714985	3.055363162454084	1.1452463993158437	0.07271724289683983	27.815575556331282	0.02819940422920493
6.309066233248169	0.01	0.007	0.007	0.007	0.01	0.014161214361694058	0.012783159704184324	0.01710119476497272	0.010092430342246602	0.001599905767045162	1.3962543637033935	1.4970981128231593	3.059782575308604	1.1448284807836517	0.07296333529183603	27.389170246127247	0.028125945786182067
6.384378867261316	0.01	0.007	0.007	0.007	0.01	0.01394330156596871	0.01258645452653135	0.016816024296974454	0.009924096422462904	0.0015650343657255337	1.3996520898488631	1.4965329885771013	3.063940235788275	1.1442969959571123	0.07319836700390799	26.96901828548756	0.02805262893965985
6.459753067585072	0.01	0.007	0.007	0.007	0.01	0.013728570296347902	0.012392621204278706	0.016535428650802254	0.009758463857690327	0.001530754619689665	1.4029395602753805	1.4958292465853644	3.06784471695462	1.143655676226925	0.07342273417586202	26.554975901834	0.02797944351009904
6.53519838574649	0.01	0.007	0.007	0.007	0.01	0.013516950300561333	0.012201596323460163	0.016259302723324633	0.009595470571401126	0.0014970602710585223	1.4061203498655137	1.4949911923257295	3.071504177573421	1.1429080896268728	0.07363681484647702	26.146908418939645	0.027906380228688323
6.610723650327432	0.01	0.007	0.007	0.007	0.01	0.013308375505064902	0.01201332024211031	0.015987547372733397	0.009435058007305612	0.0014639451723542623	1.4091978623762238	1.4940229524553474	3.0749263977382855	1.1420576534595692	0.0738409704240669	25.744689189132064	0.02783343061981102
6.686337016944708	0.01	0.007	0.007	0.007	0.01	0.013102783661257746	0.011827736770915838	0.015720068916274255	0.00927717083278676	0.0014314032721789373	1.4121753435986917	1.4929284887269543	3.0781188078928237	1.1411076458648268	0.07403554684690965	25.348198913460408	0.02776058694344589
6.76204607298514	0.01	0.007	0.007	0.007	0.01	0.012900115867467116	0.011644792741724747	0.01545677847111812	0.009121756549752889	0.0013994285772641695	1.4150558954392443	1.4917116094958036	3.0810885172153495	1.1400612153632192	0.07422087577193823	24.95732472199635	0.027687842085848142
6.837857877040958	0.01	0.007	0.007	0.007	0.01	0.01270031629540139	0.011464437760624233	0.015197591566041542	0.00896876526535278	0.001368015143471181	1.4178424861846974	1.490375980562186	3.0838423362991474	1.1389213898974326	0.07439727548170975	24.57195964817475	0.027615189514365816
6.913779008169514	0.01	0.007	0.007	0.007	0.01	0.01250333190750339	0.01128662395280395	0.014942427744711391	0.008818149457741257	0.001337157062278803	1.4205379602611994	1.4889251347005488	3.0863867981101833	1.137691084780084	0.0745650517359719	24.192002085383088	0.027542623223519358
6.9898156201183985	0.01	0.007	0.007	0.007	0.01	0.012309112179519329	0.011111305712127288	0.014691210179152602	0.008669863747862007	0.001306848445475984	1.4231450473049694	1.4873624799702445	3.0887281770550343	1.13637310963461	0.0747244985560595	23.81735525340878	0.027470137677135943
7.065973495604796	0.01	0.007	0.007	0.007	0.01	0.012117608841082669	0.010938439466963873	0.014443865309810072	0.008523864686934316	0.0012770834104530251	1.4256663704116914	1.48569130696402	3.090872506102122	1.1349701744634881	0.07487589893511992	23.447926699442647	0.027397727751282304
7.142258065311389	0.01	0.007	0.007	0.007	0.01	0.011928775720277568	0.010767983539882	0.014200322622722816	0.008380110624877611	0.0012478560796568877	1.4281044525201072	1.4839147959305061	3.092825591255817	1.1334848956258734	0.0750195254156202	23.083627999503058	0.027325388711456504
7.218674436923378	0.01	0.007	0.007	0.007	0.01	0.0117425685723321	0.01059989799301545	0.01396051440818328	0.008238561567811003	0.0012191605756869683	1.4304617226347403	1.4820360230266323	3.094593025127071	1.131919801089702	0.0751556406430555	22.7243744291284	0.027253116180604584
7.295227434354837	0.01	0.007	0.007	0.007	0.01	0.011558944894382975	0.01043414446085676	0.01372437550356302	0.008099179026210776	0.0011909910126549803	1.4327405218498417	1.4800579656545718	3.0961801995188227	1.1302773349262802	0.07528449789215502	22.370084607073053	0.027180906097995183
7.371921611701368	0.01	0.007	0.007	0.007	0.01	0.011377863811587355	0.01027068604745427	0.013491843129890824	0.007961925918409612	0.0011633414970916571	1.434943108137515	1.477983507829673	3.0975923163415944	1.1285598618351989	0.07540634150763731	22.020680276544795	0.027108754702445413
7.448761287555997	0.01	0.007	0.007	0.007	0.01	0.011199285922302632	0.010109487186660278	0.013262856677368508	0.007826766443958825	0.0011362061212936171	1.4370716613596493	1.475815444524935	3.098834398037962	1.126769670820503	0.07552140734554019	21.67608600737394	0.027036658496689972
7.525750548866598	0.01	0.007	0.007	0.007	0.01	0.011023173222589125	0.009950513573982285	0.013037357594206853	0.007693666017978459	0.001109578967593866	1.4391282870542323	1.4735564863844444	3.09991129660938	1.1249089791725924	0.07562992313528677	21.33622905115388	0.02696461424074146
7.602893285426234	0.01	0.007	0.007	0.007	0.01	0.010849488965497305	0.009793732039565635	0.012815289193071077	0.007562591156878559	0.0010834541016868386	1.4411150207752128	1.4712092631876605	3.100827702431154	1.1229799354168055	0.07573210886178314	21.001039070465655	0.026892618916768668
7.680193198961632	0.01	0.007	0.007	0.007	0.01	0.010678197585769841	0.009639110480224457	0.012596596542627365	0.007433509414313765	0.0010578255749386723	1.4430338314368876	1.4687763276544834	3.101588151962481	1.1209846225431805	0.07582817708393985	20.67044799425904	0.026820669718112557
7.757653796806429	0.01	0.007	0.007	0.007	0.01	0.010509264661737086	0.009486617825046458	0.012381226407381629	0.007306389345643506	0.0010326874312998413	1.4448866240851677	1.4662601594788998	3.1021970348382437	1.1189250614174815	0.07591833321746697	20.34438994496968	0.0267487640527368
7.835278442096488	0.01	0.007	0.007	0.007	0.01	0.010342656757378454	0.00933622389282566	0.012169127035565509	0.007181200382705182	0.00100803369559907	1.4466752438292318	1.4636631672722302	3.1026586009400527	1.1168032124760028	0.07600277586673608	20.022800934296228	0.026676899494333387
7.913070337318528	0.01	0.007	0.007	0.007	0.01	0.010178341416031063	0.00918789938638418	0.011960248141463934	0.007057912823356634	0.0009838583837276618	1.4484014779244205	1.460987692350851	3.1029769663448303	1.1146209789299037	0.07608169705690272	19.705618851606776	0.026605073795636956
7.991032549018185	0.01	0.007	0.007	0.007	0.01	0.010016287067329621	0.009041615808569386	0.011754540777806965	0.0069364977561314775	0.0009601554992810419	1.4500670586793736	1.4582360109755739	3.1031561192085757	1.1123802086979508	0.07615528250001667	19.392783284833005	0.02653328486364943
8.069167991241246	0.01	0.007	0.007	0.007	0.01	0.009856463024227333	0.008897345459565463	0.011551957323337114	0.006816927052876285	0.0009369190427920455	1.4516736652950257	1.4554103378097762	3.1031999251126177	1.1100826973290048	0.07622371180596277	19.08423551521115	0.0264615307730835
8.14747946592051	0.01	0.007	0.007	0.007	0.01	0.009698839364348833	0.008755061329793607	0.011352451324162332	0.00669917327508861	0.0009141430035429489	1.4532229267806844	1.4525128271844847	3.103112132203383	1.1077301891344224	0.07628715873497915	18.779918288697903	0.02638980972748065
8.225969651582902	0.01	0.007	0.007	0.007	0.01	0.009543386921960016	0.008614737092663976	0.011155977476161576	0.006583209663510021	0.0008918213670170642	1.4547164236211498	1.4495455760014007	3.1028963758672843	1.1053243796512904	0.07634579138879444	18.47977580088767	0.02631812006807312
8.304641118003927	0.01	0.007	0.007	0.007	0.01	0.009390077228664424	0.008476347051043987	0.01096249154285637	0.006469010089630207	0.0008699481144348091	1.456155689872414	1.446510625557476	3.102556183163193	1.102866917224255	0.07639977241529672	18.183753582917777	0.026246460258878012
8.383496314829964	0.01	0.007	0.007	0.007	0.01	0.009238882507413816	0.008339866131852381	0.010771950341109763	0.006356549047225374	0.0008485172294670772	1.4575422146618917	1.4434099642201574	3.1020949770816943	1.1003594052726027	0.07644925918492516	17.891798490285193	0.026174828895627566
8.46253759152097	0.01	0.007	0.007	0.007	0.01	0.009089775606759175	0.008205269826709289	0.010584311651778923	0.006245801599603521	0.0008275226960202836	1.4588774441771535	1.4402455287794849	3.1015160804598376	1.0978034034811999	0.07649440398102186	17.60385857625335	0.026103224686197874
8.541767206987066	0.01	0.007	0.007	0.007	0.01	0.008942729958685395	0.00807253415387489	0.010399534160733229	0.006136743344773214	0.0008069584990944911	1.4601627833357236	1.437019206037137	3.10082271963511	1.095200429181787	0.07653535417182798	17.31988301076091	0.026031646440634763
8.621187323503849	0.01	0.007	0.007	0.007	0.01	0.008797719567478095	0.007941635648200133	0.010217577439273411	0.006029350403868352	0.0007868186296460636	1.4613995971114904	1.4337328349213305	3.1000180280238547	1.092551959154983	0.076572252366574	17.039822059236513	0.025960093075469495
8.700800000535967	0.01	0.007	0.007	0.007	0.01	0.008654718998430046	0.007812551350932692	0.010038401924500239	0.0059235994095435856	0.0007670970890135971	1.4625892118218333	1.4303882085439878	3.099105049596374	1.089859431379816	0.07660523656781092	16.763627061095402	0.02588856361802785
8.780607220258151	0.01	0.007	0.007	0.007	0.01	0.008513703310690462	0.007685258749101635	0.009861968829998815	0.005819467453242041	0.000747787885356515	1.4637329168223652	1.426987074837123	3.0980867418256057	1.0871242456354737	0.07663444033086295	16.491250300334993	0.025817057182287523
8.860610870884745	0.01	0.007	0.007	0.007	0.01	0.008374648068015822	0.007559735785222387	0.009688240154533902	0.005716932090310948	0.0007288850405708913	1.464831965486529	1.4235311388557446	3.096965978918782	1.0843477654422204	0.07665999289833283	16.222645026567857	0.025745572982762702
8.94081276172863	0.01	0.007	0.007	0.007	0.01	0.008237529293506487	0.00743596081643865	0.009517178620823696	0.005615971303849551	0.0007103825892531416	1.4658875766017636	1.4200220636705327	3.0957455545432984	1.0815313188635236	0.0766820193424679	15.957765367852433	0.025674110319909238
9.02121462242298	0.01	0.007	0.007	0.007	0.01	0.008102323453964635	0.00731391260040291	0.009348747651701118	0.005516563490624138	0.0006922745814925472	1.466900935469878	1.4164614718483646	3.094428184590141	1.0786761997784031	0.07670064069556659	15.696566300719534	0.02560266857980728
9.101818107475813	0.01	0.007	0.007	0.007	0.01	0.007969007435963142	0.007193570273674646	0.00918291133616257	0.0054186874410151915	0.000674555084321346	1.4678731950281316	1.4128509466329033	3.0930165097337077	1.0757836689096947	0.07671597407722873	15.439003604173255	0.02553124722911456
9.182624784779012	0.01	0.007	0.007	0.007	0.01	0.007837558549114311	0.007074913354671178	0.009019634429457586	0.00532232233905591	0.0006572181865440122	1.4688054767323497	1.4091920337830415	3.0915130981617223	1.072854955375929	0.07672813281432109	15.185033866229757	0.02545984582424619
9.263636140101015	0.01	0.007	0.007	0.007	0.01	0.007707954502674091	0.006957921722549138	0.008858882320113915	0.005227447742956507	0.0006402579997809816	1.4696988716070871	1.4054862426525918	3.0899204479539484	1.0698912576310997	0.07673722656116076	14.93461443893517	0.02538846400632063
9.344853587023398	0.01	0.007	0.007	0.007	0.01	0.0075801733749469545	0.006842575589586956	0.008700620988324066	0.00513404356053077	0.0006236686584326491	1.4705544412980904	1.4017350469493415	3.088240989216972	1.066893744145891	0.0767433614150663	14.687703379456208	0.025317101491396495
9.426278471593806	0.01	0.007	0.007	0.007	0.01	0.007454193592888373	0.006728855482772669	0.008544816977282169	0.005042090032266527	0.0006074443208601415	1.4713732190070303	1.3979398856645242	3.0864770861837325	1.0638635542235741	0.0767466400259998	14.444259410857022	0.02524575806548037
9.507912060774654	0.01	0.007	0.007	0.007	0.01	0.007329993937343675	0.006616742248533223	0.008391437396393647	0.004951567733207465	0.0005915791736869274	1.4721562102278836	1.394102164709297	3.0846310395756893	1.0608017993775358	0.07674716170206497	14.204241932406344	0.025174433593742076
9.589755541608943	0.01	0.007	0.007	0.007	0.01	0.007207553531078303	0.006506217041929898	0.008240449903239118	0.004862457562296241	0.0005760674336680334	1.472904393578268	1.3902232580236509	3.0827050886913865	1.0577095642835048	0.07674502251359365	13.96761099662905	0.025103128020235118
9.67181004216671	0.01	0.007	0.007	0.007	0.01	0.007086851795402516	0.006397261287504253	0.008091822647039278	0.004774740708996707	0.0005609033454867272	1.4736187217855634	1.3863045075982527	3.080701412877078	1.054587906863267	0.07674031539252109	13.73432722564957	0.025031841348709862
9.754076603600552	0.01	0.007	0.007	0.007	0.01	0.006967868480469754	0.00628985670662834	0.00794552430312106	0.0046883986736239456	0.000546081188700489	1.474300122194879	1.382347225771002	3.0786221340701396	1.0514378601792764	0.07673313022987771	13.504351869910009	0.024960573666031632
9.836556195650983	0.01	0.007	0.007	0.007	0.01	0.006850583630620468	0.0061839852862213334	0.007801524027380701	0.004603413240458196	0.0005315952763484933	1.474949497652459	1.378352695430397	3.076469318262096	1.0482604326576945	0.0767235539696652	13.277646741350532	0.024889325127705426
9.919249715881994	0.01	0.007	0.007	0.007	0.01	0.0067349775749856655	0.006079629270267661	0.007659791442077656	0.004519766469350209	0.0005174399566360988	1.4755677272045575	1.3743221709451738	3.0742449772587346	1.0450566088886375	0.07671167069969204	13.054174195396815	0.024818095957625054
10.0	0.01	0.007	0.007	0.007	0.01	0.006623972200442244	0.005979426206098351	0.007523894811822532	0.004439564230874395	0.00050396367627588	1.4761407593163376	1.370362989523147	3.0720115669358186	1.041911611564957	0.07669795607470528	12.839583235589917	0.024748737341529162
