0.0	0.01	0.007	0.007	0.007	0.01	0.0	0.0	0.0	0.0	0.0	0.0	0.0	0.0	0.0	0.0	100.0	0.035
0.006260070607639918	0.01	0.007	0.007	0.007	0.01	0.0026805604607043113	0.006385751755092552	0.0034874053526453494	0.0011559987601748182	0.00034500866180601564	0.00010155855929830975	0.0005066986551040549	0.00043724573446637645	7.700777361278652e-5	8.545176231949195e-6	99.89079388478636	0.03499240731066466
0.010625215371592566	0.01	0.007	0.007	0.007	0.01	0.004456191112745972	0.010373878493101575	0.005808711614056169	0.0019427695834856513	0.0005464597262134851	0.00028839057146683834	0.0014166579192137472	0.001243181074960754	0.000220255410684295	2.349537861543732e-5	99.81471508506064	0.03498711390610959
0.016972308030083823	0.01	0.007	0.007	0.007	0.01	0.006908075648087998	0.015566128032526447	0.009029688645395228	0.003059153372689989	0.0007917976219708425	0.0007207250644261623	0.0034634324287280516	0.0031124395393701864	0.0005561662599371354	5.6128664391528205e-5	99.70419687595671	0.03497941851571353
0.02311569399828968	0.01	0.007	0.007	0.007	0.01	0.009142191643128371	0.019981294642164513	0.011981301319843436	0.004109299184520939	0.0009846167018020618	0.0013105565385929906	0.00616945854691103	0.005669242354763665	0.0010213422125681495	9.789506479606971e-5	99.59734223501177	0.03497197171692015
0.030274120193172348	0.01	0.007	0.007	0.007	0.01	0.011583224672066498	0.024463425718788227	0.015225806613692551	0.005296283024400955	0.0011646486903383855	0.0021969076090597177	0.010104977181693738	0.009521875300593986	0.0017315513931392753	0.00015668489250294146	99.47297700283468	0.034963296521550585
0.037719303732999435	0.01	0.007	0.007	0.007	0.01	0.013948542911701858	0.028468301283812305	0.018390596389928415	0.00649018350133443	0.001311289994215512	0.00333071812099818	0.014968750981241962	0.014464481825231324	0.0026556827439129216	0.00022696915537715604	99.34379460491584	0.03495427609202242
0.04581848501943417	0.01	0.007	0.007	0.007	0.01	0.0163346137058039	0.032173483831580654	0.021605750704292763	0.007743431907410847	0.0014341715834945879	0.00479141482305865	0.02101810703194176	0.020851355574634474	0.0038677146665310217	0.00031159473314146165	99.20345511289003	0.03494446593527392
0.05433751058086314	0.01	0.007	0.007	0.007	0.01	0.018649431998714362	0.03544894164096583	0.024748498218313146	0.009012203666775898	0.0015317848954242278	0.006563378842297447	0.02809798840882588	0.028623585274750413	0.00536579148930844	0.0004075678152852204	99.05605465038222	0.03493415021199285
0.06338593932297171	0.01	0.007	0.007	0.007	0.01	0.020906234576905436	0.038341851198495716	0.02783696932767077	0.010306328343379382	0.0016086663670317703	0.008687783987340743	0.03628579569592645	0.03797168992175578	0.007196933329598924	0.0005152953815390938	98.89973403238575	0.03492319676716982
0.07289470231738415	0.01	0.007	0.007	0.007	0.01	0.02307209978941531	0.04084097134421344	0.030825991927685377	0.011609184597169978	0.0016673647974094201	0.011165444216356214	0.04549787263448212	0.04891002684957379	0.009375625552114374	0.0006331586246008422	98.73572650916968	0.03491168977227458
0.08290385303307439	0.01	0.007	0.007	0.007	0.01	0.025143772423384347	0.04297867118237821	0.03371034465446094	0.012919927981481236	0.001711284908226367	0.014019491437174032	0.05573856796149925	0.061551907263723955	0.011937182687991568	0.0007608548958029248	98.56338209250247	0.034899581331001205
0.09340384648020202	0.01	0.007	0.007	0.007	0.01	0.027108295999723548	0.0447783889349664	0.03647091432126656	0.014230894052374616	0.001743210030699119	0.0172578660696467	0.06695887994343487	0.07594419539753346	0.014905135320542646	0.0008975393940936074	98.38290931980521	0.034886883612568836
0.10442239101772882	0.01	0.007	0.007	0.007	0.01	0.028961758843499354	0.04627373342343997	0.039100718979389035	0.015539198840335802	0.0017657234265627852	0.020897158052972972	0.07914479382261895	0.0921725858589218	0.0183123884357036	0.001042926997797112	98.19387906926717	0.034873563774256454
0.11597650375308273	0.01	0.007	0.007	0.007	0.01	0.030699098757712033	0.04749651414215453	0.041590779130898516	0.01684038681854327	0.001780981176023922	0.02494924086668764	0.0922701888879488	0.11030224496482388	0.022189202695054075	0.0011966861711829853	97.99605089515995	0.03485960197316826
0.12809879813846684	0.01	0.007	0.007	0.007	0.01	0.03231846321127403	0.048479526699176725	0.04393633005512854	0.01813152046200952	0.0017908063429413186	0.029429991720500752	0.10632672453002939	0.13041654082123152	0.026571361741115424	0.001358779923045555	97.78892280608059	0.03484495959936421
0.14082310857178515	0.01	0.007	0.007	0.007	0.01	0.0338184871250155	0.04925361759400849	0.04613301166683635	0.01940935192599344	0.0017967042256229985	0.03435484739533479	0.12130888479144046	0.15259713706928954	0.03149612903670704	0.0015292702930896148	97.5719792741472	0.03482959667366219
0.1541926822681519	0.01	0.007	0.007	0.007	0.01	0.035199183983239124	0.049847807989653825	0.048178194151532766	0.020671089322130173	0.0017999289618178401	0.03974199787029581	0.1372238595836097	0.17693822382154595	0.03700550794806663	0.0017084208082566346	97.34455280165801	0.034813461975025335
0.16825603696179617	0.01	0.007	0.007	0.007	0.01	0.036461157484738084	0.050288542512508916	0.05006986853524873	0.02191382288610536	0.0018015403704616313	0.045611034760513314	0.15408690377169873	0.20354035055929584	0.043145113927924646	0.001896636222352043	97.10589664607136	0.034796498072204064
0.18306968735944923	0.01	0.007	0.007	0.007	0.01	0.03760571506822213	0.05059962100268782	0.05180683812967388	0.0231346593636016	0.001802462762863295	0.051984128713515314	0.17192443251823078	0.23251560534899154	0.04996557551828768	0.0020944975350405907	96.8551406514695	0.0347786380655626
0.19869696931938002	0.01	0.007	0.007	0.007	0.01	0.03863460713052421	0.0508020760195018	0.05338834839993533	0.024330487568997878	0.0018035353491356438	0.05888557558669196	0.1907722692537899	0.2639853780133044	0.05752227101166667	0.0023027494576281695	96.59131383916458	0.03475980704390837
0.21520869645659738	0.01	0.007	0.007	0.007	0.01	0.03955000203381384	0.05091423334704074	0.05481406023200295	0.02549792862598759	0.0018055529820494188	0.06634200171580103	0.21067589859542374	0.2980810264538656	0.06587570439597283	0.0025223179911867447	96.31333619113238	0.034739921335437934
0.23268202877530197	0.01	0.007	0.007	0.007	0.01	0.04035439505626832	0.050951816966029184	0.05608391859091892	0.026633173902728544	0.0018092942999868408	0.07438169813706738	0.2316884364747749	0.33494046902138974	0.07509084482104886	0.002754310213101195	96.02004093789739	0.03471888991819437
0.25119894752768646	0.01	0.007	0.007	0.007	0.01	0.04105059880577528	0.05092812199641336	0.057198144910555936	0.027731863676156623	0.0018155353919152946	0.08303365381540811	0.2538680534819185	0.3747032438379162	0.08523592511831117	0.0030000148596074465	95.71020346217037	0.03469661630512388
0.2708426807774567	0.01	0.007	0.007	0.007	0.01	0.04164175471547214	0.05085422938828328	0.058157268573481934	0.028788937196348265	0.0018250467874597752	0.09232553421692928	0.27727295733124063	0.41750054280682486	0.09637970065374425	0.003260880605691114	95.38260419549736	0.03467300289057913
0.2916921449454061	0.01	0.007	0.007	0.007	0.01	0.042131414806758145	0.050739258961945435	0.05896228674250105	0.029798531163767416	0.001838571892076445	0.10228063760374162	0.3019541707287043	0.4634403290101579	0.108586983008748	0.0035384700715634684	95.03612349022985	0.03464795766654748
0.31381449156635133	0.01	0.007	0.007	0.007	0.01	0.04252369729170304	0.05059064602422389	0.05961497748621852	0.030753990086282906	0.0018567864733419917	0.11291394055856317	0.3279464101004835	0.512588073850148	0.12191238222451595	0.00383438521798433	94.66986586714367	0.03462140318530788
0.33725836449201807	0.01	0.007	0.007	0.007	0.01	0.04282351181084333	0.050414410405009887	0.06011838108567991	0.031648121794807124	0.0018802443456398922	0.12422861220574292	0.355260312667729	0.5649496045098779	0.1363938942734969	0.0041501908237210556	94.28326944340418	0.03459328462576524
0.3620521158498738	0.01	0.007	0.007	0.007	0.01	0.04303676504838613	0.050215372413647374	0.06047731383484656	0.03247376251044375	0.001909323478923944	0.13621520795091857	0.3838809390691965	0.6204665259353799	0.15204942641909605	0.004487385599053703	93.87613067313886	0.0345635718702876
0.3882106767477956	0.01	0.007	0.007	0.007	0.01	0.04317039477316519	0.049997283316141755	0.060698640606519624	0.03322454239732934	0.0019441934354830232	0.14885539724859845	0.4137764167164001	0.6790330569881711	0.1688793870558523	0.004847470358960675	93.44848614135626	0.03453225119751045
0.41574934577352823	0.01	0.007	0.007	0.007	0.01	0.04323211562097796	0.04976289327387578	0.060791052152536544	0.03389552819522296	0.001984817797314912	0.16212924188804592	0.4449140164310757	0.7405297982167712	0.18687491790271943	0.005232100106318168	93.000384181261	0.034499308734219455
0.4446987621093142	0.01	0.007	0.007	0.007	0.01	0.043229930145882306	0.0495140140623401	0.060764372886829524	0.034483474726210724	0.0020309877976738026	0.17602294736221755	0.47727656763256926	0.8048599634098766	0.20602808026844224	0.005643257439216619	92.53164338249944	0.03446471258012661
0.47511729236795974	0.01	0.007	0.007	0.007	0.01	0.043171580963276834	0.04925160445199524	0.06062866602535436	0.03498668155182038	0.00208237264778454	0.1905349923466643	0.510874815825019	0.8719780105271142	0.22634094192772475	0.006083407547348594	92.04166031887284	0.03442839813183156
0.50710166782711	0.01	0.007	0.007	0.007	0.01	0.043064086634201845	0.04897585658764345	0.060393385395629814	0.03540462173480114	0.002138574328770729	0.20568089193477226	0.5457567406169817	0.9419115215987267	0.24783342265488054	0.0065556532533378896	91.52925268433036	0.03439025560392535
0.5407992321536949	0.01	0.007	0.007	0.007	0.01	0.042913400790440245	0.04868624249325557	0.060066662698472335	0.03573748697229112	0.0021991814116440484	0.22149811341148296	0.5820174738124231	1.0147830618080924	0.2705516231120721	0.007063943453513776	90.99248442185413	0.03435011574836775
0.5764263513041964	0.01	0.007	0.007	0.007	0.01	0.042724157691601095	0.04838147919433026	0.059654681693938845	0.035985702966370964	0.002263822373514339	0.23805314131103172	0.619814286608022	1.0908408547488022	0.29457927020495867	0.007613411139607446	90.4284032922972	0.03430772839667746
0.6142962815715626	0.01	0.007	0.007	0.007	0.01	0.04249944663233225	0.04805939083676957	0.05916104512823601	0.036149374988397355	0.002332217884117871	0.25545189563847404	0.6593891332815678	1.1705031797365233	0.32005390164793884	0.008210907319318728	89.83264541360455	0.03426273000769336
0.654842647297296	0.01	0.007	0.007	0.007	0.01	0.042240676243617124	0.04771679638733625	0.05858629534726058	0.036227581978432837	0.0024041995748842887	0.2738467155365371	0.7010830691765448	1.2543846039588928	0.34717750940570674	0.008865525212521317	89.19913286313829	0.034214616806145924
0.6984651725470866	0.01	0.007	0.007	0.007	0.01	0.041948723107870074	0.04735087956725719	0.05793032735785981	0.03621790665416571	0.0024793972756305795	0.2933628197982723	0.7451686875726542	1.3429547680594967	0.37610628795159984	0.009586199033515314	88.52254518119172	0.03416292880976641
0.7444117806107351	0.01	0.007	0.007	0.007	0.01	0.041632013003157026	0.046968478617345585	0.057210844077585615	0.036120860079593385	0.0025554223969603174	0.3136092009335568	0.7907515542702708	1.4343363246679182	0.40621803589057365	0.01036246626109901	87.81545952477387	0.03410857145923439
0.7906970376673386	0.01	0.007	0.007	0.007	0.01	0.041307694760336425	0.046586375900714794	0.05646693891820411	0.03594950009981794	0.0026282551871153943	0.3336840876699175	0.8358012949459644	1.524400681799435	0.4361155342107673	0.011160877572919725	87.10887272534661	0.034053900915745484
0.8371759316643507	0.01	0.007	0.007	0.007	0.01	0.04097955021930923	0.046205804277251	0.05570833253592212	0.03571717192853275	0.0026973401743004654	0.35352109332413856	0.8801761489489031	1.612833683065349	0.46564573038208373	0.011977676701150929	86.40505093135563	0.03399908983354136
0.8836832034392155	0.01	0.007	0.007	0.007	0.01	0.040650577316892214	0.04582811655313476	0.05494320410055202	0.03543597534412788	0.002762292505274422	0.3730505576236941	0.9237264309386767	1.6993196663341477	0.4946602009606234	0.01280849610081983	85.70649135285717	0.03394433358768363
0.9302701613256972	0.01	0.007	0.007	0.007	0.01	0.04032160031383316	0.04545288239348974	0.054174737820338485	0.035115140579013826	0.0028231682708631583	0.3922967935979536	0.966511342370302	1.7839678310279221	0.5231591143090233	0.013652739756411363	85.01239700128765	0.033889571934600994
0.976923305246672	0.01	0.007	0.007	0.007	0.01	0.039993478148561024	0.04508019997762551	0.05340613086394114	0.03476262656576156	0.0028800053692677146	0.41125704564400245	1.0085284928317282	1.8667704609387945	0.5511097350062346	0.014508700384018983	84.32294963942026	0.03383482101577555
1.0236926684222105	0.01	0.007	0.007	0.007	0.01	0.039666351404475206	0.04470966237780732	0.05263880013569428	0.03438456101294771	0.0029329672458099647	0.4299543805572588	1.0498318957833257	1.9478348654377253	0.5785234149324437	0.015375894747762145	83.63739703664582	0.03378002248958036
1.070606585361826	0.01	0.007	0.007	0.007	0.01	0.03934034322513321	0.044341045390814585	0.05187401019800623	0.03398607744933639	0.0029822127451422805	0.4484022599771909	1.0904534229147138	2.0272267989909056	0.6054019612193275	0.016253526603383826	82.95532496182894	0.03372514375611945
1.1177124805383978	0.01	0.007	0.007	0.007	0.01	0.03901533769653492	0.043973983873468285	0.051112359444115005	0.03357121447780432	0.003027931091610525	0.46662085310154255	1.1304390379484404	2.1050409209045307	0.6317606123774654	0.017141237441880553	82.27605825292306	0.033670130154610914
1.1650485539820565	0.01	0.007	0.007	0.007	0.01	0.03869121854107887	0.04360819573352012	0.05035435102122751	0.03314332597126965	0.0030703021736690596	0.4846257274694415	1.1698239429729547	2.1813515730587762	0.6576106982692373	0.018038574509507285	81.5990752033856	0.03361493813326325
1.212656837373462	0.01	0.007	0.007	0.007	0.01	0.03836780456998718	0.04324337922059454	0.049600254255017094	0.03270511604418724	0.0031095050107265852	0.502432987686909	1.2086439761468402	2.2562347527961486	0.6829665071051684	0.0189452269320229	80.92381750528486	0.03355951997796632
1.2605738001159288	0.01	0.007	0.007	0.007	0.01	0.038044930550349396	0.04287928516195087	0.04885030588414858	0.03225884042897327	0.003145706220333012	0.5200557382996267	1.246927942163074	2.3297530837278995	0.7078397342491216	0.019860839173680436	80.24982394712403	0.03350383475966393
1.3088347451530051	0.01	0.007	0.007	0.007	0.01	0.0377224272139561	0.04251568213313723	0.0481046736013039	0.03180636104774857	0.003179062639822907	0.5375058462823545	1.2847015413413638	2.4019633865809418	0.7322416780887044	0.02078508555344636	79.57666597647109	0.03344784318825204
1.3574708267283637	0.01	0.007	0.007	0.007	0.01	0.037400147555831535	0.04215237822071934	0.04736352560400748	0.031349248602660064	0.003209718604092694	0.5547929399917662	1.3219852606821556	2.4729126395848327	0.756181581096807	0.021717605416084338	78.90398801138322	0.033391511055964225
1.4065106868024109	0.01	0.007	0.007	0.007	0.01	0.0370779594458261	0.041789207592689046	0.04662702000681208	0.030888827011913436	0.003237807337076516	0.5719251165604213	1.358795973265187	2.5426410977281693	0.7796674540191433	0.02265802750114564	78.231482607786	0.03333480730992835
1.4559796848191042	0.01	0.007	0.007	0.007	0.01	0.0367557528103228	0.041426035300564504	0.04589532643176406	0.03042622811983209	0.0032634509099506532	0.5889087687301886	1.39514662181491	2.6111817531222288	0.8027057112133559	0.023605949390305903	77.55889937736337	0.033277704919353876
1.5059006226308431	0.01	0.007	0.007	0.007	0.01	0.03643343591591847	0.041062750958264484	0.0451686212561706	0.029962422814086457	0.0032867613083486904	0.6057489376698896	1.431047030889412	2.6785619453517606	0.8253015691493016	0.024560946622031503	76.88603330855597	0.03322018001186977
1.5562936804424694	0.01	0.007	0.007	0.007	0.01	0.03611093626300495	0.04069926836923569	0.04444709245409617	0.0294982520243482	0.0033078410810597867	0.6224493787794924	1.4665040948260575	2.744803780087017	0.8474590724644272	0.025522567587678895	76.21272409925683	0.03316221192489663
1.6071768383268061	0.01	0.007	0.007	0.007	0.01	0.03578819796092076	0.040335521674468	0.04373093571833	0.02903444728166436	0.0033267842444151016	0.639012784725372	1.5015222961989305	2.809925160880236	0.8691813488835646	0.026490338497299554	75.53884904375953	0.03310378269873636
1.6585660416191277	0.01	0.007	0.007	0.007	0.01	0.03546518056963658	0.03997146346901705	0.043020353390957666	0.028571649026321085	0.0033436770266022237	0.6554409109124325	1.5361040098360979	2.8739404048287667	0.8904707420053725	0.027463764077469508	74.86431956277269	0.03304487686765166
1.7104754857163413	0.01	0.007	0.007	0.007	0.01	0.03514185707514843	0.039607062146752914	0.04231555110068573	0.028110420156451318	0.003358598616681954	0.6717347309388729	1.570249865041961	2.936860954124977	0.9113289898585575	0.028442331063024462	74.1890763012716	0.03298548111603993
1.7629178222258064	0.01	0.007	0.007	0.007	0.01	0.034818212326329014	0.03924229989786485	0.04161673520472995	0.027651257403115304	0.0033716218289538934	0.6878945569401519	1.603959028304082	2.9986959266093884	0.9317573603147036	0.02942551059981318	73.51308543312277	0.03292558402745787
1.8159043819107121	0.01	0.007	0.007	0.007	0.01	0.03449424136224582	0.03887717066883517	0.040924109859392856	0.027194600253779008	0.0033828137190843044	0.7039201568091027	1.6372294747197422	3.0594526334274517	0.9517567838352105	0.030412761285929634	72.8363348939141	0.03286517581670048
1.869445362475671	0.01	0.007	0.007	0.007	0.01	0.034169947976843314	0.03851167844549216	0.04023787454916597	0.02674083835395985	0.0033922361377872307	0.7198108525396439	1.6700582155236134	3.1191370047441365	0.971327962175742	0.03140353179524927	72.15883121036609	0.032804248104305385
1.9235500083492039	0.01	0.007	0.007	0.007	0.01	0.03384534336237299	0.038145835660658926	0.03955822177428766	0.026290317507339234	0.003399946234313603	0.7355656090980477	1.7024415019553776	3.177753962306161	0.9904714645783261	0.03239726353665224	71.48059655877059	0.032742793702207826
1.9782267711948456	0.01	0.007	0.007	0.007	0.01	0.03352044490653433	0.037779661798101424	0.03888533509021103	0.025843344659092937	0.0034059969113209385	0.7511831111076824	1.7343750002613825	3.235307730736085	1.0091878077313663	0.03339339308949822	70.80166618554819	0.03268080642324782
2.033483468471283	0.01	0.007	0.007	0.007	0.01	0.033195275041723864	0.03741318206999023	0.03821938730703421	0.02540019194637836	0.0034104372377680154	0.766661833048837	1.765853949959811	3.2918021109242086	1.027477526327147	0.03439135469281484	70.12208596247842	0.0326182808947169
2.0893274062359666	0.01	0.007	0.007	0.007	0.01	0.032869860346602234	0.03704642638818049	0.0375605392731333	0.024961100271862633	0.0034133128204848133	0.782000093995051	1.7968732874287163	3.3472406845836713	1.0453412235588964	0.03539058214177781	69.44191048526277	0.03255521241411265
2.145765512886252	0.01	0.007	0.007	0.007	0.01	0.03254423062078383	0.03667942831120895	0.03690893866794509	0.02452628216222789	0.003414666143429722	0.7971961108241351	1.8274277636845913	3.4016270032754607	1.0627796184249927	0.03639051091774785	68.76120112579041	0.03249159679402571
2.202804430955538	0.01	0.007	0.007	0.007	0.01	0.03221841823974745	0.036312224310915554	0.0362647194271534	0.024095924445988365	0.003414536874617306	0.8122480357908862	1.8575120280752366	3.454964712420154	1.0797935735049617	0.037390579583562726	68.08002467603077	0.0324274302558068
2.2604506412618344	0.01	0.007	0.007	0.007	0.01	0.03189245735649047	0.03594485286873738	0.03562800092252593	0.02367019026480379	0.003412962146512988	0.8271539991555494	1.887120719927388	3.5072576863465836	1.0963841273829031	0.038390231752226306	67.39845167497975	0.0323627092880736
2.3187105589403565	0.01	0.007	0.007	0.007	0.01	0.031566383300582444	0.03557735379598251	0.0349988876010928	0.02324922097105883	0.003409976809192591	0.8419121406082573	1.916248535489605	3.558510116919123	1.1125525129695086	0.03938891753160769	66.71655515003813	0.03229743053829007
2.3775906111751	0.01	0.007	0.007	0.007	0.01	0.03124023210979041	0.035209767704455705	0.03437746893181912	0.02283313788070379	0.0034056136614108545	0.8565206330439704	1.9448902778743378	3.608726570666747	1.1283001665003878	0.04038609462788261	66.03440963651158	0.03223159072605411
2.437097315207146	0.01	0.007	0.007	0.007	0.01	0.030914040085959542	0.0348421355050026	0.033763819436758574	0.022422043790382016	0.0033999036613770865	0.8709777039093893	1.9730409006431286	3.6579120339804545	1.1436287333252708	0.04138122942661189	65.35209024820945	0.03216518655712762
2.497237376627835	0.01	0.007	0.007	0.007	0.01	0.03058784326753341	0.03447449781246122	0.03315799860434693	0.022016024171665437	0.0033928761154230634	0.8852816589015091	2.000695554305778	3.7060719629925805	1.1585400754652442	0.04237379836568996	64.66967157360061	0.03209821461598682
2.558017752165887	0.01	0.007	0.007	0.007	0.01	0.030261677124802325	0.03410689460185759	0.032560051255589265	0.021615148465547716	0.0033845588508732345	0.8994308945406437	2.027849609558186	3.753212292900088	1.173036266726863	0.043363288653955286	63.9872270375636	0.032030671299190926
2.6194457321022253	0.01	0.007	0.007	0.007	0.01	0.029935576172492956	0.033739364771574645	0.03197000777542973	0.021219471117789202	0.0033749783698972056	0.9134239133858039	2.0544986843251607	3.799339454619586	1.1871195903057856	0.04434919925878331	63.30482808988608	0.03196255272794966
2.6815289977689036	0.01	0.007	0.007	0.007	0.01	0.029609573740223254	0.033371945884523704	0.03138788464790689	0.020829032677557185	0.0033641599907911187	0.9272593314713269	2.080638654589623	3.844460364312363	1.200792528175634	0.04533104142322203	62.62254372365857	0.03189385468948002
2.744275702822479	0.01	0.007	0.007	0.007	0.01	0.029283701639247366	0.03300467379247813	0.030813684809016924	0.02044386065729507	0.0033521279709686426	0.940935889403327	2.1062656710457364	3.8885824243784155	1.214057754096179	0.04630833949871448	61.94043977623891	0.03182457255306612
2.8076945542894802	0.01	0.007	0.007	0.007	0.01	0.028957989857571316	0.03263758229241173	0.030247398060422898	0.020063970336614747	0.0033389056148885	0.9544524613266073	2.13137617034807	3.931713516619023	1.2269181241865583	0.04728063168225334	61.2585782890539	0.03175470118766605
2.8717948761243446	0.01	0.007	0.007	0.007	0.01	0.028632466370380923	0.03227070291281533	0.02968900168522998	0.019689365621518514	0.003324515372082806	0.9678080583113944	2.155966874730249	3.9738619772245745	1.2393766620268438	0.04824747039384875	60.577017108300616	0.03168423490005138
2.9365866931144833	0.01	0.007	0.007	0.007	0.01	0.02830715686972269	0.031904064609018075	0.02913846091554243	0.019320039737659722	0.0033089789188626944	0.981001834447996	2.1800347955707013	4.015036580628004	1.2514365464028017	0.0492084228765242	59.895809316169434	0.031613167351762665
3.0020808101210066	0.01	0.007	0.007	0.007	0.01	0.027982084544891983	0.03153769351566397	0.02859572948098384	0.018955975922697106	0.0032923172291244155	0.9940330901476299	2.203577230580093	4.055246514615899	1.2631010963622373	0.05016307161803746	59.21500276772992	0.03154149148260699
3.0682888907438755	0.01	0.007	0.007	0.007	0.01	0.027657269891528505	0.031171612731545405	0.02806075019235839	0.018597148096357607	0.0032745506347474063	1.0069012736857572	2.226591756674751	4.094501350452711	1.2743737547482499	0.051111014657466744	58.534639687478595	0.0314691994361978
3.1352235891352174	0.01	0.007	0.007	0.007	0.01	0.02733273029004731	0.03080584184446958	0.027533455135980926	0.01824352123123862	0.0032556988612418235	1.0196059911779425	2.2490762365857995	4.1328110389114086	1.2852580789790145	0.0520518665238091	57.85475578218978	0.031396282429110293
3.202898593501051	0.01	0.007	0.007	0.007	0.01	0.027008480048247102	0.030440396979273626	0.027013766618912305	0.017895052195490386	0.0032357810777488244	1.0321469975211726	2.2710287901257207	4.170185848661992	1.2957577150962234	0.052985257774577535	57.17538032551645	0.0313227307182066
3.2713287952951275	0.01	0.007	0.007	0.007	0.01	0.02668452986545931	0.03007529019389107	0.0265015971554363	0.01755168992593735	0.0032148159034287374	1.044524209421396	2.2924478033149733	4.206636371969151	1.3058763907926894	0.053910836163125114	56.496535030275496	0.031248533432846504
3.3405304026955704	0.01	0.007	0.007	0.007	0.01	0.02636088661161566	0.029710529230344746	0.02599684996538488	0.0172133759223383	0.0031928214198817468	1.056737705103219	2.3133319119690903	4.242173489737536	1.315617896381512	0.05482826681966175	55.81823357967202	0.03117367847029111
3.41052106957859	0.01	0.007	0.007	0.007	0.01	0.026037553071680822	0.02934611722670454	0.0254994194011705	0.01688004467512197	0.0031698151719895163	1.068787724684403	2.333679984899586	4.276808338991334	1.324986066156508	0.05573723246532375	55.140481085343296	0.03109815237661935
3.481320079101501	0.01	0.007	0.007	0.007	0.01	0.025714527484052493	0.028982052196836264	0.02500919104951036	0.016551623859363852	0.0031458141440541387	1.0806746773694031	2.3534911166543555	4.310552299828794	1.3339847645281298	0.05663743412375818	54.46327311277082	0.0310219401714646
3.5529485187013323	0.01	0.007	0.007	0.007	0.01	0.02539180317738964	0.02861832662108301	0.024526041989196206	0.016228034620099852	0.003120834731571831	1.0923991437960687	2.3727646094631525	4.343416967482635	1.342617867343501	0.057528591450616715	53.7865949120097	0.030945025185448425
3.6254295432195143	0.01	0.007	0.007	0.007	0.01	0.02506936787467305	0.028254926661901027	0.02404984055665305	0.015909191516745243	0.003094892676203095	1.10396188921996	2.391499970096653	4.375414153609306	1.3508892499763607	0.05841044386357388	53.110419949591176	0.03086738880680957
3.6987885607729334	0.01	0.007	0.007	0.007	0.01	0.024747203420932794	0.02789183185698624	0.02358044675879202	0.01559500289151745	0.0030680030221976193	1.1153638598474527	2.4096968756273487	4.406555838716757	1.358802761465356	0.05928275036341014	52.43470932748323	0.030789010315498095
3.773053624738711	0.01	0.007	0.007	0.007	0.01	0.024425284683309737	0.02752901387958255	0.02311771148580526	0.015285370426313628	0.003040179993925472	1.1266062071106366	2.427355180370528	4.436854199610442	1.366362216627373	0.0601452914527336	51.759409464844474	0.030709866501838844
3.8482557202607603	0.01	0.007	0.007	0.007	0.01	0.024103579029396714	0.027166435950535812	0.02266147661481926	0.01498018928935601	0.0030114369064490223	1.1376902890491878	2.4444748806903283	4.466321570214484	1.3735713691269857	0.060997869270623735	51.084450990613895	0.030629931404685208
3.9244292903549964	0.01	0.007	0.007	0.007	0.01	0.02378204489487857	0.026804051223943866	0.022211573853380063	0.014679347433052407	0.002981785982496827	1.1486177009397578	2.461056119597112	4.494970476942533	1.3804339008352375	0.061840309924706266	50.40974572346393	0.030549175801934503
4.001612690306004	0.01	0.007	0.007	0.007	0.01	0.023460630823237665	0.026441801704843594	0.021767824335376974	0.014382725390964435	0.002951238192693916	1.159390286145013	2.477099152434442	4.522813614775794	1.3869533933532134	0.06267246425252226	49.7351846391804	0.03046756678711729
4.07984891252877	0.01	0.007	0.007	0.007	0.01	0.02313927355332641	0.026079616093798084	0.021330036974967347	0.014090195240877188	0.0029198029885367715	1.1700101754370211	2.492604346219761	4.5498638905563205	1.3931333118268452	0.06349421071135174	49.06063383670934	0.030385067070725896
4.15918640438515	0.01	0.007	0.007	0.007	0.01	0.02281789597672846	0.025717407484724942	0.02089800679138853	0.013801619546667242	0.0028874879956118198	1.1804798250449149	2.507572163390329	4.576134451138145	1.398976979476968	0.06430545809603923	48.38593022613119	0.030301634198604162
4.239680125442494	0.01	0.007	0.007	0.007	0.01	0.02249640442182238	0.02535507030388337	0.020471512495650924	0.01351684980625872	0.002854298610266747	1.1908020702485904	2.5220031515582333	4.601638736878854	1.4044875508705366	0.06510614936103051	47.71087579756502	0.03021721953656647
4.3213929199135	0.01	0.007	0.007	0.007	0.01	0.02217468506537417	0.024992476265540287	0.020050313152027585	0.01323572428262119	0.0028202374688685045	1.200980198468579	2.5358979387164577	4.626390564400076	1.4096679820158955	0.06589626682782311	47.03523005073374	0.030131766947944727
4.404397302526599	0.01	0.007	0.007	0.007	0.01	0.02185259922158743	0.024629469062472528	0.019634143684459277	0.012958065066612508	0.002785303750104753	1.2110180465762361	2.5492572322148903	4.65040424254397	1.414520994400694	0.06667583910542177	46.358700057303764	0.03004521106950781
4.488777908493406	0.01	0.007	0.007	0.007	0.01	0.021529976727161046	0.024265856910573137	0.01922270835269282	0.012683673790705669	0.0027494922073681327	1.2209201423092833	2.5620818363606404	4.67369475843732	1.419049035094465	0.06744495120940962	45.68092651076753	0.029957474935866812
4.574634821774348	0.01	0.007	0.007	0.007	0.01	0.021206606895501107	0.02390140235377163	0.01881567173759921	0.012412325690924507	0.002712791843876117	1.2306918989560576	2.574372682134176	4.696278038234174	1.423254225199939	0.06820375850188327	45.00146465107242	0.029868466747171692
4.662088362360996	0.01	0.007	0.007	0.007	0.01	0.020882225269276765	0.0235358073334837	0.018412645297150036	0.012143760730760771	0.00267518398997911	1.2403399069479852	2.5861308973707637	4.718171359409971	1.4271382984634753	0.06895250769844456	44.3197563346742	0.029778075203286382
4.75128616471445	0.01	0.007	0.007	0.007	0.01	0.020556493768738547	0.023168690814770257	0.018013166998935095	0.011877670135288732	0.0026366394368144168	1.2498723771903002	2.597357939039853	4.739393997915282	1.4307025231016621	0.06969156896200276	43.635088186554285	0.02968616258566738
4.842414099631059	0.01	0.007	0.007	0.007	0.01	0.020228969673934966	0.022799553827787773	0.017616669221842303	0.011613675149725515	0.002597113978914533	1.259299842633681	2.608055838223111	4.759968279878019	1.4339475988849677	0.07042148693420264	42.946526222108744	0.02959255405460807
4.935714191498487	0.01	0.007	0.007	0.007	0.01	0.019899054037907492	0.022427721327048008	0.01722242491578878	0.011351291385648854	0.002556541044059136	1.2686363413335309	2.618227677322826	4.779921405116962	1.4368735211385388	0.0711430672470461	42.252807129828156	0.029497020041325425
5.031516236921714	0.01	0.007	0.007	0.007	0.01	0.019565899452728193	0.022052238239649222	0.01682945062782033	0.011089864572968011	0.0025148185880643115	1.2779015587539604	2.627878560064332	4.799288831369665	1.4394793962550214	0.07185753397251572	41.552143917523416	0.029399245090209726
5.130299156086464	0.01	0.007	0.007	0.007	0.01	0.019228228912601238	0.021671665316519304	0.016436314843763063	0.01082844353800824	0.0024717834877277345	1.287125083237035	2.637017724978628	4.818121141644821	1.4417631841355907	0.07256684381570518	40.84184427042863	0.02929876724873491
5.232826614776997	0.01	0.007	0.007	0.007	0.01	0.018883931028248296	0.02128362292415145	0.01604070730554344	0.010565494697068238	0.002427154589739315	1.2963560125238764	2.645663686142318	4.836499835848554	1.4437213332168073	0.07327439825090379	40.11745779173347	0.02919484377897514
5.340507042575465	0.01	0.007	0.007	0.007	0.01	0.01852897613441768	0.0208835694658618	0.015638280793368587	0.010298134122948346	0.002380380845640455	1.3056888825733692	2.6538588851320495	4.854580561934668	1.4453482506253152	0.07398697169343019	39.37049277153148	0.029086094028436493
5.45649139379996	0.01	0.007	0.007	0.007	0.01	0.01815412146110452	0.0204610880676058	0.015219141836390658	0.010019801023011529	0.002330178916960588	1.3153421123711087	2.6617128250632103	4.872722773987961	1.4466339090042049	0.07472053917676187	38.581475287855824	0.028969411000695968
5.577975072095761	0.01	0.007	0.007	0.007	0.01	0.017769636325774916	0.0200277524200326	0.01479533197552802	0.009738503303827126	0.002277875160365056	1.32502649689769	2.66890364754566	4.8903178504393106	1.4474900609182362	0.07545234690974015	37.77199658367052	0.02884769739488337
5.681476615421012	0.01	0.007	0.007	0.007	0.01	0.01744850518562715	0.01966581800915161	0.014445980449928219	0.009506731314508295	0.00223356561182782	1.3329465452253182	2.674230079331388	4.904228930758975	1.4478451018778415	0.07604730165992954	37.09575051104227	0.02874440347685181
5.777717517294235	0.01	0.007	0.007	0.007	0.01	0.01715511976780552	0.019335155403836828	0.014130415613530435	0.009297456291118233	0.002192609515954424	1.3400479579569176	2.678549266791092	4.916314528307777	1.447882018663907	0.07657770838730456	36.47781062820294	0.02864868751538876
5.872236724825811	0.01	0.007	0.007	0.007	0.01	0.016871793177934448	0.019015829921364226	0.013828872974161181	0.00909755326976197	0.0021526567399109695	1.346783956987723	2.6822191198720686	4.927420971797951	1.447656179570118	0.07707785680034482	35.88094538407521	0.028554994086343165
5.966452375589064	0.01	0.007	0.007	0.007	0.01	0.016594041450816114	0.018702787615051657	0.013536262636451583	0.008903640129836531	0.002113126086164043	1.3532709424353278	2.685333504390208	4.93777024362086	1.4471843542212193	0.07755650686989204	35.295716358870095	0.02846190650600454
6.060148796764095	0.01	0.007	0.007	0.007	0.01	0.016322363162135825	0.018396590327932175	0.013252871806226528	0.008715901180428032	0.002074126374984388	1.3595043502190687	2.6879118401295456	4.947377067646251	1.4464818715057957	0.0780133945121111	34.72317935957833	0.028369632896167136
6.153149643166343	0.01	0.007	0.007	0.007	0.01	0.016057108010119243	0.01809763218448117	0.01297882555411556	0.008534413217230643	0.002035745737335612	1.365483612092476	2.6899777767762383	4.956263823915513	1.4455649046329229	0.07844858231237822	34.164077121775634	0.028278340129364518
6.245486026932498	0.01	0.007	0.007	0.007	0.01	0.01579802009898881	0.017805624784354844	0.012713629943526343	0.008358843317081874	0.001997983419488129	1.3712218488847665	2.691560254838619	4.964473110904628	1.4444476150196421	0.07886314719624667	33.61787608805688	0.028187990260621982
6.3372318177994655	0.01	0.007	0.007	0.007	0.01	0.015544737043678071	0.017520159704991323	0.012456704147270133	0.008188801613345953	0.001960819765091381	1.3767339201811282	2.6926866272928116	4.9720478352958954	1.4431423716304839	0.07925828812309252	33.08381774060086	0.02809850418679799
6.428456645500756	0.01	0.007	0.007	0.007	0.01	0.0152969254766919	0.017240861226411303	0.01220751930053682	0.008023933217729446	0.001924235970325249	1.3820333744469242	2.693381569471919	4.979026729016851	1.4416602308752584	0.07963510189871649	32.56120420820396	0.028009807915315352
6.519222192570923	0.01	0.007	0.007	0.007	0.01	0.015054289116100687	0.016967395425549883	0.01196560363330727	0.007863921537934236	0.0018882157034978426	1.3871323624793641	2.693667374311373	4.985444547500131	1.440011171676017	0.07999457774304139	32.049415347924906	0.027921836065162638
6.6095827218098515	0.01	0.007	0.007	0.007	0.01	0.014816564967784896	0.01669946589630208	0.011730535800860354	0.007708483791063916	0.001852744947164536	1.3920418064031095	2.693564298501278	4.991332605114729	1.4382042636602457	0.08033761047272632	31.547900807701037	0.027834531219095165
6.69958610091349	0.01	0.007	0.007	0.007	0.01	0.014583518534058093	0.01643680834945692	0.011501937697200681	0.007557366187302168	0.001817811626036175	1.3967715754888215	2.693090857346772	4.996719267916918	1.4362477981732262	0.08066501400482831	31.056169981993474	0.02774784281157752
6.7892751148429795	0.01	0.007	0.007	0.007	0.01	0.014354938674239313	0.016179184820303196	0.011279467376928832	0.007410339196949394	0.0017834051218786283	1.4013306545964301	2.692264062775598	5.00163038458541	1.43414938498752	0.08097753408679645	30.57378122090848	0.027661725762834547
6.878687051443797	0.01	0.007	0.007	0.007	0.01	0.014130637181742291	0.01592638319199416	0.01106281692619206	0.007267196097620073	0.0017495164481913046	1.4057272069866342	2.691099633349421	5.0060895601233	1.4319160671763935	0.08127585356422734	30.10034098318472	0.027576140789399236
6.967855575805707	0.01	0.007	0.007	0.007	0.01	0.013910442740123766	0.015678210383706388	0.010851705130621404	0.0071277480899361026	0.0017161375435069406	1.4099687408810904	2.689612151926492	5.010118509741654	1.429554366270608	0.08156060461803928	29.635491119805398	0.02749105252885331
7.056810903045247	0.01	0.007	0.007	0.007	0.01	0.013694199492385987	0.01543449073815915	0.010645874897231572	0.006991822561865351	0.0016832612230316592	1.4140621750070979	2.6878152038202314	5.0137372703576	1.4270703500513091	0.08183237387268473	29.178905885386108	0.027406429315773133
7.145580369017873	0.01	0.007	0.007	0.007	0.01	0.013481764758863708	0.015195063449557844	0.010445090030425125	0.00685926093101105	0.0016508809780200957	1.4180139152421372	2.6857214888822187	5.016964401867021	1.4244696796932932	0.08209170815433821	28.73028714778422	0.02732224258523681
7.23418877589624	0.01	0.007	0.007	0.007	0.01	0.013273007456097956	0.014959780781583326	0.010249132836821497	0.006729917038539132	0.0016189908603928115	1.4218299126048377	2.683342917928266	5.019817150659422	1.421757653148954	0.08233911888571992	28.28936107312478	0.027238466499962703
7.322658757186664	0.01	0.007	0.007	0.007	0.01	0.013067806585596394	0.014728506364148448	0.010057801924856329	0.0066036556751626185	0.0015875853610766897	1.4255157157170018	2.680690693075072	5.022311591571105	1.4189392401094258	0.08257508602094674	27.85587495476907	0.02715507756606768
7.411011017728178	0.01	0.007	0.007	0.007	0.01	0.012866050117361427	0.014501113935077796	0.009870910483667469	0.0064803514264269915	0.0015566593343947124	1.4290765124466729	2.6777753781830604	5.024462746969311	1.416019114165024	0.08280006119171139	27.429594872960198	0.027072054373185307
7.4992645794288215	0.01	0.007	0.007	0.007	0.01	0.012667633939023914	0.01427748615572922	0.009688284712305721	0.006359887619633783	0.0015262079208405498	1.4325171674489932	2.6746069585143126	5.026284690828048	1.4130016794308233	0.08301447051990246	27.0103034905349	0.026989377333963713
7.587436975429277	0.01	0.007	0.007	0.007	0.01	0.012472460993090528	0.014057513638628725	0.00950976250009065	0.006242155438569149	0.0014962264887567831	1.4358422538338973	2.6711948928538063	5.027790638381742	1.4098910942514125	0.08321871699332173	26.597798243859124	0.02690702847638425
7.67554443464148	0.01	0.007	0.007	0.007	0.01	0.012280440494950806	0.013841094066125268	0.009335192246379413	0.006127053131988983	0.0014667105800804713	1.4390560812735287	2.6675481582256273	5.028993024515395	1.406691291348789	0.08341318256230905	26.191889702533366	0.026824991248772655
7.7636019991169	0.01	0.007	0.007	0.007	0.01	0.012091487348449543	0.013628131531713043	0.009164431916129749	0.006014485379139424	0.0014376558793234696	1.4421627189250117	2.66367529074783	5.029903571755207	1.4034059970854553	0.08359822986888302	25.792400345069957	0.02674325039056707
7.851623650721828	0.01	0.007	0.007	0.007	0.01	0.011905521580181431	0.013418535902453777	0.008997348158854047	0.00590436269837855	0.0014090581794275502	1.44516601652906	2.6595844208063997	5.030533350758408	1.4000387476933254	0.08377420382484663	25.399163372838444	0.026661791796778956
7.939622424210706	0.01	0.007	0.007	0.007	0.01	0.011722467839758652	0.013212222255754304	0.008833815528461282	0.005796600923465705	0.0013809133525391336	1.448069623053593	2.6552833040266437	5.0308928337815635	1.396592903595233	0.08394143300400735	25.012021662284766	0.026580602397385484
8.027610512907419	0.01	0.007	0.007	0.007	0.01	0.011542254948325106	0.013009110370519978	0.008673715782509726	0.005691120733208029	0.0013532173237022019	1.450877003353917	2.6507793483920388	5.030991942082941	1.3930716619047248	0.08410023088190065	24.63082681810212	0.02649967004563788
8.115599314861747	0.01	0.007	0.007	0.007	0.01	0.011364815596222572	0.012809124386410657	0.008516937345176065	0.005587847289861735	0.0013259660635300784	1.453591451471847	2.6460796408586327	5.030840088148958	1.3894780695152134	0.08425089685245685	24.255438540975746	0.026418983462836266
8.203599547904595	0.01	0.007	0.007	0.007	0.01	0.01119008592235329	0.01261219232976164	0.00836337469206257	0.005486709826810206	0.0012991555593525204	1.4562161048919557	2.6411909674187513	5.03044621363217	1.3858150318949665	0.08439371727137882	23.885723744306297	0.02633853212114807
8.291621276456715	0.01	0.007	0.007	0.007	0.01	0.011018005293805179	0.012418245865211416	0.008212927936397016	0.00538764136960431	0.001272781814050553	1.458753954911522	2.6361198350692128	5.029818823408095	1.3820853240801245	0.08452896625640033	23.521556093866977	0.02625830620880001
8.37967397843807	0.01	0.007	0.007	0.007	0.01	0.010848516020630338	0.012227219974243598	0.008065502378337603	0.005290578433292163	0.0012468408323323401	1.4612078573451899	2.6308724894234166	5.028966016341046	1.378291598887377	0.08465690648606707	23.162815409701473	0.02617829655945624
8.467766605801703	0.01	0.007	0.007	0.007	0.01	0.010681563100853917	0.01203905266779967	0.007921008099966763	0.005195460750390574	0.0012213286093155575	1.4635805421314736	2.6254549304921206	5.027895512934904	1.3744363942988087	0.08477778991670895	22.809387131404993	0.02609849458858398
8.55590760960335	0.01	0.007	0.007	0.007	0.01	0.01051709404735851	0.011853684791169987	0.007779359647987122	0.005102231057080934	0.0011962411295399487	1.4658746212116467	2.619872928778325	5.02661468071609	1.3705221414559388	0.08489185839039165	22.461161956222398	0.02601889226289672
8.644104999709274	0.01	0.007	0.007	0.007	0.01	0.010355058660952194	0.01167105976823051	0.007640475684471471	0.0050108348588062904	0.0011715743559411404	1.4680925966941418	2.6141320376637744	5.025130556899772	1.3665511703287379	0.08499934424025914	22.11803536279577	0.025939482039154894
8.732366351626874	0.01	0.007	0.007	0.007	0.01	0.010195408913070683	0.011491123469243443	0.007504278745272775	0.004921220267117956	0.0011473242338458295	1.4702368670521617	2.608237607709954	5.023449869741137	1.3625257170012735	0.08510047078168391	21.779907366646157	0.025860256851416442
8.820698853955067	0.01	0.007	0.007	0.007	0.01	0.010038098761911826	0.011313824003632096	0.007370694952798587	0.0048333378068321645	0.0011234866833610318	1.4723097338686542	2.602194797141171	5.021579057480449	1.3584479285120683	0.08519545281670847	21.44668213437681	0.025781210062170094
8.909109332252024	0.01	0.007	0.007	0.007	0.01	0.00988308402123623	0.0111391115721132	0.007239653784743177	0.004747140260330251	0.001100057598422782	1.47431340749889	2.5960085826819985	5.019524285972227	1.354319868158669	0.08528449707184368	21.118267709075127	0.025702335435313545
8.997604284446593	0.01	0.007	0.007	0.007	0.01	0.009730322216666018	0.010966938304738714	0.0071110878418825805	0.004662582511530199	0.0010770328427633501	1.4762500125759674	2.5896837685694045	5.017291464562116	1.350143519741539	0.08536780261531471	20.79457570894165	0.02562362709932282
9.086189869182292	0.01	0.007	0.007	0.007	0.01	0.009579772530124077	0.010797258198277591	0.006984932698752453	0.004579621444631208	0.001054408258032156	1.4781215921112614	2.5832249980160857	5.014886261819092	1.3459207935602455	0.08544556120123752	20.475521212424045	0.025545079552716683
9.174871982050604	0.01	0.007	0.007	0.007	0.01	0.009431395599344092	0.01063002689025267	0.006861126640351062	0.004498215768135756	0.0010321796491685007	1.4799301131638336	2.576636757538422	5.01231411780686	1.341653527828524	0.08551795766927457	20.161022336010927	0.025466687591800166
9.26365622609017	0.01	0.007	0.007	0.007	0.01	0.009285153504735352	0.010465201644138132	0.00673961056346226	0.004418325947352488	0.001010342796975115	1.48167746991264	2.5699233881402357	5.009580257992658	1.3373434947107363	0.08558517022328013	19.85100020882391	0.025388446332722938
9.352547940867959	0.01	0.007	0.007	0.007	0.01	0.009141009659727297	0.010302741225772813	0.006620327803120932	0.004339914087857842	0.0009888934553667161	1.483365487746689	2.5630890916591462	5.006689704724395	1.3329924032540552	0.0856473707450149	19.54537874250884	0.025310351181702377
9.441552213864556	0.01	0.007	0.007	0.007	0.01	0.008998928735819289	0.01014260581888797	0.006503223994093349	0.004262943842162495	0.0009678273530392028	1.4849959267282649	2.5561379377862807	5.003647288287661	1.3286019028467193	0.08570472507298983	19.24408447450076	0.025232397821224634
9.530673903602116	0.01	0.007	0.007	0.007	0.01	0.008858876573073285	0.009984756924228223	0.0063882469258117565	0.004187380312240771	0.0009471401922916561	1.4865704850420922	2.549073869610188	5.000457656744688	1.324173585809079	0.0857573932713965	18.947046380255127	0.025154582186220614
9.619917662794936	0.01	0.007	0.007	0.007	0.01	0.008720820095878596	0.009829157264614407	0.006275346406931758	0.004113189958541778	0.0009268276480331372	1.4880908021973362	2.5419007085810397	4.997125284932683	1.3197089896999208	0.08580552987996434	18.654195696478446	0.02507690044062142
9.709287902275438	0.01	0.007	0.007	0.007	0.01	0.008584727323267403	0.0096757707965711	0.006164474211662266	0.004040340562872668	0.0009068853800464998	1.4895584610448769	2.5346221637974717	4.993654485030672	1.3152096023544395	0.08584928411858053	18.36546594479724	0.024999349005622597
9.798788855458511	0.01	0.007	0.007	0.007	0.01	0.00845056722615289	0.009524562549426182	0.006055583904962992	0.003968801111806814	0.000887309022242646	1.4909749913514323	2.5272418328190533	4.990049412795046	1.3106768616825828	0.08588880013435024	18.08079263060162	0.024921924500549603
9.888424548065002	0.01	0.007	0.007	0.007	0.01	0.008318309733961011	0.009375498632786175	0.005948630793760029	0.00389854176301969	0.0008680941932810383	1.492341871601307	2.519763209705032	4.986314076765123	1.3061121600056778	0.08592421718547569	17.80011325867317	0.024844623766357227
9.978198833026756	0.01	0.007	0.007	0.007	0.01	0.008187925644478022	0.009228546134929847	0.0058435718028179455	0.003829533762226804	0.0008492364925962178	1.4936605317271106	2.512189687395718	4.982452344426475	1.3015168449294412	0.08595566984628819	17.52336714337592	0.02476744383270896
10.0	0.01	0.007	0.007	0.007	0.01	0.008156572736697343	0.009193209038685457	0.005818364557372212	0.0038129774212213533	0.0008447099538752418	1.493973336238158	2.510338367929981	4.9814968330531935	1.3003975234434388	0.08596271786086322	17.456812825969223	0.024748737341529176
