0.0	0.01	0.007	0.007	0.007	0.01	0.0	0.0	0.0	0.0	0.0	0.0	0.0	0.0	0.0	0.0	100.0	0.035
0.0068101227575159354	0.01	0.007	0.007	0.007	0.01	0.0027960875154779304	0.005271216268026186	0.0036175372597269605	0.0012032032243756644	0.0001001115049223672	0.00013025842332470478	0.00036669550886395515	0.00032497975673377865	7.785691672367572e-5	3.4698956595934152e-6	99.8646008818003	0.034991740244345586
0.011770136149601113	0.01	0.007	0.007	0.007	0.01	0.0047254258398589976	0.008706590952392746	0.006137623762681582	0.00205563963013925	0.00015869745624048744	0.00038305405976948664	0.0010618656324902092	0.00095815632067834	0.00023060887534756886	9.777590544653487e-6	99.76610110892317	0.03498572564740591
0.01889529457049836	0.01	0.007	0.007	0.007	0.01	0.007347610600256247	0.013111812449828642	0.009596270442542718	0.0032459218274432816	0.0002260840777612836	0.0009654315933609137	0.002619327002081858	0.00242374671244312	0.0005871687825162696	2.3242817657995384e-5	99.62477421524906	0.03497708736783809
0.025891732934455687	0.01	0.007	0.007	0.007	0.01	0.009760545058333034	0.016897247904078296	0.012815552659901775	0.004376494530766555	0.0002769937099063156	0.0017738776695536923	0.004715434931314146	0.004469084466825746	0.0010895298106074311	4.044812133096736e-5	99.48619528302446	0.03496860721914529
0.034039984297812256	0.01	0.007	0.007	0.007	0.01	0.012381536309842523	0.02071808125818174	0.016355586275004816	0.0056470311413391976	0.00032176034544140745	0.002990442970208319	0.007769105677225476	0.007564365151859967	0.0018575490493765534	6.424548571405192e-5	99.32504527205096	0.034958733588022074
0.04256521915112437	0.01	0.007	0.007	0.007	0.01	0.01492073913212695	0.024130871324402645	0.019831916881313045	0.006925022128755575	0.00035605896551271586	0.004556741035480309	0.0115685207328866	0.011573637842155605	0.0028633485879189066	9.235287872041493e-5	99.15671898626061	0.0349484061320662
0.051856037133825465	0.01	0.007	0.007	0.007	0.01	0.017469156954687842	0.02727027014543766	0.023371793486330342	0.008260278017720576	0.00038279977308722755	0.006577765504782741	0.016302502861567102	0.01677960571523956	0.004184547325351438	0.00012566232794092788	98.9736014858515	0.03493715472408459
0.061660325761607765	0.01	0.007	0.007	0.007	0.01	0.019930525625470055	0.030030412259709576	0.026844420483522084	0.009606914930436038	0.000402426934676255	0.009035076403159889	0.021856881461792328	0.02315108209571703	0.005821293590828556	0.00016292425598345042	98.78073043919447	0.034925285418697834
0.07209512427056458	0.01	0.007	0.007	0.007	0.01	0.022314804426700915	0.032448715562260505	0.030264428489617974	0.010972774673281064	0.0004165561809401154	0.011982738088656858	0.028285506083806502	0.030845666319878843	0.007823008977831567	0.00020418451416972857	98.57586879888534	0.0349126572327117
0.08308606203456438	0.01	0.007	0.007	0.007	0.01	0.0245870668645321	0.0345186435660169	0.033581585189799666	0.012339710332910862	0.0004262886762787869	0.015421706932008878	0.03552289800181015	0.03988485660386443	0.010205396642644762	0.00024879635569922704	98.36054814547632	0.0348993609449318
0.09467776927744394	0.01	0.007	0.007	0.007	0.01	0.026742714280609797	0.0362693023245862	0.03678762387815528	0.013705458486604566	0.00043272728257297635	0.01938145117337923	0.043568002729140604	0.05036598062929841	0.013005139712426788	0.0002966254639624871	98.13396754345419	0.03488534336275816
0.10686203105129485	0.01	0.007	0.007	0.007	0.01	0.028768337281074693	0.03772362650795008	0.03986021527089686	0.015061250292468603	0.00043672610407236197	0.023871264449113694	0.05238053262327375	0.06233452636047158	0.016246501185693513	0.0003473752056104973	97.89636703217457	0.03487061528745877
0.11967226722688855	0.01	0.007	0.007	0.007	0.01	0.030660010509280244	0.03891270591038082	0.042790051868047456	0.01640319012846321	0.00043897512985544094	0.02891151669679297	0.06194658980906236	0.0758663333558664	0.0199631287485965	0.0004009684428041903	97.64717998053291	0.03485513725298895
0.1331312118492905	0.01	0.007	0.007	0.007	0.01	0.03241317582083098	0.03986618110616426	0.04556598335265567	0.017725989543584335	0.00043999432350993843	0.03451628799256616	0.07224403212544335	0.09102139062614896	0.024185709845287104	0.0004573252628768613	97.38605738274464	0.03483888281402226
0.14727979105840225	0.01	0.007	0.007	0.007	0.01	0.034026761493500264	0.04061409459049296	0.04818148984779194	0.01902594250656079	0.00044017272343969147	0.04070486555162601	0.08326477073390677	0.1078744817587053	0.028950407923224192	0.0005164751759197258	97.1123077279725	0.03482180367233204
0.16216131623123217	0.01	0.007	0.007	0.007	0.01	0.03550045933683479	0.0411845087427924	0.05063061210991948	0.02029912008669228	0.0004397980439346382	0.047495956602702755	0.09500367770262938	0.12649955142574662	0.034294667306389644	0.0005784833344879025	96.82520717190135	0.03480384880578551
0.17783056332140387	0.01	0.007	0.007	0.007	0.01	0.03683549738902203	0.04160349293990482	0.052909313065092736	0.021542079158464518	0.00043908896310116053	0.054911881009090745	0.10746588808140455	0.14698101340197264	0.04026052340593107	0.0006434823119099008	96.52382686879201	0.034784953542389564
0.19434912067537233	0.01	0.007	0.007	0.007	0.01	0.03803383171269096	0.04189453319528584	0.05501426723448808	0.02275128768932961	0.00043822507169323293	0.06297673427964783	0.1206631780242057	0.16940866108759547	0.04689331247959624	0.0007116490067785375	96.20712671360417	0.03476504521839247
0.21178829076825997	0.01	0.007	0.007	0.007	0.01	0.039098205589580264	0.042078479413607435	0.05694304139240249	0.023923229980128226	0.00043737526173459807	0.07171779604463202	0.13461600485400366	0.19388141650711374	0.05424290791211225	0.0007832164954707243	95.8739037396099	0.03474403972720911
0.23022741818295847	0.01	0.007	0.007	0.007	0.01	0.040031875374299995	0.04217349274352266	0.05869368644763373	0.025054166908016887	0.0004367252498900527	0.08116465597843214	0.1493517285093956	0.22050470366440728	0.06236308101155063	0.0008584715005068287	95.5228290831405	0.0347218435909228
0.24975399838051843	0.01	0.007	0.007	0.007	0.01	0.040838571403841166	0.04219514396817714	0.06026471490413723	0.026140079013531256	0.0004365044956800273	0.09134903671422784	0.16490410621605142	0.2493896145680969	0.07131131989543961	0.0009377653425491424	95.1524511380332	0.034698353889993476
0.2704612617967479	0.01	0.007	0.007	0.007	0.01	0.041522417046935975	0.042156564950685774	0.06165498839438201	0.027176517595240455	0.00043701259806445264	0.10230319190042214	0.18131069162245522	0.2806478768121776	0.08114725245477653	0.001021522559190951	94.76124697663059	0.03467346123515148
0.2924446287254093	0.01	0.007	0.007	0.007	0.01	0.042087943420166044	0.04206866181834586	0.06286377518149444	0.028158518314100885	0.00043864380662669844	0.11405756150772417	0.19860935006796196	0.314384419906183	0.09193009236445654	0.0011102550997913103	94.3476944662329	0.034647054090758723
0.3157943157093269	0.01	0.007	0.007	0.007	0.01	0.042540138742396615	0.04194037701906121	0.06389087732850261	0.02908050772569988	0.000441906346456631	0.12663629542793797	0.21683189043379927	0.3506834748766932	0.1037136757239491	0.0012045727845122881	93.91041502803847	0.0346190277027422
0.3405829025924056	0.01	0.007	0.007	0.007	0.01	0.04288458053560268	0.041779006112558116	0.06473694003516574	0.02993627681472885	0.00044742997386908607	0.14005008550320713	0.23599416435967657	0.38958644559422134	0.11653826300006716	0.0013051849455802342	93.44840636762764	0.034589299027137935
0.36684406364866384	0.01	0.007	0.007	0.007	0.01	0.0431276501952355	0.041590587388261054	0.06540396499038437	0.03071903439174221	0.000455950316112384	0.15428446788739125	0.25608014616406327	0.43105612172588575	0.13041699437156443	0.0014128722014972333	92.96143116782275	0.0345578321583295
0.39454249760903787	0.01	0.007	0.007	0.007	0.01	0.04327688033699254	0.04138035964007771	0.0658961892232158	0.03142172175840935	0.000468254375744092	0.1692840051970775	0.27702072719117027	0.4749284092592541	0.14531699038534335	0.0015284118405407144	92.4505534044069	0.03452467412705834
0.42355107663662767	0.01	0.007	0.007	0.007	0.01	0.043341392905933536	0.04115314860752388	0.06622141304033419	0.03203798224958416	0.0004850813688040022	0.18494156529073008	0.2986798985261551	0.5208789673950335	0.1611443572429832	0.001652493033677547	91.91852060643544	0.03448998181725528
0.45367173027793284	0.01	0.007	0.007	0.007	0.01	0.043332026114701966	0.04091337334281004	0.06639213688310061	0.032563930035693855	0.000507014979030643	0.20111250272036602	0.3208747118190368	0.5684641271766463	0.1777547950516967	0.0017857529059622668	91.36933157370045	0.034453996431535364
0.4847016154813985	0.01	0.007	0.007	0.007	0.01	0.04326059293947077	0.040664666299209166	0.06642504147597632	0.03299954590096743	0.0005344308361218128	0.21765326145916072	0.34342696643826803	0.6172360547396502	0.1949924364226577	0.0019289679757221066	90.80699566983489	0.034416964041965585
0.5164860600368057	0.01	0.007	0.007	0.007	0.01	0.04313856775270307	0.040409612074259776	0.06633870426352935	0.03334840464531474	0.0005675077357052828	0.23445122695274226	0.3662014197446803	0.6668339820410096	0.21272361496586994	0.002083206120604257	90.23457334226795	0.03437907239607528
0.5489266107027149	0.01	0.007	0.007	0.007	0.01	0.04297609152197441	0.04014986300673625	0.06615125378386563	0.033616296944163175	0.0006062582369995963	0.25142880245808313	0.3891090512973807	0.7169993457613669	0.2308452515019828	0.002249815836371583	89.65405559271237	0.03434044159439282
0.581973917990779	0.01	0.007	0.007	0.007	0.01	0.04278156264311564	0.03988635914847066	0.06587897220512309	0.033809986969382554	0.0006505653044911959	0.26853852908129583	0.4120992050106627	0.7675633860892289	0.24928314803074603	0.0024303727968950067	89.06652004205826	0.034301132889288245
0.6156171297886939	0.01	0.007	0.007	0.007	0.01	0.042561632690654334	0.03961953681146245	0.06553573313554466	0.03393637098305458	0.0007002164777377875	0.2857561202165122	0.43514974912294846	0.8184275443527365	0.2679869325878116	0.002626626552293135	88.4723450775443	0.03426116159480162
0.6498761011930989	0.01	0.007	0.007	0.007	0.01	0.042321388380709146	0.039349475304919494	0.06513293250996595	0.03400199617153523	0.0007549351058866509	0.30307503234168964	0.4582597824580745	0.8695476835390874	0.2869256742254036	0.0028404726164491705	87.87136828546433	0.03422050658508388
0.6847965184365591	0.01	0.007	0.007	0.007	0.01	0.04206458958151623	0.0390759906187933	0.064679653516532	0.0340128105457275	0.0008144073441955555	0.3205026846736357	0.48144475761561917	0.9209227447704521	0.306084592489656	0.0030739493341176566	87.26298942852277	0.03417911628757176
0.7204477547754944	0.01	0.007	0.007	0.007	0.01	0.041793897369289734	0.03879868770672939	0.0641829121039229	0.03397404821367846	0.0008783051118545291	0.3380581961516054	0.5047336839305884	0.9725876271765072	0.3254629611102769	0.0033292593472745336	86.64622339957283	0.03413691141283381
0.7569234229291183	0.01	0.007	0.007	0.007	0.01	0.04151106234525991	0.03851697975085483	0.06364789783633804	0.03389018503740595	0.0009463061388414072	0.35577152871695966	0.5281681738156757	1.024610050470527	0.3450732543390147	0.0036088185064043965	86.01970607872408	0.03409378449030892
0.7943450635184173	0.01	0.007	0.007	0.007	0.01	0.04121705973626332	0.03823007690211918	0.06307816041659121	0.03376492029027894	0.0010181130980580618	0.3736841192703953	0.5518033897929737	1.077091656994859	0.36494173336702174	0.003915341232029105	85.38164809479696	0.034049595721145985
0.8328704825860892	0.01	0.007	0.007	0.007	0.01	0.04091215915496698	0.03793693737934195	0.06247569932105272	0.03360114825977114	0.0010934754821268107	0.3918515383950901	0.575711560920162	1.1301748752425473	0.3851111217665802	0.004251984750282938	84.72971406831464	0.03400416340306097
0.8727099554188322	0.01	0.007	0.007	0.007	0.01	0.04059590805334382	0.0376361606943473	0.061840899347195034	0.033400879050128604	0.001172220387353406	0.41034939028764583	0.5999896104755925	1.1840589410505116	0.4056467160148343	0.0046225992363312035	84.0607783733601	0.033957245201623715
0.9141586248876892	0.01	0.007	0.007	0.007	0.01	0.040266970380594444	0.037325765827119654	0.06117218016516715	0.03316503522970329	0.0012543065834484616	0.429285758227134	0.6247751240521994	1.239034364586088	0.42664951651091315	0.005032199130629976	83.37042791056811	0.03390850058993986
0.957669597358384	0.01	0.007	0.007	0.007	0.01	0.03992263857757986	0.03700268215869293	0.06046497197535892	0.03289292928244904	0.001339943397717302	0.4488301128255197	0.6502833792582948	1.2955638146283648	0.4482871149743677	0.005487986324304297	82.65182748761214	0.03385740593980332
1.004046871651525	0.01	0.007	0.007	0.007	0.01	0.0395574214054248	0.03666139579835491	0.05970875672626467	0.03258079455688313	0.001429906930027589	0.4692906843877393	0.6769064568894071	1.3544996246506862	0.4708769313029971	0.006002001621874548	81.8927070533568	0.03380303017361683
1.0552133624333555	0.01	0.007	0.007	0.007	0.01	0.03915723022999048	0.036288520020006036	0.058874872801038945	0.032215838192229125	0.001526835011943746	0.49142712350078466	0.7056145043886035	1.4179665079676944	0.4952244980492429	0.00660142607337008	81.06328173356046	0.0337431405310193
1.1218538998776062	0.01	0.007	0.007	0.007	0.01	0.038640979505052485	0.0358085625467418	0.05779386123914862	0.031716746076886876	0.001648338467379261	0.5195846894916573	0.741982586681004	1.4982273858890165	0.526023618267629	0.007429925647986644	79.9955998118285	0.03366529780551449
1.1711788194692168	0.01	0.007	0.007	0.007	0.01	0.03826277408446759	0.035457411809178885	0.05699977332207714	0.031335113351850366	0.0017342599712414732	0.5399455689748295	0.7681729457966447	1.5559216193280208	0.5481552936223079	0.008075470816247028	79.21440681313842	0.033607797102058856
1.225644267864177	0.01	0.007	0.007	0.007	0.01	0.037849167497750934	0.035073667704013906	0.05613059647423695	0.03090567690938799	0.0018247245010987857	0.5619640878802935	0.7963897571441292	1.6179752714363775	0.5719401484984695	0.008817581534569935	78.36065937546351	0.03354441790009416
1.2753553456351179	0.01	0.007	0.007	0.007	0.01	0.03747540540495193	0.03472705076008574	0.05534533609906961	0.030509008085072942	0.001903049474661554	0.5816436699661557	0.8215126619944078	1.673130120506426	0.5930557552736626	0.009519488487234166	77.5894710215318	0.03348667549822942
1.3261427501579173	0.01	0.007	0.007	0.007	0.01	0.03709726195867309	0.03437646942199118	0.0545517625130069	0.030101211887211595	0.0019787488874120395	0.6013467463666018	0.8465707083842996	1.7280512278264877	0.614051288239129	0.010258570374072067	76.80942255223374	0.03342778552448813
1.375121407658558	0.01	0.007	0.007	0.007	0.01	0.036736140179089403	0.03404172953750374	0.05379529869512546	0.029707076743601606	0.0020475691849789063	0.6199702146498582	0.8701651695993331	1.7796796278723965	0.6337543478182289	0.010990318510156298	76.06458396203075	0.03337109096301488
1.4241522064513294	0.01	0.007	0.007	0.007	0.01	0.0363781180396793	0.03370990093540352	0.05304712425326809	0.029312915840242388	0.002112345653086909	0.6382491114463249	0.8932342560538065	1.83007795461892	0.6529513043605614	0.011739556024550197	75.32618682145676	0.03331443235539552
1.4724109777570882	0.01	0.007	0.007	0.007	0.01	0.03602911843210509	0.03338645878238801	0.05231990352321494	0.028926311247553224	0.002172119913901204	0.6558910000843428	0.9154128170691266	1.8784554067863573	0.6713399544369986	0.012491493420772052	74.6064162494167	0.033258759818645865
1.5205530131523286	0.01	0.007	0.007	0.007	0.01	0.03568428593014036	0.03306689393660748	0.05160372277042331	0.028542745057078812	0.002227878969131573	0.6731516399192536	0.9370267039318825	1.9255301144183974	0.6891931557194826	0.013254210656249887	73.89523957307387	0.033203314649906786
1.5683740836771223	0.01	0.007	0.007	0.007	0.01	0.035345012473090145	0.03275249065496291	0.050901649707778	0.02816442639788187	0.0022795263711666352	0.6899687575892868	0.9580009677478967	1.9711450880501198	0.7064512163535374	0.014022674153161583	73.19551604333861	0.033148330646134275
1.616136036209988	0.01	0.007	0.007	0.007	0.01	0.035009374299115666	0.032441462546059556	0.05020984057630211	0.027789741205852057	0.00232749109633515	0.7064445191617214	0.9784658751508332	2.015589728719759	0.7232237957494859	0.014799425116251035	72.50327105156653	0.033093505499073216
1.6638183137259805	0.01	0.007	0.007	0.007	0.01	0.034677473762375684	0.03213390214624862	0.04952862810542793	0.027419228913970778	0.002371881024587786	0.7225792496365973	0.9984240066721674	2.0588751988615104	0.7395152569531055	0.01558263759484846	71.81871139496586	0.03303886226011261
1.711544907025732	0.01	0.007	0.007	0.007	0.01	0.03434841560476669	0.03182897835801325	0.04885627712683098	0.02705223634380132	0.0024129357106765035	0.7384211607764474	1.017936893156814	2.1011402872244833	0.7553780884543375	0.01637296585500519	71.13998796396179	0.0329842585873106
1.7593430460893094	0.01	0.007	0.007	0.007	0.01	0.034021994544382185	0.03152649999191625	0.04819246077580792	0.026688818977054055	0.002450791919338074	0.7539839829642498	1.0370229389587433	2.1424299090305725	0.7708293828487224	0.017169583802752058	70.46667575773888	0.032929663506494906
1.80728373696676	0.01	0.007	0.007	0.007	0.01	0.03369771742184741	0.03122600943447359	0.047536258140520087	0.02632866352615439	0.0024856130563762012	0.7692945426823876	1.0557162829056688	2.1828228029331584	0.7858988603563187	0.017972476900284837	69.79775659772871	0.03287499637237438
1.855402666326598	0.01	0.007	0.007	0.007	0.01	0.033375344643881776	0.03092728425887171	0.04688725970430463	0.02597170128825217	0.0025175246387370556	0.784366925608743	1.0740350910320118	2.222362946391334	0.800603160181099	0.01878111395087729	69.13273569715062	0.032820217252022596
1.9037472392094232	0.01	0.007	0.007	0.007	0.01	0.0330545680662031	0.03063003865777248	0.046244913758451196	0.025617757426385276	0.0025466520283002	0.7992179121842795	1.0920005222426235	2.2611006292516502	0.8149612063779794	0.01959521873837925	68.47097706843337	0.03276527317703647
1.952350782372706	0.01	0.007	0.007	0.007	0.01	0.03273518335439395	0.030334083111309217	0.04560887469214908	0.025266747886666094	0.0025731035485209216	0.8138589681381021	1.1096270158925379	2.2990715204705157	0.8289864171479888	0.020414327430364233	67.81205898375475	0.03271012750140268
2.0012485425239515	0.01	0.007	0.007	0.007	0.01	0.03241698180153157	0.03003922410827719	0.044978785498837666	0.02491856413926827	0.0025969818913697874	0.8283013729734583	1.1269285603239778	2.3363102330883807	0.8426917550819615	0.02123804928131776	67.15555074790691	0.032654741663799405
2.0504694221659463	0.01	0.007	0.007	0.007	0.01	0.03209980386453692	0.029745313734331855	0.044354384596714314	0.024573135538710954	0.0026183802568310135	0.8425538210719896	1.1439158332779769	2.3728441910133076	0.856087466903061	0.02206592100606164	66.50112311232215	0.032599084545418086
2.100041604377811	0.01	0.007	0.007	0.007	0.01	0.031783501381320384	0.029452214647132876	0.043735430490895504	0.02423039049103555	0.0026373861159065554	0.8566242083120619	1.1605983816103305	2.408698348614076	0.8691828344721669	0.022897496331738185	65.84847030597928	0.03254312606756303
2.1499900112490957	0.01	0.007	0.007	0.007	0.01	0.031467953270835236	0.029159814615742432	0.0431217325481086	0.023890275665294343	0.0026540807007522363	0.8705189722093183	1.1769838595124846	2.4438935716252885	0.8819855885390712	0.023732299068408555	65.19734241806319	0.032486840048979226
2.2003383991062586	0.01	0.007	0.007	0.007	0.01	0.031153051422892594	0.02886801343968016	0.04251312302727672	0.02355274228376783	0.0026685404572967075	0.8842437662733266	1.1930788542242705	2.478448428792093	0.8945025729002067	0.0245698549433896	64.5475162795679	0.03243020182189911
2.2511086934947686	0.01	0.007	0.007	0.007	0.01	0.030838704390444675	0.028576726366503095	0.04190946406628413	0.023217751417890373	0.0026808372892258418	0.8978033318185245	1.2088887540663333	2.5123789210540988	0.9067396527460565	0.025409677718345153	63.898803080514845	0.03237318896946421
2.302321834944764	0.01	0.007	0.007	0.007	0.01	0.03052483162345886	0.02828587874614999	0.041310636293749904	0.02288526883249562	0.0026910392412376033	0.9112017809623708	1.2244180983608357	2.5456992431643575	0.9187019976471005	0.02625128102746591	63.25103647181473	0.03231578036312226
2.353997714828534	0.01	0.007	0.007	0.007	0.01	0.03021136351594077	0.027995406072859136	0.04071653875981014	0.02255526588924254	0.0026992108313363405	0.9244426195877942	1.2396706184128308	2.578421879562606	0.9303941216823066	0.027094175399591247	62.604072663602565	0.03225795622723096
2.4061555854993144	0.01	0.007	0.007	0.007	0.01	0.029898238598599844	0.027705251382689786	0.04012708343453177	0.022227717262846565	0.0027054134406029368	0.9375288888839669	1.2546494140016424	2.610557989314255	0.9418200267152637	0.027937873378181707	61.95778463341786	0.03219969767353209
2.458814128037918	0.01	0.007	0.007	0.007	0.01	0.029585402910574703	0.027415364670626247	0.03954219392139247	0.021902600857840647	0.0027097055814017832	0.9504632096000666	1.2693570144574873	2.6421175419894465	0.9529832550929216	0.02878188918948942	61.31206083144454	0.03214098662191458
2.5119917273865187	0.01	0.007	0.007	0.007	0.01	0.029272808184862976	0.027125701208657083	0.03896180197620848	0.02157989639348126	0.002712143153965913	0.9632478727629085	1.2837954909306168	2.6731095623461605	0.9638869801689679	0.02962574190529436	60.66680143714325	0.032081805491381614
2.5657065872350087	0.01	0.007	0.007	0.007	0.01	0.028960411064349195	0.026836220819011353	0.03838584602106989	0.02125958500540069	0.0027127796446056954	0.9758848839947663	1.2979665133578377	2.703542255640744	0.9745340533493475	0.030468956071743172	60.021916742672936	0.03202213707223357
2.6199769222016966	0.01	0.007	0.007	0.007	0.01	0.028648171918628056	0.02654688677758056	0.03781426895916021	0.020941648383990787	0.0027116662988456736	0.9883760215560468	1.311871421149364	2.7334231619413893	0.9849270604958286	0.03131106360092504	59.3773247119405	0.031961964314085274
2.674821100487047	0.01	0.007	0.007	0.007	0.01	0.028336054012876026	0.02625766504363254	0.037247016693167864	0.020626068242879696	0.002708852263222804	1.0007228773278907	1.325511272738143	2.7627592648910464	0.995068361375351	0.0321516048541773	58.73294926590534	0.031901270171106284
2.730257786082183	0.01	0.007	0.007	0.007	0.01	0.028024022732132736	0.025968523540915455	0.036684036786272224	0.02031282581678802	0.002704384704931951	1.0129268933804385	1.3388868885978211	2.791557086465814	1.0049601234268815	0.03299012968073654	58.08871868186898	0.03184003744965678
2.7863061032718135	0.01	0.007	0.007	0.007	0.01	0.027712044734733605	0.02567943137313901	0.03612527703871161	0.020001901271415032	0.002698308909070059	1.0249893991588257	1.3519988932715779	2.8198227798780695	1.0146043540237686	0.03382619871925249	57.44456384604553	0.031778248633323625
2.8429857796251286	0.01	0.007	0.007	0.007	0.01	0.02740008728421475	0.02539035820485472	0.035570684430711375	0.019693273283501914	0.0026906683583859062	1.0369116395947369	1.3648477457880004	2.8475621979741694	1.0240029234455739	0.03465938426285356	56.80041687414469	0.03171588573390577
2.9003173391563237	0.01	0.007	0.007	0.007	0.01	0.02708811736235985	0.025101273439544543	0.03502020371871619	0.01938691840033678	0.0026815047898206806	1.0486948096200226	1.3774337753264854	2.8747809736911893	1.0331575910597302	0.03548927172619097	56.15620927958115	0.03165293008945978
2.9583222405926435	0.01	0.007	0.007	0.007	0.01	0.026776101147094875	0.02481214573580076	0.034473776724958966	0.019082810762409985	0.002670858242617672	1.0603400727393277	1.3897571979730148	2.9014845606611344	1.042070017081435	0.03631546012973124	55.51187089454311	0.03158936222527255
3.017023106470707	0.01	0.007	0.007	0.007	0.01	0.026464003061012122	0.024522942125636993	0.03393134091230684	0.018780921409715073	0.002658767078191897	1.0718485939085272	1.4018181470213085	2.927678304313798	1.0507417836718773	0.0371375636958288	54.867327903925414	0.03152516161779422
3.0764439105843238	0.01	0.007	0.007	0.007	0.01	0.02615178512216749	0.024233627412901363	0.03339282854176623	0.018481217897068077	0.002645267992196514	1.083221558877889	1.413616686850143	2.9533674789950015	1.059174403561104	0.03795521258239282	54.22250150287417	0.03146030650748522
3.136610245980039	0.01	0.007	0.007	0.007	0.01	0.02583940594842323	0.023944163250651178	0.03285816527869852	0.018183663590170263	0.0026303959970332452	1.0944602041317633	1.4251528357732774	2.9785573464601307	1.0673693346073336	0.038768054445227636	53.577305838225364	0.03139477362709064
3.1975495819748225	0.01	0.007	0.007	0.007	0.01	0.02552681991733879	0.023654507362665805	0.03232726912885397	0.017888217135110424	0.0026141843926227584	1.1055658385994775	1.4364265777830758	3.0032531925876347	1.0753279858188363	0.03957575547315349	52.93164627046643	0.0313285379461335
3.2592916133342147	0.01	0.007	0.007	0.007	0.01	0.025213975957727664	0.02336461242364508	0.03180004880989059	0.01759483160553738	0.002596664701043231	1.116539875866293	1.4474378822089426	3.0274603842741246	1.0830517283983228	0.04037800222902004	52.285416874124174	0.031261572319879145
3.3218686257096706	0.01	0.007	0.007	0.007	0.01	0.02490081639114341	0.023074424985673914	0.03127640228805658	0.017303453735246055	0.0025778665821243924	1.1273838613091964	1.4581867147167369	3.051184411026591	1.0905418999510714	0.04117450316029492	51.638498040302196	0.031193847126526324
3.385315986013553	0.01	0.007	0.007	0.007	0.01	0.024587275297455222	0.02278388396368627	0.030756214605251433	0.017014022750799843	0.002557817698761053	1.1380995121326487	1.4686730571069844	3.0744309504294627	1.097799814056562	0.0419649910761385	50.990753095001246	0.03112532977591686
3.449672670224938	0.01	0.007	0.007	0.007	0.01	0.02427327688455767	0.022492919124758835	0.030239355825434223	0.016726469266743014	0.002536543554962006	1.1486887526724885	1.4788969173070678	3.0972059177022175	1.104826762019605	0.042749225288909315	50.34202492457726	0.03105598418634172
3.5149820091120745	0.01	0.007	0.007	0.007	0.01	0.02395873301659229	0.022201448797643037	0.029725677722489113	0.01644071347789529	0.0025140672476496634	1.159153772859185	1.488858355654761	3.119515558693306	1.1116240246817934	0.04352699546073793	49.692130861039054	0.030985770036660577
3.5812925182667894	0.01	0.007	0.007	0.007	0.01	0.023643540629691536	0.0219093774780677	0.02921501045979522	0.016156663345493868	0.002490409170413667	1.169497083321339	1.4985574996765036	3.141366526857735	1.1181928747163183	0.044298125184573434	49.040857332746185	0.030914641941112864
3.648659068704262	0.01	0.007	0.007	0.007	0.01	0.023327577882019876	0.021616592261183062	0.02870715742234792	0.015874211755183377	0.0024655865783665284	1.1797216036987237	1.5079945799815584	3.1627660200348067	1.124534591306145	0.0450624779905036	48.387951897191336	0.03084254827506079
3.717144289662361	0.01	0.007	0.007	0.007	0.01	0.02301069969168296	0.02132295870677158	0.028201889349514765	0.01559323328687107	0.002439613043986646	1.189830759239039	1.517169959816758	3.183721919944202	1.1306504677273024	0.04581996390208399	47.73311400524733	0.030769429774098
3.7868205503576786	0.01	0.007	0.007	0.007	0.01	0.022692731201800855	0.021028314783672317	0.027698935517532997	0.015313579346099929	0.002412497670012394	1.199828629039319	1.5260841935069336	3.2042430202691627	1.136541834588991	0.04657054974111242	47.075981477232574	0.030695217543038188
3.8577725634468285	0.01	0.007	0.007	0.007	0.01	0.022373459251273483	0.020732462966183467	0.02719797227413092	0.015035071827399094	0.002384244028846912	1.2097201364414838	1.534738096685922	3.224339314598069	1.1422100854720079	0.047314272424278624	46.41611285089474	0.0306198304416114
3.9301011086069457	0.01	0.007	0.007	0.007	0.01	0.02205261995326813	0.02043515872369675	0.026698606154372334	0.014757493771921463	0.002354848620475915	1.2195113319806408	1.5431328616505526	3.244022435649035	1.1476567245477536	0.04805125894660849	45.75296167591145	0.030543171333238767
4.003928374966074	0.01	0.007	0.007	0.007	0.01	0.021729880751480746	0.020136093893176173	0.02620034941009474	0.014480575819107546	0.0023242986261030395	1.2292098038177457	1.5512702287826559	3.2633062961868444	1.1528834389838554	0.04878175554425512	45.08583938123003	0.03046512169498173
4.079406035119557	0.01	0.007	0.007	0.007	0.01	0.02140481298258677	0.019834871254225984	0.02570258237897922	0.014203975361552532	0.0022925684735899308	1.2388253124289486	1.5591527656073096	3.282208093594762	1.157892222569254	0.04950617308192187	44.41385849851586	0.030385533453526015
4.1567281474935225	0.01	0.007	0.007	0.007	0.01	0.021076847457749417	0.019530963368824678	0.025204492206460604	0.01392724258805585	0.0022596142949999135	1.248370831394134	1.5667843497937632	3.300749981273834	1.1626855994505716	0.05022516193190225	43.73584075162122	0.030304215907565227
4.2361529164054765	0.01	0.007	0.007	0.007	0.01	0.020745198767880647	0.019223642439033555	0.02470496799133169	0.013649762365061498	0.002225364499747687	1.257864337922728	1.5741710326772058	3.318961973775781	1.1672670354540386	0.05093974139303811	43.05016043553261	0.030220913628581286
4.318043103961334	0.01	0.007	0.007	0.007	0.01	0.02040872287866045	0.018911848347917763	0.024202402477423505	0.013370644294825701	0.0021897021460435986	1.2673322248266152	1.5813227646164347	3.3368875570950243	1.1716417874115768	0.051651547515295174	42.354449779489805	0.030135265321823784
4.402950101024344	0.01	0.007	0.007	0.007	0.01	0.020065617438885155	0.01859391095144214	0.02369427284853979	0.013088490272034684	0.002152428049677593	1.2768165614258595	1.5882572128777777	3.3545957620822717	1.1758188297348824	0.05236336267559584	41.64497891132521	0.030046718060376055
4.49182377109696	0.01	0.007	0.007	0.007	0.01	0.019712664762517745	0.018266848591154957	0.023176076843126878	0.012800804490571872	0.002113168264865906	1.2863936517071042	1.5950099040071097	3.3722123795676966	1.1798160936036546	0.05308047446007683	40.915089729657154	0.029954312745170422
4.586728058892597	0.01	0.007	0.007	0.007	0.01	0.01934261933188834	0.01792394723800248	0.02263764370796455	0.012501947360540893	0.0020710574482015764	1.2962388462813026	1.6016709684010302	3.390030215331724	1.1836798555362038	0.053815438876946085	40.14979140367185	0.029855950908525664
4.695474061915784	0.01	0.007	0.007	0.007	0.01	0.018927141927795897	0.017538946535065592	0.022038950303864793	0.012169720948266918	0.0020226859716129305	1.3070536802495578	1.6086336915867112	3.4092417052340185	1.1876177868952318	0.05461955552955699	39.290457316423165	0.02974364010393738
4.79667341284293	0.01	0.007	0.007	0.007	0.01	0.018548524527705303	0.017188101701117633	0.021498678659580373	0.011869986429486586	0.0019776593375015316	1.316688419413328	1.6144977910658516	3.426018348751248	1.1908363118571916	0.055332464002380684	38.50728892107964	0.029639502895503114
4.884312069713568	0.01	0.007	0.007	0.007	0.01	0.01822677149918648	0.016889949985029244	0.021043472062016445	0.01161749920817585	0.001938702842081839	1.324710473102385	1.6191166070829486	3.4397282331583052	1.1932929367352747	0.055923103332894936	37.84168936848024	0.029549614689201382
4.968631755756039	0.01	0.007	0.007	0.007	0.01	0.01792247706835655	0.016607976255153496	0.020616237927060983	0.011380573383789628	0.0019013206994241386	1.3321569812467335	1.6231733173640135	3.4522318216921177	1.1953797964619715	0.05646861994166496	37.21215877392687	0.029463387971589455
5.052230022181262	0.01	0.007	0.007	0.007	0.01	0.017625805349489522	0.016333066066186522	0.020202731749300144	0.011151303547128563	0.0018644023075816065	1.3392854764896853	1.626833914371902	3.4639893716371204	1.197192081920638	0.05698804904619268	36.5983535768015	0.029378147384197067
5.135057981442819	0.01	0.007	0.007	0.007	0.01	0.017336714379320068	0.016065180515986578	0.019802631170633564	0.010929507282531703	0.0018280023259998907	1.3461067491495409	1.6301184120917238	3.4750351762015224	1.1987459101077709	0.05748224339444362	36.00018978371459	0.029293935450767056
5.216997879992758	0.01	0.007	0.007	0.007	0.01	0.01705539235684806	0.015804493997754004	0.019415941801524065	0.010715184065095874	0.0017922007030376696	1.352625998378726	1.6330441219093932	3.485394026880536	1.2000559120210688	0.05795167608845725	35.41805964362134	0.029210863942766275
5.298132101640404	0.01	0.007	0.007	0.007	0.01	0.016781337983999778	0.015550541987509837	0.01904173486366552	0.010507815636678257	0.0017569855347361544	1.3588640503815559	1.6356349973377107	3.495114798197214	1.2011393654615863	0.05839796285858283	34.850928592861266	0.02912884135089457
5.378566168698878	0.01	0.007	0.007	0.007	0.01	0.016513998873462818	0.01530281261939232	0.018679040520233177	0.010306861378219857	0.0017223319278007912	1.3648418241092661	1.6379132725138434	3.504244535829108	1.2020119613312799	0.05882272086902926	34.29765602561504	0.029047753924191042
5.4583931938155255	0.01	0.007	0.007	0.007	0.01	0.01625289154906184	0.01506085788352873	0.018327009375175243	0.010111847779199006	0.001688218096462406	1.3705776678196917	1.6398984397815985	3.512824446709578	1.2026874393359575	0.05922737569723604	33.75724363804099	0.028967501650171104
5.537693679686444	0.01	0.007	0.007	0.007	0.01	0.015997597381957083	0.014824289860428568	0.017984902376040036	0.009922362781553801	0.0016546258155689716	1.3760876262266772	1.641607653513901	3.5208906348364186	1.203177897151805	0.05961318164182346	33.228827071970954	0.02888799825141786
5.616536877451518	0.01	0.007	0.007	0.007	0.01	0.015747753912399187	0.014592772679366709	0.017652075208424278	0.009738047081159011	0.0016215400973074161	1.3813857837391312	1.6430561192940898	3.5284749018050836	1.2034940697032528	0.05998124747066819	32.7116580010664	0.02880916963105014
5.6949825677234145	0.01	0.007	0.007	0.007	0.01	0.01550304556684355	0.014366013916455754	0.017327962648195496	0.009558585416285074	0.0015889486242102685	1.3864845911842525	1.6442574254312938	3.535605466498024	1.2036455601254956	0.06033256075392851	32.20508495644662	0.028730951926585313
5.773082622131125	0.01	0.007	0.007	0.007	0.01	0.015263195803923086	0.014143757316755726	0.017012065488944003	0.00938369929148707	0.0015568412353489452	1.3913951355942675	1.6452238094559148	3.542307551801628	1.2036410241264195	0.060668007899306244	31.708537101642733	0.028653289816108443
5.85088246933604	0.01	0.007	0.007	0.007	0.01	0.015027960182137805	0.013925776370483435	0.016703939236551085	0.009213140687615114	0.0015252094284461586	1.3961273687976472	1.6459663727455955	3.548603870630376	1.2034883166754506	0.06098839101800224	31.22150990858986	0.028576134948333453
5.928422294719141	0.01	0.007	0.007	0.007	0.01	0.014797120773074804	0.013711869136050044	0.016403185019077896	0.009046687004550429	0.001494045958164939	1.400690290372876	1.6464952503716124	3.5545150136743415	1.2031946080754596	0.061294441366067154	30.743553613343476	0.028499444662309192
6.005736980391396	0.01	0.007	0.007	0.007	0.01	0.01457048468370693	0.013501856870768589	0.016109446174927034	0.008884139151253112	0.0014633449250515708	1.4050920362767392	1.6468197432403393	3.5600596879136246	1.2027664831194287	0.061586826236383965	30.274270175505904	0.028423181969436443
6.082857792151867	0.01	0.007	0.007	0.007	0.01	0.014347877652059112	0.013295578096300845	0.015822398674667046	0.008725316226641066	0.001433101151925549	1.40934005470998	1.646948439686596	3.5652550472081286	1.2022100168558187	0.06186616153311541	29.81330003375435	0.02834731382009075
6.159812561557614	0.01	0.007	0.007	0.007	0.01	0.014129142415260875	0.013092887086425952	0.01554174799280603	0.00857005377357381	0.0014033101611561026	1.4134411779737752	1.6468893047310678	3.570116868241026	1.2015308399184403	0.062133017176998984	29.360318739462453	0.028271810872855185
6.236626321613439	0.01	0.007	0.007	0.007	0.01	0.013914135923724966	0.012893651285572173	0.015267224643646946	0.008418201295871956	0.0013739679657019767	1.4174017102953498	1.646649757043136	3.5746597330171253	1.2007341907605782	0.0623879234599659	28.915031198987354	0.02819664682439692
6.313321618515192	0.01	0.007	0.007	0.007	0.01	0.013702727654971462	0.012697749746332268	0.014998581274841244	0.008269620639243013	0.0013450709835780583	1.4212274889176897	1.6462367326227176	3.5788971663593525	1.1998249608294673	0.06263137552831273	28.477168191195222	0.02812179806588647
6.389918889947017	0.01	0.007	0.007	0.007	0.01	0.013494797867610814	0.012505071511525715	0.014735589796256669	0.008124184393383839	0.001316615923722617	1.4249239417115716	1.6456567383592564	3.5828417592507567	1.1988077317047416	0.06286383754791089	28.046482759555932	0.028047243280268908
6.4664367342104825	0.01	0.007	0.007	0.007	0.01	0.01329023627323618	0.012315514383515275	0.014478039137370747	0.007981774643150127	0.001288599711795471	1.4284961331607564	1.6449158973540834	3.5865052701112754	1.1976868070516338	0.06308574603774786	27.62274746844705	0.027972963151798307
6.54289212296298	0.01	0.007	0.007	0.007	0.01	0.013088940949915532	0.012128983917400717	0.014225733387867702	0.007842281932795526	0.0012610194350697716	1.4319488028510683	1.6440199878318629	3.589898710693474	1.1964662402657862	0.06329751266103782	27.205752158827746	0.027898940134707163
6.619300639846148	0.01	0.007	0.007	0.007	0.01	0.012890817264380914	0.011945392422271132	0.013978490015727043	0.007705604274054998	0.0012338722769328434	1.4352864010409592	1.6429744759081142	3.5930324224792445	1.195149857397546	0.06349952677015469	26.795301721005938	0.02782515820055584
6.695676614416507	0.01	0.007	0.007	0.007	0.01	0.012695777136566987	0.01176465827969419	0.01373613857093712	0.0075716464235676025	0.0012071554884715552	1.4385131160020002	1.6417845445906674	3.5959161393304906	1.1937412780741379	0.06369215738948145	26.391214575812494	0.02775160269024725
6.772033278700673	0.01	0.007	0.007	0.007	0.01	0.012503738296281973	0.011586705254914386	0.013498519425281708	0.007440319180935896	0.0011808663508712227	1.44163289960476	1.6404551185439724	3.5985590438735446	1.192243933115602	0.06387575504728453	25.993321138850984	0.02767826014663938
6.8483828963365	0.01	0.007	0.007	0.007	0.01	0.012314623658293326	0.011411461917779853	0.01326548270032543	0.007311538791436335	0.0011550021470859092	1.4446494892288022	1.6389908856974411	3.600969816308424	1.1906610800197566	0.06405065334403413	25.60146252950159	0.027605118175984683
6.924736844549201	0.01	0.007	0.007	0.007	0.01	0.012128360853738418	0.011238861208527117	0.013036887422784907	0.007185226474922057	0.0011295601489692687	1.447566425732517	1.637396316798125	3.6031566763096117	1.1889958172367134	0.06421717025346864	25.215489603354136	0.027532165356514402
7.001105745382992	0.01	0.007	0.007	0.007	0.01	0.011944881673623555	0.011068839922102313	0.012812600601437085	0.007061307911826468	0.0011045375873942043	1.4503870715843452	1.6356756814769149	3.6051274218240037	1.1872510955425852	0.06437560940014529	24.8352618020633	0.02745939110154048
7.077499509931193	0.01	0.007	0.007	0.007	0.01	0.011764121755262435	0.010901338417601748	0.012592496628501914	0.006939712908866356	0.001079931651131032	1.4531146240893458	1.6338330638866176	3.6068894612643088	1.1854297296553642	0.06452626102661288	24.46064650624793	0.02738678560724731
7.153927417132889	0.01	0.007	0.007	0.007	0.01	0.011586020206860196	0.010736300270395027	0.01237645662659739	0.006820375035006075	0.00105573947352929	1.4557521287119168	1.6318723758633251	3.6084498434527164	1.1835344077818162	0.06466940294401526	24.091518259926588	0.02731433976853539
7.230398186876568	0.01	0.007	0.007	0.007	0.01	0.011410519269501646	0.010573671958908255	0.012164367861553876	0.006703231294124276	0.0010319581210268582	1.4583024909819977	1.6297973685074463	3.6098152842820346	1.1815677000350258	0.06480530137943494	23.727758072178833	0.027242045101519362
7.306920017141097	0.01	0.007	0.007	0.007	0.01	0.011237564081836807	0.010413402646571758	0.011956123297000501	0.006588221876266455	0.0010085845927100925	1.460768486171157	1.6276116432795749	3.6109921900461366	1.1795320666961155	0.0649342116817158	23.369252931413673	0.027169893701067163
7.383500640978462	0.01	0.007	0.007	0.007	0.01	0.011067102414534532	0.010255443935752949	0.011751621127220306	0.0064752898971313306	0.0009856158132623071	1.4631527688058903	1.6253186613788866	3.6119866789405743	1.177429865080573	0.06505637900130944	23.015895256774733	0.027097878180329674
7.460147342576243	0.01	0.007	0.007	0.007	0.01	0.01089908451068869	0.010099749719870387	0.011550764450742403	0.0063643812154957815	0.0009630486379367658	1.4654578801354359	1.6229217532506888	3.6128046000061103	1.1752633567116564	0.06517203884737338	22.667582568986607	0.027025991649510358
7.536867039058379	0.01	0.007	0.007	0.007	0.01	0.010733462793390505	0.009946275912416725	0.011353460796722063	0.006255444169541256	0.0009408798377468307	1.467686256955057	1.6204241251459712	3.61345155111403	1.1730347119606932	0.06528141769839056	22.324216885671476	0.026954227633515983
7.613666275765604	0.01	0.007	0.007	0.007	0.01	0.01057019177632267	0.009794980364112013	0.011159621905245618	0.006148429453573732	0.0009191061101349022	1.4698402371720176	1.6178288674656383	3.613932894328125	1.1707460164544543	0.06538473343345032	21.985704537378723	0.02688258007148172
7.690551256863762	0.01	0.007	0.007	0.007	0.01	0.010409227903778177	0.009645822714658294	0.010969163431911394	0.006043289953074077	0.0008977240785618769	1.4719220660071792	1.6151389613759228	3.6142537704699746	1.1683992759990895	0.06548219578623313	21.651955837200866	0.026811043283437332
7.767527906456926	0.01	0.007	0.007	0.007	0.01	0.010250529337700041	0.009498764195400673	0.010782004598865351	0.005939980550339702	0.0008767302837384763	1.4739339024958216	1.6123572836183697	3.614419112445939	1.1659964200292674	0.06557400679868323	21.322884640403906	0.026739611909193762
7.844601837838136	0.01	0.007	0.007	0.007	0.01	0.010094055944502332	0.009353767617116234	0.010598068089804763	0.005838458064931421	0.0008561212000299013	1.4758778230996557	1.6094866139601995	3.614433657119484	1.1635393074271614	0.06566036112910026	20.998408318189103	0.026668280933071102
7.921778409318509	0.01	0.007	0.007	0.007	0.01	0.00993976910718251	0.009210797195908595	0.010417279745059993	0.005738681083870821	0.0008358932275989918	1.4777558273069096	1.606529639105718	3.6143019565908556	1.1610297293116383	0.06574144644421429	20.678447369115283	0.02659704562839007
7.999062723859127	0.01	0.007	0.007	0.007	0.01	0.009787631660207508	0.009069818492870875	0.010239568407912885	0.005640609875426619	0.0008160426996986202	1.4795698414122154	1.6034889581414846	3.614028388429786	1.1584694132096993	0.06581744371863889	20.362925285009005	0.02652590155447752
8.07645966959138	0.01	0.007	0.007	0.007	0.01	0.009637607748047769	0.008930798282996914	0.010064865687078968	0.005544206256727817	0.0007965658790583302	1.4813217230009441	1.600367085999786	3.613617165059819	1.1558600255827742	0.06588852755639792	20.05176825845896	0.026454844516198363
8.153973909075496	0.01	0.007	0.007	0.007	0.01	0.009489662790253308	0.008793704522819697	0.009893105848963824	0.0054494335330843545	0.0007774589672874206	1.4830132639458034	1.5971664585372816	3.613072342572611	1.1532031757498238	0.06595486644148699	19.744905111195074	0.0263838705709781
8.2316098940869	0.01	0.007	0.007	0.007	0.01	0.009343763398992516	0.008658506273999337	0.009724225658690383	0.005356256409112186	0.0007587181072550306	1.48464619381065	1.5938894363231007	3.61239782890958	1.15050041873719	0.06601662300003429	19.442267123828977	0.026312976012403223
8.309371906185865	0.01	0.007	0.007	0.007	0.01	0.009199877253741105	0.008525173587203914	0.009558164176223342	0.00526464087516414	0.000740339379332032	1.486222183535761	1.5905383069765657	3.6115973911434325	1.1477532569637048	0.06607395426404435	19.143787776639513	0.026242157330605132
8.387264020009791	0.01	0.007	0.007	0.007	0.01	0.00905797312434465	0.008393677523481255	0.009394862728076336	0.005174554190703547	0.0007223188159356208	1.4877428473134668	1.5871152904996093	3.610674662927341	1.1449631444093136	0.06612701186055644	18.849402798078735	0.026171411243347507
8.46529015932531	0.01	0.007	0.007	0.007	0.01	0.008918020724323265	0.008263990018323857	0.009234264686405994	0.0050859647614734365	0.0007046523938204291	1.4892097462019593	1.5836225403983584	3.609633150584429	1.1421314873355553	0.06617594225922925	18.559049861092358	0.026100734642676423
8.543454065326312	0.01	0.007	0.007	0.007	0.01	0.008779990728851562	0.008136083898330706	0.009076315441351453	0.004998842123335692	0.000687336046704042	1.4906243898142348	1.5800621483710797	3.6084762396942445	1.1392596479374748	0.06622088694481439	18.272668621005398	0.02603012462157115
8.621759347691855	0.01	0.007	0.007	0.007	0.01	0.008643854646082118	0.00800993276196931	0.008920962207942239	0.004913156834906312	0.0006703656589102234	1.4919882394382127	1.576436145105559	3.6072072002220614	1.1363489448441888	0.06626198263272134	17.99020044911207	0.025959578425680557
8.700209442351138	0.01	0.007	0.007	0.007	0.01	0.008509584856517812	0.007885511016060812	0.008768154028322588	0.004828880477977746	0.0006537370795525788	1.4933027093102598	1.5727465051051635	3.605829192613965	1.1334006568821755	0.06629936141955571	17.711588514885218	0.025889093489524038
8.778807647013133	0.01	0.007	0.007	0.007	0.01	0.008377154516764315	0.0077627937865924045	0.008617841621296224	0.004745985573770987	0.0006374461193215638	1.4945691691841219	1.568995147806799	3.604345272428073	1.130416023850806	0.06633315097035708	17.43677758677378	0.02581866740249667
8.857557136073694	0.01	0.007	0.007	0.007	0.01	0.008246537504057018	0.007641756867313461	0.008469977281389535	0.004664445526550574	0.0006214885520397471	1.4957889463551755	1.5651839394104947	3.6027583948423825	1.127396247892828	0.06636347468160092	17.165713917549088	0.025748297893805012
8.936460928495842	0.01	0.007	0.007	0.007	0.01	0.008117708440314682	0.007522376742025461	0.008324514870120965	0.004584234618126962	0.0006058601254930325	1.496963326859502	1.561314696842345	3.601071419840961	1.124342496556216	0.06639045181915512	16.89834529466203	0.025677982859477776
9.015521934017467	0.01	0.007	0.007	0.007	0.01	0.007990642587343081	0.007404630487472451	0.008181409663375449	0.004505327923044533	0.0005905565562023318	1.4980935578041306	1.5573891878020487	3.599287115587315	1.1212559027527	0.06641419768046068	16.634620823180743	0.025607720319397415
9.094742926180928	0.01	0.007	0.007	0.007	0.01	0.007865315864905357	0.007288495790086412	0.008040618339802184	0.004427701301572751	0.0005755735387732233	1.4991808484754667	1.5534091342229797	3.5974081630298285	1.1181375674223148	0.06643482372212015	16.374490963682792	0.025537508439779498
9.174126567728994	0.01	0.007	0.007	0.007	0.01	0.007741704784705812	0.007173950884813481	0.00790209887606594	0.004351331341367682	0.0005609067447863174	1.500226372145102	1.549376213045016	3.5954371591627012	1.1149885600787277	0.06645243769942884	16.117907395612814	0.025467345509042748
9.253675393994653	0.01	0.007	0.007	0.007	0.01	0.007619786452870598	0.007060974557413076	0.007765810520874543	0.0042761953426005235	0.0005465518295674581	1.5012312672055599	1.5452920589682217	3.593376621038888	1.1118099209116237	0.06646714378816504	15.86482302278519	0.025397229951027986
9.333391822536257	0.01	0.007	0.007	0.007	0.01	0.00749953853152372	0.006949546108852504	0.007631713724530426	0.004202271278592074	0.0005325044337832538	1.5021966386080985	1.5411582657968332	3.591228988991185	1.1086026617822977	0.06647904270886408	15.615191893967872	0.02532716031494139
9.413278173448692	0.01	0.007	0.007	0.007	0.01	0.007380939186831992	0.0068396453071629	0.007499770055131351	0.004129537749117971	0.0005187601832744009	1.5031235593316465	1.5369763871005426	3.5889966293200914	1.1053677666972106	0.06648823184558028	15.368969095345554	0.025257135256096824
9.493336642046803	0.01	0.007	0.007	0.007	0.01	0.007263967109682653	0.0067312524066005155	0.007369942197107184	0.004057973979129102	0.0005053146970637081	1.504013071218865	1.5327479392606136	3.586681838106493	1.102106194130591	0.06649480535332694	15.1261107937495	0.02518715355853245
9.573569313829147	0.01	0.007	0.007	0.007	0.01	0.007148601472910536	0.0066243481080115	0.007242193880193324	0.0039875597791467834	0.0004921635877268494	1.5048661862799984	1.5284744022513939	3.5842868437532744	1.0988188775868888	0.06649885426838921	14.88657414815368	0.02511721412042802
9.653978174246685	0.01	0.007	0.007	0.007	0.01	0.007034821898602894	0.006518913528534963	0.007116489821075502	0.003918275512668713	0.0004793024627731728	1.505683887851663	1.524157220584493	3.581813809462945	1.0955067262962956	0.06650046661188026	14.650317242065963	0.025047315944252614
9.734565097165714	0.01	0.007	0.007	0.007	0.01	0.00692260845680119	0.00641493020040027	0.006992795700933116	0.0038501020833835416	0.0004667269293695934	1.506467131480462	1.5197978053150114	3.5792648362161916	1.092170626726433	0.06649972748849596	14.41729908109509	0.024977458145500418
9.81533185998982	0.01	0.007	0.007	0.007	0.01	0.006811941627030082	0.006312380035277953	0.006871078102951432	0.003783020900341507	0.00045443259467401945	1.5072168460354898	1.5153975345512236	3.5766419648105283	1.0888114429442657	0.06649671918250184	14.187479513317664	0.02490763993824847
9.896280126699052	0.01	0.007	0.007	0.007	0.01	0.00670280230533852	0.006211245330804654	0.006751304501036086	0.0037170138713645048	0.00044241507105067905	1.5079339344625626	1.5109577556318514	3.5739471787876202	1.0854300182541132	0.06649152125042639	13.960819244139493	0.02483786064855365
9.977411468381067	0.01	0.007	0.007	0.007	0.01	0.006595171760360306	0.006111508729866617	0.006633443193366018	0.0036520633660731662	0.00043066997545931435	1.5086192748508558	1.5064797852041003	3.5711824060402755	1.0820271752311377	0.06648421060947965	13.737279745276018	0.024768119695422794
10.0	0.01	0.007	0.007	0.007	0.01	0.006565514307360687	0.0060840264353587544	0.0066010114089491674	0.0036341914575328234	0.00042744716266514856	1.5088042860054134	1.505228227505977	3.570401575832131	1.0810774343360168	0.06648181308709951	13.675681505385327	0.024748737341529155
