0.0	0.01	0.007	0.007	0.007	0.01	0.0	0.0	0.0	0.0	0.0	0.0	0.0	0.0	0.0	0.0	100.0	0.035
0.006843325628580701	0.01	0.007	0.007	0.007	0.01	0.0027216440549253946	0.00525289912391391	0.003349273025414699	0.0011148580801474696	9.50354770109959e-5	0.00012929456917957967	0.00036855522522729646	0.00030744205329729524	7.36272936700574e-5	3.307432295992075e-6	99.86229709171585	0.03499169997853963
0.011822403679797937	0.01	0.007	0.007	0.007	0.01	0.004596659180659655	0.008671320032318953	0.005680382159940379	0.001903751929802706	0.0001510100667898857	0.0003798338453649956	0.001066216070047071	0.0009056958623045292	0.00021788031072281246	9.329176072818836e-6	99.76222617207307	0.03498566227241107
0.018975383712429766	0.01	0.007	0.007	0.007	0.01	0.007143817768050467	0.013053384979704034	0.008880364810452379	0.0030051895373097684	0.00021588914586888252	0.000956726811004414	0.002628611709558221	0.002290229476079497	0.0005544928207704124	2.222308369431331e-5	99.61863904206321	0.03497699028283581
0.025996559950379236	0.01	0.007	0.007	0.007	0.01	0.00948541444381638	0.016815896587213615	0.011858358348620458	0.004050788868375077	0.0002653334620512236	0.0017568729487512143	0.004729774022731112	0.0042215172420948174	0.001028433879983733	3.874600693249045e-5	99.4778986972006	0.03496848017746347
0.03417239143727242	0.01	0.007	0.007	0.007	0.01	0.012026903436579472	0.020611372716776103	0.015133287609656557	0.005225423865173638	0.00030923248459816064	0.0029601850913655776	0.0077892434591023685	0.0071435132827525425	0.0017526880976363951	6.166908179301054e-5	99.3142637003613	0.034958573166894887
0.04272476564395383	0.01	0.007	0.007	0.007	0.01	0.014486873143556697	0.02399927167223778	0.018349449507576315	0.006406463738507064	0.0003432302018984432	0.004508369689462554	0.011593835769950869	0.010927378464232059	0.0027007269114334097	8.882289213166783e-5	99.14338044044828	0.034948212886783785
0.052043917842452526	0.01	0.007	0.007	0.007	0.01	0.016953622770961945	0.02711387636833309	0.02162488369203339	0.007639989026482201	0.00037005015164	0.006504816471966001	0.016332169504192605	0.01583987118433966	0.0039455651455679265	0.00012109100798362535	98.95751107843836	0.034936927233317996
0.06187697341187379	0.01	0.007	0.007	0.007	0.01	0.019333966413483915	0.02985052282430228	0.024838718212974984	0.008883598421099292	0.00038999317501301064	0.008930836988776602	0.021889420096097983	0.02185145494668701	0.0054871544705957535	0.00015727850371142872	98.7617697754964	0.034925023185433
0.0723415922301631	0.01	0.007	0.007	0.007	0.01	0.02163766310706542	0.032246764736404546	0.02800468128424265	0.01014456142968913	0.00040455876178894677	0.011839414592713133	0.028319183537070573	0.029110981025935095	0.007371904577497046	0.00019743774670910244	98.55388155141101	0.0349123590125613
0.08336340834938823	0.01	0.007	0.007	0.007	0.01	0.023831077942471898	0.03429649826358097	0.03107640326065383	0.011406140393589618	0.0004147588821746521	0.015231097697656664	0.035555752293953295	0.03763898014138842	0.00961446559400355	0.00024094147479645155	98.33539729278705	0.03489902549071747
0.09498747717036247	0.01	0.007	0.007	0.007	0.01	0.025909922206533872	0.0360288986444427	0.034046334801331	0.012666270714797447	0.00042164180998577067	0.019134604248316735	0.04359800634064445	0.04752770727030644	0.012249265243875278	0.00028765617359522143	98.1054994038913	0.03488496891743549
0.10720585687511766	0.01	0.007	0.007	0.007	0.01	0.02786141415497193	0.037466967782267505	0.03689385608992178	0.013916881304632948	0.0004260294354035078	0.02355876871241108	0.052405677015433284	0.05882062949644549	0.015299050017189649	0.00033728669822280337	97.86442676140882	0.03487019976836932
0.12005241016992378	0.01	0.007	0.007	0.007	0.01	0.029681936180966213	0.03864172937511258	0.03961037843371143	0.01515440040254633	0.0004285990436076019	0.028523376703764477	0.06196497673044628	0.07159001431884228	0.018795421732618202	0.00038975064567059193	97.61159887019772	0.03485467804827841
0.13355031589900676	0.01	0.007	0.007	0.007	0.01	0.03136726780923914	0.03958272395871139	0.042185571138384025	0.01637397074190124	0.00042986914125321175	0.03404203941046723	0.07225394560030168	0.08589331714679511	0.02276721669828558	0.00044496241426255587	97.34665562457552	0.03483837678154761
0.14774106481880012	0.01	0.007	0.007	0.007	0.01	0.032916551249752936	0.04031984519860981	0.04461337156074622	0.017572195933059545	0.00043023406665083317	0.04013353266568054	0.08326474562558439	0.1018021335266998	0.02724845377971598	0.000502943931321247	97.06888833156854	0.03482124699696137
0.16266862876100333	0.01	0.007	0.007	0.007	0.01	0.034329666682228054	0.04088098995087296	0.0468882155338954	0.018745475702865996	0.00042998910062952807	0.04681610406158379	0.09499257726888986	0.11938747279361867	0.03227439695710999	0.0005637529215323668	96.77755407833828	0.0348032368859804
0.17838861633774172	0.01	0.007	0.007	0.007	0.01	0.03560797275060045	0.04129204934284455	0.04900630710073094	0.01989066093493672	0.00042936001842358833	0.05411162056362216	0.1074429997652666	0.13873049657857103	0.037884689225023215	0.0006275142992116834	96.47169965733973	0.03478428078550127
0.19496365816278716	0.01	0.007	0.007	0.007	0.01	0.036753527368933274	0.04157632970294055	0.05096449764760159	0.021004524549622712	0.0004285311949371367	0.062043782632815694	0.12062833862665266	0.15991778931922246	0.044122163972726204	0.0006943975053736147	96.15025580937318	0.03476430479178042
0.2124664134790976	0.01	0.007	0.007	0.007	0.01	0.03776914281489598	0.041754503641570066	0.052760458190806485	0.022083860639009797	0.00042767325165146545	0.07063955445358147	0.13456978386018784	0.18304503617261866	0.05103405338561222	0.0007646280948012081	95.81198316395074	0.03474322318438898
0.23097800512408834	0.01	0.007	0.007	0.007	0.01	0.03865812003629102	0.04184456092535538	0.05439230045124808	0.02312526441126936	0.0004269708366730763	0.07992835859407026	0.14929568338658997	0.20821471043967116	0.058671446623550574	0.0008384852169726282	95.4555078004817	0.03472094037081536
0.25058828232409597	0.01	0.007	0.007	0.007	0.01	0.03942420790197507	0.04186190781076301	0.05585855457997497	0.024125080282926464	0.0004266509658072187	0.08994197756564791	0.16484113553403515	0.23553551257036448	0.06708920275270502	0.0009163126281030355	95.07932178633472	0.034697350633581155
0.2713936113420431	0.01	0.007	0.007	0.007	0.01	0.04007152268102294	0.04181951868048183	0.05715806130855891	0.02507926498262275	0.00042701224886315453	0.10071308594321897	0.18124552801331828	0.26511792505080284	0.07634458584140362	0.0009985281333496558	94.68183164143821	0.03467234085757324
0.29349360950570985	0.01	0.007	0.007	0.007	0.01	0.04060455860864025	0.04172814800721204	0.05829001956220951	0.025983307308803962	0.00042845395216791393	0.11227309180978783	0.1985492419070582	0.2970675959228052	0.08649502552381644	0.0010856398255597122	94.26142649676714	0.03464579452334602
0.31698414522224394	0.01	0.007	0.007	0.007	0.01	0.04102823204353735	0.041596590072593705	0.05925409662466626	0.026832141043541022	0.0004315018582639461	0.1246479496676874	0.21678755857852672	0.3314727707221349	0.09759368242466818	0.0011782610273767277	93.81661571254206	0.034617600169880615
0.34194550543732455	0.01	0.007	0.007	0.007	0.01	0.04134800513461566	0.04143199149281728	0.060050705438410755	0.027620119920377342	0.00043682430435782355	0.13785144682295727	0.2359811885187636	0.36838423244290236	0.10968209257861206	0.0012771204925835775	93.3462538196762	0.034587665613177755
0.3684213326250957	0.01	0.007	0.007	0.007	0.01	0.04157008305775248	0.041240239191123684	0.060681451696413057	0.028341047973922014	0.00044522597733780237	0.1518738486164422	0.25612048423434236	0.40778171328662277	0.12277761724227747	0.001383046200130112	92.84993083502867	0.0345559431414114
0.3963860129465877	0.01	0.007	0.007	0.007	0.01	0.04170173850011135	0.041026438903086694	0.06114989583883025	0.028988396435718402	0.00045759990268416564	0.16666506640656312	0.2771423423720635	0.44952432412544224	0.13685445977965346	0.001496897378699994	92.32856284984129	0.03452246836869374
0.425712820308309	0.01	0.007	0.007	0.007	0.01	0.041751763127408595	0.04079537562881162	0.06146278825725488	0.02955607231044733	0.0004748220760249102	0.18211946096848602	0.2989098625796488	0.49330533462824233	0.15182488589637416	0.0016194602255793478	91.78494428921127	0.034487397913349316
0.456185533700462	0.01	0.007	0.007	0.007	0.01	0.041730700043090777	0.040551594802514496	0.06163136843179982	0.030040085377442127	0.0004976183219784464	0.19808506135036114	0.32122598394875085	0.5386770293154062	0.1675440496935577	0.0017514478717098156	91.2234750918449	0.03445099486852413
0.48757167765447607	0.01	0.007	0.007	0.007	0.01	0.04165019368374011	0.040298957816978266	0.06167120575700003	0.03044016259640447	0.0005264853583876	0.21440541305947844	0.3438909668714386	0.5851707995197032	0.1838498232902701	0.0018937019013372722	90.6487660415086	0.034413540798963166
0.5196903679600826	0.01	0.007	0.007	0.007	0.01	0.041521621642385355	0.04004025006438174	0.061600035084773276	0.03075969186000453	0.0005616934452394663	0.23095677302918058	0.36675153845426817	0.6324064380878305	0.2006024395621774	0.002047385446299907	90.06439163155095	0.034375254714086936
0.552425011338295	0.01	0.007	0.007	0.007	0.01	0.04135501431739298	0.03977725560127579	0.06143530334406774	0.031004339515916784	0.0006033173563256153	0.24765443936193474	0.3897071800981136	0.6801137249068099	0.21769520207117884	0.002213981024473058	89.47268655447103	0.03433627822872694
0.5857140266529997	0.01	0.007	0.007	0.007	0.01	0.04115862167403888	0.039510996182467874	0.061192689322746886	0.031180744149021642	0.0006512746869597192	0.2644466724078971	0.41270037065608856	0.728117414889561	0.23505200177681454	0.0023952216459868962	88.87494730239816	0.03429668698608811
0.6195380697804438	0.01	0.007	0.007	0.007	0.01	0.04093892083559236	0.03924195927837048	0.06088551865003343	0.03129565268612101	0.0007053634627411656	0.28130660314186484	0.4357049969559745	0.7763152807705413	0.25262151839886016	0.0025930244587929847	88.27169101523114	0.03425650618156985
0.6539103102250461	0.01	0.007	0.007	0.007	0.01	0.040700820548060325	0.03897026120465362	0.060524702303952876	0.031355439210845694	0.0007652971032555675	0.2982258267167607	0.45871760147642743	0.8246601571393988	0.2703720900751551	0.0028094516150092494	87.66285220817406	0.03421572237836104
0.688870330246343	0.01	0.007	0.007	0.007	0.01	0.04044791791754833	0.038695750554291614	0.060118915997183754	0.03136586760140683	0.0008307355330585545	0.3152100286322156	0.481751629781628	0.8731473166518201	0.288287959207686	0.0030466999387634332	87.04790952636806	0.034174290962237286
0.7244808450314075	0.01	0.007	0.007	0.007	0.01	0.040182741366532077	0.0384180689353815	0.05967486271540558	0.03133199297825114	0.0009013116229806107	0.3322761941561703	0.5048338894216969	0.9218061081687474	0.30636670103916447	0.003307115571205173	86.42595940539069	0.03413214021658905
0.7608270617233751	0.01	0.007	0.007	0.007	0.01	0.03990695109591998	0.03813667873324764	0.059197533153931475	0.031258135830469956	0.0009766538796090107	0.34945121937603174	0.5280028845524832	0.9706954529776518	0.3246178298595952	0.0035932348862509145	85.79574220816913	0.034089172260642765
0.7980188091340801	0.01	0.007	0.007	0.007	0.01	0.039621486816451515	0.03785086275565699	0.05869041916226289	0.031147885672228027	0.0010564070959922626	0.3667718636301078	0.5513088972003424	1.0199030689627564	0.34306263734563985	0.003907857705163908	85.15562098968475	0.03404526072357403
0.8361962849493575	0.01	0.007	0.007	0.007	0.01	0.03932665692756258	0.03755969349190177	0.05815565019776718	0.03100410343281024	0.0011402538725751735	0.3842862822309161	0.5748161047607467	1.069549084663706	0.3617355819043451	0.004254168445036746	84.50350118679042	0.03400024418914499
0.8755415608815897	0.01	0.007	0.007	0.007	0.01	0.039022157634452145	0.037261959281785974	0.05759401721486184	0.03082889314038079	0.001227942064055926	0.40205789529738145	0.5986077109307171	1.1197961046989136	0.38068805349967766	0.004635939778881271	83.83665885635399	0.03395391293803431
0.9163007961151445	0.01	0.007	0.007	0.007	0.01	0.03870699094258477	0.03695601421517629	0.05700481466227226	0.030623499751168706	0.0013193280663888198	0.42017344235166276	0.6227964988046892	1.170870771548386	0.3999964517618038	0.0050578958496271505	83.15140086558765	0.03390598324857703
0.9588299965199891	0.01	0.007	0.007	0.007	0.01	0.03837919229675627	0.03663946267598982	0.05638532161873236	0.030388038616198272	0.0014144602499203283	0.4387601513507698	0.6475472386324885	1.223110308356174	0.4197797000424832	0.0055264291931916495	82.44235615087689	0.03385604434520604
1.0037072893909336	0.01	0.007	0.007	0.007	0.01	0.03803505490176665	0.03630837586414675	0.05572931207499081	0.030120756284588986	0.00151378458873486	0.4580288669777356	0.6731329895321736	1.277080318503304	0.4402437369665096	0.006051300066203448	81.70071919457564	0.033803428004642255
1.052068393962127	0.01	0.007	0.007	0.007	0.01	0.03766669997042224	0.03595493822312596	0.05502235740681822	0.029815714826251418	0.001618768625272735	0.4784042769156403	0.7001051955938019	1.3339316075210466	0.461816572864189	0.006650643448954227	80.90897604102871	0.033746818608980954
1.1074816069338835	0.01	0.007	0.007	0.007	0.01	0.03724823409860604	0.03555419311359747	0.05421500070821434	0.029449753612217137	0.001735506194145764	0.5012638579601669	0.7302610443295349	1.397432316868368	0.4859185023415538	0.0073782300925942295	80.01120736936649	0.03368207085983301
1.1661095332416211	0.01	0.007	0.007	0.007	0.01	0.036809995143151114	0.03513506569515905	0.053366419646091116	0.029048790330145586	0.0018539623779921756	0.5248951377297031	0.7613140382549206	1.4627472895072755	0.5107006967481662	0.008192412975210592	79.07219898034771	0.033613702109867506
1.217042476758357	0.01	0.007	0.007	0.007	0.01	0.036433181638511156	0.034774965747682456	0.05263542000787799	0.028692558091023748	0.0019520939291160697	0.544971936029061	0.7875958172807038	1.517962861740527	0.5316336493634317	0.008933938875925524	78.26538660422541	0.033554419497141746
1.2696254577312356	0.01	0.007	0.007	0.007	0.01	0.0360480402101407	0.034407075085310386	0.05188784003089259	0.028319810790225407	0.002048355935040676	0.5652668139840593	0.8140655249963209	1.5735110917127588	0.5526680404105001	0.009730020183366933	77.44107222714725	0.033493326035738284
1.3196339025273143	0.01	0.007	0.007	0.007	0.01	0.03568543583414367	0.03406081170417644	0.05118424145245465	0.027962560906919193	0.0021349411369349126	0.5841687824485515	0.8386268608470928	1.6249970175701545	0.5721353368869335	0.010513331851938477	76.66517353363706	0.033435326997171756
1.369734809486476	0.01	0.007	0.007	0.007	0.01	0.035325759294034066	0.03371740574475405	0.050487052799788	0.027603470799996078	0.002216716571785865	0.6027232798845468	0.8626473276980772	1.6752947238115534	0.5911208332188996	0.011321222996806522	75.89563567735308	0.03337732143558501
1.4187171792311168	0.01	0.007	0.007	0.007	0.01	0.03497758229072191	0.033385017141185934	0.04981324305996866	0.027252404793538458	0.002291824086186352	0.6205008022538576	0.8855756706468956	1.7232550120827559	0.6091892748947332	0.012131144394053136	75.15074643875187	0.03332070817584398
1.4674844921353492	0.01	0.007	0.007	0.007	0.01	0.0346343219211518	0.03305734615119669	0.04915032484017579	0.026903790392617782	0.0023618639956337743	0.6378509878734268	0.9078683332690187	1.7698383566176277	0.6267022367020315	0.012955022963599896	74.41639048881945	0.03326443887020855
1.515727511740466	0.01	0.007	0.007	0.007	0.01	0.03429805421324435	0.03273636538269987	0.048502510085619975	0.026560524954077094	0.0024265603150617834	0.6546783815537068	0.9294064759299457	1.8148012157323525	0.6435678951883191	0.01378517927451047	73.69699043742469	0.033208868007881816
1.5637969832820595	0.01	0.007	0.007	0.007	0.01	0.03396623662851938	0.032419642100623765	0.04786505343915846	0.02622064029702997	0.0024865724552353544	0.6711190177063274	0.9503678570000903	1.8585194074126206	0.65992740148086	0.014625378340136682	72.98709553596328	0.03315358938992895
1.6116496288112037	0.01	0.007	0.007	0.007	0.01	0.03363910092423993	0.03210739392415603	0.04723852894315948	0.025884863490097915	0.002542012667682041	0.6871682641034539	0.9707493647494224	1.9009907321094188	0.6757801138879838	0.015472876697544085	72.28719479037667	0.03309865151007924
1.659447923011068	0.01	0.007	0.007	0.007	0.01	0.03331548095765591	0.03179850548715619	0.04662080803474085	0.025552390282558613	0.002593233680109067	0.7028893503087597	0.9906337595677664	1.9423917733071114	0.6911922651704244	0.016328731270160938	71.59478920227005	0.03304386691004286
1.7072210529004048	0.01	0.007	0.007	0.007	0.01	0.032995142476563516	0.03149275174087547	0.04601153565321298	0.02522329633978688	0.002640416872479152	0.718298558123664	1.0100435912860286	1.98277336941831	0.7061830821955775	0.01719181189322201	70.9093751514105	0.03298920175981183
1.7550596776440694	0.01	0.007	0.007	0.007	0.01	0.03267745242889765	0.031189527515113814	0.04540958773483879	0.02489718961899202	0.0026837946560616267	0.7334305515799664	1.0290241704291636	2.022233541645402	0.7207892787594669	0.018062225678291275	70.22959672361179	0.03293455228574281
1.803006731135344	0.01	0.007	0.007	0.007	0.01	0.03236211325918756	0.03088854819635388	0.04481447309062119	0.024573977682606784	0.002723538541449784	0.748303007890364	1.047598979500872	2.060824733336014	0.7350305602935377	0.01893933069816104	69.55481641808532	0.03287986978528417
1.8511218662996423	0.01	0.007	0.007	0.007	0.01	0.032048729761118146	0.030589436181027642	0.04422551178154595	0.024253432784252797	0.0027598230608726414	0.7629375501033442	1.065796082063613	2.09860879114464	0.7489300255896655	0.019822880709444077	68.88418810966895	0.03282508686083002
1.8994459007786195	0.01	0.007	0.007	0.007	0.01	0.03173704244256935	0.03029194353795114	0.0436422773265149	0.023935438588668572	0.0027927962355924455	0.777348799171617	1.0836344738591215	2.1356286342212454	0.7625037020017604	0.020712360568152444	68.21715625696827	0.03277015795968315
1.948022637328865	0.01	0.007	0.007	0.007	0.01	0.03142678276531458	0.029995813791330123	0.043064324169957834	0.023619847478668313	0.0028225987172121577	0.791551291247356	1.1011327653147247	2.1719263233072037	0.7757672192543759	0.021607372172867668	67.55314604522657	0.032715034456474876
1.99688747377374	0.01	0.007	0.007	0.007	0.01	0.03111774566077316	0.029700851102733412	0.04249132383491399	0.023306558878811636	0.002849356849236854	0.8055561945749631	1.1183051520127878	2.2075347219147763	0.7887327573443633	0.022507414570420693	66.89171851902988	0.03265967757651958
2.046075002285834	0.01	0.007	0.007	0.007	0.01	0.0308097394653142	0.02940687246611503	0.041922971314002036	0.022995471478810526	0.0028731888662705185	0.8193736945728236	1.1351644025731533	2.242483718311303	0.8014113370987328	0.023412015280525587	66.23246340985236	0.03260404973107474
2.0956155085534274	0.01	0.007	0.007	0.007	0.01	0.030502607195913883	0.029113728001337984	0.041359024496232105	0.0226865073569495	0.0028942038362132086	0.8330120881515182	1.1517207785715529	2.2767980029454677	0.813812019801465	0.024320659024902748	65.57504465496372	0.03254811846160483
2.145537778907249	0.01	0.007	0.007	0.007	0.01	0.03019620801172109	0.028821283251439525	0.04079926966711579	0.022379595167460867	0.002912503996764216	0.8464786757951109	1.167983155636107	2.3104994072774483	0.8259427676754445	0.025232833905993395	64.91916071183985	0.03249185324010799
2.195868150242641	0.01	0.007	0.007	0.007	0.01	0.02989042244391182	0.028529424168688537	0.04024353094867537	0.02207467695161789	0.0029281850406540134	0.8597795737006914	1.1839588192751531	2.343606491968056	0.8378103035639003	0.026148009524228837	64.2645557497632	0.0324352265256404
2.246631644159288	0.01	0.007	0.007	0.007	0.01	0.02958514481060905	0.028238049871284233	0.03969165620337463	0.021771701734199466	0.002941337189262373	0.8729200882393651	1.199653939681572	2.3761355400724087	0.8494204773228644	0.027065654117395394	63.61100341387904	0.03237821247079319
2.297851838728342	0.01	0.007	0.007	0.007	0.01	0.029280283533402722	0.027947072943058725	0.0391435174361526	0.021470626810662526	0.0029520456650504834	0.8859047345870609	1.2150736119183718	2.408100647581436	0.8607783053051486	0.027985229211457664	62.95830750448545	0.03232078705551113
2.3495513980757754	0.01	0.007	0.007	0.007	0.01	0.028975757556035982	0.027656416013696256	0.038599004142947396	0.021171414962577895	0.002960391284369032	0.8987374192702332	1.2302220897271872	2.4395142137793004	0.8718881519266811	0.028906196686815697	62.30629431271068	0.03226292748375867
2.4017521581971675	0.01	0.007	0.007	0.007	0.01	0.028671495534970674	0.027366010985135438	0.038058021718731766	0.02087403428843783	0.0029664508504272575	0.9114214978402433	1.2451028668675572	2.470387114478521	0.8827537966311317	0.029828018142332116	61.65481089030458	0.032204612081764
2.454475456522468	0.01	0.007	0.007	0.007	0.01	0.028367433665369774	0.027075796955892645	0.03752048745458105	0.020578456580527427	0.0029702975308090237	0.9239598861544994	1.2597188193538946	2.5007290007060643	0.8933785442312067	0.03075015886251123	61.00372039766807	0.032145819925696005
2.5077422759234578	0.01	0.007	0.007	0.007	0.01	0.028063514683037895	0.026785719268019842	0.036986328684263464	0.020284656778111632	0.002972001145410237	0.936355117954991	1.2740722816826053	2.5305484599849706	0.9037652854587993	0.03167208861943795	60.352899969243815	0.03208653067968899
2.561573462557178	0.01	0.007	0.007	0.007	0.01	0.027759686505672718	0.0264957282099532	0.03645548032864537	0.019992612004943563	0.0029716284172348396	0.9486094141263332	1.2881651345877643	2.5598532012313386	0.9139165648243511	0.032593283868835934	59.702237806144964	0.032026724353706654
2.6159899028269824	0.01	0.007	0.007	0.007	0.01	0.027455901181673292	0.02620577801301124	0.03592788302827141	0.019702300861191104	0.002969243177070097	0.9607247360153959	1.3019988720316942	2.5886501964931226	0.9238346323078529	0.0335132292483689	59.0516309267852	0.03196638110946075
2.671012716261859	0.01	0.007	0.007	0.007	0.01	0.027152113816699987	0.02591582582672294	0.03540348127998095	0.01941370266136628	0.002964906531916276	0.9727028367286378	1.315574663815169	2.616945813752803	0.9335214909324572	0.03443141931829364	58.400982869277826	0.03190548105104931
2.7266633913163387	0.01	0.007	0.007	0.007	0.01	0.02684828188089443	0.02562583105752153	0.034882222272912496	0.019126797011202692	0.0029586770069787113	0.9845452947315004	1.328893396141841	2.6447459041676264	0.9429789277244055	0.03534735927758252	57.750202208531995	0.03184400408118257
2.7829640150769963	0.01	0.007	0.007	0.007	0.01	0.02654436406161742	0.025335754273681604	0.03436405397976652	0.01884156293708758	0.002950610653923872	0.9962535629428637	1.3419557278999654	2.672055922619643	0.9522085551337441	0.03626056713871085	57.09920009936735	0.031781929655910944
2.8399374092395107	0.01	0.007	0.007	0.007	0.01	0.026240319697620505	0.02504555666522747	0.03384892428961625	0.01855797855791568	0.0029407611441627057	1.0078289926797068	1.3547621166916661	2.6988809859282203	0.9612118302224569	0.037170574194783756	56.44788906437159	0.031719236645616336
2.8976073899600308	0.01	0.007	0.007	0.007	0.01	0.02593610761307029	0.024755198931037177	0.0333367791580789	0.01827602019080041	0.00292917982373483	1.019272878472355	1.3673128662791532	2.7252259768343996	0.9699900883496101	0.03807692730195638	55.796180495616305	0.03165590306220404
2.955998926294134	0.01	0.007	0.007	0.007	0.01	0.025631685572446522	0.02446464075855103	0.032827561857506765	0.017995662041627947	0.0029159157640411566	1.0305864767367159	1.3796081429559615	2.7510955842342293	0.9785445543208625	0.03897918927655929	55.14398348567736	0.031591905901160365
3.015138435622033	0.01	0.007	0.007	0.007	0.01	0.025327009091859757	0.02417383968921383	0.03232121118702547	0.017716875306048388	0.002901015768407007	1.041771046395578	1.3916480139385579	2.7764943911689794	0.9868763683754377	0.03987694115607943	54.49120227925588	0.03152722083654356
3.075054010153945	0.01	0.007	0.007	0.007	0.01	0.02502203070786299	0.023882750420577848	0.03181766050395925	0.017439627708840656	0.0028845243745162638	1.0528278697181261	1.4034324616821108	2.8014269142175756	0.9949865947285854	0.040769783003146286	53.83773470409996	0.03146182199570333
3.1357757690315164	0.01	0.007	0.007	0.007	0.01	0.02471669870223972	0.023591323589159253	0.03131683590523211	0.017163882564030383	0.0028664838093252665	1.0637582904395648	1.4149614141715103	2.825897678964286	1.0028762405601361	0.041657336181233025	53.18346943548929	0.0313956816011598
3.1973361940684826	0.01	0.007	0.007	0.007	0.01	0.024410956038230406	0.023299504755103576	0.030818654827131142	0.01688959805625297	0.00284693392963672	1.07456374087162	1.4262347601570724	2.8499112667199893	1.0105462638759677	0.042539244820829075	52.52828371269718	0.03132876963597967
3.2597705951927667	0.01	0.007	0.007	0.007	0.01	0.024104738790001048	0.023007232903171228	0.0303230238888499	0.016616726098486453	0.002825912106935047	1.085245783533781	1.4372523759714955	2.873472389572783	1.0179975885117756	0.04341517851826068	51.872039968389096	0.03126105337438815
3.3231176030301386	0.01	0.007	0.007	0.007	0.01	0.023797974616133574	0.022714438985739074	0.029829836900565822	0.016345211274659648	0.0028034530843484566	1.0958061468006473	1.4480141414456664	2.8965859470241644	1.0252311107552006	0.04428483458851932	51.21458255089247	0.031192496890915848
3.3874198436943663	0.01	0.007	0.007	0.007	0.01	0.023490580553992196	0.02242104381760419	0.029338971881395753	0.01607498923279025	0.00277958875280905	1.1062467790392834	1.458519969276169	2.9192571174196025	1.0322477139515736	0.04514794185476859	50.55573298931252	0.031123060381658553
3.4527247005816615	0.01	0.007	0.007	0.007	0.01	0.023182460662682515	0.022126955826273664	0.02885028797219454	0.01580598501711034	0.0027543478741402076	1.1165699014050332	1.4687698258242954	2.941491438845339	1.0390482759175756	0.04600426433280895	49.895284931934476	0.03105269940365755
3.5190853396080546	0.01	0.007	0.007	0.007	0.01	0.022873502739817517	0.021832067918237753	0.028363621037517925	0.015538110676592064	0.0027277556834349507	1.126778084107764	1.4787637665477738	2.963294931704166	1.0456336843815972	0.04685360683232236	49.23299709674618	0.030981363845078706
3.586562001339474	0.01	0.007	0.007	0.007	0.01	0.02256357421624196	0.021536253560634416	0.02787877818821054	0.015271262278532441	0.0026998333600365978	1.1368743396113021	1.4885019761617069	2.9846742452811523	1.0520048531545156	0.04769582191702304	48.56858445629292	0.030908996627883278
3.655223677783885	0.01	0.007	0.007	0.007	0.01	0.0222525168230269	0.021239361691090187	0.027395530657527423	0.015005316016340751	0.0026705973136474134	1.1468622427795276	1.4979848193591598	3.0056368457179476	1.0581627421170245	0.04853081901646238	47.90170678603841	0.030835532022964643
3.725150400640702	0.01	0.007	0.007	0.007	0.01	0.021940139204719922	0.02094120966733905	0.026913603852527505	0.01474012276463435	0.0026400581806567654	1.1567460995437377	1.507212916644376	3.026191284687022	1.0641083892604157	0.04935857744023883	47.231952803607584	0.030760893344390135
3.7964363388081055	0.01	0.007	0.007	0.007	0.01	0.021626206900896304	0.020641573704981372	0.026432663852733337	0.014475500683120639	0.002608219431392383	1.1665311746849192	1.5161872458668721	3.0463475613192794	1.0698429531717766	0.050179164106412835	46.55881865707064	0.030684989825694804
3.8691942397999357	0.01	0.007	0.007	0.007	0.01	0.021310427778520463	0.020340174973212104	0.025952297648375068	0.014211224382263465	0.0025750753359275666	1.1762240275978635	1.5249093007817567	3.066117664506679	1.075367783120497	0.050992759954309415	45.88167664695498	0.030607712129248312
3.943561912015115	0.01	0.007	0.007	0.007	0.01	0.02099243060137569	0.02003665914013806	0.025471983982153133	0.013947008929867463	0.0025406079483533536	1.1858330089091964	1.5333813315112326	3.0855163804858474	1.0806845274921035	0.051799699277236995	45.199729214151	0.030528925781428195
4.019712234204005	0.01	0.007	0.007	0.007	0.01	0.020671731518244703	0.019730564387000264	0.024991047524297528	0.013682484706395343	0.0025047823923070246	1.1953690465500064	1.5416067431854719	3.1045625881283	1.0857953201649584	0.052600532416999995	44.511936992750954	0.030448461011956255
4.097869385571771	0.01	0.007	0.007	0.007	0.01	0.02034767912635052	0.019421268973298354	0.024508583457575814	0.013417156013505462	0.0024675391362165696	1.2048469472969854	1.549590780551459	3.123281426071867	1.0907031088521295	0.0533961301460547	43.816900870899445	0.030366096244698177
4.178337127752115	0.01	0.007	0.007	0.007	0.01	0.020019357624784066	0.019107898800418147	0.024023323990204657	0.013150327795782027	0.0024287804156874118	1.2142877165860066	1.5573417948347688	3.141708197842767	1.0954122778233295	0.05418787064714063	43.112654088215365	0.030281529267749678
4.261553194037789	0.01	0.007	0.007	0.007	0.01	0.019685398274437882	0.01878914745738031	0.023533377379494885	0.012880962354516337	0.002388343931956816	1.2237231287623633	1.5648738362224135	3.1598961533821854	1.0999299525039823	0.05497800960748638	42.396257513936405	0.030194321666885775
4.348208879683447	0.01	0.007	0.007	0.007	0.01	0.019343559938744093	0.01846287586330797	0.023035644995107074	0.012607359252955518	0.0023459446674026453	1.2332060114443764	1.5722126920976267	3.177934185281365	1.1042690994946667	0.055770516498198155	41.662899277037816	0.030103776386101757
4.439580014753745	0.01	0.007	0.007	0.007	0.01	0.01898955278102154	0.018124989533262314	0.02252417895475577	0.012326253369848337	0.0023010130420121153	1.2428394705263135	1.5794136980532705	3.195997715867997	1.108457864277811	0.05657346113185679	40.90336997746527	0.030008598071551058
4.538837709910425	0.01	0.007	0.007	0.007	0.01	0.01861233380515971	0.01776494836529655	0.021983591805141367	0.012029195346506955	0.002252051699039533	1.2528948922615633	1.5866355375229348	3.2145558818204893	1.1125787936016813	0.057408679508597696	40.09396557290744	0.029905545559221234
4.664500868427071	0.01	0.007	0.007	0.007	0.01	0.018145501837155412	0.017319375456701723	0.021320812130809014	0.011665068004165169	0.002190037075541229	1.2650390464575698	1.5949208034111735	3.2365380739371776	1.1171873266469343	0.058412487420445205	39.09217013204946	0.02977558553007723
4.754640821485055	0.01	0.007	0.007	0.007	0.01	0.017817871616466294	0.017006664027079472	0.02085972665237251	0.011411802055364415	0.0021455792414834646	1.2733634481355094	1.6002995820531611	3.2513151639969005	1.1200954855403022	0.05909683599669913	38.389022043934126	0.02968271136782333
4.840813832099655	0.01	0.007	0.007	0.007	0.01	0.017510196767315717	0.016712999667894624	0.020429740883649464	0.011175657498565502	0.0021031971484906493	1.2810314532010374	1.6050195430118435	3.2647036524648567	1.1225802796776596	0.05972407616004844	37.72864655010081	0.029594195334134044
4.927063764235953	0.01	0.007	0.007	0.007	0.01	0.017207571526339668	0.016424155020359633	0.020009631656239323	0.010944973977088544	0.002060954546744149	1.2884322502532075	1.6093458481423137	3.277410470283131	1.124790470677713	0.06032621621184279	37.07905664375297	0.029505864602088448
5.012532387376771	0.01	0.007	0.007	0.007	0.01	0.016912851452967163	0.016142855523388004	0.019603156155360103	0.010721812089437862	0.0020193131071752917	1.2955047652053302	1.6132546156448109	3.289344590582816	1.1267188650446676	0.060898312131346964	36.44638447763916	0.029418594102611377
5.096896090593733	0.01	0.007	0.007	0.007	0.01	0.01662689611094264	0.015869921587607128	0.0192112514459674	0.010506683153870782	0.0019784645378680085	1.3022394516878086	1.6167568927423004	3.3005075053784245	1.1283773848016334	0.061439713751489836	35.83247886107132	0.029332704959614198
5.180281552397839	0.01	0.007	0.007	0.007	0.01	0.01634901173011095	0.015604691037673112	0.01883272657461366	0.010298930291973289	0.0019383755317277337	1.3086635486687341	1.6198835359260069	3.310961870922508	1.1297873579978992	0.06195276784771705	35.23585397557821	0.02924805816234143
5.262825905004366	0.01	0.007	0.007	0.007	0.01	0.016078508509007286	0.015346505486560094	0.018466428891198025	0.010097918043486332	0.001899003963184798	1.3148027263820072	1.622662279040675	3.3207652656930833	1.130967687574431	0.06243968389030437	34.6550320334174	0.029164505785536858
5.344646067487864	0.01	0.007	0.007	0.007	0.01	0.01581479912761552	0.01509480436164495	0.018111373800577212	0.009903103534065323	0.0018603145383560388	1.3206789965139902	1.625116995182803	3.329967117931163	1.1319346529807972	0.06290236627397805	34.08875484444935	0.029081921995189882
5.425842152100426	0.01	0.007	0.007	0.007	0.01	0.015557380572517137	0.01484910755753715	0.017766714592047084	0.009714019852581588	0.001822277679799247	1.3263113802460558	1.6272684235065924	3.338610214680868	1.132702407370726	0.06334246999785932	33.53594487826113	0.029000199288927043
5.506499711424339	0.01	0.007	0.007	0.007	0.01	0.01530582117469146	0.014609003064193238	0.01743172053036768	0.009530263975826975	0.0017848688227193976	1.3317164034039244	1.6291347285429585	3.3467318399764223	1.13328336317241	0.06376144219022623	32.99567750057585	0.028919245970354227
5.586692246811985	0.01	0.007	0.007	0.007	0.01	0.015059747970401062	0.014374134903394648	0.017105756337761076	0.009351485467711543	0.0017480674938911067	1.336908540506214	1.6307319640575675	3.3543647557903324	1.1336885048507224	0.06416055913367827	32.46715388855339	0.02883898341068535
5.6664832109509	0.01	0.007	0.007	0.007	0.01	0.014818836663224012	0.014144193547912165	0.01678826593639705	0.00917737752526165	0.001711856567762933	1.341900565641936	1.6320744379169014	3.361537975356053	1.1339276345506066	0.06454095550905099	31.949679519583746	0.028759343864435474
5.745927671995137	0.01	0.007	0.007	0.007	0.01	0.014582803428592974	0.013918908099267784	0.016478759249319283	0.009007669709752069	0.0016762216390954526	1.3467038353682426	1.6331750024571146	3.368277382890676	1.1340095669169437	0.06490364793003796	31.442646607310927	0.028680268660606387
5.825073932442366	0.01	0.007	0.007	0.007	0.01	0.01435139752837153	0.01369803923864019	0.01617680056663256	0.008842121542517227	0.0016411503942868272	1.3513285310884877	1.6340452888214345	3.374606250594901	1.1339422839768534	0.06524955494273198	30.94551826920084	0.02860170647054628
5.903964518226099	0.01	0.007	0.007	0.007	0.01	0.014124396335001404	0.013481374477613623	0.015882000463043933	0.0086805180530495	0.0016066322512056782	1.3557838335893335	1.6346958889953056	3.3805456245688643	1.133733058090612	0.06557951152068871	30.457817863494984	0.02852361222817286
5.982636437726493	0.01	0.007	0.007	0.007	0.01	0.013901602802187893	0.013268725744057342	0.015594011172083509	0.00852266722557334	0.001572658299715321	1.3600780363579885	1.6351365023846827	3.386114602971185	1.1333885554541434	0.06589427876433775	29.979123577797846	0.028445946788538682
6.061122745966524	0.01	0.007	0.007	0.007	0.01	0.013682839498602304	0.013059923687523926	0.015312517735658929	0.008368395132846696	0.0015392206635143663	1.364218714884233	1.6353760671815636	3.3913306661146483	1.132914917462035	0.06619455749603777	29.50905562938227	0.028368675309351294
6.1394528059235745	0.01	0.007	0.007	0.007	0.01	0.013467946686398596	0.012854815845274084	0.01503723461090939	0.008217544064223734	0.0015063124290765595	1.3682128065828958	1.6354228579586205	3.396209867620819	1.1323178291446636	0.06648099499944368	29.047272151923853	0.028291766936707395
6.217652942619801	0.01	0.007	0.007	0.007	0.01	0.013256779479573549	0.012653263930043752	0.014767901233925658	0.00806997008386917	0.0014739273997790132	1.372066701439016	1.6352845697547154	3.400767025314822	1.131602574567131	0.0667541923905687	28.593463102680683	0.02821519411209316
6.295746823602774	0.01	0.007	0.007	0.007	0.01	0.013049205945539327	0.01245514201807188	0.014504278925416782	0.007925541326119438	0.0014420599648317504	1.3757863085382067	1.6349683872121004	3.4050158688465024	1.1307740838132863	0.06701471008561213	28.14734619411473	0.028138932157581342
6.373755823818485	0.01	0.007	0.007	0.007	0.01	0.01284510538700812	0.01226033490922811	0.01424614812852203	0.00778413647419462	0.0014107049726208001	1.3793771143349827	1.6344810427997798	3.4089691669051114	1.1298369722779076	0.06726307255510662	27.70866321120198	0.028062958882988705
6.451699335870565	0.01	0.007	0.007	0.007	0.01	0.012644366890585896	0.01206873674170385	0.013993306072342053	0.007645643473313324	0.0013798576258321604	1.382844231868454	1.6338288658664673	3.4126388347590617	1.1287955738460886	0.0674997723269928	27.277176900377125	0.0279872542523735
6.52959503796361	0.01	0.007	0.007	0.007	0.01	0.012446888088096103	0.01188024980974528	0.013745564777038229	0.007509958431897942	0.0013495133935457946	1.3861924426611207	1.6330178241523279	3.4160360257676565	1.127653969025397	0.06772527338226969	26.852668314383422	0.027911800096836574
6.6074590797865485	0.01	0.007	0.007	0.007	0.01	0.01225257421105394	0.011694783661187645	0.013502749487649651	0.007376984758413402	0.0013196679553671633	1.3894262306329537	1.632053559680179	3.4191712077904963	1.1264160096728633	0.06794001392167512	26.434934786166334	0.027836579911086148
6.685306306045572	0.01	0.007	0.007	0.007	0.01	0.012061337119064075	0.011512254170099441	0.013264697125418567	0.007246632308478771	0.00129031713082709	1.3925498139850134	1.6309414189516045	3.4220542317856717	1.125085339387878	0.068144408922387	26.023787845792206	0.02776157861700753
6.763150368945894	0.01	0.007	0.007	0.007	0.01	0.011873094665168083	0.011332582931032913	0.013031255203081953	0.007118816786649543	0.001261456851384582	1.3955671693556508	1.6296864799976531	3.4246943878773006	1.1236654124507957	0.06833885211660017	25.61905186094369	0.02768678243754328
6.841003905546749	0.01	0.007	0.007	0.007	0.01	0.011687769949583844	0.011155696546747794	0.012802280636781824	0.006993459092079177	0.0012330831077571177	1.398482056056391	1.6282935748336778	3.4271004572655186	1.1221595090262149	0.06852371792177374	25.2205624368167	0.02761217871045998
6.918878615494589	0.01	0.007	0.007	0.007	0.01	0.011505290858718898	0.010981526188218873	0.012577638943304398	0.006870484875594927	0.0012051919344266563	1.4012980341702896	1.626767310226039	3.4292807548780733	1.120570749839811	0.06869936292451889	24.828165428787	0.02753775580012697
6.996785404507938	0.01	0.007	0.007	0.007	0.01	0.011325589482766078	0.010810007038754023	0.012357203313523019	0.006749824029362814	0.001177779370115026	1.404018483273725	1.6251120846136706	3.431243169272569	1.1189021076716066	0.06886612736246066	24.44171569352004	0.027463502948066813
7.074734418522227	0.01	0.007	0.007	0.007	0.01	0.01114860182123991	0.010641078012941492	0.012140854063465349	0.006631410383597039	0.0011508414574255819	1.4066466155720803	1.6233321048097906	3.432995195245989	1.1171564193926622	0.06902433621917049	24.061076458826744	0.027389410229640084
7.152735164776854	0.01	0.007	0.007	0.007	0.01	0.010974267312046338	0.01047468130716548	0.011928477888062125	0.006515181295531897	0.001124374211535744	1.4091854907792114	1.6214313989739635	3.434543965244817	1.1153363947795911	0.06917430039539764	23.686118313680986	0.02731546842905754
7.230796549698184	0.01	0.007	0.007	0.007	0.01	0.01080252857577107	0.010310762155540222	0.011719967396209643	0.006401077392621943	0.0010983736180630109	1.4116380268905866	1.619413829613671	3.435896275555797	1.113444625865404	0.06931631759993555	23.316718660746705	0.02724166899490185
7.308926936927687	0.01	0.007	0.007	0.007	0.01	0.010633331131497545	0.010149268558669938	0.01151522062539671	0.006289042304761786	0.0010728356234744553	1.4140070106916995	1.6172831047472158	3.4370586104566554	1.1114835948363526	0.06945067320203628	22.952761107421228	0.027168003977340458
7.387134210178424	0.01	0.007	0.007	0.007	0.01	0.010466623120567696	0.00999015101998963	0.011314140579632762	0.006179022409452838	0.0010477561240099598	1.416295107480155	1.6150427875889781	3.438037164015575	1.109455680843754	0.06957764101320027	22.594134873705347	0.027094465961761204
7.465425809935052	0.01	0.007	0.007	0.007	0.01	0.010302355103009907	0.009833362351464089	0.011116634867290354	0.006070966631815013	0.0010231309631832765	1.4185048691826305	1.612696305776571	3.4388378593884967	1.1073631666319388	0.0696974839556253	22.240734356161607	0.027021048027922035
7.543808785498877	0.01	0.007	0.007	0.007	0.01	0.01014047983471744	0.009678857460913601	0.010922615326171826	0.005964826237760061	0.0009989559243044415	1.4206387422283828	1.6102469591573838	3.4394663664969922	1.1052082440462354	0.06981045469769409	21.892458650269486	0.026947743695379427
7.622289800126202	0.01	0.007	0.007	0.007	0.01	0.00998095215379709	0.009526593243539046	0.010731997788878483	0.005860554704057616	0.0009752267374176408	1.4226990735217824	1.6076979281409849	3.439928117700554	1.1029930201824394	0.06991679616981844	21.54921130748333	0.026874546913442095
7.700875182758862	0.01	0.007	0.007	0.007	0.01	0.009823728779371509	0.009376528389886757	0.010544701751144464	0.00575810753543425	0.0009519390714861529	1.4246881171972148	1.6050522798833249	3.440228322543994	1.1007195217311458	0.07001674210743537	21.210899903796616	0.02680145200796251
7.7795709484981845	0.01	0.007	0.007	0.007	0.01	0.009668768184917763	0.009228623264955523	0.010360650137101723	0.005657442134812238	0.00092908853619307	1.426608040022233	1.6023129747269738	3.4403719809466797	1.098389699662322	0.07011051750740259	20.87743576852938	0.026728453657902086
7.858382824198095	0.01	0.007	0.007	0.007	0.01	0.009516030468809314	0.009082839784634204	0.010179769067723977	0.005558517675385057	0.0009066706819713741	1.4284609265279276	1.5994828718828922	3.440363895341479	1.0960054333321136	0.07019833905791677	20.548733706982173	0.026655546867506614
7.937316274027177	0.01	0.007	0.007	0.007	0.01	0.009365477232578955	0.008939141299508907	0.010001987644546878	0.005461294981140179	0.0008846809999788266	1.430248783749473	1.596564734552484	3.440208681791584	1.0935685341840518	0.07028041553641723	20.22471173959178	0.026582726938923478
8.016376504059831	0.01	0.007	0.007	0.007	0.01	0.009217071505540632	0.008797492522917796	0.009827237793567645	0.005365736440375032	0.0008631149277339785	1.4319735451573297	1.5935612353401933	3.4399107802624935	1.0910807497433137	0.07035694815835944	19.90529094076261	0.02650998946449537
8.095568498249227	0.01	0.007	0.007	0.007	0.01	0.009070777615156567	0.008657859407221769	0.00965545404997116	0.005271805886928119	0.0008419678458588322	1.4336370750016427	1.590474960073703	3.4394744640409174	1.088543766325104	0.07042813093436663	19.590395160842498	0.026437330290389513
8.174897022977255	0.01	0.007	0.007	0.007	0.01	0.00892656112268723	0.008520209082385155	0.009486573424443766	0.005179468526097154	0.0008212350834203116	1.4352411716683002	1.5873084123860282	3.438903848483113	1.0859592124210165	0.07049415097218215	19.279950888519814	0.026364745509499955
8.254366626237239	0.01	0.007	0.007	0.007	0.01	0.00878438877116475	0.00838450980631895	0.009320535287586933	0.005088690870512086	0.0008009119241274538	1.436787570737515	1.5840640182242516	3.4382028992701597	1.0833286620384581	0.07055518875902925	18.973887139692632	0.026292231459324394
8.333981668377174	0.01	0.007	0.007	0.007	0.01	0.008644228380025968	0.0082507308643121	0.009157281195588025	0.004999440643948355	0.0007809936041241913	1.4382779484618928	1.5807441287796304	3.437375439851068	1.0806536367765749	0.07061141845246371	18.672135231450046	0.026219784691163157
8.413746337141955	0.01	0.007	0.007	0.007	0.01	0.008506048773731411	0.00811884250090133	0.00899675475942153	0.0049116867089988294	0.0007614753140292833	1.439713924682239	1.5773510237002484	3.4364251583684946	1.077935608168619	0.07066300813817784	18.37462862913792	0.02614740195402197
8.493664646856576	0.01	0.007	0.007	0.007	0.01	0.008369819741292084	0.007988815881241363	0.008838901553093616	0.004825399016139364	0.0007423522047016405	1.441097065275764	1.5738869147140373	3.435355614286364	1.0751760003696598	0.07071012006282625	18.081302859914405	0.026075080193083418
8.573740442828983	0.01	0.007	0.007	0.007	0.01	0.008235511988443932	0.007860623045457626	0.008683669015965179	0.004740548549600478	0.0007236193913159295	1.4424288845678357	1.5703539488297324	3.434170244585642	1.0723761925112782	0.07075291085971985	17.79209541043658	0.026002816543471734
8.653977416366326	0.01	0.007	0.007	0.007	0.01	0.008103097074576812	0.007734236848447561	0.008531006340085034	0.004657107265088322	0.0007052719547629533	1.443710847774377	1.5667542108548602	3.432872369407711	1.0695375205249005	0.07079153176833813	17.50694559167337	0.025930608314554397
8.734379114538	0.01	0.007	0.007	0.007	0.01	0.007972547361851533	0.007609630911314904	0.008380864374217497	0.004575048036672725	0.0006873049442828552	1.4449443731979397	1.5630897259199101	3.4314651973598798	1.0666612789856815	0.07082612883811087	17.22579442991289	0.025858452979184876
8.814948933936813	0.01	0.007	0.007	0.007	0.01	0.007843835992419059	0.007486779599626709	0.00823319556242894	0.00449434462260021	0.0006697133834773446	1.4461308340564303	1.5593624625522293	3.429951830769676	1.0637487233943284	0.07085684311539854	16.948584618252173	0.02578634817739941
8.895690135750565	0.01	0.007	0.007	0.007	0.01	0.007716936832588989	0.00736565797012438	0.008087953846673388	0.0044149716114645614	0.000652492271328192	1.4472715605355826	1.5555743346228739	3.428335270279399	1.0608010715777973	0.07088381083118965	16.67526039687693	0.02571429170103489
8.976605855573212	0.01	0.007	0.007	0.007	0.01	0.007591824428481009	0.007246241728394839	0.007945094584703705	0.004336904376787868	0.0006356365844337689	1.4483678416299803	1.551727203349961	3.4266184191940714	1.0578195051467687	0.07090716357588205	16.405767458028777	0.025642281483253232
9.05769910251325	0.01	0.007	0.007	0.007	0.01	0.007468473980304229	0.007128507204321308	0.007804574491117904	0.0042601190442749974	0.0006191412813884186	1.449420926733886	1.5478228796593132	3.424804087776166	1.0548051712359137	0.07092702846237484	16.14005289106278	0.02557031559770242
9.138972752856358	0.01	0.007	0.007	0.007	0.01	0.00734686132551743	0.00701243133601082	0.007666351590044576	0.004184592465454747	0.0006030013079336132	1.450432027093653	1.5438631266985958	3.4228949974635134	1.051759184360234	0.07094352828213668	15.878065146615102	0.025498392262481146
9.220429559837912	0.01	0.007	0.007	0.007	0.01	0.007226962898457269	0.006897991631260933	0.007530385142521939	0.004110302177518516	0.0005872115986130233	1.451402317396185	1.5398496614629527	3.420893784520609	1.0486826275856822	0.07095678165906427	15.619753950055888	0.02542650982981661
9.30207216349116	0.01	0.007	0.007	0.007	0.01	0.007108755692171669	0.006785166131131236	0.007396635578012324	0.004037226365445494	0.0005717670784597931	1.452332937259196	1.5357841562790993	3.418803003432723	1.045576553598572	0.07096690319520713	15.365070219659394	0.025354666775825818
9.38390309514613	0.01	0.007	0.007	0.007	0.01	0.006992217230036922	0.006673933382853048	0.007265064438483928	0.00396534383101899	0.0005566626657121698	1.453224992571807	1.5316682404320208	3.416625130207055	1.042441985889608	0.0709740036085266	15.113966005823082	0.025282861695114598
9.465924765619746	0.01	0.007	0.007	0.007	0.01	0.006877325561420157	0.006564272435689816	0.0071356343508716105	0.0038946339773689677	0.0005418932773369842	1.4540795565978928	1.5275035025204018	3.414362565940744	1.0392799204922873	0.0709781898641561	14.86639448207786	0.02521109330969664
9.548139464156854	0.01	0.007	0.007	0.007	0.01	0.006764059241749546	0.006456162821914997	0.007008308982943569	0.0038250767844673155	0.0005274538322004539	1.4548976711620505	1.523291492205804	3.412017639988418	1.0360913272538776	0.0709795653033325	14.622309902492102	0.0251393604683722
9.630549395629886	0.01	0.007	0.007	0.007	0.01	0.006652397261788644	0.00634958448930683	0.0068830529433452445	0.003756652754148744	0.0005133392476017636	1.4556803481388896	1.519033719895541	3.4095926118408673	1.0328771495473643	0.07097822976653549	14.381667449584823	0.025067662112855476
9.713156624937833	0.01	0.007	0.007	0.007	0.01	0.006542319105247952	0.006244517856137227	0.006759831826913225	0.003689342934509851	0.0004995444518212742	1.4564285699731907	1.5147316611067119	3.4070896755193423	1.02963830752562	0.07097427971099803	14.144423358785962	0.024995997324851704
9.795963130661358	0.01	0.007	0.007	0.007	0.01	0.006433804657640621	0.0061409437241774344	0.006638612093897187	0.003623128853591804	0.0004860643776549767	1.4571432912183457	1.510386755139119	3.4045109606785813	1.0263756970721876	0.07096780832428326	13.910534722309086	0.024924365277930984
9.878970787714469	0.01	0.007	0.007	0.007	0.01	0.006326834213621482	0.006038843285703221	0.006519361060801044	0.0035579925140562327	0.0004728939681930402	1.457825439323919	1.5060004073177515	3.4018585356115865	1.023090191454067	0.07095890563273742	13.679959505236955	0.02485276525136103
9.96218134977138	0.01	0.007	0.007	0.007	0.01	0.006221388482907201	0.005938198129145809	0.006402046890180173	0.0034939163873031294	0.0004600281820796131	1.4584759154244247	1.5015739912238373	3.399134410233805	1.0197826429546222	0.07094765860939573	13.452656558554002	0.024781196643876367
10.0	0.01	0.007	0.007	0.007	0.01	0.006174047121839244	0.005893012040364727	0.006349453627549556	0.0034651910666230953	0.00045428347631168675	1.458760819043021	1.4995529478591234	3.397875403618394	1.0182750176792061	0.07094180597479956	13.350601013460503	0.024748737341529183
