0.0	0.01	0.007	0.007	0.007	0.01	0.0	0.0	0.0	0.0	0.0	0.0	0.0	0.0	0.0	0.0	100.0	0.035
0.0063430607086419335	0.01	0.007	0.007	0.007	0.01	0.0026795004298338595	0.005701528541413098	0.003979312044689493	0.001395960561802213	0.000384025872825157	0.0001369862346863259	0.00048770088002589995	0.00043916912614497125	8.868625976401288e-5	1.3703171262746881e-5	99.88466670375675	0.0349923066650272
0.01075746141678401	0.01	0.007	0.007	0.007	0.01	0.004452783690321978	0.009262583133458305	0.006639984905726883	0.00234341814592304	0.0006009670970604613	0.0003884659827517557	0.0013620900737283757	0.0012487801031934474	0.00025319167813960875	3.7334115239846276e-5	99.80447995687666	0.03498695355008449
0.017204275138470525	0.01	0.007	0.007	0.007	0.01	0.006914486133004408	0.013927759671187033	0.010371877988469568	0.003692522865334908	0.0008582294823189595	0.0009734240532853347	0.0033399464297835593	0.003141441152666651	0.0006406252109989462	8.846062302809814e-5	99.68749045386764	0.03497913730444849
0.023443712520925305	0.01	0.007	0.007	0.007	0.01	0.009159636787195186	0.017902169551710125	0.013816901586329106	0.004960131065682352	0.0010530275274215875	0.001772328941306607	0.005958743162718342	0.0057409103075794984	0.0011772140608485204	0.00015298910673730004	99.57439477206465	0.03497157414886293
0.030738750363079412	0.01	0.007	0.007	0.007	0.01	0.011623407195821387	0.021957935870206138	0.01764643487636853	0.006396057028332858	0.0012283791236520547	0.002978382651217591	0.00978627382046532	0.009688622730974058	0.0019994182338752553	0.00024288848910037085	99.44232803132948	0.034962733517202874
0.03833624524529414	0.01	0.007	0.007	0.007	0.01	0.014016097193450863	0.02559272836314827	0.021418721656217946	0.007840270019743387	0.0013651009518184237	0.004525285052457088	0.014530565109586177	0.014784528741009335	0.003071050287359349	0.0003490644060527411	99.30497191950265	0.03495352872293886
0.04662253938600225	0.01	0.007	0.007	0.007	0.01	0.016437946163637238	0.028969030206553874	0.025295329371880334	0.009357808614725498	0.001474470751043263	0.006525939862404016	0.020455422598483406	0.021419399048861046	0.004480551507431345	0.00047559901481800625	99.15537921189849	0.03494349217234602
0.055353406471522815	0.01	0.007	0.007	0.007	0.01	0.018793094239975203	0.03196227482519227	0.029127014743074407	0.010894051865638268	0.0015569080863520595	0.008960227953450042	0.02741110981556998	0.029548828011974344	0.006226104429668272	0.0006176249108924346	98.99800441509117	0.03493292026270057
0.06464532837251194	0.01	0.007	0.007	0.007	0.01	0.021095027179999174	0.03461337058679629	0.032937295574688906	0.012461012480437121	0.0016181976764181787	0.011888019960171442	0.035481033247362584	0.03939680247724245	0.008364291522060226	0.0007756152998828689	98.83079090710342	0.03492167250422754
0.07442522680821294	0.01	0.007	0.007	0.007	0.01	0.02330852835604199	0.036908251055111335	0.03666881048059137	0.014037555387207442	0.0016620365974853136	0.015311784021924775	0.04458403118910098	0.05099820342383285	0.010912378916206982	0.0009470442474101234	98.65510104168303	0.03490983796792335
0.08473527214362953	0.01	0.007	0.007	0.007	0.01	0.025429486654985043	0.038874413147127626	0.04031396663083738	0.01562222438668447	0.0016924731408254554	0.01926552859433497	0.054727268303555274	0.06449639293883673	0.013912510869020846	0.0011314612963565385	98.47022557733368	0.03489736624985113
0.09556445836664673	0.01	0.007	0.007	0.007	0.01	0.027443478527508995	0.04053130168952538	0.04384641262086871	0.017205000078275662	0.0017127003979896325	0.02376125725237384	0.06586216174944069	0.07996230625761387	0.017392257972458323	0.0013276571575843714	98.2764141368005	0.034884271342089226
0.10694131971775556	0.01	0.007	0.007	0.007	0.01	0.029345684292333415	0.04190851454483488	0.047255017663504754	0.018781862975327603	0.0017254281493223474	0.028823136549134442	0.07797507258306066	0.09751036784205198	0.021390246227692915	0.0015352996006149423	98.07321175565116	0.034870519465378995
0.11888283465963488	0.01	0.007	0.007	0.007	0.01	0.031130106296206807	0.0430343707767738	0.05052550418830265	0.020346853147076877	0.0017327836423024461	0.03446831700539041	0.09103914574298728	0.11723270519147128	0.025941551042697585	0.001754008387427965	97.86037601904525	0.03485609089031764
0.13142267655115134	0.01	0.007	0.007	0.007	0.01	0.03279422803761525	0.04393851766312731	0.053648857301618454	0.021895950224063637	0.0017364466061680853	0.04071955481116358	0.10504533023326401	0.13924261889977646	0.031087643737870096	0.0019838484421518315	97.63737336146751	0.03484094580105951
0.14459587327344722	0.01	0.007	0.007	0.007	0.01	0.03433611705970029	0.04464905947319367	0.056616279342369916	0.023424790183013737	0.0017377325124922345	0.047598840767512265	0.11998712547647004	0.16365240629139025	0.036871470489842954	0.002225030532431831	97.40365472104016	0.03482504286018259
0.15844766097424717	0.01	0.007	0.007	0.007	0.01	0.035755370263956116	0.045192612433294733	0.05942106568750559	0.024929621274365023	0.0017376979481304841	0.05513207173289332	0.13587094795832644	0.19058971231573194	0.043341431369114274	0.0024780578551452585	97.1584999394491	0.03480832854025239
0.17302906515458807	0.01	0.007	0.007	0.007	0.01	0.03705226125450487	0.04559353188275627	0.062057101831237305	0.026406584970812937	0.0017372302737178862	0.06334712673101718	0.15271142343284547	0.22019071727224906	0.05054999707640528	0.0027436369250841263	96.90109870422029	0.03479074249235346
0.18839982542984185	0.01	0.007	0.007	0.007	0.01	0.038227847112947966	0.04587380229521176	0.06451914633333067	0.027851874939499147	0.001737123931223792	0.07227558302669182	0.1705346191866861	0.25260617582143124	0.058555384220477666	0.0030227320525910983	96.63050146708649	0.03477221405298294
0.20462700246689638	0.01	0.007	0.007	0.007	0.01	0.03928367173977065	0.04605288690022153	0.06680229110310153	0.029261431588459116	0.0017381378571560042	0.08195198230034245	0.1893760924250867	0.28799862349245664	0.06742112193090961	0.003316551134745566	96.34564722076429	0.03475266396716436
0.22178526384934433	0.01	0.007	0.007	0.007	0.01	0.04022171672270556	0.046147762680494774	0.06890188346983264	0.03063085146886975	0.0017410318434383932	0.09241385551585513	0.20928066232802248	0.3265421233103839	0.07721619847071964	0.0036265725087516864	96.0453618992726	0.03473200409055005
0.23995452237779116	0.01	0.007	0.007	0.007	0.01	0.041044276038892234	0.04617301148753859	0.07081325521711627	0.03195513058259289	0.0017465795876878201	0.10369999817050364	0.2302989837774715	0.36841533090275214	0.08801344531785074	0.003954533330090441	95.72840339512875	0.03471014028363913
0.25921565505324257	0.01	0.007	0.007	0.007	0.01	0.04175391856084108	0.046140995372551445	0.07253160097370757	0.03322841596283929	0.0017555557900103369	0.11584730903291962	0.25248188492173085	0.4137887222433119	0.0998861893489809	0.0043023901121470864	95.39353949254652	0.034686977608792746
0.2796416185150936	0.01	0.007	0.007	0.007	0.01	0.04235350317074019	0.046062100172358865	0.07405194303625179	0.03444369675268556	0.0017686937999099456	0.12888449612182099	0.275869593167331	0.46279937001031574	0.11290121916376296	0.004672196465664063	95.03970414179449	0.034662431041640795
0.30128453573464786	0.01	0.007	0.007	0.007	0.01	0.04284636507275641	0.04594503985508696	0.07536950519577698	0.03559264933512708	0.001786612530991943	0.1428230452362516	0.30047688113642407	0.5155143808286036	0.1271079925479894	0.005065895685306118	94.66621968377774	0.03463644097378845
0.32416439373799033	0.01	0.007	0.007	0.007	0.01	0.04323674394591094	0.04579715511867777	0.07648081792555893	0.03666600578350481	0.0018097236693852769	0.15764935382073997	0.32628090455933173	0.5718977662243843	0.14252781451423782	0.005485111710576788	94.27298557037602	0.03460898670547873
0.34827232770833677	0.01	0.007	0.007	0.007	0.01	0.04353033474831339	0.045624572707469724	0.07738550647127121	0.0376547840207135	0.001838155732546721	0.17332690574801535	0.35322622915601615	0.6318154198452008	0.15915279187195425	0.005931162075656849	93.86041181369013	0.03458008237426987
0.37359464919240454	0.01	0.007	0.007	0.007	0.01	0.04373449609822104	0.045432158087549655	0.07808768369164401	0.038551920764308474	0.0018717406432501508	0.18981275160857147	0.381252768263517	0.695096312908301	0.17696084329782114	0.0064054209209105616	93.42899965660965	0.03454974804116495
0.4001436151165542	0.01	0.007	0.007	0.007	0.01	0.04385776645304043	0.04522340598293819	0.07859571464636128	0.03935317285815136	0.0019100683391657799	0.20707872173969558	0.41032952710814	0.7616143794780952	0.19593818492568263	0.006909815677581138	92.97881852007541	0.034517972849820715
0.4279789916129422	0.01	0.007	0.007	0.007	0.01	0.04390895341202215	0.04500044421058375	0.07892055405691757	0.04005686644150807	0.0019525720108022574	0.22512613601592005	0.440476097486833	0.83134712109028	0.21609700977964855	0.007447193610350558	92.50915337789016	0.03448468939629316
0.4572217030989239	0.01	0.007	0.007	0.007	0.01	0.04389627563479052	0.04476413864056258	0.07907374684899736	0.04066303922450536	0.001998611959488514	0.24399433198172196	0.47177382915924887	0.9044105391814371	0.23748747101292092	0.008021589174549511	92.01829749356746	0.03444975772468329
0.48806781311791547	0.01	0.007	0.007	0.007	0.01	0.0438267466738957	0.04451419662460447	0.07906569917420515	0.04117248217599332	0.0020475455020257955	0.26376820632132264	0.5043758992870723	0.981089352732	0.2602088371876223	0.008638546447208255	91.50334997823926	0.034412949071995894
0.5208033180167109	0.01	0.007	0.007	0.007	0.01	0.04370578167399901	0.044249238576217514	0.07890429256975234	0.041585761177753436	0.002098770076279914	0.2845849711229814	0.5385165501638811	1.0618626183384887	0.28441958030508807	0.009305500439717186	90.96001228121348	0.0343739288204377
0.5557715631595761	0.01	0.007	0.007	0.007	0.01	0.043537239835259645	0.04396721874405546	0.07859436125884799	0.0419019123151683	0.0021516621073067615	0.3066097778066547	0.5744698921831849	1.1473064499268886	0.31031010165138295	0.01003119495680494	90.38317936792374	0.03433229604719275
0.5929904385629032	0.01	0.007	0.007	0.007	0.01	0.043325935279862914	0.04366860666080157	0.07814312780548514	0.04211663314878074	0.002205022465776656	0.329794930466774	0.6121588560630417	1.2371570010322923	0.3378148160362007	0.010817536967109112	89.77323850570615	0.03428803909618561
0.6312792022535562	0.01	0.007	0.007	0.007	0.01	0.04308460765687269	0.04336331279115847	0.07757902985702177	0.042226347732103084	0.0022561431446410994	0.35335728072932715	0.6503169797380939	1.3282964737953358	0.36597393687871205	0.011639990909943417	89.1500593963554	0.034242569474787106
0.6697576619284085	0.01	0.007	0.007	0.007	0.01	0.04282541247487898	0.04305855538723139	0.07693510408117475	0.0422408665604569	0.00230331928235126	0.37673280553267663	0.6880452206457224	1.4184760077933316	0.39406348438566513	0.01247860323408883	88.52815091401774	0.03419693532722335
0.7084200362264986	0.01	0.007	0.007	0.007	0.01	0.0425537662942715	0.04275445278667436	0.07623001981609435	0.04217429383739585	0.0023463635927342113	0.39990918698416844	0.7253376739786415	1.507598118796559	0.42201760302487973	0.013331620264367015	87.90763943234035	0.0341511443151344
0.7471909738119454	0.01	0.007	0.007	0.007	0.01	0.04227406072703504	0.042451633552674055	0.07547980084089427	0.04203912676779587	0.0023851854250057252	0.422836001087882	0.762123462600317	1.595430057993919	0.4497305842867371	0.014195698668253702	87.28975316138643	0.034105286297017395
0.7861301870396029	0.01	0.007	0.007	0.007	0.01	0.041988615970544596	0.042149651567877394	0.07469475331969347	0.041845822090197625	0.002419949210963925	0.44554533566010945	0.7984614856651857	1.6820648223471917	0.4772023751117407	0.01507051579043303	86.6735563856911	0.03405929122285836
0.8252548298178682	0.01	0.007	0.007	0.007	0.01	0.04169924935928804	0.04184839360736914	0.0738834131442987	0.04160329456638238	0.0024508329954050848	0.4680443454379214	0.8343682604165499	1.767505982229601	0.5044083616940284	0.015954888039637967	86.05880619922475	0.03401313959248695
0.8646214928660817	0.01	0.007	0.007	0.007	0.01	0.041406922216655824	0.04154744654091718	0.07305154525639221	0.04131882514660163	0.00247807654915632	0.49036276443117793	0.8698946217853261	1.8518475746764438	0.5313559503961721	0.016848614584261803	85.44465396318598	0.0339667655922567
0.9042707924121344	0.01	0.007	0.007	0.007	0.01	0.041112317758277304	0.04124652887195426	0.0722037432667153	0.04099858092869096	0.00250191442474575	0.5125203138408703	0.9050740177015744	1.935148597328812	0.5580443605012707	0.017751228962701513	84.83052245522666	0.03392012255503181
0.9442538995899971	0.01	0.007	0.007	0.007	0.01	0.04081576595047379	0.04094528794085813	0.07134324651514155	0.04064765144033263	0.0025225848594843	0.5345416867494751	0.9399467152351825	2.0174888715252046	0.5844820267675694	0.01866259009724257	84.21569043663324	0.03387315169078904
0.9846141967990825	0.01	0.007	0.007	0.007	0.01	0.04051746410072507	0.040643439896424084	0.07047260790620251	0.04027036251263148	0.002540311490097881	0.5564461305896277	0.974543467699927	2.098929106437609	0.6106734582373036	0.019582454144779465	83.59957756861355	0.033825803681739444
1.0253960094923227	0.01	0.007	0.007	0.007	0.01	0.040217470919058466	0.04034070316020226	0.06959371757861416	0.03987035185472226	0.0025553054735824327	0.5782523219288496	1.0088934302368078	2.1795287929152205	0.6366246427318815	0.020510661517478955	82.98160828759502	0.033778028402136256
1.0666386114347266	0.01	0.007	0.007	0.007	0.01	0.03991579182048633	0.040036842814551686	0.06870808937746538	0.039450743023371294	0.002567761548832757	0.5999751478245615	1.0430192093362347	2.259333960098747	0.6623388319254474	0.021446989659210453	82.36130225961412	0.033729781939838235
1.1083792774697352	0.01	0.007	0.007	0.007	0.01	0.039612384865440275	0.0397316470538759	0.06781691294264545	0.03901421412245268	0.0025778594232677625	0.6216274486742903	1.0769397261071334	2.3383835313765813	0.6878183487100449	0.022391213424686612	81.7382262568947	0.03368102299692987
1.1506514467663362	0.01	0.007	0.007	0.007	0.01	0.03930719403574744	0.039424939981407205	0.0669211813142738	0.03856309464295144	0.002585763838436485	0.6432191479644637	1.110668937760105	2.4167060850006	0.7130633473029069	0.02334305582026665	81.11202026439229	0.03363171502005878
1.1934859308225236	0.01	0.007	0.007	0.007	0.01	0.039000154181818174	0.039116571941412374	0.06602173096274135	0.038099416512069335	0.0025916258940190495	0.6647579963077778	1.1442170801602598	2.49432260770073	0.7380725376549332	0.024302209395295666	80.48237774560862	0.03358182476799464
1.2369104688534116	0.01	0.007	0.007	0.007	0.01	0.03869120379752212	0.038806422005903174	0.0651193005256213	0.03762497000281428	0.00259558402961762	0.6862494518499724	1.1775905430009705	2.5712461203253043	0.7628429301325508	0.02526832155246585	79.84905072953659	0.03353132281164265
1.2809503207998216	0.01	0.007	0.007	0.007	0.01	0.03838028735468835	0.038494392976189326	0.06421455509843389	0.037141338960872315	0.0025977652031099786	0.7076970868407366	1.2107925569774223	2.647483231725708	0.7873702244852631	0.026241004341469754	79.21183961797561	0.03348018282484068
1.325628258378562	0.01	0.007	0.007	0.007	0.01	0.038067359901624576	0.038180410788328734	0.06330811383712913	0.03664993482440344	0.0025982859130120853	0.7291026827679542	1.2438233870590727	2.7230345749330414	0.8116488571424669	0.02721983165976969	78.57059198517997	0.03342838157818273
1.3709649219041486	0.01	0.007	0.007	0.007	0.01	0.03775238761267997	0.037864421363908704	0.06240056290166517	0.03615202057922614	0.0025972531700222904	0.7504664988624128	1.2766807882746871	2.7978958644333765	0.8356722633363515	0.02820434531277848	77.92519616034713	0.03337589850900602
1.4169789510750133	0.01	0.007	0.007	0.007	0.01	0.03743534892760715	0.03754638912738789	0.061492467743903906	0.03564873235314729	0.0025947653592749043	0.7717874213755027	1.3093602710077725	2.8720585233662366	0.8594330127534965	0.029194056624505228	77.2755782123806	0.03332271555564757
1.4636872320749115	0.01	0.007	0.007	0.007	0.01	0.03711623417007128	0.03722629476273143	0.06058437902097595	0.03514109587768837	0.002590913012904173	0.7930631603206306	1.3418554347437246	2.94551046992718	0.8829230059754359	0.03018845101822424	76.62169737992754	0.033268816858403265
1.5111050531435835	0.01	0.007	0.007	0.007	0.01	0.03679504531401881	0.03690413366387288	0.05967683732729171	0.03463004086012971	0.002585779499187696	0.8142903947663438	1.3741582184840564	3.018236712434518	0.9061336173202704	0.03118699091466563	75.9635429173361	0.0332141885680061
1.559246277396763	0.01	0.007	0.007	0.007	0.01	0.036471795290885685	0.036579914313062546	0.05877037530448667	0.0341164126625254	0.00257944163700808	0.835464918912514	1.406259148918066	3.0902199357813926	0.9290558413837594	0.032189119236308225	75.30113079225747	0.0331588186354779
1.6081235152095315	0.01	0.007	0.007	0.007	0.01	0.036146507074865296	0.036253656712914695	0.05786551809545765	0.03360098195504215	0.0025719702426813956	0.8565817802579601	1.4381475732028268	3.161441047044343	0.9516804317481506	0.03319426304001431	74.63450049181588	0.03310269660393356
1.6577482461236894	0.01	0.007	0.007	0.007	0.01	0.03581921295597056	0.035925391202807064	0.05696278351779137	0.03308445323923192	0.002563430626062684	0.877635388715388	1.4698118448180957	3.2318796088808135	0.9739980083256262	0.034201836192291814	73.96371261303848	0.033045813459712074
1.708130983678531	0.01	0.007	0.007	0.007	0.01	0.035489953430671434	0.035595157030278456	0.05606268055914792	0.032567471540808184	0.0025538830307028923	0.8986196378528544	1.5012395251278432	3.301514300384298	0.9959991770764591	0.03521124297599283	73.2888459517346	0.03298816143542369
1.7592813630511184	0.01	0.007	0.007	0.007	0.01	0.03515877654438425	0.03526300147317437	0.05516570866855851	0.032050628761807455	0.0025433830443821613	0.9195279872115234	1.5324175239622513	3.370323234235145	1.0176746072445841	0.03622188013920805	72.60999571588314	0.03292973390265644
1.8112082870859816	0.01	0.007	0.007	0.007	0.01	0.03482573681793488	0.03492897861287831	0.054272355582225124	0.03153446846730944	0.002531981962644833	0.940353563665844	1.5633322666417067	3.4382843247627615	1.0390151273303423	0.03723314011453041	71.92727102519851	0.03287052519886213
1.8639200151921815	0.01	0.007	0.007	0.007	0.01	0.034490894534948524	0.03459314851716012	0.053383095925206445	0.031019490452600357	0.002519727131188345	0.9610892336237079	1.5939698152866966	3.5053755469977697	1.060011788828856	0.038244413059213965	71.24079324700506	0.032810530520676284
1.9174242900365541	0.01	0.007	0.007	0.007	0.01	0.03415431478709872	0.03425557621315033	0.052498389038966004	0.030506154255225532	0.002506662252113948	0.9817276853631718	1.6243160032349606	3.5715752171405692	1.0806559385332966	0.03925508958160871	70.55069390239586	0.032749745775160544
1.9717283918233788	0.01	0.007	0.007	0.007	0.01	0.0338160669878145	0.033916331152848554	0.0516186779952036	0.029994882798090972	0.0024928276825326675	1.002261478211898	1.6543565186569298	3.6368621548728886	1.1009392554161068	0.040264562020157275	69.85711357849974	0.03268816751443367
2.0268392946050935	0.01	0.007	0.007	0.007	0.01	0.03347622376076653	0.03357548606707708	0.050744386967312746	0.029486064572724013	0.0024782606860014288	1.0226831263997997	1.684077037335169	3.7012159464403873	1.1208538201839964	0.04127222757168166	69.16019958984734	0.032625792755416286
2.08276368525647	0.01	0.007	0.007	0.007	0.01	0.033134860707043225	0.03323311671123742	0.04987592093518765	0.02898005671773395	0.0024629956985789876	1.0429851261967726	1.713463270603776	3.7646170172831024	1.1403921266213473	0.04227748876924143	68.46010546229722	0.03256261895641627
2.1395081030423415	0.01	0.007	0.007	0.007	0.01	0.03279205544495179	0.03288930088863292	0.049013663567959	0.028477186622985734	0.002447064545767394	1.0631600243380774	1.7425010720212717	3.827046827169658	1.159547131828894	0.04327975610915336	67.75698893931747	0.032498643858001365
2.197078989634931	0.01	0.007	0.007	0.007	0.01	0.03244788722804667	0.03254411805845796	0.04815797668465992	0.027977754078840303	0.00243049666629795	1.0832004490731753	1.7711764880076415	3.8884879394885714	1.1783122681647953	0.04427844894177705	67.051011183088	0.0324338654262805
2.255482778502535	0.01	0.007	0.007	0.007	0.01	0.032102436345619934	0.03219764872874628	0.04730919925117062	0.027482032822828534	0.0024133193100315756	1.1030991520093516	1.799475822719229	3.9489241177548022	1.1966814641669878	0.045272996989552845	66.34233553535366	0.03236828175262527
2.3147259949557273	0.01	0.007	0.007	0.007	0.01	0.03175578349170893	0.03184997381980722	0.04646764641901901	0.026990271814806142	0.002395557717754397	1.1228490492921117	1.8273857001922744	4.00834041289711	1.2146491628849114	0.046262841923587865	65.63112621725246	0.032301890942639216
2.374815278545764	0.01	0.007	0.007	0.007	0.01	0.031408009616838324	0.031501174513164816	0.045633609845648994	0.02650269700044761	0.002377235310675199	1.1424432331844279	1.854893083086762	4.06672315570681	1.2322103117230299	0.04724743753629872	64.91754802172561	0.03223469109325259
2.435757517282302	0.01	0.007	0.007	0.007	0.01	0.031059195150219873	0.031151331469968818	0.04480735658145653	0.026019512009274912	0.0023583738337715986	1.1618750177968664	1.8819853383835246	4.1240600477040195	1.2493603822641381	0.04822625169445942	64.20176471563357	0.032166680145499574
2.4975598830221215	0.01	0.007	0.007	0.007	0.01	0.030709419828481084	0.0308005246582807	0.043989129526682054	0.025540899571366595	0.002338993516781632	1.1811379484946587	1.9086502503533418	4.1803401387261925	1.2660953559151866	0.04919876653554928	63.48393868688562	0.032097855849188804
2.560229919147657	0.01	0.007	0.007	0.007	0.01	0.030358762246337587	0.030448832901837555	0.04317914730049516	0.025067022418721635	0.0023191132080669715	1.2002258255435183	1.9348760523419688	4.235553844224918	1.2824117216077322	0.05016447943416153	62.76423002134398	0.032028215670132865
2.6237756250628497	0.01	0.007	0.007	0.007	0.01	0.030007299458001666	0.03009633347992524	0.0423776043203959	0.024598024161569493	0.0022987504984685048	1.219132723169811	1.9606514506478443	4.289692945850846	1.298306468364389	0.05112290379053309	62.04279568375398	0.03195775670229144
2.6882055066740502	0.01	0.007	0.007	0.007	0.01	0.029655106795658755	0.029743101945098997	0.04158467144814637	0.02413403036959737	0.0022779218459564703	1.2378529954682413	1.9859656291118766	4.3427505521921965	1.3137770660480843	0.05207356919791375	61.31978914405687	0.03188647561889843
2.7535286819021714	0.01	0.007	0.007	0.007	0.01	0.029302257411602462	0.029389211663833504	0.040800496062514735	0.023675149210075984	0.0022566426731226025	1.2563812958811604	2.010808270974995	4.394721097005931	1.328821457023488	0.053016022337119904	60.59535943621694	0.031814368563846764
2.819754952300862	0.01	0.007	0.007	0.007	0.01	0.02894882204067842	0.029034733578184337	0.04002520269069869	0.023221472321614815	0.0022349274665256495	1.2747125834057882	2.035169561249229	4.445600298109269	1.3434380360596783	0.05394982723362103	59.869650668893556	0.03174143108216031
2.8868948918106483	0.01	0.007	0.007	0.007	0.01	0.02859486870028618	0.02867973590485537	0.039258893538987795	0.022773075552037805	0.0022127898621567155	1.292842130913496	2.0590401906883034	4.495385121719536	1.3576256316584379	0.05487456565082659	59.14280140756417	0.031667658033005655
2.9549599310894665	0.01	0.007	0.007	0.007	0.01	0.02824046244719415	0.028324283891265265	0.038501649181671316	0.022330019724242568	0.0021902427246142516	1.310765529309218	2.0824113528940376	4.544073734886729	1.3713834837386316	0.055789837296111436	58.414944172894685	0.03159304350920599
3.0239624693295677	0.01	0.007	0.007	0.007	0.01	0.027885665025987622	0.02796843946293957	0.0377535290444617	0.021892351227756564	0.00216729821003414	1.3284786959849226	2.105274745631921	4.591665469469667	1.3847112243215653	0.0566952602660547	57.68620471612196	0.03151758072837807
3.093915973448223	0.01	0.007	0.007	0.007	0.01	0.027530534623838983	0.02761226097754392	0.03701457214110339	0.02146010271333151	0.002143967826671759	1.3459778765701615	2.1276225618201843	4.638160767683282	1.397608852644051	0.057590471165148045	56.956701512289094	0.03144126193996712
3.1648350967767427	0.01	0.007	0.007	0.007	0.01	0.02717512556569194	0.027255802919159744	0.03628479769800827	0.021033293684456986	0.0021202624831678	1.3632596484808865	2.149447481328525	4.683561132769901	1.4100767113835833	0.058475125326794004	56.226545130615236	0.031364078313099585
3.2367358236011117	0.01	0.007	0.007	0.007	0.01	0.026819487927287302	0.026899115510160835	0.03556420562735401	0.020611930969053303	0.002096192523000475	1.380320927076585	2.170742664236026	4.727869086434905	1.4221154642587115	0.059348897174147784	55.49583743550303	0.0312860197988042
3.3096356073415256	0.01	0.007	0.007	0.007	0.01	0.026463667233735288	0.02654224440888903	0.03485277719166244	0.020196009277262415	0.002071767756664689	1.3971589661745394	2.191501734946036	4.771088111332672	1.4337260689620848	0.06021148029349321	54.76467096266133	0.031207075002021824
3.383553531498308	0.01	0.007	0.007	0.007	0.01	0.026107704101089063	0.02618523035016385	0.0341504755591784	0.019785511673823183	0.002046997482629776	1.41377135992253	2.2117187659898945	4.813222597307911	1.444909750575652	0.06106258757331717	54.03312817749471	0.031127231031964367
3.4585105355012793	0.01	0.007	0.007	0.007	0.01	0.02575163363217221	0.02582810853932001	0.03345724589081853	0.01938040975880978	0.002021890483780417	1.4301560543980938	2.2313882711020407	4.854277811774312	1.4556679805872363	0.061901951832977774	53.301280227679406	0.03104647328603668
3.534529624161355	0.01	0.007	0.007	0.007	0.01	0.02539548497419795	0.02547090820851327	0.03277301577581483	0.018980664037473165	0.001996455027659459	1.446311349459443	2.2505051832185328	4.894259844019416	1.4660024478808558	0.06272932593725893	52.56918602726133	0.030964785255984294
3.611636152473728	0.01	0.007	0.007	0.007	0.01	0.025039280609404215	0.025113651905253956	0.03209769517398346	0.018586223989494974	0.001970698840831914	1.4622359106182994	2.26906484103328	4.933175573267783	1.4759150347535681	0.06354448340300682	51.836890790968354	0.030882148257919212
3.689858155612373	0.01	0.007	0.007	0.007	0.01	0.024683035549102516	0.02475635468406737	0.03143117622315424	0.018197028049462365	0.0019446290688922975	1.4779287822592784	2.287062972531896	4.971032637194066	1.4854077913057682	0.06434721904550349	51.10442436861036	0.030798541120123958
3.7692267495433143	0.01	0.007	0.007	0.007	0.01	0.024326756338046082	0.024399023107912268	0.030773332751300536	0.01781300340667129	0.0019182522152385042	1.4933894057658983	2.30449567868849	5.007839408575043	1.4944829097379675	0.06513734983733417	50.371799187899455	0.03071393980274006
3.8497766196672325	0.01	0.007	0.007	0.007	0.01	0.023970439824529243	0.02404165401463744	0.030124019437896363	0.017434065593537378	0.0018915740548436735	1.5086176435615923	2.321359417000009	5.043604980803281	1.5031426980589853	0.06591471601939636	49.639007713583275	0.03062831693262293
3.9315466774564354	0.01	0.007	0.007	0.007	0.01	0.023614071390197378	0.023684232741551153	0.02948307010864734	0.01706011756317772	0.0018645994991432682	1.5236138207457675	2.3376509956000486	5.078339187107975	1.5113895581933114	0.0666791830441968	48.906018792917024	0.030541641170945086
4.0145808457590375	0.01	0.007	0.007	0.007	0.01	0.023257622883696333	0.023326731052953076	0.0288502956726071	0.016691048554931	0.001837332428743872	1.5383787717726027	2.353367560770519	5.11205262010163	1.5192259588638448	0.0674306436878606	48.17277338861078	0.03045387645910704
4.098929162383402	0.01	0.007	0.007	0.007	0.01	0.022901049521614127	0.022969104031905593	0.028225480453646187	0.016326732021409194	0.0018097754361442312	1.5529139205354339	2.3685066044520315	5.144756712590059	1.5266544157517585	0.06816902174589001	47.43917818312132	0.03036498094684376
4.1846492184102315	0.01	0.007	0.007	0.007	0.01	0.02254428583493194	0.022611286014691163	0.027608377197827508	0.01596702278379593	0.0017819294804637762	1.5672213858941864	2.383065975815107	5.176463852607747	1.5336774690600739	0.06889427685786806	46.705097213121036	0.03027490559305722
4.271808210210806	0.01	0.007	0.007	0.007	0.01	0.022187239681902605	0.022253184585981477	0.026998699220696885	0.015611752522711039	0.0017537933733735938	1.5813041463856827	2.397043921956109	5.207187597175629	1.5402976683023575	0.06960641210409525	45.970339517080305	0.030183592156166544
4.360485898801284	0.01	0.007	0.007	0.007	0.01	0.02182978343772404	0.02189467174245664	0.026396108469216396	0.015260722895147377	0.0017253630176406198	1.5951662891319656	2.4104391656734276	5.236943020065933	1.5465175635817259	0.07030548552271075	45.234640960730204	0.03009097028322555
4.450779224688794	0.01	0.007	0.007	0.007	0.01	0.021471739841743567	0.021535569698168132	0.02580019571207276	0.014913694078677476	0.0016966301844547607	1.6088134246174108	2.4232510718371745	5.265747338020349	1.552339719886302	0.07099162947361426	44.49763504821573	0.029996952943239088
4.542809583638238	0.01	0.007	0.007	0.007	0.01	0.021112859389263838	0.021175628209519456	0.02521044850051468	0.014570366217178103	0.0016675805557827676	1.6222533572497007	2.435479936859052	5.293620949079363	1.557766756147674	0.07166508201947981	43.75880629835491	0.02990142920502475
4.636735552789819	0.01	0.007	0.007	0.007	0.01	0.020752779922140186	0.02081448404645905	0.024626192963046776	0.01423034567540434	0.001638190234179704	1.6354973113392712	2.4471275843889515	5.320589405267886	1.5628014649425281	0.0723262446977505	43.01740692305286	0.029804251547626736
4.732776993924691	0.01	0.007	0.007	0.007	0.01	0.02039094887400334	0.020451583008021145	0.02404648072010837	0.01389307943568016	0.0016084190390898338	1.6485623249303376	2.458198613569069	5.346687353618839	1.56744710574472	0.07297579588181	42.2722965187163	0.029705211744049012
4.831266485740531	0.01	0.007	0.007	0.007	0.01	0.02002645512738322	0.02008601128297017	0.023469842574610055	0.01355771215551931	0.0015781960404685172	1.6614764888989377	2.468703282011332	5.371967313532598	1.5717081501196237	0.07361493995021914	41.52159543331923	0.02960398925368937
4.932778608262952	0.01	0.007	0.007	0.007	0.01	0.01965760191266601	0.0197160670883456	0.022893659606138466	0.013222721111503716	0.0015473828923766254	1.6742923785952033	2.4786651926842436	5.3965224700383905	1.5755923919778965	0.0742460482940446	40.76180434265042	0.029500021207895275
5.038546426748045	0.01	0.007	0.007	0.007	0.01	0.019280520372648283	0.01933787014615562	0.02231211416269473	0.01288472667593303	0.0015156550991698285	1.6871309522687192	2.488147116208659	5.420561849267866	1.579118315004967	0.07487475968723574	39.98494640738341	0.02939208290100547
5.152548012944216	0.01	0.007	0.007	0.007	0.01	0.018882191148542764	0.018938362734007758	0.021705853634287633	0.012532491352372816	0.001481906644111998	1.7004034369719503	2.497383670209786	5.444792390017115	1.5823537831226524	0.07552061345918763	39.16418321133526	0.02927618406923725
5.2727104827326965	0.01	0.007	0.007	0.007	0.01	0.018471252895941575	0.018526208871254495	0.02108888390277724	0.012174164728831652	0.001446892864155333	1.7137837698814238	2.5060630609037684	5.468541486834056	1.5851640244766723	0.07616700790149605	38.317295453845134	0.02915451651394818
5.362740962406056	0.01	0.007	0.007	0.007	0.01	0.018169241133484	0.018223302334656813	0.02064083083429833	0.011914025885582146	0.0014209685738259467	1.7234148463169967	2.5118853215843955	5.485189176026978	1.5868868719857034	0.07662905639174089	37.694796047710064	0.02906368982083106
5.442969836110699	0.01	0.007	0.007	0.007	0.01	0.017904278483550556	0.017957555202142712	0.020251426381931743	0.011687995488934606	0.0013980955032489614	1.7317228755258463	2.516600902811437	5.499233039080377	1.5881587371851233	0.07702526932456921	37.14859460418629	0.02898298987036454
5.522501809422695	0.01	0.007	0.007	0.007	0.01	0.01764543661244047	0.01769794708585288	0.019874290637615113	0.011469137351780758	0.0013756806455754074	1.7397110357502286	2.5208500444421587	5.512446167503527	1.589184320302714	0.07740400359134338	36.61494970617067	0.02890321207909041
5.604307891342597	0.01	0.007	0.007	0.007	0.01	0.017383102462174643	0.017434836335657473	0.019495318410819584	0.011249264063271643	0.0013528916241342896	1.7476777589301873	2.5247926758177575	5.525327313887319	1.5900043155058547	0.07777939506303894	36.07404267198895	0.02882138224681162
5.687844265344457	0.01	0.007	0.007	0.007	0.01	0.017119249481588373	0.017170202192643588	0.01911740508481517	0.011030055768899741	0.0013298953314545882	1.7555591976089882	2.5283851564557933	5.53776503040492	1.590605431145705	0.07814831923771058	35.52994001800536	0.028738060691358334
5.7718645702176925	0.01	0.007	0.007	0.007	0.01	0.016857913220364982	0.016908092137841647	0.018746264266634952	0.010814825178778414	0.0013070456472540183	1.7632353460248045	2.5315710225624835	5.5495719577630105	1.590978833491488	0.07850512511930957	34.99096322341659	0.028654499424867596
5.855821996101659	0.01	0.007	0.007	0.007	0.01	0.016600762985661946	0.016650180424611857	0.018384099845432312	0.010604847324300592	0.0012844949051596924	1.7706619365739305	2.5343404997446557	5.560691993395113	1.5911296408789288	0.07884780656985638	34.4605567325068	0.02857124339127872
5.939624268260771	0.01	0.007	0.007	0.007	0.01	0.016348005028447306	0.016396673921200085	0.018031008818202687	0.010400174993676672	0.0012622686720987412	1.7778390893489442	2.5367058695541327	5.57114048692958	1.5910674471820934	0.07917645291064361	33.939148342760234	0.028488382447056447
6.023282131032904	0.01	0.007	0.007	0.007	0.01	0.016099526344409372	0.01614745929295073	0.01768664561692769	0.01020060453109864	0.0012403642715278303	1.7847760644907045	2.5386828025769774	5.580946087156109	1.5908018789020864	0.07949157795231963	33.42650735431463	0.028405903979029548
6.10681499679264	0.01	0.007	0.007	0.007	0.01	0.01585519230172443	0.01590240151236486	0.01735064712238381	0.010005922343427112	0.0012187766406327523	1.7914824025967075	2.5402863780966833	5.59013685624048	1.590341973394699	0.07979370541486568	32.92235833201995	0.028323786999746168
6.190239547339938	0.01	0.007	0.007	0.007	0.01	0.015614881019735212	0.015661378340433955	0.01702267987954396	0.009815932253639031	0.0011975013735712444	1.7979669634447515	2.5415307921079737	5.598738927401112	1.5896962163894766	0.08008332481000836	32.42645202822325	0.028242013425710172
6.273570247820302	0.01	0.007	0.007	0.007	0.01	0.015378481157560754	0.015424278108964963	0.01670243581351025	0.009630452996269091	0.0011765345674653103	1.8042380224904053	2.542429464410408	5.606776746578173	1.5888726024470174	0.0803608962035314	31.938560834685635	0.02816056753485437
6.356820068667247	0.01	0.007	0.007	0.007	0.01	0.015145889293522797	0.015190997092306563	0.01638962761992897	0.009449315528180553	0.00115587262477744	1.8103033704577138	2.5429951261574533	5.614273295529955	1.5878786803630507	0.08062685498162167	31.45847338648974	0.028079435230831968
6.440000827340879	0.01	0.007	0.007	0.007	0.01	0.014917008553198828	0.0149614381313552	0.016083986042064614	0.00927236143533548	0.0011355121602528609	1.8161703730126533	2.5432398838489743	5.62125024407022	1.5867215909138506	0.0808816147299243	30.985991739759942	0.027998603688829768
6.523123444476133	0.01	0.007	0.007	0.007	0.01	0.01469174757214868	0.014735509593218031	0.015785257726259844	0.00909944167670483	0.0011154499336856305	1.8218460175513627	2.5431752712201803	5.627728073689992	1.585408098584249	0.08112556948032347	30.52092923830719	0.02791806109022583
6.606197994497716	0.01	0.007	0.007	0.007	0.01	0.014470020080915453	0.01451312495499046	0.0154932040006195	0.0089304158643278	0.0010956828350773412	1.8273369412666267	2.542812293132282	5.633726170015693	1.5839446214184751	0.08135909510499972	30.063109663649332	0.027837796560050934
6.689233859509024	0.01	0.007	0.007	0.007	0.01	0.014251744244915368	0.014294202141697326	0.015207599399162197	0.008765151397324727	0.0010762078459273096	1.8326494634260224	2.5421614643497827	5.6392629134482135	1.5823372558436646	0.08158255086713423	29.6123658781812	0.027757800006121575
6.772239761135107	0.01	0.007	0.007	0.007	0.01	0.014036842365337004	0.014078663226311017	0.014928230726042425	0.008603522909662759	0.0010570220307381287	1.8377896068544952	2.541232844052458	5.644355751724989	1.5805918004757489	0.08179628048684828	29.16853921296896	0.027678062077958036
6.855223841064447	0.01	0.007	0.007	0.007	0.01	0.013825240473326861	0.013866434022740199	0.01465489603113932	0.00844541166760065	0.001038122517534725	1.8427631206617887	2.5400360666203734	5.649021268974718	1.5787137766406805	0.08200061324379242	28.731478634640283	0.027598574079778847
6.938193685968791	0.01	0.007	0.007	0.007	0.01	0.01361686808964979	0.013657443844782525	0.014387403847561396	0.008290705119556645	0.0010195064917609092	1.8475754977361594	2.5385803698633476	5.653275245034719	1.5767084478840583	0.08219586484556113	28.301040253502116	0.027519327937989512
7.021156390347251	0.01	0.007	0.007	0.007	0.01	0.013411657904169618	0.013451625184660062	0.014125572365790878	0.008139296410105	0.001001171181885799	1.8522319930582731	2.5368746201056966	5.6571327116399965	1.5745808367982674	0.08238233831656275	27.87708666562336	0.027440316133114918
7.104118618913157	0.01	0.007	0.007	0.007	0.01	0.013209545477146796	0.013248913413435637	0.01386922867481943	0.007991083933467334	0.0009831138459090248	1.8567376404022249	2.5349273344954315	5.660608003158598	1.572335740005978	0.08256032480450586	27.459486339514843	0.027361531633286466
7.18708659718764	0.01	0.007	0.007	0.007	0.01	0.013010469131066415	0.013049246672523756	0.013618208278339301	0.007845971046692254	0.0009653317739115604	1.8610972638705132	2.5327467027584483	5.663714799859218	1.5699777435530338	0.08273010416885145	27.04811339609794	0.027282967896711863
7.270066173207888	0.01	0.007	0.007	0.007	0.01	0.0128143696787983	0.012852565601048539	0.013372354431080537	0.007703865679406365	0.0009478222752380755	1.8653154923724473	2.5303406056234907	5.666466170709724	1.567511235171704	0.0828919456767464	26.642847050233122	0.02720461880700941
7.353062829522549	0.01	0.007	0.007	0.007	0.01	0.012621190284698044	0.012658813196536042	0.013131517670308894	0.007564680056932454	0.0009305826767655103	1.8693967704215788	2.527716632673901	5.668874610601426	1.5649404166856822	0.0830461085431361	26.243571326633738	0.027126478656346473
7.436081722450017	0.01	0.007	0.007	0.007	0.01	0.012430876270498716	0.012467934620233607	0.012895555301393682	0.007428330397333326	0.0009136103156075395	1.8733453695082527	2.524882097959767	5.670952075518986	1.562269314578847	0.08319284248394969	25.850174661436686	0.02704854210327011
7.519127704673988	0.01	0.007	0.007	0.007	0.01	0.012243374970666627	0.012279877052039312	0.012664330967209756	0.007294736657353413	0.0008969025356216924	1.877165397812947	2.5218440546595056	5.6727100142883735	1.5595017900736359	0.08333238819617672	25.462549605749782	0.026970804146798387
7.602205336684217	0.01	0.007	0.007	0.007	0.01	0.012058635620536867	0.012094589578308453	0.012437714277141217	0.007163822313193222	0.0008804566862871466	1.8808608087450003	2.5186093089691024	5.674159397676592	1.5566415487455747	0.0834649777866303	25.08059259676039	0.02689326011131716
7.685318920100788	0.01	0.007	0.007	0.007	0.01	0.011876609202439483	0.011912023037525744	0.012215580401902805	0.007035514121899061	0.0008642701173671607	1.8844354098659273	2.5151844320863517	5.675310745713242	1.5536921486349768	0.08359083520676605	24.704203641804167	0.026815905611362986
7.768472492362921	0.01	0.007	0.007	0.007	0.01	0.011697248384153248	0.01173212995857874	0.011997809797560283	0.006909741957722652	0.0008483401813015291	1.887892869543065	2.511575772717924	5.676174152336122	1.5506570089962992	0.08371017659876148	24.33328619315306	0.02673873655278101
7.85166985986338	0.01	0.007	0.007	0.007	0.01	0.011520507377972644	0.01155486441940899	0.011784287846793189	0.0067864386009780335	0.0008326642281569332	1.8912367248008626	2.5077894671799226	5.676759308859507	1.5475394170862085	0.08382321067774283	23.967746858507766	0.026661749098305276
7.934914603478616	0.01	0.007	0.007	0.007	0.01	0.011346341866067278	0.011380181972151944	0.011574904594548224	0.00666553958170274	0.0008172396060633015	1.8944703875064135	2.5038314497895726	5.677075525347908	1.5443425353420221	0.0839301390486401	23.607495248416765	0.02658493965913307
8.01821011161376	0.01	0.007	0.007	0.007	0.01	0.011174708872926148	0.011208039515204682	0.0113695544321786	0.006546982993832721	0.0008020636566373198	1.8975971512181704	2.499707461225188	5.677131750608545	1.5410694069888715	0.08403115653863732	23.252443714113703	0.02650830486133627
8.101559569077668	0.01	0.007	0.007	0.007	0.01	0.011005566735081986	0.011038395262862023	0.011168135909844919	0.006430709383676349	0.0007871337186595931	1.9006201959228746	2.495423058287274	5.676936590597492	1.537722962855564	0.08412645145348285	22.902507286445793	0.026431841553285654
8.18496595689783	0.01	0.007	0.007	0.007	0.01	0.010838875048982415	0.010871208693034722	0.01097055153177403	0.006316661628694264	0.0007724471295042796	1.903542592974531	2.4909836227082978	5.676498325900894	1.534306027418261	0.0842162058377532	22.55760356953301	0.026355546802927603
8.268432101845578	0.01	0.007	0.007	0.007	0.01	0.01067459452362312	0.010706440399447027	0.010776707448285181	0.006204784756899129	0.0007580012179400326	1.906367311439773	2.4863943667241197	5.675824927755241	1.530821322395124	0.0843005957721705	22.21765243725861	0.02627941784980457
8.35196066518739	0.01	0.007	0.007	0.007	0.01	0.010512686960723014	0.010544052071754198	0.010586513308638218	0.006095025859284483	0.0007437933078736199	1.909097221916755	2.481660341206649	5.674924073077005	1.5272714723947192	0.0843797915856138	21.88257599352513	0.026203452113070125
8.435554136881333	0.01	0.007	0.007	0.007	0.01	0.010353115224056127	0.010384006464784818	0.0103998821079458	0.005987333998985756	0.0007298207208745298	1.911735100399934	2.4767864432119913	5.6738031587783055	1.5236590100854057	0.084453958066685	21.5522985100321	0.026127647194412035
8.519214862970069	0.01	0.007	0.007	0.007	0.01	0.01019584314731886	0.010226267306135942	0.010216729969325274	0.005881660083230644	0.0007160807731055866	1.9142836329825212	2.4717774212073444	5.672469314824202	1.51998637964272	0.08452325469473526	21.226746236767983	0.026052000850927497
8.602945034193755	0.01	0.007	0.007	0.007	0.01	0.010040835519362194	0.010070799281362619	0.010036976023658179	0.005777956791765494	0.0007025707787819345	1.9167454190808582	2.4666378821151507	5.670929416918286	1.516255941568806	0.08458783582398569	20.905847372544603	0.02597651100335756
8.68674670784353	0.01	0.007	0.007	0.007	0.01	0.009888058008613225	0.009917567958176308	0.009860542224651832	0.005676178468088737	0.0006892880481374196	1.9191229754903278	2.4613722960351385	5.669190097960384	1.5124699758063749	0.08464785088654297	20.589531909595053	0.025901175714317912
8.770621824115482	0.01	0.007	0.007	0.007	0.01	0.009737477102177566	0.009766539725367547	0.009687353187541084	0.005576281024461568	0.0006762298864991773	1.921418740003218	2.455985000842619	5.66725775870932	1.508630684803263	0.08470344457733886	20.27773150846742	0.025825993171807834
8.854572177990674	0.01	0.007	0.007	0.007	0.01	0.00958906012672759	0.0096176818137571	0.00951733612728102	0.005478221904426103	0.0006633936002367406	1.9236350736362726	2.4504802093344176	5.665138578832148	1.5047401983915216	0.08475475700123233	19.970379542210498	0.025750961712677666
8.938599452229202	0.01	0.007	0.007	0.007	0.01	0.009442775160255728	0.009470962207688434	0.009350420675911564	0.00538195997573561	0.0006507764931154582	1.9257742644128966	2.4448620122208213	5.662838526049413	1.5008005756883	0.08480192385509136	19.667410914542216	0.025676079791285628
9.022705205890565	0.01	0.007	0.007	0.007	0.01	0.009298591025808725	0.00932634963874414	0.00918653879907451	0.00528745548058302	0.0006383758695549892	1.9278385297604694	2.4391343836805603	5.660363365712135	1.4968138088298975	0.08484507657216275	19.368762047714903	0.025601345988140158
9.106890907424129	0.01	0.007	0.007	0.007	0.01	0.009156477209642386	0.009183813503658702	0.009025624630798482	0.005194669938792299	0.0006261890312614177	1.9298300198876952	2.4333011836664773	5.657718668612193	1.4927818244300854	0.08488434248387625	19.0743707137958	0.0255267589789431
9.191157895281089	0.01	0.007	0.007	0.007	0.01	0.009016403904931525	0.009043323908158766	0.008867614455051052	0.005103566135735423	0.0006142132844420277	1.9317508192577721	2.427366164920792	5.654909820458455	1.488706488310893	0.08491984493836424	18.784176125968266	0.02545231756808937
9.275507411009688	0.01	0.007	0.007	0.007	0.01	0.008878341932477869	0.00890485158743667	0.008712446551291069	0.00501410803190785	0.0006024459363694221	1.9336029497218536	2.421332974840363	5.651942028779972	1.4845896066442317	0.08495170345035573	18.498118775018686	0.025378020657814082
9.359940598915014	0.01	0.007	0.007	0.007	0.01	0.008742262720731859	0.008768367886113633	0.008560061111209183	0.00492626071363716	0.000590884296885108	1.9353883726937195	2.4152051593831474	5.648820330342249	1.4804329285206603	0.08498003382704347	18.21614038863205	0.02530386724718206
9.444458500102112	0.01	0.007	0.007	0.007	0.01	0.008608138295296252	0.00863384474771271	0.008410400169231948	0.004839990351798128	0.0005795256805655519	1.9371089911243926	2.4089861672253656	5.645549598438005	1.4762381486734155	0.0850049482881276	17.938183910309856	0.025229856435991047
9.529062068912953	0.01	0.007	0.007	0.007	0.01	0.008475941233512077	0.008501254669110739	0.0082634074970836	0.004755264139877796	0.000568367405819698	1.938766651848555	2.402679352112686	5.64213454898161	1.472006908972829	0.08502655558832263	17.664193405897535	0.025155987409067198
9.613752183823584	0.01	0.007	0.007	0.007	0.01	0.008345644630534643	0.008370570666514114	0.008119028514529735	0.004672050241438666	0.0005574067948623247	1.9403631476728411	2.3962879753868727	5.638579746364377	1.467740800051967	0.085044961130905	17.39411399386908	0.02508225942563618
9.698529613427263	0.01	0.007	0.007	0.007	0.01	0.008217222135031586	0.00824176631126351	0.007977210279903713	0.004590317783625223	0.0005466411793875854	1.9419002185448222	2.389815211765284	5.634889610909503	1.4634413650923535	0.0850602670678974	17.12789191990086	0.025008671847796204
9.783395044122859	0.01	0.007	0.007	0.007	0.01	0.008090647889333539	0.008114815669807504	0.007837901376987196	0.0045100367909867755	0.0005360678981271008	1.9433795538493124	2.383264150373485	5.631068423538087	1.4591101004198341	0.08507257241188679	16.865474433386666	0.024935224115152258
9.868349085413119	0.01	0.007	0.007	0.007	0.01	0.007965896506661789	0.007989693280862962	0.0077010518458481315	0.004431178144694603	0.0005256842974278039	1.9448027941507977	2.376637797262118	5.627120330976675	1.454748457104931	0.0850819731362719	16.60680974075521	0.024861915739173047
9.953392280864598	0.01	0.007	0.007	0.007	0.01	0.007842943041450978	0.007866374125650215	0.007566613108526498	0.004353713538842433	0.0005154877311712648	1.9461715329410412	2.369939077333262	5.623049350402952	1.4503578421744765	0.08508856227158657	16.35184694443732	0.024788746292770596
10.0	0.01	0.007	0.007	0.007	0.01	0.00777636655996117	0.007799599589763323	0.007493998753388899	0.0043118745848918895	0.0005099740880010823	1.946898520767521	2.3662412124536965	5.620769409768158	1.447941752066482	0.08509101206513371	16.213779562430368	0.024748737341529176
