0.0	0.01	0.007	0.007	0.007	0.01	0.0	0.0	0.0	0.0	0.0	0.0	0.0	0.0	0.0	0.0	100.0	0.035
0.006420454782842494	0.01	0.007	0.007	0.007	0.01	0.0026849460190811157	0.006224571330561128	0.0032681708796256054	0.0011485096961877442	0.0002414249159084812	0.00011076941325503006	0.00047432360694236845	0.00041348883272823765	7.592777333425615e-5	5.731519818847097e-6	99.8693580778087	0.03499221280619115
0.011125188062109801	0.01	0.007	0.007	0.007	0.01	0.004550722718107418	0.01033782687376974	0.0055638922565485055	0.001967871075692427	0.00038900231387013556	0.0003274977140692532	0.001383265215938756	0.0012260969834919355	0.0002261075491541682	1.638381212670213e-5	99.77373562499609	0.03498650766399242
0.017862488582150903	0.01	0.007	0.007	0.007	0.01	0.007080886282041951	0.01563648433053216	0.008711726067948681	0.0031093536400353286	0.0005646673508382541	0.0008259833341300308	0.0034226705723244505	0.0031051343283194583	0.0005760940087968034	3.9449430619234425e-5	99.63696119395054	0.03497833937158106
0.024489195491172164	0.01	0.007	0.007	0.007	0.01	0.009415622415371451	0.020239251719522396	0.011654358591875847	0.004196491221843874	0.0007036604057089682	0.0015197715101500505	0.006183888375086258	0.005736098525208213	0.0010704676883898253	6.949708606329962e-5	99.50261483854807	0.03497030702303953
0.03219459576439664	0.01	0.007	0.007	0.007	0.01	0.011950639165032525	0.024923419726357175	0.014894186696178816	0.00541759890859446	0.0008316518786963215	0.0025629712325601064	0.010217409256626581	0.00971741927282261	0.0018256686933341877	0.00011170850620977857	99.34662738462782	0.0349609694905278
0.040255629469296395	0.01	0.007	0.007	0.007	0.01	0.01440965009444147	0.029153165146035862	0.018085497817520536	0.006647252188772733	0.0009350903671090954	0.003906765042382941	0.015256920305394274	0.014881163654211233	0.0028151812324318593	0.00016239467910120792	99.18370223916573	0.034951203663992333
0.04902892613875265	0.01	0.007	0.007	0.007	0.01	0.01687808754891093	0.033085563493529674	0.02134208959990177	0.007932040327421357	0.0010204472154783913	0.00563936792801495	0.021554343244437255	0.021586688837819636	0.004113972098094304	0.00022331786292999884	99.0066848626707	0.034940578041224635
0.05827831999753424	0.01	0.007	0.007	0.007	0.01	0.019264115380216745	0.036585195153784354	0.0245459760059262	0.009228508018641536	0.0010871935571583659	0.007745051878940899	0.028967070998022645	0.029796943674425293	0.005722196505831777	0.00029237887971408986	98.82040345211416	0.03492937929979812
0.06810804261488934	0.01	0.007	0.007	0.007	0.01	0.02157658154471288	0.039690915558946126	0.02770980613235713	0.010543741005111778	0.0011387203935386092	0.010268392607796127	0.037569117976884434	0.039711178889009165	0.0076869940745106285	0.0003697093198859984	98.62281845666764	0.03491748185708213
0.07844654431864362	0.01	0.007	0.007	0.007	0.01	0.023782163975053998	0.04238724377586308	0.030788015809735465	0.011860531728603513	0.001177167266147508	0.013209354848553262	0.04727793323802459	0.051357002504126885	0.010022984969087536	0.0004541252202998144	98.41543285448707	0.034904972984102146
0.0893310440753193	0.01	0.007	0.007	0.007	0.01	0.025876268433636218	0.04470322886906108	0.03377275996351531	0.01317658302404446	0.0012051377854118224	0.016591275488039688	0.05809302749847982	0.06485584262910105	0.012764478837368141	0.0005453224963998081	98.19756601272537	0.034891808333591665
0.10075053573822529	0.01	0.007	0.007	0.007	0.01	0.02784616828600682	0.046660656251999624	0.03664360928524117	0.014483592388869633	0.001224771313429033	0.02042050784213357	0.06996148743946654	0.08026354895484399	0.01593370764247352	0.0006426661994860514	97.9695090652715	0.034878001955009695
0.11273153984798089	0.01	0.007	0.007	0.007	0.01	0.029688148987450768	0.0482924072427258	0.03939187113770805	0.015777845719750966	0.0012379871122801464	0.024712249247206254	0.08286320732990043	0.09767271207257505	0.019561458303388984	0.0007459059088308659	97.73080756736582	0.03486352256996526
0.12529071051579996	0.01	0.007	0.007	0.007	0.01	0.03139800839968785	0.049630374253670256	0.042007246813187626	0.0170543969504618	0.0012463604482138891	0.02947628309579083	0.09676616792947389	0.11715540997528819	0.023675428568628434	0.0008547802163565027	97.48121141117771	0.034848350907244856
0.13846069352577686	0.01	0.007	0.007	0.007	0.01	0.032974880257695204	0.050707963770025684	0.044483643518375075	0.018309820530699367	0.0012511915835406963	0.034726393290229134	0.11165540151508661	0.13880107966277166	0.02830812107939541	0.0009692331882363751	97.22016088002438	0.03483244846594706
0.1522759237377565	0.01	0.007	0.007	0.007	0.01	0.03441867690086446	0.05155700718837432	0.046815520585232515	0.019540547645430336	0.0012535357033102359	0.04047567711716412	0.12751884895876933	0.16269737858538807	0.03349292846889397	0.0010892854518940467	96.94707176190694	0.03481577470275945
0.16678064846382712	0.01	0.007	0.007	0.007	0.01	0.03573079065834757	0.052207740953609555	0.0489991145173648	0.020743522618586478	0.0012542607901674739	0.04673997399946996	0.14435694427846027	0.18894419399724388	0.03926721920928663	0.0012150973219865746	96.66117867755148	0.03479827736942683
0.182024839547412	0.01	0.007	0.007	0.007	0.01	0.036913327379452736	0.05268795567278943	0.05103134880077192	0.021915683044360253	0.0012540994570426765	0.05353645589967978	0.16217822085682093	0.21764776552414009	0.04567120402591027	0.0013469289854649796	96.36161906813173	0.034779897480782127
0.19806689505987812	0.01	0.007	0.007	0.007	0.01	0.03796914744326348	0.053022850173030926	0.05290999686994421	0.023054068254153612	0.001253698274058664	0.060884892612301206	0.18100231124191243	0.2489258813618267	0.05274920878313755	0.001485162972873406	96.04738329037157	0.034760566092015895
0.21497253927547688	0.01	0.007	0.007	0.007	0.01	0.0389015950999918	0.05323485230896493	0.054633306183009794	0.024155615376115908	0.0012536588877822248	0.06880720101854604	0.2008582877789829	0.28290584929308316	0.06054936471694472	0.001630297861676917	95.71734021224749	0.03474020566841322
0.2328155837396628	0.01	0.007	0.007	0.007	0.01	0.03971443999340849	0.05334363703229651	0.05619995798656043	0.025217122813096942	0.0012545692861977843	0.07732770968816971	0.22178495041799903	0.3197253775816204	0.0691239248135759	0.0017829628245633379	95.37022669605585	0.03471872921654768
0.2516770337073562	0.01	0.007	0.007	0.007	0.01	0.040411771630997344	0.053366201114661706	0.05760892575470396	0.02623512887390764	0.0012570236127646699	0.08647256294325616	0.24382901106067464	0.35952962863903154	0.07852866250152786	0.0019439228584566205	95.00466992137211	0.034696041414559925
0.2716438735702788	0.01	0.007	0.007	0.007	0.01	0.040997965569728144	0.053317014748137444	0.058859448289821426	0.02720583249716131	0.0012616293736895858	0.09626885624787805	0.26704280201403496	0.4024668501424385	0.08882183226649704	0.0021140860036302825	94.61921606656067	0.03467204013082898
0.29280595175217955	0.01	0.007	0.007	0.007	0.01	0.04147767236556744	0.05320822436666709	0.05995103601025215	0.028125001222150246	0.0012690009628744273	0.10674275585844194	0.2914797656652604	0.44867922877018807	0.10006182209306946	0.0022944980928855355	94.21239544753412	0.03464662022567582
0.31525061346847383	0.01	0.007	0.007	0.007	0.01	0.04185586153149776	0.053049905356492	0.060883584193635404	0.028987914445583445	0.0012797384399656953	0.11791644867389349	0.31718749959820086	0.49828811750601276	0.11230315478763125	0.002486319850755145	93.78282960445078	0.03461968004505099
0.3390550396257617	0.01	0.007	0.007	0.007	0.01	0.0421379319151109	0.052850352366712185	0.061657646710309925	0.029789399171734635	0.001294391400474196	0.12980398374616722	0.3441985618692759	0.5513737970993802	0.12559072806379626	0.002690781752601886	93.32937939525738	0.03459113063765644
0.3642779537549791	0.01	0.007	0.007	0.007	0.01	0.04232987799624562	0.0526163777240952	0.062274904405142585	0.03052404330713774	0.001313411119253703	0.1424069789821968	0.37252119368420206	0.6079541611038627	0.13995328342316635	0.0029091244044619196	92.85130054312877	0.03456090568169835
0.3909552560401575	0.01	0.007	0.007	0.007	0.01	0.042438446735854965	0.052353559430695515	0.06273876690056533	0.03118665843951839	0.0013371014025689951	0.15571263216827225	0.40213517443478614	0.6679736328315865	0.155399041717348	0.003142556876813691	92.34831958035537	0.03452896665048392
0.4191047170510742	0.01	0.007	0.007	0.007	0.01	0.042471148223439135	0.05206637952160323	0.06305485256801868	0.03177292046028624	0.0013655857138673328	0.16969663832899307	0.4329981257548881	0.7313147725112127	0.1719170968876634	0.0033922754721923743	91.8205362139445	0.03449529710127026
0.4487400003971405	0.01	0.007	0.007	0.007	0.01	0.042436004357964525	0.0517582573900365	0.06323100657810198	0.032279923454677936	0.0013988050471856997	0.184330923255319	0.46506164874579775	0.7978329112733256	0.18948527904075235	0.0036595527581951112	91.26815373130557	0.03445988583716033
0.47988790857915475	0.01	0.007	0.007	0.007	0.01	0.04234107410318	0.05143155652664673	0.06327674334217748	0.03270638077202846	0.0014365456284110192	0.19959274785452008	0.49828973149007094	0.8673983589787297	0.20808089038059158	0.003945857066460112	90.69115835812053	0.03442270631573424
0.5126029191039106	0.01	0.007	0.007	0.007	0.01	0.04219392778413364	0.05108763026890324	0.06320234094942984	0.03305244381317788	0.0014784828337195046	0.21547191409536423	0.532672701455211	0.9399307982663091	0.22769023258571544	0.004252961327607391	90.08906064051271	0.03438369942268063
0.5469786910738701	0.01	0.007	0.007	0.007	0.01	0.04200121670950114	0.05072689684733737	0.06301790256502281	0.03331930237609694	0.0015242283791645319	0.23197578308341332	0.5682365254595412	1.0154238010188308	0.24831606356517774	0.004583043884154502	89.46070409786903	0.03434275998727365
0.5831599475913485	0.01	0.007	0.007	0.007	0.01	0.04176837449393993	0.050348891887029325	0.06273254589288493	0.033508721228202566	0.0015733745170164878	0.24913371585270588	0.6050511028648173	1.093966267009286	0.2699845307839961	0.004938815268246019	88.80407843996544	0.03429972298207688
0.621359680836596	0.01	0.007	0.007	0.007	0.01	0.04149940383180297	0.04995223989976733	0.06235371050222466	0.03362257525003377	0.001625534947414224	0.26700316587941264	0.6432422498642018	1.175770626888241	0.2927541427051068	0.005323722391349739	88.11605061447422	0.034254343560264224
0.661886810472527	0.01	0.007	0.007	0.007	0.01	0.04119667296814397	0.04953449664143976	0.06188647916392091	0.033662359727209275	0.001680384122239033	0.2856794457132732	0.6830114391144256	1.2612167166325388	0.3167292590001344	0.005742290337238943	87.39193007717691	0.03420626493968144
0.7051822987251457	0.01	0.007	0.007	0.007	0.01	0.04086070573108768	0.049091896805166034	0.06133288254371541	0.03362861751330714	0.0017376856787812032	0.3053075663689816	0.7246595454759298	1.3509034399957642	0.34207591436321244	0.0062005936595828405	86.62491881020766	0.03415497667892254
0.7517782631082258	0.01	0.007	0.007	0.007	0.01	0.04049064101928482	0.04861988570039406	0.060692402650817726	0.03352054692402759	0.0017971949429587896	0.32605764078845545	0.7685329960627357	1.4455320016236297	0.36898956765257634	0.006705925121138358	85.80695665024491	0.03409986455595408
0.8015394494223281	0.01	0.007	0.007	0.007	0.01	0.04009056596940023	0.048120784502528574	0.05997348857864923	0.03333927700724437	0.0018577104682422339	0.3477911754516416	0.8143205846376771	1.5443849472280817	0.3972585229942822	0.007258314909601454	84.94195770970822	0.03404110690724637
0.8522523382865015	0.01	0.007	0.007	0.007	0.01	0.03968113505150476	0.04761740002692319	0.05921674055166619	0.03309929728683513	0.0019157588497259685	0.36949257020610105	0.8598738418078773	1.6427742343862046	0.425519657156826	0.00783344295302995	84.06938633438988	0.03398132966257133
0.9030953910709751	0.01	0.007	0.007	0.007	0.01	0.03927119766226385	0.04711801349141254	0.058443301800236214	0.03281505390915281	0.0019700543243562373	0.39080254127022146	0.9044425893260184	1.7390368431273155	0.45326296484669487	0.008420914132443323	83.20357334686742	0.03392150436367803
0.9540674628775164	0.01	0.007	0.007	0.007	0.01	0.03886218788552386	0.046622625909158215	0.0576600112579636	0.032496199937361234	0.0020204730636150282	0.4117248173854484	0.948040657800926	1.8331729352172317	0.48045916427642754	0.009019304143378485	82.3445139954957	0.033861632978052315
1.0050992993591743	0.01	0.007	0.007	0.007	0.01	0.038455544469957595	0.04613188594608812	0.05687284821350643	0.03215098650878479	0.002066931184617669	0.43223666653396414	0.9906256914047069	1.925071700119192	0.5070522364760367	0.00962638124252627	81.49333257458771	0.033801797252044165
1.0562423720227916	0.01	0.007	0.007	0.007	0.01	0.038051400151760076	0.045645270232088794	0.05608457563678944	0.0317853627428888	0.00210953188084898	0.45236501383006916	1.0322578505791915	2.014851012732385	0.533056881118408	0.01024137383628443	80.6491230403724	0.03374193717913041
1.107514292280335	0.01	0.007	0.007	0.007	0.01	0.03764995325533481	0.045162592811209816	0.05529752071463541	0.03140423109557366	0.0021483861517162246	0.47212232410715144	1.072966344016793	2.102567083837954	0.5584738563456305	0.010863178071885277	79.81156501707737	0.03368203270521606
1.1589707853208029	0.01	0.007	0.007	0.007	0.01	0.037250980994552214	0.04468332137711511	0.0545127619444122	0.031011207789898562	0.0021836567128713878	0.49153480397706206	1.1128079565293774	2.188339161616281	0.5833253205265868	0.011491224774872454	78.97973701631442	0.033622019509800656
1.2106554185484333	0.01	0.007	0.007	0.007	0.01	0.03685428815934463	0.044207056866632385	0.053731109681070935	0.030609197632171452	0.0022155046464671715	0.510622498604137	1.151825989458699	2.2722599396645196	0.6076282377425992	0.01212487242704737	78.15294823090366	0.03356184787757996
1.2626223428075003	0.01	0.007	0.007	0.007	0.01	0.036459561784874826	0.04373332096576022	0.052952902151279964	0.030200396622128964	0.0022440983434068524	0.5294079335284039	1.1900681155691948	2.3544333002777655	0.6314047777467025	0.012763676919458414	77.33036969079265	0.03350145616967983
1.3149193498127434	0.01	0.007	0.007	0.007	0.01	0.03606652132910547	0.04326171301790382	0.05217836193388363	0.02978655829090729	0.0022695977957520627	0.5479098122682574	1.2275735377611698	2.4349462044642416	0.654673746326833	0.013407176277930694	76.51130661342037	0.03344079057353393
1.3675952782732617	0.01	0.007	0.007	0.007	0.01	0.03567487330794243	0.04279184096350902	0.05140755194604005	0.02936904285172529	0.002292156652037246	0.5661458404096105	1.2643788345064693	2.5138809539558475	0.6774537988885375	0.014054972867897005	75.6950785510322	0.03337979647246654
1.4206944295802553	0.01	0.007	0.007	0.007	0.01	0.0352843599513433	0.04232337065154412	0.05064050461131365	0.02894894411658117	0.002311918241933376	0.584130858483819	1.3005142435080392	2.5913070121932047	0.699760814030603	0.014706656778428103	74.8811050824554	0.033318424910057085
1.4742591855933658	0.01	0.007	0.007	0.007	0.01	0.034894743014383806	0.04185600075527575	0.049877214238030716	0.028527133123124427	0.0023290165911253294	0.6018779097566612	1.3360058997555053	2.6672856845290296	0.7216090440215006	0.015361831006466004	74.06886231500692	0.03325662953018741
1.528328350036834	0.01	0.007	0.007	0.007	0.01	0.03450581769934524	0.04138947594290474	0.04911768196372836	0.028104321108944782	0.002343575994996924	0.6193978167297126	1.3708750539291903	2.7418683665891592	0.743010454687768	0.016020085179882387	73.25790583545088	0.03319436847041534
1.5829382589281389	0.01	0.007	0.007	0.007	0.01	0.03411740511112352	0.040923575619911785	0.048361913616749	0.027681089470354175	0.0023557119132957723	0.6366996928215404	1.4051391652210345	2.815098839046242	0.7639752671025667	0.016681004303114304	72.4478512151662	0.03313160305433236
1.638122425444256	0.01	0.007	0.007	0.007	0.01	0.033729354824370714	0.04045811562834067	0.04760993382419337	0.027257922712246772	0.0023655314830856003	0.6537909526747752	1.4388119824823997	2.887013413351868	0.7845119081169304	0.017344160497776154	71.63837702575876	0.03306829817776711
1.6939121688912882	0.01	0.007	0.007	0.007	0.01	0.03334154005853754	0.0399929415960124	0.046861783096870585	0.02683522713881673	0.0023731343322871113	0.6706776279946031	1.4719042261697857	2.9576423725935608	0.8046273532463519	0.018009117503036794	70.82921333346582	0.033004421564373713
1.750336699851007	0.01	0.007	0.007	0.007	0.01	0.03295385660939288	0.039527927115369885	0.04611752037916206	0.026413348724563638	0.0023786132421425837	0.6873644943545911	1.5044238874951603	3.0270105988866067	0.8243272520796254	0.018675429212218292	70.02013858282432	0.032939943650028385
1.8074235527272138	0.01	0.007	0.007	0.007	0.01	0.03256621931202046	0.03906296916411789	0.04537721949696096	0.02599258443627361	0.0023820548268841625	0.7038552906569159	1.536376702662304	3.0951385766470403	0.8436161728025863	0.019342642872883176	69.2109716764555	0.032874837072198265
1.8651987973531972	0.01	0.007	0.007	0.007	0.01	0.0321785600824273	0.038597985546365864	0.04464096772801039	0.025573192234140903	0.002383540122995962	0.7201528567291742	1.5677664592615108	3.162043037666531	0.862497753475403	0.020010300016079664	68.4015675623009	0.032809076416025394
1.9236873919901039	0.01	0.007	0.007	0.007	0.01	0.03179082506366079	0.03813291133911883	0.0439088620151528	0.02515539770028581	0.002383145129810968	0.7362592987782448	1.598595350024878	3.227737706350103	0.880974888317506	0.020677939311398323	67.59181108354494	0.032742637802541705
1.9829134319977786	0.01	0.007	0.007	0.007	0.01	0.031402972579037625	0.03766769635651214	0.04318100629349584	0.024739399648274617	0.002380941281208459	0.7521761113741194	1.6288642356907266	3.2922338498679964	0.8990498635671854	0.021345098364977874	66.78161259325938	0.0326754985996326
2.0429004321851325	0.01	0.007	0.007	0.007	0.01	0.031014970961328922	0.03720230249619382	0.04245750829930915	0.024325374096956787	0.002376995862157868	0.7679042970847259	1.6585728973532068	3.355540804625794	0.9167244902423237	0.022011316003862025	65.97090335813462	0.032607637098209616
2.1036715770391217	0.01	0.007	0.007	0.007	0.01	0.0306267967037767	0.03673670149095034	0.04173847681439971	0.023913477401673953	0.002371372373164304	0.7834444660627427	1.6877202447095134	3.417666407679552	0.934000212703224	0.022676134224592283	65.15963166231388	0.03253903222845727
2.1652499988056446	0.01	0.007	0.007	0.007	0.01	0.03023843254474647	0.03627087259262572	0.04102401869660792	0.023503848374145313	0.002364130844723533	0.7987969322505013	1.7163045122510472	3.4786174017880938	0.9508782115033632	0.023339100421959462	64.34775878796795	0.03246966324825496
2.2276590064690436	0.01	0.007	0.007	0.007	0.01	0.029849865981355927	0.03580480077791084	0.04031423667085662	0.02309661011356214	0.0023553281130502322	0.813961786930805	1.7443234075345684	3.5383997381625005	0.9673594788115903	0.0239997690036287	63.535255900139376	0.03239950949078114
2.2909223679308366	0.01	0.007	0.007	0.007	0.01	0.02946108756201364	0.03533847469343799	0.0396092267166254	0.0226918710161802	0.002345018051627922	0.8289389761110153	1.7717742614524068	3.597018883900262	0.9834448956888998	0.024657703462831537	62.722100472503875	0.03232855005598489
2.355064546595733	0.01	0.007	0.007	0.007	0.01	0.029072089584457346	0.03487188508999773	0.03890907623210767	0.022289725749647056	0.0023332517740080735	0.8437283573479101	1.7986541352788954	3.654480038294382	0.9991352843224397	0.025312477803967517	61.90827356103704	0.03225676355742616
2.4201110108076764	0.01	0.007	0.007	0.007	0.01	0.028682864470383866	0.0344050228705006	0.03821386166625721	0.02189025553087092	0.0023200777937363005	0.8583297646297808	1.8249599373409462	3.710788371516076	1.0144314661610239	0.025963678525084237	61.09375639949777	0.032184127791741964
2.4860884983535785	0.01	0.007	0.007	0.007	0.01	0.02829340354889423	0.03393787762929747	0.03752364696132935	0.021493528551710904	0.002305542163409694	0.8727430532660386	1.8506884978776805	3.7659491765928186	1.029334295749503	0.026610905887253143	60.27852784703185	0.03211061946327063
2.553025353483814	0.01	0.007	0.007	0.007	0.01	0.027903695544564976	0.033470435837807094	0.03683848154641508	0.02109959988950594	0.002289688574470117	0.8869681517535377	1.8758366511197373	3.8199680403045098	1.043844698907813	0.0272537756281893	59.462561213955304	0.03203621383283513
2.6209518607866857	0.01	0.007	0.007	0.007	0.01	0.02751372524272206	0.03300267924304609	0.03615839874068497	0.02070851144505675	0.0022725584339235404	0.9010051026713582	1.9004012917601136	3.8728509637325037	1.057963696119313	0.02789192029594933	58.64582145377657	0.03196088437602006
2.6899006637560063	0.01	0.007	0.007	0.007	0.01	0.027123471836649184	0.03253458288485648	0.03548341370140952	0.020320291451310892	0.002254190899658423	0.9148541106654141	1.9243794374650818	3.924604501482772	1.0716924294665333	0.028524990990346017	57.828261683956896	0.031884602354082296
2.7599072148968817	0.01	0.007	0.007	0.007	0.01	0.02673290729932844	0.032066113142678855	0.03481352153695709	0.019934953942275974	0.00223462288709909	0.9285155844722397	1.9477682733658201	3.9752358693556102	1.085032179213509	0.029152658904303044	57.009819751699695	0.03180733635796002
2.8310103085172096	0.01	0.007	0.007	0.007	0.01	0.026341994518761295	0.03159722549881434	0.03414869514163786	0.019552497954358972	0.0022138890357871004	0.9419901819657821	1.9705651933696826	4.024753053977411	1.0979843786438759	0.029774617051106237	56.19041429737151	0.031729051770101595
2.903252733954746	0.01	0.007	0.007	0.007	0.01	0.02595068504136007	0.031127861831616407	0.03348888251476328	0.019172906345338067	0.002192021624655146	0.9552788625845102	1.9927678438703937	4.073164938793685	1.11055063029262	0.03039058236434584	55.369939988008724	0.03164971010472069
2.9766820522805366	0.01	0.007	0.007	0.007	0.01	0.025558916476625452	0.030657947302423362	0.03283400369053815	0.018796144321689943	0.002169050434527635	0.968382943915701	2.014374161959401	4.120481432258911	1.1227327190469263	0.031000298007337033	54.548262030351964	0.03156926822602873
3.0513515759996177	0.01	0.007	0.007	0.007	0.01	0.025166609220256302	0.030187386424977734	0.03218394674461643	0.01842215738159304	0.0021450025335752	0.9813041723500158	2.0353824215845946	4.166713631398814	1.1345326297088707	0.03160353633416998	53.72520924190523	0.03148767736079004
3.1273215653411133	0.01	0.007	0.007	0.007	0.01	0.02477366254401665	0.02971605837528917	0.031538563021536806	0.01805086876856462	0.002119901980776941	0.9940448036951615	2.055791276399752	4.211874001457862	1.1459525625992582	0.032200102293401596	52.90056577766488	0.03140488189534573
3.204660804170423	0.01	0.007	0.007	0.007	0.01	0.024379949356575375	0.029243810707365092	0.03089766051441371	0.01768217583090594	0.002093769394480496	1.0066077133319484	2.0755998250535357	4.2559766356629805	1.1569949615759618	0.03278983816568165	52.07406004780257	0.03132081778570217
3.2834486419029143	0.01	0.007	0.007	0.007	0.01	0.02398530942964576	0.028770451228104454	0.030260995194928444	0.01731594517929235	0.0020666213556114294	1.0189965372848038	2.0948076914973486	4.299037589997358	1.1676625500348496	0.03337262967471722	51.24535038693265	0.03123541049654886
3.3637777619140814	0.01	0.007	0.007	0.007	0.01	0.023589540094278636	0.028295736837705324	0.029628258857187617	0.016952005823808854	0.00203846955688374	1.0312158687559694	2.113415145603911	4.3410753655161045	1.1779583886731784	0.03394841458399523	50.41400537523778	0.031148572199922103
3.445757971948812	0.01	0.007	0.007	0.007	0.01	0.023192383422900763	0.027819358154814088	0.02899906216915298	0.016590139546454757	0.002009319595556033	1.043271529992625	2.1314232741178283	4.382111585955079	1.1878859600030938	0.03451719465638885	49.579476728000714	0.031060197933942574
3.529521667297143	0.01	0.007	0.007	0.007	0.01	0.022793507444073463	0.02734091698408755	0.028372909441727136	0.016230066509949057	0.001979169182589672	1.0551709782886438	2.148834259016658	4.42217203977064	1.197449310281129	0.03507905365483864	48.74105957569172	0.03097016004977141
3.615231828382184	0.01	0.007	0.007	0.007	0.01	0.02239247841464889	0.02685989305736101	0.027749161097644436	0.015871423802455993	0.0019480054658912716	1.0669239091201042	2.165651804138484	4.461288246765172	1.2066532698043753	0.035634184202252166	47.89783384215344	0.030878300068427286
3.7030945313489756	0.01	0.007	0.007	0.007	0.01	0.02198871670869803	0.026375591123643582	0.027126973315188114	0.015513730880948599	0.0019158007676995312	1.0785432328795608	2.1818818778128666	4.499500051723154	1.2155038410454617	0.03618293155801708	47.048571013207564	0.030784415904455503
3.793379366971225	0.01	0.007	0.007	0.007	0.01	0.021581423972097405	0.02588705357323138	0.026505197722525065	0.015156332092780294	0.0018825055304922324	1.0900467048570974	2.1975340050527885	4.536860007354242	1.224008877340186	0.03672586700378646	46.191580202511894	0.030688240967352905
3.8864555484167362	0.01	0.007	0.007	0.007	0.01	0.021169452471892006	0.02539290372656766	0.025882200303348313	0.014798292845145746	0.001848035693720501	1.1014598882090074	2.21262373460658	4.573441456409158	1.2321793832590073	0.037263921887712874	45.32443213201686	0.03058940711155167
3.9828618517107715	0.01	0.007	0.007	0.007	0.01	0.020751048857670658	0.024891038485430325	0.025255504424675935	0.014438194867051467	0.0018122480026104954	1.112822030777775	2.2271777279692975	4.60935474371769	1.240032201354895	0.037798654575693015	44.443417901055184	0.03048737270866428
4.083459245380781	0.01	0.007	0.007	0.007	0.01	0.02032328927247317	0.02437795077241859	0.02462100097461184	0.014073683103420014	0.001774885719968694	1.124199135063062	2.241245417376968	4.6447835767601635	1.247596170671417	0.038332846048611244	43.54235601840356	0.03038126538915299
4.1898238089031095	0.01	0.007	0.007	0.007	0.01	0.01988061424832788	0.02384697221420641	0.023970894700637617	0.01370028750001971	0.0017354381876308125	1.1357180683320343	2.2549300611132725	4.6800804714070345	1.2549285339801166	0.038872057832009047	42.609498676630935	0.03026947664974223
4.304964180425016	0.01	0.007	0.007	0.007	0.01	0.019412300918070575	0.023285241277148275	0.02329025473146364	0.013309445283483774	0.001692890225213202	1.147621539120306	2.2684285707917455	4.715910845513807	1.2621356720754606	0.03942709989564949	41.62218796866798	0.030148928159796258
4.420559464477443	0.01	0.007	0.007	0.007	0.01	0.018953258176935762	0.022734628974048366	0.022630082500755166	0.01293044896588029	0.001650423363407854	1.1590069552135867	2.28067083467918	4.749526716268363	1.2686495609648651	0.03995546026511022	40.65398862387693	0.030028386322123388
4.523469717743819	0.01	0.007	0.007	0.007	0.01	0.018553750481144576	0.02225542601089205	0.022061078162909923	0.01260386708934367	0.001612873312631891	1.1686878439940769	2.2905181091539544	4.777571089403122	1.2738731948649002	0.040402404840957695	39.81100266608062	0.029921477914644622
4.6213505579858625	0.01	0.007	0.007	0.007	0.01	0.01818160086773349	0.021809039050530384	0.021535613918174195	0.012302339575348686	0.001577433312113623	1.1775146873278488	2.299006656643151	4.802680765840349	1.278364475304241	0.040807765423277506	39.025439798244	0.02982014751007823
4.717615711396552	0.01	0.007	0.007	0.007	0.01	0.017822891500696703	0.02137877351339657	0.02103324360749172	0.01201412330562332	0.001542883139951068	1.1858480297494556	2.306556261724511	4.825957433664161	1.2823498699258686	0.04118831492877369	38.26796488233127	0.02972082444940236
4.812951489162353	0.01	0.007	0.007	0.007	0.01	0.01747463564006152	0.02096104663279269	0.020549324757552282	0.011736548791164403	0.001508997115126149	1.1937742008462278	2.313284798716667	4.847685336250056	1.285894657830786	0.041548092834477524	37.53229397760668	0.029622786333547743
4.907373335405823	0.01	0.007	0.007	0.007	0.01	0.017136440495519444	0.02055538720587767	0.02008292897186865	0.011469078330216527	0.0014757878559725872	1.2013162202577479	2.3192452788939804	4.867963781531495	1.2890293334695813	0.04188823371830387	36.81761636992263	0.02952600681483593
5.000957871977295	0.01	0.007	0.007	0.007	0.01	0.016807717085888244	0.020161088763886507	0.019632894307220695	0.01121104067482304	0.001443243102595909	1.2085002554818536	2.324490386792432	4.886896974802069	1.2917838322220616	0.042210017921873295	36.12270528057421	0.029430397507544392
5.093817796450694	0.01	0.007	0.007	0.007	0.01	0.016487785375871845	0.019777335627982676	0.01919797480820795	0.010961716896922314	0.001411335917701032	1.2153530202419005	2.329069566128006	4.904586427527125	1.2941860442775979	0.04251474659138138	35.44613952819629	0.029335834502173665
5.186057175908513	0.01	0.007	0.007	0.007	0.01	0.016176033737305053	0.01940339417100745	0.018777056428418884	0.010720464187954047	0.0013800409842965582	1.221898337203041	2.333026536984136	4.921122082695588	1.2962605649753942	0.04280358495295959	34.78664061868439	0.029242204227103868
5.277766550963555	0.01	0.007	0.007	0.007	0.01	0.015871930018996352	0.019038626095816333	0.018369165950986362	0.01048672090275135	0.0013493365362070282	1.2281571247301117	2.3363998763642364	4.9365829326857416	1.2980290494663755	0.04307756242643904	34.14309646210679	0.02914940821641378
5.369023983531898	0.01	0.007	0.007	0.007	0.01	0.01557501205276845	0.018682477047846088	0.017973452596376838	0.010259995949626287	0.00131920412180766	1.234147806122931	2.3392238482149326	4.95103866948258	1.2995106880697782	0.04333759187281668	33.514541588818005	0.029057361806534215
5.459896886871446	0.01	0.007	0.007	0.007	0.01	0.01528487651962143	0.018334463260465717	0.01758916847780062	0.010039857531952258	0.0012896280611134547	1.2398867140116403	2.341529124415702	4.9645512070577755	1.3007226159950478	0.04358448846668736	32.900133842215425	0.028965992076253305
5.55044411152126	0.01	0.007	0.007	0.007	0.01	0.015001168047863273	0.017994158478481265	0.01721565033198106	0.00982592263242085	0.0012605948067623133	1.2453884528086123	2.3433433762623195	4.977175989926073	1.3016802487558576	0.04381898646446086	32.29913150813466	0.028875235572151495
5.640717138513122	0.01	0.007	0.007	0.007	0.01	0.014723572053537538	0.017661185370410948	0.01685230698286736	0.009617849791336317	0.0012320925922134403	1.2506661567887452	2.344691731383085	4.988962962672546	1.3023975421796967	0.044041751215097076	31.71087832402405	0.028785036969083216
5.730760591141098	0.01	0.007	0.007	0.007	0.01	0.014451810253919513	0.017335210147058303	0.01649861086478432	0.00941533421677782	0.0012041112841555028	1.2557316757868675	2.345597144131828	4.999957308793113	1.302887203210357	0.04425338792772369	31.1347941211964	0.02869534843455079
5.820614180941961	0.01	0.007	0.007	0.007	0.01	0.014185632329335453	0.01701593256007692	0.01615408498737527	0.00921810029083306	0.00117664178403755	1.2605958150535952	2.346080718265529	5.010200249626256	1.3031608729976683	0.044454452531183235	30.570357276250668	0.02860612758374098
5.910313158981661	0.01	0.007	0.007	0.007	0.01	0.013924812683884102	0.016703082016531083	0.015818296975591166	0.00902589813283156	0.0011496759064744354	1.265268462060195	2.346161947867591	5.019729539355731	1.3032292647863537	0.04464545758471238	30.01709794271231	0.02851733695025604
5.999889036660639	0.01	0.007	0.007	0.007	0.01	0.013669146703456411	0.016396413090492744	0.015490852738474243	0.008838499953780027	0.001123206172603716	1.269758711632522	2.3458589216919976	5.028579920263081	1.3031022808890604	0.04482687801051396	29.474590200556886	0.028428943201339433
6.089370116923848	0.01	0.007	0.007	0.007	0.01	0.013418447863915496	0.016095702054381496	0.0151713914821233	0.008655697183626328	0.001097225663337447	1.2740749658463713	2.3451884917386874	5.03678349245604	1.3027891094701978	0.044999155673810194	28.942445993632465	0.02834091655395143
6.178781941561105	0.01	0.007	0.007	0.007	0.01	0.01317254531073773	0.015800743975810938	0.014859581525254238	0.00847729806060328	0.0010717278991486288	1.2782250177073788	2.3441664142591003	5.044370024026794	1.3022983057167874	0.0451627032103801	28.420310055236996	0.028253230283811683
6.2681476815247725	0.01	0.007	0.007	0.007	0.01	0.012931281791799733	0.015511350238024083	0.014555116729016845	0.008303125574364249	0.0010467067383559167	1.2822161221677495	2.342807468230044	5.051367213718341	1.3016378602542664	0.045317907263874996	27.90785557304527	0.028165860299083183
6.357488431274818	0.01	0.007	0.007	0.007	0.01	0.012694512012471933	0.01522734656687489	0.014257713597606357	0.008133015794822654	0.0010221563043574153	1.2860550545935354	2.341125556188436	5.057800910912176	1.3008152575068732	0.04546513115642085	27.40478074226375	0.028078784815232658
6.44682345037606	0.01	0.007	0.007	0.007	0.01	0.012462101257940882	0.01494857137834489	0.013967108826674913	0.007966816458737867	0.0009980709283723356	1.2897481604112884	2.339133790877024	5.0636953037714685	1.2998375259447335	0.045604717157051756	26.91080587954675	0.027991984086950878
6.536170436457114	0.01	0.007	0.007	0.007	0.01	0.012233924043941979	0.014674874160134478	0.013683056982533054	0.007804385632488166	0.0009744450850256928	1.293301400472442	2.3368445682965993	5.069073085635872	1.298711280695119	0.045736988531022205	26.425670591234997	0.027905440114560184
6.625545653030304	0.01	0.007	0.007	0.007	0.01	0.012009863237626636	0.014406114417171179	0.013405328849133293	0.007645590757923941	0.0009512733680426555	1.2967203857425234	2.334269633196493	5.073955591869591	1.2974427616299749	0.045862251138352024	25.949131935760423	0.027819136495642542
6.7149641496050005	0.01	0.007	0.007	0.007	0.01	0.01178980901646444	0.014142160422841894	0.013133709639926865	0.007490307621931938	0.0009285504421097189	1.3000104118724405	2.3314201334297047	5.078362925983487	1.296037865298634	0.045980794988796744	25.480962237538314	0.027733058190561228
6.8044398319438	0.01	0.007	0.007	0.007	0.01	0.011573658269832475	0.013882888501219938	0.012867997816702786	0.0073384196739228495	0.0009062710343034802	1.3031764846807343	2.3283066708860103	5.082314063219384	1.2945021745988066	0.04609289542697095	25.020947838648514	0.027647191435769713
6.893985637519537	0.01	0.007	0.007	0.007	0.01	0.011361313792804788	0.013628182060038364	0.012608003700233718	0.007189817225024937	0.0008844298989436818	1.3062233468443778	2.3249393428973626	5.085826947804245	1.2928409832593424	0.04619881433150833	24.568887405438357	0.027561523558100036
6.983613579466934	0.01	0.007	0.007	0.007	0.01	0.011152683847566978	0.01337793106462248	0.012353548576414472	0.007044396931182891	0.0008630218157552267	1.3091554974602904	2.3213277825209304	5.0889185738042775	1.2910593193441164	0.0462988010322516	24.124591014693344	0.02747604291758386
7.073334884608989	0.01	0.007	0.007	0.007	0.01	0.010947681538911317	0.01313203128881429	0.012104463610986054	0.0069020611674117435	0.0008420415650958646	1.3119772128606715	2.3174811907647217	5.091605061211576	1.289161964412415	0.046393093247678735	23.68787884177832	0.027390738761902553
7.163160029906196	0.01	0.007	0.007	0.007	0.01	0.010746224464522914	0.012890383895503238	0.011860589132725214	0.0067627176131509524	0.0008214839279472347	1.31469256223229	2.3134083686079046	5.093901720516373	1.287153472255373	0.04648191782082947	23.25858043179125	0.02730560117954258
7.253098855729446	0.01	0.007	0.007	0.007	0.01	0.010548234218980719	0.0126528948416895	0.01162177376698839	0.006626278752551016	0.0008013436680530273	1.3173054241510704	2.3091177422561397	5.09582311307042	1.2850381840122929	0.046565491466110054	22.836533657334797	0.027220620981230983
7.343160547707588	0.01	0.007	0.007	0.007	0.01	0.010353636217790813	0.012419474667421137	0.011387873981475284	0.006492661610690035	0.0007816155439826261	1.3198194978373075	2.3046173913300736	5.097383102409913	1.2828202444827566	0.04664402132548199	22.42158435672384	0.027135789707066656
7.433353767306922	0.01	0.007	0.007	0.007	0.01	0.010162359214201762	0.012190037916226725	0.011158753282897225	0.006361787290695327	0.0007622942877418994	1.322238317643787	2.2999150674223174	5.098594903975316	1.280503613467839	0.046717705612741606	22.013585316019622	0.02705109949397364
7.52368663303142	0.01	0.007	0.007	0.007	0.01	0.009974335163882993	0.011964502972804105	0.010934281852584308	0.00623358076195459	0.0007433746165491706	1.3245652622091721	2.2950182174716716	5.099471127291255	1.2780920792884494	0.04678673407309201	21.61239599140372	0.026966543085133576
7.614166809010104	0.01	0.007	0.007	0.007	0.01	0.009789498875554074	0.011742791643960025	0.01071433594227288	0.006107970511617122	0.0007248512212095932	1.326803565700656	2.2899339996759873	5.100023816057737	1.2755892684502494	0.04685128849444884	21.217881774031643	0.02688211373909911
7.704801491684451	0.01	0.007	0.007	0.007	0.01	0.009607787891445662	0.0115248290152292	0.010498797560420032	0.00598488836230038	0.0007067187759281192	1.3289563255753956	2.2846693029689877	5.100264483565969	1.2729986569056395	0.04691154310123012	20.829913744219642	0.026797805235154827
7.795597480336963	0.01	0.007	0.007	0.007	0.01	0.009429142207658506	0.011310543115452916	0.010287553981489263	0.005864269188925664	0.0006889719306400916	1.3310265117785958	2.2792307602861266	5.100204145781834	1.2703235781150548	0.04696766497894377	20.448368083129832	0.026713611800868682
7.8865611755142595	0.01	0.007	0.007	0.007	0.01	0.009253504153962287	0.011099864772603078	0.010080497457552205	0.005746050751311521	0.0006716053179132469	1.3330169735302217	2.2736247644281367	5.099853351239639	1.2675672322587304	0.04701981441853748	20.073125823985897	0.0266295281074661
7.977698613436583	0.01	0.007	0.007	0.007	0.01	0.009080818210933308	0.010892727394445035	0.009877524866659085	0.005630173490851772	0.0006546135524030119	1.3349304464405072	2.2678574806013985	5.099222208693332	1.2647326936968872	0.04706814526068364	19.704072468849752	0.026545549232104376
8.069015494433689	0.01	0.007	0.007	0.007	0.01	0.008911030850377333	0.010689066777129797	0.00967853739938519	0.005516580349177473	0.0006379912315556189	1.336769558940556	2.261934858063795	5.098320412403684	1.2618229178855171	0.04711280521109648	19.34109765442947	0.026461670626258108
8.160517168947013	0.01	0.007	0.007	0.007	0.01	0.008744090462854653	0.010488821018264875	0.009483440356773157	0.005405216650575386	0.0006217329438052795	1.3385368374185083	2.2558626434966444	5.097157265898744	1.2588407490443105	0.047153936114976376	18.984095003526555	0.026377888123420724
8.252208696213623	0.01	0.007	0.007	0.007	0.01	0.008579947157559555	0.010291930276874757	0.009292142807162528	0.0052960299040032575	0.0006058332634181151	1.340234712419587	2.2496463887298246	5.095741703247976	1.2557889249633183	0.047191674248670275	18.632961703081847	0.02629419788035302
8.344094842420342	0.01	0.007	0.007	0.007	0.01	0.008418552683330095	0.010098336678655506	0.00910455739300511	0.005188969690869194	0.000590286756332762	1.3418655232230003	2.243291461472097	5.0940823091879635	1.2526700832076136	0.04722615056311648	18.287598340644774	0.02621059637436004
8.436180084807198	0.01	0.007	0.007	0.007	0.01	0.008259860342542778	0.00990798421269522	0.008920600136001544	0.005083987551974606	0.0005750879844836078	1.3434315222624895	2.2368030549839233	5.092187337914277	1.249486766729606	0.047257490917605234	17.947908725285703	0.026127080395167836
8.528468621811967	0.01	0.007	0.007	0.007	0.01	0.008103824898977931	0.009720818620962208	0.008740190241571931	0.004981036874194092	0.0005602315088061881	1.34493487937752	2.2301861966726144	5.090064730515147	1.2462414288860413	0.04728581630307299	17.61379969524424	0.02604364703143651
8.620964407771304	0.01	0.007	0.007	0.007	0.01	0.007950402450412584	0.009536787245483343	0.008563249868722774	0.004880072757522721	0.000545711888274794	1.3463776861660093	2.2234457542435995	5.08772213054369	1.2429364371961777	0.047311243059110664	17.285180849638447	0.025960293635371428
8.713671126382835	0.01	0.007	0.007	0.007	0.01	0.00779955040935267	0.009355839005234916	0.008389704030428732	0.004781051956703806	0.0005315236885731666	1.347761959091788	2.216586445661737	5.085166899898507	1.2395740789132308	0.04733388306068696	16.96196451139096	0.025877017842871143
8.80659223779203	0.01	0.007	0.007	0.007	0.01	0.0076512273650430705	0.009177924230626888	0.008219480362012761	0.004683932747628085	0.0005176614790028033	1.3490896435318696	2.2096128432469513	5.082406131893604	1.2361565636686356	0.04735384391539415	16.644065435582462	0.025793817527412072
8.899730933414167	0.01	0.007	0.007	0.007	0.01	0.007505393099762884	0.009002994683051066	0.008052509071751132	0.00458867489779506	0.0005041198433008164	1.350362616230876	2.2025293840943427	5.079446665922158	1.2326860291698993	0.047371229128079576	16.331400848078534	0.025710690836973818
8.993090195514386	0.01	0.007	0.007	0.007	0.01	0.007362008439956642	0.008831003376316059	0.007888722706027983	0.004495239531046742	0.0004908933745757172	1.3515826890921112	2.195340372233555	5.076295098261505	1.229164542806778	0.047386138280393855	16.023890129950427	0.02562763613714972
9.08667277046879	0.01	0.007	0.007	0.007	0.01	0.007221035249060197	0.008661904568043452	0.007728056081193284	0.004403589087490019	0.0004779766829568175	1.3527516115458451	2.1880499868293626	5.072957794615348	1.2255941061787672	0.047398667182849304	15.721454805320471	0.025544652031715874
9.18048118525059	0.01	0.007	0.007	0.007	0.01	0.007082436354437787	0.0084956536720312	0.00757044614350871	0.004313687242461624	0.00046536439670194735	1.3538710733711554	2.180662286752746	5.069440900644405	1.2219766578076046	0.04740890802834828	15.424018387760693	0.025461737344604312
9.274517757834234	0.01	0.007	0.007	0.007	0.01	0.006946175487924446	0.008332207186935966	0.007415831848268044	0.004225498836500958	0.0004530511641872599	1.3549427072595397	2.1731812152214465	5.065750351940955	1.2183140758506463	0.047416949536257726	15.131506255606892	0.02537889110751888
9.368784588920496	0.01	0.007	0.007	0.007	0.01	0.006812217256283684	0.008171522660838947	0.0072641540760983	0.004138989826592966	0.0004410316582161933	1.3559680910226182	2.1656106055930033	5.061891884106272	1.2146081813475038	0.047422877087997695	14.843845591282962	0.025296112564114195
9.463283578629424	0.01	0.007	0.007	0.007	0.01	0.006680527077618073	0.008013558614971909	0.007115355513569388	0.004054127217111215	0.00042930057690589727	1.3569487499615487	2.157954184876525	5.057871041296115	1.210860740321121	0.04742677285875775	14.560965247360613	0.025213401152222203
9.55801640564411	0.01	0.007	0.007	0.007	0.01	0.006551071173034043	0.007858274533720785	0.006969380599108966	0.003970879028061896	0.00041785264915149067	1.3578861587149653	2.1502155799859666	5.053693185793535	1.2070734671943404	0.0474287159412564	14.282795731109216	0.025130756519077233
9.652984569132082	0.01	0.007	0.007	0.007	0.01	0.006423816473301267	0.0077056307526649805	0.0068261753755044525	0.0038892142101044874	0.00040668263226150753	1.358781743641074	2.1423983186357742	5.049363504397958	1.2032480255597418	0.0474287824663156	14.00926900627191	0.02504817848169234
9.74818935533097	0.01	0.007	0.007	0.007	0.01	0.006298730631706625	0.007555588473996824	0.006685687464723325	0.0038091026293796534	0.0003957853186588609	1.3596368843286055	2.1345058361151286	5.0448870176068885	1.199386031803982	0.047427045715764525	13.740318522830902	0.024965667053146196
9.84363185440584	0.01	0.007	0.007	0.007	0.01	0.006175781969024686	0.0074081097005151905	0.0065478659683288355	0.0037305150099482096	0.0003851555363083939	1.360452915527502	2.1265414777526725	5.040268586213762	1.1954890566019187	0.04742357623230211	13.475879100801558	0.024883222424949523
9.939312958461056	0.01	0.007	0.007	0.007	0.01	0.006054939446098507	0.007263157202737281	0.006412661401160169	0.003653422895243029	0.00037478815129499913	1.361231128801185	2.118508502704161	5.035512918332394	1.191558627038749	0.04741844192429246	13.215886873217285	0.024800844965905736
10.0	0.01	0.007	0.007	0.007	0.01	0.005979524230574382	0.0071726952967028825	0.006328411338356099	0.0036053860996670224	0.0003683513844808515	1.3617047394534922	2.1133898412637584	5.032433866139022	1.1890541632709775	0.047414361633032046	13.053589135968908	0.02474873734152915
