0.0	0.01	0.007	0.007	0.007	0.01	0.0	0.0	0.0	0.0	0.0	0.0	0.0	0.0	0.0	0.0	100.0	0.035
0.006920597420489622	0.01	0.007	0.007	0.007	0.01	0.0027337346567963172	0.005496203304216814	0.0030841947393162416	0.0010202153471466195	8.746269495548793e-5	0.00012765720652306245	0.00034784954299383594	0.00026102214039676173	6.629733843819521e-5	3.200797445764833e-6	99.85889070786673	0.03499160626962465
0.011899491269639259	0.01	0.007	0.007	0.007	0.01	0.004603270950157262	0.009024555531923507	0.005208998825415376	0.001733902717084621	0.00013850699742291712	0.0003719203421847891	0.0009964308506993386	0.000761988337916514	0.00019434037462771477	8.951354748296424e-6	99.7574954497843	0.03498556880301163
0.019077090056877417	0.01	0.007	0.007	0.007	0.01	0.007162612043695261	0.013554825711469464	0.008139668495272798	0.002733720935634998	0.00019806159630111122	0.0009360830369238134	0.002449128500486148	0.0019232739750767087	0.0004934166277383619	2.129355121015428e-5	99.6115046936153	0.03497686699359411
0.02609708214116733	0.01	0.007	0.007	0.007	0.01	0.009518646171265625	0.0174222201929631	0.010861340648799024	0.003679354766705225	0.0002434538548916229	0.001716537837892656	0.0043914243272901885	0.0035363750905283574	0.0009124254865654372	3.705529915326809e-5	99.46892629035472	0.03496835835330752
0.034275737271693765	0.01	0.007	0.007	0.007	0.01	0.012091077458781433	0.021317352806200958	0.013861060110404153	0.004742192897528136	0.00028395431639279575	0.0028924675557452178	0.007215495574053741	0.005977470601907124	0.001552338801289952	5.894421436065895e-5	99.30307241418464	0.034958447956218275
0.042820209580998705	0.01	0.007	0.007	0.007	0.01	0.014592899173898156	0.024781952658443834	0.01680885211243358	0.005809441729185265	0.00031543767204165947	0.0044063472994300005	0.010717116277705737	0.009134807362253696	0.0023882262381603485	8.48607727525762e-5	99.13009554636535	0.034948097284060425
0.05213044840838443	0.01	0.007	0.007	0.007	0.01	0.017117933366677718	0.02795957453702819	0.019817161562551866	0.006924080757436811	0.000340412969035763	0.006362699493970561	0.015071566644419096	0.013234868659864316	0.0034850281508041307	0.00011568507330411416	98.94195927853553	0.03493682246039417
0.061949779641233396	0.01	0.007	0.007	0.007	0.01	0.01957063079317669	0.03074344448370489	0.02277429619949013	0.008047347670389962	0.00035909171000120195	0.008744702472571962	0.0201696742228496	0.01825237265249464	0.004841981539041485	0.00015027023136341636	98.74392241235552	0.03492493506022398
0.07239957093796025	0.01	0.007	0.007	0.007	0.01	0.021962176567074682	0.03317457626089644	0.025694410358010032	0.009186287680432425	0.0003728277032006309	0.011607878681017769	0.026061151306169088	0.024314968156391066	0.006500258022892416	0.00018868427029970812	98.53360574265584	0.03491228886012538
0.08340498700992086	0.01	0.007	0.007	0.007	0.01	0.024257340523538805	0.035248093826716946	0.028534748719608996	0.01032573015307787	0.000382520793183401	0.014955593474891594	0.03268440073262533	0.03144151903982858	0.008472552299189735	0.00023032765627837665	98.31259064711412	0.03489897520102881
0.0950129839232494	0.01	0.007	0.007	0.007	0.01	0.026451369837289598	0.036995342345377935	0.03128880770080633	0.011464012117309234	0.00038912161617205005	0.01881997800238573	0.0400387895048091	0.0397127857499435	0.010789449219875685	0.00027508003854636166	98.08001146893719	0.03488493807925197
0.10721622678796083	0.01	0.007	0.007	0.007	0.01	0.028529885663932674	0.03844093868111786	0.03393741393455325	0.0125938790748735	0.00039337842835158283	0.023213416303723724	0.04808732726207127	0.049168371165858774	0.013471104478093939	0.0003226593819953867	97.83609910975628	0.03487018723623822
0.12005005356287249	0.01	0.007	0.007	0.007	0.01	0.03048795442996933	0.03961751534757616	0.03647255595151519	0.01371220610774664	0.0003959145468959312	0.028159695794557946	0.05681806106188789	0.059873096862478256	0.01654573594278033	0.0003729897895073214	97.58023732892146	0.034854680894991705
0.13353884039724723	0.01	0.007	0.007	0.007	0.01	0.03231961998189565	0.04055594803372087	0.03888434287393546	0.014814651620415927	0.0003972112503998256	0.033676595095388534	0.0662115600991649	0.07187961643916366	0.02003916212299392	0.0004259905265898428	97.31203912070956	0.034838390637141545
0.1477257888379931	0.01	0.007	0.007	0.007	0.01	0.03402233509477443	0.04128728477051404	0.0411667832969585	0.01589820848970924	0.0003976384149103236	0.03978744881331079	0.0762617852463197	0.08525333682220715	0.02398199068838716	0.0004816859036556023	97.0307546506664	0.034821265432210195
0.1626568099802236	0.01	0.007	0.007	0.007	0.01	0.03559413633754872	0.04184036288030082	0.04331420800010958	0.0169596663430971	0.00039747581631725495	0.04651535037754121	0.08696571835725002	0.10005984553176207	0.028406102109795626	0.000540135629195577	96.73559556266376	0.034803251141658116
0.17839008562324532	0.01	0.007	0.007	0.007	0.01	0.03703453544663472	0.04224182547869073	0.045322520116848015	0.017996225649512854	0.00039693929286909574	0.05388748051025185	0.09833028967292112	0.11637435265795829	0.03334754404897445	0.0006014667578957716	96.425548818958	0.03478427901423162
0.1949915286037909	0.01	0.007	0.007	0.007	0.01	0.0383436861335149	0.04251555228370986	0.04718812902112789	0.019005009728300198	0.00039620576167830306	0.06193335678133796	0.11036910738829718	0.13427784995521547	0.03884554542285284	0.0006658522589789875	96.09947102365182	0.03476427121240255
0.21253816917963012	0.01	0.007	0.007	0.007	0.01	0.039522485983569784	0.04268262852193007	0.04890812907903463	0.01998316038422689	0.00039543813887099567	0.07068645744454247	0.12310459403898386	0.15386066527565814	0.044943745450839546	0.0007335235422901207	95.75602666188375	0.03474313678285752
0.23111690333080404	0.01	0.007	0.007	0.007	0.01	0.04057229397103074	0.042761312202315827	0.050479928869088926	0.020927632416594958	0.0003948107298685251	0.08018355539389918	0.13656659405023922	0.17522091334226667	0.05168987945487146	0.0008047690540478804	95.3937186397261	0.03472077322999179
0.25082519869363384	0.01	0.007	0.007	0.007	0.01	0.0414948986651482	0.04276714995152005	0.051901217078088493	0.02183513995610973	0.00039453577348873455	0.09046481028365365	0.15079224239658268	0.19846454738563374	0.059135921200661995	0.0008799463678766788	95.01088108022259	0.034697065738424376
0.27176921049102953	0.01	0.007	0.007	0.007	0.01	0.042292426994077606	0.042713146064530534	0.05316982757275891	0.022702013575736556	0.0003948919657607267	0.10157236848383142	0.1658238538591149	0.22370193616957104	0.06733706027125898	0.0009594925672493173	94.60572328028145	0.034671889521130324
0.2940605679726278	0.01	0.007	0.007	0.007	0.01	0.04296735587236081	0.0426099944499	0.05428374443279957	0.023524097123016244	0.0003962547719138675	0.11354804247119782	0.18170583383693809	0.2510421494364737	0.07634978081474597	0.0010439409438800843	94.17639918961578	0.03464511376500796
0.31780852011366534	0.01	0.007	0.007	0.007	0.01	0.04352256415296671	0.0424663663662701	0.055241159263704924	0.024296618829139843	0.00039912651830666617	0.12642832479553273	0.19847839170468945	0.2805808819451278	0.08622757691450834	0.0011339348404807328	93.72116476980005	0.03461661113644306
0.3431059398287951	0.01	0.007	0.007	0.007	0.01	0.04396150894189121	0.04228926307455324	0.05604072374639759	0.02501411713423739	0.0004041603941744961	0.14023597128193763	0.21616730379626822	0.31238010697769725	0.09701342268440095	0.0012302351961086793	93.23864828701055	0.03458627460854853
0.37000380853176884	0.01	0.007	0.007	0.007	0.01	0.04428853358514189	0.04208446287879392	0.05668202839099409	0.025670428353690693	0.0004121653611649664	0.15496544772393006	0.234766480524342	0.3464330916792376	0.10872651067265224	0.0013336983281408829	92.72832987276198	0.03455404799218108
0.3984715232971511	0.01	0.007	0.007	0.007	0.01	0.04450939916507794	0.04185707907874602	0.05716650231124441	0.026258898040880642	0.00042406896267310003	0.17056126437122535	0.25421239237724724	0.3826124107031018	0.12134198526409902	0.0014451970628698335	92.19126969005686	0.03451997323419808
0.42835731365035534	0.01	0.007	0.007	0.007	0.01	0.044632071045255954	0.04161209758254461	0.057498930593020976	0.026773206961039363	0.0004408154816504999	0.18689785311226179	0.27436106822621714	0.4206212532010499	0.13477049274443548	0.0015655011879257086	91.6308031565568	0.03448423724833212
0.4594016077074117	0.01	0.007	0.007	0.007	0.01	0.044667339250834645	0.04135443639973294	0.05768915533563895	0.027209193874554675	0.0004632258933817761	0.20379043873321	0.29500277505482775	0.4600175476761137	0.14886302533679086	0.0016952824253371173	91.05221818573008	0.03444715515287213
0.4913261987717378	0.01	0.007	0.007	0.007	0.01	0.04462823268710902	0.04108834256875648	0.05775212121037821	0.02756660479220186	0.000491910764357038	0.22104800080757053	0.31592564546594404	0.5003383118567892	0.16345361354245694	0.001835358887685578	90.4610367630447	0.03440906313888701
0.5239133506862416	0.01	0.007	0.007	0.007	0.01	0.04452822343722686	0.04081689069000844	0.0577055072838658	0.02784896889381204	0.0005272671381222033	0.23851885430058678	0.33696767806837596	0.5412087645220317	0.178400119203868	0.001986915133613643	89.86154454889068	0.03437022400835216
0.5570164400740217	0.01	0.007	0.007	0.007	0.01	0.044379637082248465	0.04054208036117196	0.05756698158948249	0.028062087441661675	0.0005694999569413027	0.2560965974467935	0.3580206493294948	0.5823589889571922	0.1935932985563621	0.002151482816596881	89.25662843610722	0.03433081484154666
0.5905482230116038	0.01	0.007	0.007	0.007	0.01	0.044192907940071656	0.04026510399995235	0.05735255589615179	0.028212691121576775	0.0006186525857713096	0.27371265679077517	0.37901931501117103	0.6236083008621579	0.2089537636881238	0.0023308559531934874	88.64802990711163	0.03429094138405266
0.6244648112876996	0.01	0.007	0.007	0.007	0.01	0.043976455058497024	0.039986606118054734	0.057075933319511704	0.028307573868639968	0.000674636828663593	0.29132617142634093	0.39992862926340783	0.6648424736025045	0.22442548850439775	0.0025270034864931508	88.03666853922641	0.03425065745615918
0.6587544478757607	0.01	0.007	0.007	0.007	0.01	0.04373685324246161	0.03970685939136602	0.05674842534538029	0.028353131907422568	0.0007372637838037169	0.30891651951867094	0.4207348076546655	0.7059965381135116	0.2399706413014234	0.002742015264928936	87.4228687756048	0.03420997855336704
0.6934294013147325	0.01	0.007	0.007	0.007	0.01	0.043479111234509496	0.03942588308304152	0.05637913921302265	0.028355146444725823	0.0008062714958301652	0.3264777198548415	0.4414389242222662	0.7470416218146458	0.2555654017291725	0.002978071460422193	86.80652342698681	0.034168891667563574
0.728520736450306	0.01	0.007	0.007	0.007	0.01	0.04320695839981435	0.039143517195538616	0.05597526279506198	0.02831870815555354	0.0008813490716892273	0.34401458301707216	0.46205268303374836	0.7879757005070037	0.27119689464029406	0.0032374334089155725	86.18720070869776	0.03412736164302436
0.7640749210992757	0.01	0.007	0.007	0.007	0.01	0.04292310125130368	0.038859469180591605	0.0555423636999418	0.028248217415384073	0.0009621564239589485	0.3615400239490077	0.48259556311052515	0.8288169846769226	0.28686089057949155	0.003522449696192497	85.56421544781999	0.03408533532339777
0.8001520829848786	0.01	0.007	0.007	0.007	0.01	0.042629434388938306	0.03857334013794651	0.055084659892382606	0.028147421514157004	0.0010483405528516957	0.37907337353005527	0.5030930987646952	0.8695996114455297	0.3025602382327834	0.003835577044003093	84.93666930103508	0.034042743726647
0.8368256459492877	0.01	0.007	0.007	0.007	0.01	0.04232720483447995	0.03828463612257717	0.05460524558388714	0.0280194653690836	0.001139549167199476	0.3966394767632275	0.5235760263248378	0.9103711654187717	0.31830390841754624	0.004179416088631558	84.30346614726001	0.03399950258424216
0.874183384120958	0.01	0.007	0.007	0.007	0.01	0.04201713250144219	0.03799276646141092	0.05410626613105297	0.02786694155251247	0.0012354429209358254	0.4142685167135099	0.5440802186559865	0.9511918844210263	0.33410663437917654	0.004556765746316964	83.66330329829509	0.03395551121416126
0.9123302259911173	0.01	0.007	0.007	0.007	0.01	0.04169948933164689	0.03769702805188966	0.05358903835070739	0.027691929813514107	0.0013357079975314836	0.4319966325938776	0.5646474820972712	0.9921356888576266	0.34998922750826683	0.00497070474053855	83.014634302153	0.033910649354151425
0.9513933391227676	0.01	0.007	0.007	0.007	0.01	0.0413741384785187	0.037396572893102074	0.05305411301364821	0.02749601829992273	0.0014400708870255371	0.4498674686206142	0.5853273660209877	1.0332933126579738	0.3659796908200635	0.005424714278125644	82.35559622072229	0.03386477135417109
0.9915310529847627	0.01	0.007	0.007	0.007	0.01	0.0410405263185098	0.037090348413132995	0.05250126376584207	0.027280294941056483	0.0015483193090294093	0.46793521284720374	0.606180615086937	1.0747787614309763	0.38211561185907333	0.005922873039495046	81.68387789039342	0.033817695932990915
1.0329485454844183	0.01	0.007	0.007	0.007	0.01	0.0406976088840869	0.03677699065567581	0.05192936896121463	0.027045289138815706	0.0016603359312419486	0.4862701827913692	0.6272854461033117	1.1167414107827565	0.39844873191107794	0.006470184668612506	80.99648509390137	0.033769188128089433
1.0759274613379473	0.01	0.007	0.007	0.007	0.01	0.04034366058895589	0.036454620458121895	0.05133609697504242	0.02679081729378777	0.0017761608093499416	0.5049696424543639	0.6487496589164913	1.1593896681215368	0.41505398061256066	0.007073178557347282	80.28929303864717	0.03371892515976263
1.1208886028290403	0.01	0.007	0.007	0.007	0.01	0.03997581946505391	0.03612040866970022	0.05071714800261258	0.02651560760738423	0.001896125154511051	0.5241810974782856	0.670736708838671	1.2030422266956622	0.43204916989814907	0.007741155309394086	79.5560921012701	0.033666424084987406
1.1685552029924646	0.01	0.007	0.007	0.007	0.01	0.039588844605900585	0.0357694346413402	0.05006416627992389	0.026216263956996777	0.0020212100248331436	0.5441639882697623	0.6935348707249025	1.2482644299493824	0.4496475970259221	0.008489358477466614	78.78608277477105	0.03361085311793786
1.220520369369923	0.01	0.007	0.007	0.007	0.01	0.03917071962864691	0.035390697555333	0.04935732315051361	0.025883579018032656	0.0021543233988512733	0.5655064168056788	0.7178005752060961	1.2963485954734766	0.4683437119290621	0.009349844697504625	77.95512288177012	0.03355037527325803
1.2843251158510565	0.01	0.007	0.007	0.007	0.01	0.0386628942076226	0.03493115525598156	0.04849810621822571	0.0254693149304532	0.0023120956606830696	0.5910936229041652	0.7467742065603666	1.3536916928461489	0.49060818961117697	0.010466492661806586	76.94681691756847	0.03347626716197705
1.338853045156194	0.01	0.007	0.007	0.007	0.01	0.03823386834462612	0.0345431633842927	0.04777239339606857	0.0251125933974669	0.002441267231002664	0.6124330962150308	0.7708350658182294	1.401251348664189	0.5090399782595948	0.011469559559714992	76.09545434412848	0.03341306365200031
1.3937949570726456	0.01	0.007	0.007	0.007	0.01	0.03780625436225815	0.034156588197334595	0.04704986395112131	0.02475241672242058	0.002565630529236413	0.6334542242442064	0.794441427190065	1.447858189659317	0.5270659419501769	0.012522010137725767	75.24715513087325	0.033349500983984974
1.4462838568199468	0.01	0.007	0.007	0.007	0.01	0.0374021139318364	0.03379131747731992	0.04636818993037373	0.024408830107444046	0.0026787129627017063	0.6530962107885877	0.8164097057025124	1.4911820745320528	0.543784610834683	0.01356332613105606	74.44556451695308	0.033288889165198746
1.4983789438531367	0.01	0.007	0.007	0.007	0.01	0.037005225292581476	0.03343265305432731	0.045700251607145505	0.024069227170013165	0.0027852200728255357	0.6721742279380821	0.837661134749468	1.5330475779145087	0.5599017296887921	0.014628320370187513	73.65843158669671	0.033228841027787136
1.54927839444368	0.01	0.007	0.007	0.007	0.01	0.036621482181060545	0.03308590062265535	0.04505615773955693	0.023739453381891533	0.002883675651623892	0.6904219072784578	0.8579049964948596	1.572887816891205	0.5752000350017841	0.01569624537706585	72.89740307029459	0.0331702756763488
1.5996879161813582	0.01	0.007	0.007	0.007	0.01	0.036245336092871984	0.03274603359929657	0.04442671279065531	0.02341535956406701	0.0029756869723728805	0.7081194965607754	0.8774582735955515	1.6113324100797624	0.5899228826825512	0.016777799007226955	72.15144971317928	0.033112375776946854
1.6494392433821545	0.01	0.007	0.007	0.007	0.01	0.035877878529219843	0.03241403037763274	0.043813837183400386	0.0230983438140372	0.00306114976290809	0.725228068696632	0.8962825717245544	1.6483108284729031	0.60404457280843	0.017865979016296094	71.42272099624546	0.03305533096983933
1.6988259127175718	0.01	0.007	0.007	0.007	0.01	0.03551679265234244	0.03208779267926103	0.043213729078676974	0.022786759494000157	0.003140784493651371	0.7418666373179942	0.9145130620728892	1.6840932641836481	0.6176697125739262	0.018964141049224493	70.7066131851191	0.032998801476278955
1.7478578465393428	0.01	0.007	0.007	0.007	0.01	0.03516189244956485	0.03176714929848409	0.04262613037674089	0.022480717539176534	0.0032148006349408255	0.7580528287101835	0.9321724850940195	1.7187285617797454	0.6308181482101892	0.020069832622541892	70.0027519784324	0.0329427736589224
1.79668412881495	0.01	0.007	0.007	0.007	0.01	0.03481200384206119	0.03145103745537842	0.04204913478994607	0.02217941807646435	0.003283610577678004	0.7738480900910119	0.9493308879510227	1.7523580451944158	0.6435447307383413	0.021183999856310295	69.30880571756221	0.032887075366272694
1.8453562583936305	0.01	0.007	0.007	0.007	0.01	0.03446668538613905	0.03113905700844044	0.04148204639052569	0.02188264954373114	0.003347458057360747	0.7892789830885668	0.9660196305474251	1.7850468477667158	0.655875175804693	0.022305642089950416	68.62389706663086	0.03283164664945165
1.893965491313394	0.01	0.007	0.007	0.007	0.01	0.03412523304582629	0.030830571032083677	0.040923735234548404	0.021589941906687473	0.0034066237209180936	0.8043827141054815	0.9822811079782459	1.8168814867577934	0.6678430991574041	0.023434868192572293	67.94662866306906	0.032776382800538836
1.9425655684445104	0.01	0.007	0.007	0.007	0.01	0.0337872283998073	0.03052520093772591	0.04037354058006763	0.021301046072878502	0.003461321643862466	0.8191827012064188	0.9981423442149576	1.8479181755812677	0.6794705070322283	0.02457108862512743	67.27617009313384	0.032721222357413406
1.9912190192316492	0.01	0.007	0.007	0.007	0.01	0.03345220794936339	0.030222527604008505	0.039830728568044566	0.021015655572340513	0.0035117614187128764	0.8337035023409909	1.0136311990928244	1.8782146130442827	0.690779804422939	0.025714052524062073	66.6116017920388	0.03266609432012677
2.039972587370314	0.01	0.007	0.007	0.007	0.01	0.03311983252298829	0.02992224435915421	0.03929476857667235	0.02073355570715448	0.0035581214228219845	0.8479635064083156	1.0287685807014506	1.9078147780009118	0.7017881115897802	0.026863250786341837	65.95225094487411	0.032610946007660346
2.08887288528011	0.01	0.007	0.007	0.007	0.01	0.032789776496552195	0.029624056853920496	0.038765152791199554	0.020454531982473025	0.003600568144851255	0.861979902594575	1.043573822965074	1.936759482272575	0.7125112372628714	0.02801826239708927	65.29747167321233	0.03255572524400359
2.1379587482685256	0.01	0.007	0.007	0.007	0.01	0.03246177837753428	0.029327728733646165	0.038241477592392686	0.02017841536293499	0.0036392503515469588	0.8757666064241497	1.058062527439665	1.9650821742575808	0.7229621355510425	0.029178558852591498	64.64674533780405	0.03250038896973541
2.1872668230874535	0.01	0.007	0.007	0.007	0.01	0.03213560123790847	0.029033045873020063	0.037723379395871524	0.019905050392143367	0.0036743058607735714	0.8893360450187416	1.0722484984826637	1.9928127427432403	0.7331523379406245	0.03034362330055273	63.99960202299645	0.0324448968847144
2.236829376990397	0.01	0.007	0.007	0.007	0.01	0.03181104612167472	0.028739828476827455	0.0372105556836264	0.01963430775477457	0.0037058610679949846	0.9026986674239221	1.0861432633982437	2.0199765944574084	0.7430916287406885	0.031512888758262796	63.35564712349235	0.03238921388815637
2.286676436404078	0.01	0.007	0.007	0.007	0.01	0.03148793668373847	0.02844791719391334	0.03670274009900812	0.01936607230516909	0.0037340337396974867	0.9158636535686985	1.0997568474155677	2.046596181441055	0.7527886226427981	0.03268578059721378	62.71453086311721	0.0323333076418208
2.3368353231303716	0.01	0.007	0.007	0.007	0.01	0.03116612131607772	0.028157175032643453	0.0361997054363763	0.01910024556431863	0.0037589336742550935	0.9288388809881117	1.1130977654676733	2.072690994690026	0.7622507752036308	0.03386169912802848	62.07595251188806	0.03227714906929625
2.3873315910667934	0.01	0.007	0.007	0.007	0.01	0.030845466260242545	0.027867481134813937	0.03570125243885499	0.018836740536575962	0.0037806640981278643	0.9416312535824813	1.1261733859918346	2.0982782830476507	0.7714846566524393	0.03504003642665807	61.439646721140505	0.03222071128594175
2.4381890615263324	0.01	0.007	0.007	0.007	0.01	0.030525854739098864	0.027578729988804854	0.0352072081417261	0.01857548142011073	0.0037993223747900067	0.9542467757009072	1.138990026587598	2.1233732462008055	0.7804960317424492	0.036220172870174	60.80538180286912	0.032163969544567926
2.4894303057847607	0.01	0.007	0.007	0.007	0.01	0.03020718334608945	0.027290828165852408	0.034717419987348466	0.018316400967786	0.003815000811798258	0.9666907299234739	1.151553152768184	2.1479894281262095	0.7892900105345604	0.03740148486672021	60.17295256757118	0.032106900683838445
2.541076805305799	0.01	0.007	0.007	0.007	0.01	0.02988936060483141	0.02700369301763271	0.0342317533800122	0.018059439575224816	0.0038277872111135165	0.9789677618556534	1.1638674782810616	2.1721389170625494	0.7978711276192575	0.038583345586727706	59.54217746879503	0.032049482940352175
2.593149245440452	0.01	0.007	0.007	0.007	0.01	0.029572304788948678	0.02671725070586852	0.03375008815037252	0.01780454372008921	0.0038377653776647167	0.9910819890424238	1.1759370871999726	2.195832587493932	0.8062434350071046	0.03976512918715636	58.91289427940986	0.031991695614603334
2.645667698340917	0.01	0.007	0.007	0.007	0.01	0.029255942524702264	0.026431434939390853	0.03327231627720849	0.017551665008709007	0.003845015511792993	1.0030370747001374	1.1877655179431295	2.219080267164906	0.8144105668840369	0.040946212753412335	58.28495732099419	0.03193351886304327
2.6986518285644245	0.01	0.007	0.007	0.007	0.01	0.028940207333525772	0.026146185657070744	0.03279833956323046	0.01730075915222082	0.0038496145417255376	1.0148362999594907	1.199355843639131	2.2418908967323077	0.8223758005978834	0.042125978951645965	57.65823457353155	0.03187493346727689
2.75212106994317	0.01	0.007	0.007	0.007	0.01	0.028625038425107475	0.02586144793721476	0.03232806773653766	0.0170517851307405	0.003851636392166396	1.0264826230819621	1.2107107374961805	2.2642726599666467	0.8301421061471801	0.043303818135213924	57.03260528190173	0.03181592063745687
2.8060947764828357	0.01	0.007	0.007	0.007	0.01	0.028310379711077124	0.025577171106337736	0.03186141692215532	0.016804704523409077	0.0038511522039046202	1.037978727511333	1.2218325254277018	2.286233088993265	0.8377121859812092	0.044479129929809645	56.40795799980707	0.031756461846471094
2.8605924046714635	0.01	0.007	0.007	0.007	0.01	0.027996178697867087	0.02529330773882551	0.031398307971492366	0.01655948073886478	0.0038482305127278725	1.0493270716955532	1.232723238706874	2.307779169871056	0.8450885139810957	0.04565132550424085	55.784188393376326	0.03169653863155919
2.9156336670015164	0.01	0.007	0.007	0.007	0.01	0.027682385613570747	0.025009812868033617	0.030938665178377612	0.01631607843059801	0.0038429373893230276	1.060529927755379	1.2433846541276536	2.3289174239671744	0.8522733651524842	0.046819829140971186	55.16119750878304	0.03163613242986566
2.971238651656136	0.01	0.007	0.007	0.007	0.01	0.02736895278362017	0.024726643422202585	0.03048241539045899	0.016074463105602253	0.0038353365540355747	1.071589409179726	1.2538183222875903	2.349653966291784	0.8592688366895059	0.04798407900664438	54.538890533432976	0.03157522445309191
3.027428030629222	0.01	0.007	0.007	0.007	0.01	0.027055833562246608	0.02444375725906162	0.030029486502418903	0.015834600392558976	0.003825489455492523	1.0825075123056829	1.2640256075226788	2.36999458760467	0.866076876308484	0.049143529659289656	53.91717467477022	0.03151379546725991
3.0842231798662127	0.01	0.007	0.007	0.007	0.01	0.026742981825242772	0.024161112707547203	0.029579806801439894	0.015596455750647062	0.003813455334145398	1.0932861358636037	1.2740077055823842	2.389944793153365	0.8726992950848874	0.050297652510928985	53.29595815303231	0.0314518256712641
3.1416463904490075	0.01	0.007	0.007	0.007	0.01	0.026430351015306462	0.023878667705309293	0.029133303693896547	0.015359993841960662	0.003799291250153962	1.1039271143509148	1.2837656728585414	2.4095098653501092	0.8791377875525304	0.051445937957554706	52.675148305203344	0.03138929447821364
3.1997210334224255	0.01	0.007	0.007	0.007	0.01	0.02611789351548389	0.02359637923264152	0.02868990293956019	0.01512517816559982	0.00378305209825624	1.1144322380211535	1.2933004415538385	2.428694899582669	0.8853939419709641	0.05258789626568115	52.05465033993974	0.03132618035019632
3.2584717895068107	0.01	0.007	0.007	0.007	0.01	0.02580555974191734	0.02331420249282038	0.02824952751716803	0.014891970490773482	0.0037647905886990956	1.124803280530778	1.3026128402717925	2.4475048522487213	0.8914692537477332	0.05372305942851895	51.43436553460556	0.0312624605653241
3.317924888965708	0.01	0.007	0.007	0.007	0.01	0.025493297270612357	0.023032090123180245	0.027812096578926065	0.014660330332341194	0.003744557204336047	1.1350420231681542	1.3117036095354107	2.4659445803545865	0.8973651350374575	0.05485098278699896	50.81418949925667	0.031198110977346233
3.378108366885811	0.01	0.007	0.007	0.007	0.01	0.02518104997566409	0.022749991416541444	0.027377524460465798	0.014430214451972956	0.003722400135630511	1.1451502764810442	1.3205734129492044	2.4840188743021354	0.9030829210515889	0.05597124646612667	50.194010462764815	0.031133105762452443
3.4390524050504485	0.01	0.007	0.007	0.007	0.01	0.02486875682348402	0.022467851231853284	0.02694571925546848	0.01420157612580931	0.0036983651674889328	1.1551299106082258	1.3292228536813488	2.501732503946081	0.9086238793114416	0.05708345785689094	49.57370687500333	0.03106741707702219
3.500789685068043	0.01	0.007	0.007	0.007	0.01	0.024556350740913415	0.022185608971588798	0.026516581548528862	0.013974364493611169	0.0036724955418046155	1.1649828802005129	1.3376524833029257	2.5190902521704026	0.9139892133874402	0.05818725357213576	48.953145154914836	0.031001014708834627
3.563355867973915	0.01	0.007	0.007	0.007	0.01	0.024243756990775807	0.021903197114136113	0.026090002530537844	0.013748523579236144	0.0036448317498146057	1.1747112616305369	1.3458628178676033	2.5360969670870364	0.9191800706210551	0.05928230282476276	48.332176459197456	0.03093386559863769
3.626790084354904	0.01	0.007	0.007	0.007	0.01	0.02393089168054279	0.021620539866449105	0.025665862372225935	0.013523991446600799	0.003615411298831838	1.184317281934368	1.3538543427959377	2.552757595905032	0.9241975419503362	0.06036830991492797	47.710633714194415	0.030865933358467497
3.6911356753281264	0.01	0.007	0.007	0.007	0.01	0.02361765924784124	0.021337550892326893	0.025244027294484796	0.013300698664997517	0.0035842683443442214	1.193803374597522	1.3616275352507075	2.5690772610859676	0.929042671836636	0.06144501975696948	47.08832661377104	0.03079717753075233
3.756440976706444	0.01	0.007	0.007	0.007	0.01	0.02330395002832863	0.02105413111510591	0.024824346872275777	0.013078566897926748	0.003551433272994071	1.203172226325803	1.3691828722235893	2.585061314773947	0.9337164579333016	0.06251222239515603	46.465036778868736	0.03072755281401819
3.8227603992568393	0.01	0.007	0.007	0.007	0.01	0.02298963673783759	0.02077016553944853	0.024406650018226433	0.012857506793379908	0.0035169321147277095	1.212426849083259	1.3765208511206422	2.600715429536618	0.9382198570450554	0.06356976035165796	45.840510757673194	0.030657007987871764
3.89015580268787	0.01	0.007	0.007	0.007	0.01	0.02267457001766079	0.02048551922672444	0.02399073990744241	0.012637415314773984	0.003480785770856743	1.2215706697570643	1.3836420132989928	2.616045709302168	0.942553790772245	0.064617537928992	45.21445116122094	0.030585484545669506
3.9586983166632845	0.01	0.007	0.007	0.007	0.01	0.022358572480849107	0.020200031916130706	0.023576387164712574	0.012418172154148088	0.003443008967596173	1.2306076504092074	1.3905469768473355	2.6310588389758163	0.9467191539470159	0.06565553390640416	44.58650481641108	0.030512914879031423
4.0284707632122645	0.01	0.007	0.007	0.007	0.01	0.02204143077625968	0.019913510854945835	0.023163320776855952	0.012199634944507386	0.0034036088371844618	1.2395424478382977	1.3972364794591747	2.645762282202303	0.9507168252081967	0.06668381857350063	43.95624697450592	0.03043921986084734
4.0995710708310416	0.01	0.007	0.007	0.007	0.01	0.021722884225184515	0.01962572053227972	0.022751214986387772	0.011981632350341555	0.0033625828903694464	1.2483806458071045	1.4037114478197783	2.6601645748203824	0.954547687787433	0.06770257884664706	43.32315870083029	0.030364305429134923
4.172117093243991	0.01	0.007	0.007	0.007	0.01	0.021402608702080085	0.01933636811610328	0.022339670673498097	0.011763954249083367	0.0033199161161657	1.2571290848343237	1.4099730977111353	2.6742757424412686	0.9582126600114116	0.06871215419826807	42.68659480169552	0.030288057759726757
4.246253800949711	0.01	0.007	0.007	0.007	0.01	0.02108019227374222	0.019045081444442766	0.021928187083832283	0.011546336816258548	0.0032755766095849768	1.26579636677989	1.4160230985260513	2.6881079482633057	0.9617127506174734	0.06971309206130068	42.045735354994534	0.030210336045441967
4.322164471733812	0.01	0.007	0.007	0.007	0.01	0.02075509686730564	0.018751374394313746	0.02151611717292336	0.011328438962205346	0.003229508705535381	1.274393657083558	1.4218638500261371	2.701676534692532	0.9650491581405741	0.07070623646681656	41.39950944607942	0.030130961236822348
4.400089035612634	0.01	0.007	0.007	0.007	0.01	0.02042659479023978	0.018454589530693316	0.021102593417445907	0.011109803178612074	0.0031816216332301184	1.2829360256546969	1.4274989673799066	2.715001781388213	0.9682234538469257	0.07169287693828069	40.746468874420145	0.03004969754964883
4.48035676965219	0.01	0.007	0.007	0.007	0.01	0.020093654179382546	0.018153794615453717	0.020686393390486182	0.010889784584337663	0.0031317691591066423	1.2914448966377015	1.4329342193641377	2.728112157667687	0.9712379554744539	0.0726750218512791	40.08456026514468	0.029966219433703842
4.563450571183347	0.01	0.007	0.007	0.007	0.01	0.01975471121954961	0.01784757681835864	0.020265671497960346	0.010667409309564889	0.0030797093271188606	1.2999529742592009	1.4381795079965918	2.741050934248768	0.9740965492430957	0.07365595036849959	39.410671938220126	0.029880046504454746
4.650153592375362	0.01	0.007	0.007	0.007	0.01	0.019407144359428287	0.01753356769789735	0.019837337434293462	0.010441046348683898	0.003025012142426641	1.3085157458815118	1.4432537122620743	2.753891795437468	0.9768067774499087	0.07464150624501048	38.71958799958887	0.029790394784996656
4.7419825202721	0.01	0.007	0.007	0.007	0.01	0.019045699948200184	0.017207020845344295	0.01939518686351725	0.010207420532301044	0.002966785628582527	1.3172463962491947	1.4482001477424349	2.766786824994406	0.9793867561096277	0.07564404005111272	38.000856719356186	0.02969573612774481
4.843159992789002	0.01	0.007	0.007	0.007	0.01	0.01865525432691502	0.016854272819213898	0.018921280240778483	0.009957060054058879	0.002902425029606748	1.3264778975965716	1.453160850856789	2.7801912578023864	0.981899212341287	0.07670076217677925	37.22439388708581	0.029591789076644157
4.967886629633125	0.01	0.007	0.007	0.007	0.01	0.018184938113457207	0.016429366041673204	0.018355493290918797	0.009658221996608119	0.0028230362693103923	1.3373219479232048	1.4586019542050337	2.7956130955562735	0.9845446904216772	0.07793653161335147	36.28900777318369	0.02946414884699617
5.055235584556343	0.01	0.007	0.007	0.007	0.01	0.017862647383023098	0.01613819176072258	0.017970932193148943	0.009455143570297914	0.0027674549102365766	1.3445785640624266	1.461988987611494	2.805723434484722	0.9861155507659362	0.07875941108859136	35.64796501013664	0.02937508737313034
5.141031783114011	0.01	0.007	0.007	0.007	0.01	0.017551650995446165	0.01585722172246686	0.017602247809383034	0.009260479619328202	0.0027130148263019758	1.351446141459312	1.4649906643469681	2.81512609823411	0.9874434904353082	0.07953461543455916	35.02934269966968	0.029287871173786357
5.227436176813746	0.01	0.007	0.007	0.007	0.01	0.017243926016482412	0.01557920726946075	0.017239736445608982	0.009069104309068802	0.0026584075773402266	1.3581109953056791	1.4677000865792957	2.824087689353289	0.9885746594027324	0.08028316300775734	34.41718440713125	0.02920029842083544
5.312661639386242	0.01	0.007	0.007	0.007	0.01	0.016945689242561568	0.01530976489539258	0.016890556942796946	0.008884794870711756	0.0026048158970629538	1.3644462756280191	1.4700757279760337	2.832447545722334	0.9894962480398438	0.08099080933030203	33.82385932210183	0.0291141770578088
5.396641392463796	0.01	0.007	0.007	0.007	0.01	0.016656861243204542	0.015048822834585855	0.016554392875997886	0.008707381433661829	0.0025523242460209193	1.3704650649312378	1.4721389359943353	2.8402376308872097	0.9902236655085287	0.08165918138636323	33.24921278768703	0.029029562961543118
5.479556097401049	0.01	0.007	0.007	0.007	0.01	0.016376529639379318	0.014795556800533736	0.016229979184200587	0.008536193716201646	0.002500854728127887	1.3761968535967424	1.4739153981549242	2.8475098209387304	0.9907731664364965	0.08229174180428885	32.69143268056354	0.028946263215636266
5.561551598732177	0.01	0.007	0.007	0.007	0.01	0.016103949174721282	0.014549293493783685	0.015916275475309966	0.008370680379366523	0.0024503464385156205	1.3816661066353086	1.475426731439391	2.8543073895874413	0.9911584774174784	0.08289137888791902	32.1490389178999	0.028864122011249386
5.642753991782717	0.01	0.007	0.007	0.007	0.01	0.015838480047173607	0.014309454887380196	0.015612388035739125	0.00821036779232933	0.00240074703121687	1.3868938684190026	1.4766915197537662	2.8606675201727594	0.9913913894621802	0.08346058785021383	31.620760859732744	0.0287830050487668
5.723270100134174	0.01	0.007	0.007	0.007	0.01	0.015579578653782825	0.01407554986522324	0.0153175543234478	0.008054851791277975	0.0023520131101169746	1.3918981998234279	1.4777258375001023	2.866622203679479	0.9914821157440311	0.0840015218739163	31.1055189690275	0.028702798732267353
5.80319146984211	0.01	0.007	0.007	0.007	0.01	0.015326778086226265	0.013847156600784472	0.015031116684489445	0.007903783764622613	0.0023041082568199135	1.3966947694474654	1.4785437350561959	2.8721992552877222	0.9914395937562616	0.08451605968538341	30.60238606196999	0.028623405899145436
5.882596794934066	0.01	0.007	0.007	0.007	0.01	0.015079675217069963	0.013623910890218204	0.014752504522891046	0.007756861208837937	0.0022570019004199238	1.4012972674980517	1.4791576030033469	2.877423047010224	0.99127171637989	0.08500585310659642	30.11056165907287	0.028544743179912485
5.961554100228741	0.01	0.007	0.007	0.007	0.01	0.014837919640212216	0.013405496160631202	0.014481219255564313	0.00761381976169228	0.002210668251360713	1.4057177485268826	1.4795784621303028	2.8823151041451904	0.9909855137871352	0.0854723663399375	29.629350015448544	0.02846673864604924
6.04012248627462	0.01	0.007	0.007	0.007	0.01	0.014601204862944797	0.013191635512571534	0.014216822348516343	0.007474426867231105	0.002165085443237123	1.4099669033818023	1.479816192627425	2.8868945777485435	0.9905872970278822	0.08591690712550047	29.15814262360814	0.02838932993079309
6.11835357313547	0.01	0.007	0.007	0.007	0.01	0.014369261119785688	0.01298208522770238	0.013958925595240087	0.007338476628399349	0.00212023481648258	1.4140542789057453	1.4798797169709015	2.891178624459134	0.9900827722397934	0.08634065187241922	28.69640393726995	0.028312462678537348
6.196292957695092	0.01	0.007	0.007	0.007	0.01	0.014141848737829933	0.012776628774739646	0.013707182354051077	0.007205785169654491	0.0020761001764929964	1.4179884691413969	1.4797771460592768	2.8951827264031604	0.9894771298770285	0.08674466733277822	28.243658187094216	0.028236089007881604
6.273980766301132	0.01	0.007	0.007	0.007	0.01	0.01391875462681211	0.012575073638412421	0.013461282521242362	0.007076187972307539	0.002032667554370931	1.4217772373120627	1.4795158969538267	2.8989209158751694	0.9887751210114473	0.08712992472632068	27.799482412380318	0.028160166883613513
6.351452275420161	0.01	0.007	0.007	0.007	0.01	0.013699788841590696	0.012377248213850946	0.013220947767843183	0.006949537351192333	0.0019899249063434635	1.4254276268690869	1.4791027922620528	2.902405973146047	0.9879811205186418	0.08749731251460316	27.36349963394591	0.028084659433429422
6.428739044549256	0.01	0.007	0.007	0.007	0.01	0.013484779991547407	0.012182997659212411	0.012985925683487937	0.006825699357689843	0.0019478615246696727	1.428946082283542	1.4785441386969365	2.9056496175006696	0.9870991727963886	0.08784764985841735	26.935369728033663	0.028009533778918818
6.505869241287534	0.01	0.007	0.007	0.007	0.01	0.01327357321944735	0.011992182069689748	0.012755986891899227	0.006704552250724909	0.0019064678973318297	1.4323385184986852	1.4778457933884634	2.908662634778365	0.9861330347232723	0.08818169461654353	26.51478541345165	0.027934760667739412
6.582868200888182	0.01	0.007	0.007	0.007	0.01	0.013066027697182703	0.011804674215045783	0.012530921742190162	0.006585984745629704	0.0018657354344109001	1.4356103926387942	1.4770132178900583	2.911454997215129	0.9850862087345569	0.08850015139577232	26.10146727491008	0.027860313885499408
6.659758768656235	0.01	0.007	0.007	0.007	0.01	0.012862014885980579	0.011620357967802745	0.012310537926525311	0.006469894752328885	0.0018256563113322466	1.438766758185509	1.4760515241780539	2.9140359583997313	0.983961971936198	0.0888036776895092	25.69516030693021	0.02778616988627875
6.736561653077527	0.01	0.007	0.007	0.007	0.01	0.012661416895791384	0.011439126821035041	0.012094658279395605	0.006356188210192198	0.0017862233053495297	1.441812313487075	1.4749655128643326	2.916414135973524	0.9827633999079874	0.08909288932068776	25.295630653920824	0.027712307418803605
6.8132957103347875	0.01	0.007	0.007	0.007	0.01	0.01246412514127895	0.011260882674126817	0.01188311896091114	0.006244778126027762	0.0017474296685484815	1.444751442113021	1.473759705607178	2.918597581063759	0.981493387050236	0.08936836496678799	24.902662939773816	0.0276387072243191
6.889978151978753	0.01	0.007	0.007	0.007	0.01	0.01227003928858412	0.011085534881228341	0.011675768004602006	0.00613558380476188	0.0017092690401460209	1.4475882459179341	1.4724383733051414	2.9205938365911073	0.9801546645655059	0.08963064988380491	24.516058175638477	0.027565351812674655
6.966624783726441	0.01	0.007	0.007	0.007	0.01	0.012079066199073068	0.010912999296987523	0.011472463905642688	0.006028530101999329	0.001671735343437809	1.4503265757058343	1.471005559320992	2.922409989072317	0.9787498149186018	0.08988025930938762	24.13563166087517	0.027492225212282714
7.043250139300418	0.01	0.007	0.007	0.007	0.01	0.01189111920530283	0.010743197622423315	0.011273074601262818	0.005923546883621431	0.0016348227355745698	1.4529700549429778	1.4694651006935675	2.9240527113877395	0.9772812855699117	0.09011768113779939	23.76121154505835	0.02741931282374834
7.119867657299496	0.01	0.007	0.007	0.007	0.01	0.011706117332453107	0.010576056701529868	0.011077476423798856	0.005820568471396617	0.001598525536269156	1.4555221025397742	1.4678206454643297	2.9255283014743414	0.975751399846229	0.0903433784400438	23.392637280774704	0.027346601234990612
7.196489784958932	0.01	0.007	0.007	0.007	0.01	0.011523984747635477	0.010411508023756724	0.010885553322603103	0.0057195332305218305	0.001562838192371566	1.4579859508981705	1.4660756687255576	2.9268427149108045	0.9741623673730814	0.09055779149270757	23.02975852987214	0.027274078108351314
7.273128095517141	0.01	0.007	0.007	0.007	0.01	0.011344650213911005	0.010249487230742385	0.010697196113249237	0.005620383171842288	0.0015277552358651822	1.4603646626513518	1.4642334861788855	2.928001594122609	0.9725162927526549	0.0907613396379736	22.672434078673735	0.02720173205661177
7.349793384021309	0.01	0.007	0.007	0.007	0.01	0.0111680466308721	0.010089933701254274	0.010512301837911237	0.005523063612872451	0.0014932712523834607	1.462661145107541	1.4622972661962217	2.929010293923768	0.9708151833555813	0.09095442289288924	22.3205309252795	0.02712955254119213
7.426495757078737	0.01	0.007	0.007	0.007	0.01	0.010994110619542278	0.009932790176167472	0.010330773189480216	0.005427522872606526	0.0014593808528783584	1.464878163138642	1.4602700403302427	2.929873904153867	0.9690609561042078	0.09113742338082871	21.973923454842804	0.02705752977758719
7.503244681188003	0.01	0.007	0.007	0.007	0.01	0.010822782226830205	0.009778002491455036	0.010152518075391385	0.005333712040068811	0.0014260786637801527	1.4670183497053728	1.4581547134723232	2.930597269444118	0.9672554442294208	0.0913107065268225	21.63249285280066	0.02698565468098706
7.580049060933569	0.01	0.007	0.007	0.007	0.01	0.010654004582666124	0.009625519268428688	0.009977449144677155	0.005241584723686551	0.0013933593037607267	1.46908421628769	1.4559540720261779	2.931185007329035	0.965400402534043	0.09147462221221779	21.296126423578208	0.02691391878485211
7.656917296395037	0.01	0.007	0.007	0.007	0.01	0.010487723624743043	0.009475291665057006	0.00980548339713781	0.005151096844044318	0.0013612173700197716	1.4710781618029858	1.4536707915047524	2.9316415242497835	0.9634975123757342	0.09162950577294238	20.96471704378856	0.026842314180065916
7.733857309611009	0.01	0.007	0.007	0.007	0.01	0.010323887906290592	0.00932727320229989	0.009636541888298942	0.005062206477181891	0.0013296474373910502	1.473002479977645	1.451307444121154	2.931971029829041	0.9615483867888468	0.09177567884902832	20.63816278073525	0.02677083348371834
7.810876616603528	0.01	0.007	0.007	0.007	0.01	0.010162448319744678	0.009181419514458134	0.009470549356192405	0.004974873656881218	0.0012986440384066885	1.4748593672383212	1.4488665042043352	2.9321775500427236	0.9595545739216649	0.09191345024923066	20.31636634312333	0.026699469766178752
7.887982332891154	0.01	0.007	0.007	0.007	0.01	0.01000335797560782	0.009037688239730958	0.009307434016153688	0.0048890602654710225	0.0012682016707146475	1.4766509283334162	1.4463503549086711	2.9322649388542414	0.9575175616531872	0.09204311661908349	19.999234840939533	0.02662821654066711
7.965181250309089	0.01	0.007	0.007	0.007	0.01	0.009846571942927356	0.008896038785751082	0.009147127220255536	0.004804729853512789	0.0012383147757687983	1.478379183164385	1.4437612920314091	2.9322368889795425	0.9554387799340996	0.09216496317800808	19.686679269366614	0.026557067687317307
8.04247981146833	0.01	0.007	0.007	0.007	0.01	0.00969204721138422	0.008756432295335093	0.008989563350279846	0.004721847582440251	0.0012089777578447665	1.4800460707702852	1.4411015305913455	2.9320969415646463	0.9533196054396492	0.09227926423048412	19.37861443433668	0.02648601747237402
8.119884176146682	0.01	0.007	0.007	0.007	0.01	0.009539742472466493	0.008618831448784708	0.008834679530749566	0.00464038007261487	0.001180184966756162	1.4816534550451557	1.4383732079071083	2.9318484951260704	0.951161363452747	0.09238628378574831	19.074958517343596	0.026415060482882113
8.197400226198772	0.01	0.007	0.007	0.007	0.01	0.009389618034375002	0.008483200387008996	0.008682415483891875	0.0045602953261207	0.0011519307044130069	1.4832031286913674	1.4355783882609894	2.931494813712705	0.9489653310810222	0.0924862760360611	18.775632906751778	0.02634419161851736
8.275033580578185	0.01	0.007	0.007	0.007	0.01	0.009241635721487788	0.008349504620696096	0.008532713372996372	0.004481562643516615	0.0011242092269127205	1.4846968171252124	1.432719066874206	2.931039034474328	0.9467327399564011	0.09257948582008599	18.48056199825247	0.026273406074305786
8.352789641219564	0.01	0.007	0.007	0.007	0.01	0.009095758721728986	0.008217710892418637	0.00838551759728407	0.0044041525151488885	0.0010970147356116546	1.4861361826752724	1.4297971723742189	2.930484174422662	0.9444647777946789	0.09266614908909385	18.189672891362864	0.02620269929556152
8.430673587456411	0.01	0.007	0.007	0.007	0.01	0.008951951538765114	0.008087787133446257	0.008240774696726466	0.004328036570347295	0.001070341386653693	1.4875228275041843	1.426814570807922	2.9298331369036488	0.9421625911992643	0.09274649327884174	17.902895294869744	0.02613206698012771
8.508690390941428	0.01	0.007	0.007	0.007	0.01	0.0088101799083418	0.00795970238816032	0.00809843322366845	0.004253187509209394	0.0010441832926288302	1.4888582967355084	1.423773068655071	2.929088717535484	0.939827287701128	0.09282073768491242	17.62016136072104	0.0260615050620336
8.586844825370779	0.01	0.007	0.007	0.007	0.01	0.00867041072843233	0.007833426750947113	0.007958443631407408	0.004179579043347795	0.0010185345257741009	1.490144081283694	1.4206744157846887	2.928253609757267	0.9374599377752557	0.09288909380961347	17.341405545405262	0.02599100970006605
8.665141502142975	0.01	0.007	0.007	0.007	0.01	0.008532611947621348	0.007708931265358083	0.007820758123865554	0.004107185816223706	0.000993389112660208	1.4913816209070765	1.4175203071329046	2.9273304096762334	0.9350615759009665	0.09295176570853694	17.066564387978808	0.025920577243199027
8.74358484898814	0.01	0.007	0.007	0.007	0.01	0.00839675255916484	0.007586187918744051	0.007685330613692388	0.004035983380534005	0.0009687410473856888	1.4925723061495406	1.4143123864264981	2.9263216211590595	0.9326332032011084	0.09300895026773282	16.795576498806543	0.02585020424764986
8.822179145658565	0.01	0.007	0.007	0.007	0.01	0.008262802496537231	0.007465169547887218	0.007552116584093473	0.003965948125012799	0.0009445842860050194	1.4937174810592113	1.4110522474438858	2.925229659973409	0.9301757882151924	0.09306083751255302	16.52838235178369	0.02577988744265106
8.90092851807372	0.01	0.007	0.007	0.007	0.01	0.008130732605431606	0.0073458498137052575	0.0074210730292759465	0.003897057242602694	0.0009209127541660036	1.4948184450999205	1.4077414367638241	2.924056858103499	0.9276902688175992	0.09310761086623931	16.26492422900266	0.025709623733771742
8.979836953272162	0.01	0.007	0.007	0.007	0.01	0.00800051458205583	0.007228203145505065	0.007292158363240682	0.0038292886820143687	0.0008977203479814466	1.495876455257011	1.4043814555091187	2.922805467536701	0.9251775533834372	0.09314944740997684	16.00514609815936	0.025639410187672934
9.05890829345363	0.01	0.007	0.007	0.007	0.01	0.00787212094874781	0.007112204718952846	0.007165332367433414	0.0037626211197433162	0.0008750009409473098	1.4968927277359954	1.4009737618241973	2.9214776641155384	0.9226385225127693	0.09318651811751702	15.748993564373087	0.0255692440356182
9.138146266701947	0.01	0.007	0.007	0.007	0.01	0.007745524971692649	0.0069978303817355945	0.007040556082845207	0.0036970339029118327	0.0008527483800491606	1.4978684400357485	1.3975197716464427	2.9200755505619873	0.9200740294877494	0.09321898809597325	15.496413706468969	0.025499122644488097
9.217554470545101	0.01	0.007	0.007	0.007	0.01	0.007620700658039614	0.006885056650956874	0.006917791782236267	0.003632507034254919	0.0008309564954015873	1.4988047322993163	1.3940208613695348	2.9186011600533113	0.917484902148982	0.09324701679135519	15.247355071633912	0.02542904352981345
9.297136381692015	0.01	0.007	0.007	0.007	0.01	0.0074976227113307805	0.006773860672869067	0.006797002902511206	0.003569021136181094	0.0008096191019847146	1.499702708930776	1.390478369282739	2.917056459198097	0.9148719438607985	0.09327075819824904	15.001767586882696	0.02535900434556825
9.376895360531558	0.01	0.007	0.007	0.007	0.01	0.0073762664972950856	0.006664220191970189	0.006678153988722365	0.0035065574209675594	0.0007887300027555104	1.5005634400563128	1.3868935971253271	2.9154433509126436	0.9122359345680846	0.09329036105690643	14.759602491178212	0.025289002878699993
9.456834666247987	0.01	0.007	0.007	0.007	0.01	0.007256607995469372	0.006556113507295922	0.006561210625526853	0.0034450976543823893	0.0007682829889365252	1.5013879630131683	1.3832678110574375	2.9137636769010644	0.9095776314293161	0.09330596904302982	14.520812239243927	0.02521903703445089
9.5369574507947	0.01	0.007	0.007	0.007	0.01	0.007138623784763605	0.006449519459378899	0.006446139403115115	0.003384624137443468	0.0007482718457557979	1.5021772835315448	1.3796022434840298	2.9120192203971795	0.9068977700815358	0.09331772094331645	14.285350473088073	0.02514910484033001
9.617266758091562	0.01	0.007	0.007	0.007	0.01	0.007022291021433469	0.006344417410348215	0.006332907876691694	0.003325119684805248	0.0007286903564451762	1.5029323769244345	1.3758980945750385	2.9102117086875823	0.9041970656810949	0.093325750826463	14.053171978363643	0.025079204445461016
9.69776552317678	0.01	0.007	0.007	0.007	0.01	0.006907587417784591	0.006240787224690036	0.006221484527647176	0.0032665676040504886	0.0007095323059707539	1.503654189224589	1.3721565337162225	2.9083428155179263	0.9014762138941192	0.09333018820788284	13.824232642173456	0.025009334119960827
9.778456592741724	0.01	0.007	0.007	0.007	0.01	0.006794491191797176	0.006138609223735826	0.006111838697493793	0.0032089516606857134	0.0006907914796161205	1.504343638449854	1.3683786998873375	2.906414162869208	0.898735891109953	0.09333115820819408	13.598489352815212	0.024939492235826824
9.859342719035526	0.01	0.007	0.007	0.007	0.01	0.0066829810567161614	0.006037864176257915	0.006003940561648014	0.0031522560640918555	0.0006724616679802289	1.505001615557857	1.3645657031946195	2.904427323207179	0.8959767554994453	0.09332878170201406	13.375899979271955	0.024869677271077903
9.94042654828627	0.01	0.007	0.007	0.007	0.01	0.006573036217815185	0.005938533295546126	0.005897761110850495	0.003096465457500448	0.0006545366727613039	1.5056289853301614	1.3607186266167948	2.902383821797721	0.8931994482243285	0.09332317546339779	13.156423365016277	0.0247998878185222
10.0	0.01	0.007	0.007	0.007	0.01	0.006493413174270074	0.005866596957560241	0.0058209915132512195	0.003056129037859258	0.0006416417630114371	1.5060699809004992	1.3578771146597	2.900850494414759	0.8911520909395506	0.0933170790411629	12.997469030359024	0.02474873734152915
