0.0	0.01	0.007	0.007	0.007	0.01	0.0	0.0	0.0	0.0	0.0	0.0	0.0	0.0	0.0	0.0	100.0	0.035
0.007160803770404866	0.01	0.007	0.007	0.007	0.01	0.0028189418592774558	0.005136213942725908	0.002814183398399349	0.001031525817918522	0.0001381514508480344	0.000140762672701885	0.0003355195369905712	0.00019903511700382608	5.948750638064718e-5	4.176413035256158e-6	99.86354290598831	0.03499131496859445
0.012183315706999702	0.01	0.007	0.007	0.007	0.01	0.004697104024100403	0.008379789638062109	0.004692749884820692	0.0017356646255524424	0.00021070473514481658	0.00040156509610440866	0.0009437051582987609	0.0005680958048182636	0.0001708062822227273	1.1230960665209113e-5	99.7679444631749	0.034985224665468266
0.019601213591832964	0.01	0.007	0.007	0.007	0.01	0.00732950655415847	0.012685826523019035	0.007330801733508217	0.0027472259596284087	0.00029082140201059487	0.0010174294984125448	0.0023428294154609693	0.0014404327708757388	0.0004368636940459408	2.6207914122558588e-5	99.62691963566937	0.0349762316537561
0.026814254448103293	0.01	0.007	0.007	0.007	0.01	0.009735855126924693	0.016376983747791615	0.009747797281825763	0.0036992600322629152	0.0003459141583365982	0.001865200886407653	0.004213373335824044	0.0026425340643046152	0.0008081363874738887	4.459093921485349e-5	99.48998059606767	0.034967489215137045
0.03534410709748049	0.01	0.007	0.007	0.007	0.01	0.012398367950886396	0.020188280904157075	0.012428600889218398	0.004786193904753187	0.00039081701916036644	0.0031634374644100892	0.006991056805837605	0.0044854571182731985	0.0013850686942464589	6.968502378762922e-5	99.32828486841967	0.03495715357804227
0.04428115250905565	0.01	0.007	0.007	0.007	0.01	0.014989001785291481	0.023621499478947306	0.01504406398017193	0.005881340688593301	0.00042181195085635174	0.00484304785410511	0.01046894672694027	0.006872652512098656	0.0021434326424977918	9.859564008124918e-5	99.15915211669697	0.03494632782199199
0.05410775764317515	0.01	0.007	0.007	0.007	0.01	0.01761940101797562	0.02682942695849202	0.01770733015963353	0.007035858886329795	0.0004434857635172591	0.007037549845987547	0.014862133461324202	0.009995581364915494	0.0031510184903279174	0.000132356993205917	98.97351692999175	0.03493442838081455
0.06451436109130544	0.01	0.007	0.007	0.007	0.01	0.020175123552877133	0.029677471843810702	0.02030299906446545	0.008204126658851067	0.00045743187187305287	0.009725347417760235	0.020059366713805375	0.013825497269283392	0.004407078244862171	0.0001694840941974325	98.77730383455233	0.03492183101336334
0.07564474248771572	0.01	0.007	0.007	0.007	0.01	0.022668381239369404	0.03219979129820802	0.0228435264991231	0.009394404585877758	0.0004660496189903767	0.012976788120229921	0.026129959956761126	0.018464731621873915	0.005954673161049245	0.00021008340488805664	98.56787463411418	0.03490836252807305
0.08739963095124566	0.01	0.007	0.007	0.007	0.01	0.025055458345436724	0.0343765294350958	0.025284278554677058	0.010588035940979844	0.0004709376859101143	0.016792710619427477	0.03300843175439024	0.023916725835086618	0.0078057494434763215	0.0002534750075002038	98.34717679785412	0.034894143988396055
0.09982800284461049	0.01	0.007	0.007	0.007	0.01	0.02732973062524135	0.03623214333632182	0.027618127555408233	0.011782631646287768	0.0004733876654303623	0.021210323782090777	0.040698662316909454	0.03023692205574102	0.009990877892051976	0.00029959095720865004	98.11437172950019	0.03487911711162759
0.11291089511149871	0.01	0.007	0.007	0.007	0.01	0.02947354078551757	0.037784345675278865	0.02982643939893916	0.012969102046193096	0.0004742768632238917	0.026239644805640235	0.04915830446757516	0.03744196879728936	0.012528662923276123	0.00034817658120010064	97.86990171717329	0.03486330585968811
0.126681323571771	0.01	0.007	0.007	0.007	0.01	0.031481072221988496	0.039062119119708645	0.03190253125768264	0.014143462578485913	0.0004741991088182379	0.031904686024771034	0.05837304251646935	0.04556855099930323	0.015445824791223181	0.0003992177833130749	97.61324221344853	0.03484667143228246
0.14115784288139535	0.01	0.007	0.007	0.007	0.01	0.033345739727388614	0.04009369712850661	0.03383876938248802	0.015300357963603487	0.00047353339071443725	0.038220518110634205	0.06831756079586214	0.054640519933066845	0.018765758785790725	0.0004526801897812624	97.3441479671249	0.03482919261760599
0.1563811375880228	0.01	0.007	0.007	0.007	0.01	0.03506535290249521	0.040908882507579895	0.03563193002044739	0.016436145502201183	0.00047251552408328687	0.045208525165719736	0.0789810237446254	0.0646907220456183	0.022516318473198987	0.0005086325305675691	97.0619725893906	0.03481082161047474
0.1723937929197279	0.01	0.007	0.007	0.007	0.01	0.03663869255946107	0.041535976331058225	0.037279687610088034	0.017547028929933275	0.0004712919079659499	0.05288870150892546	0.09035452888527673	0.07574990805971314	0.02672587747965407	0.0005671625518701134	96.76604843779147	0.03479150848362033
0.18925170126470114	0.01	0.007	0.007	0.007	0.01	0.03806647444593063	0.042001707323642445	0.03878164076307066	0.01862979382493237	0.00046995889678420986	0.06128523180175525	0.10243951925073509	0.08785471214448086	0.03142636335073622	0.0006284128751627102	96.45547832842348	0.03477118746140364
0.20701810124266198	0.01	0.007	0.007	0.007	0.01	0.03935032739103361	0.042330411623877705	0.04013826511576363	0.019681223872560754	0.0004685928886340015	0.07042408102381134	0.11524376648768765	0.10104413779171764	0.03665204465310078	0.0006925557945355632	96.12924998082404	0.03474978416211498
0.22576733205490232	0.01	0.007	0.007	0.007	0.01	0.040492862745599864	0.042543897735762455	0.041351000810497286	0.020698222703958047	0.0004672734997973073	0.0803349888394993	0.12878390309729604	0.11536237236651818	0.04244071845276518	0.0007598064979930072	95.78617132655155	0.03472721112800035
0.2455830009759509	0.01	0.007	0.007	0.007	0.01	0.04149732104272987	0.042661303950754036	0.042421891981398625	0.02167758603320937	0.0004661044882381667	0.09105055034070023	0.14308373616137046	0.130857386666147	0.04883325319642473	0.0008304192042370215	95.42490947096795	0.0347033700992741
0.26655863401711993	0.01	0.007	0.007	0.007	0.01	0.042367504627595164	0.042699147131068094	0.043353524810732694	0.02261595979725705	0.00046523480707857457	0.10260636989836276	0.158174164084398	0.14758106016988265	0.05587367798011303	0.0009046965184236177	95.04398454754387	0.03467815130341907
0.28879510604779274	0.01	0.007	0.007	0.007	0.01	0.043107636448819354	0.042671437341428975	0.04414888614232528	0.02350968701479918	0.00046488249179540134	0.11503930887560897	0.17409065766064316	0.16558652327834394	0.06360802609790384	0.0009829931905118725	94.64182266776858	0.034651436624937595
0.3123947806241792	0.01	0.007	0.007	0.007	0.01	0.04372229114109009	0.04258988479785887	0.04481129988723301	0.02435464195693549	0.000465362506885984	0.1283836673309146	0.19086838501381945	0.18492247248244223	0.07208164387986718	0.0010657167994856283	94.2168675282434	0.034623106719069194
0.3374422215438712	0.01	0.007	0.007	0.007	0.01	0.044216295717694275	0.04246423556691256	0.04534433645798976	0.025145838763996033	0.00046711690489515133	0.14265954550194532	0.20852807897131131	0.20561611682179837	0.08133100007636453	0.001153293032593004	93.76792980983491	0.03459306419806288
0.36395095419359297	0.01	0.007	0.007	0.007	0.01	0.04459471381946643	0.0423029004362949	0.04575183265578764	0.025876632189074905	0.00047073488501265045	0.15784166125339566	0.22703916063475957	0.22762777182218927	0.09136148451389277	0.0012460255560401948	93.2951304210006	0.03456129736062977
0.3917551949832297	0.01	0.007	0.007	0.007	0.01	0.04486344018549455	0.04211405923312529	0.046038634206172255	0.026537826186327183	0.0004769239979924362	0.17379708341629252	0.24624774669939287	0.2507604745759261	0.1021017592130402	0.0013437664524089232	92.80178621466749	0.03452800939058396
0.4204525843087526	0.01	0.007	0.007	0.007	0.01	0.045031401924976226	0.04190641849292558	0.046213179270919585	0.027119647180720664	0.0004863970465171568	0.19025455284170978	0.2658451754269857	0.27461578497103406	0.11337586407393453	0.001445729987056222	92.29533013371154	0.0344936857421739
0.4496063778460109	0.01	0.007	0.007	0.007	0.01	0.04511232097460662	0.041687797274219354	0.04628957108179422	0.02761795986297961	0.0004997768816732192	0.2069258458079778	0.28551412553031247	0.2987705131176097	0.12498133884383084	0.0015511586149951665	91.78364949414028	0.03445885114795316
0.47893083651389373	0.01	0.007	0.007	0.007	0.01	0.045122171678697885	0.04146362796307256	0.04628478913104974	0.028035780946783655	0.0005175982735025096	0.22361637504815543	0.30505334448500765	0.3229377241640318	0.13676915091340094	0.001659925413529201	91.27183515510315	0.03442384812173223
0.5082525171022503	0.01	0.007	0.007	0.007	0.01	0.04507592133054353	0.041237378481647276	0.04621504431111563	0.028379671064271153	0.0005403053239416622	0.24020376559871962	0.3243458278520625	0.34693594096628316	0.1486350566993716	0.0017723637266164334	90.76292293506123	0.034388883962298736
0.537472094874887	0.01	0.007	0.007	0.007	0.01	0.04498626759804495	0.04101114421836517	0.04609429172774222	0.02865744584285654	0.000568254515516703	0.256614927415777	0.3433290176242723	0.3706559262914544	0.16050758393908723	0.0018891084235367769	90.25860562908933	0.034354076881416964
0.5665337383055647	0.01	0.007	0.007	0.007	0.01	0.044863462721875115	0.04078615716001409	0.045933950690118096	0.028876936947053875	0.000601716252446379	0.2728070445186945	0.3619718044768083	0.39403304828517005	0.1723368467978849	0.0020109678881654216	89.75979375222035	0.034319492881121176
0.5954123585950324	0.01	0.007	0.007	0.007	0.01	0.04471555111894271	0.040563081756366734	0.04574309543554722	0.029045474928922142	0.0006408855788357712	0.2887588152357009	0.3802644431896925	0.4170344543330415	0.18408951422612418	0.0021388670934889796	89.26685398709014	0.034285161169759965
0.624102669896109	0.01	0.007	0.007	0.007	0.01	0.04454873752606365	0.040342229148203484	0.04552881324932598	0.029169652184057312	0.000685891399042216	0.30446299497154033	0.39821034552253115	0.4396481338154228	0.1957440340130175	0.0022738007898140894	88.77980925810976	0.034251087334208286
0.6526133604755898	0.01	0.007	0.007	0.007	0.01	0.04436774906838973	0.04012368361355676	0.045296571613553265	0.029255268317960485	0.0007368078791159733	0.31992210369330115	0.4158216282372834	0.46187657355132317	0.20728774771143327	0.0024168099626615176	88.29844622705109	0.034217260370405435
0.6809620850503776	0.01	0.007	0.007	0.007	0.01	0.04417615848753834	0.03990739107051602	0.04505055638924267	0.029307352875746314	0.0007936633045520459	0.33514486870489457	0.43311549577510744	0.48373150249566993	0.2187143033683656	0.0025689629127265026	87.82240553780402	0.03418365869776521
0.7091722434132138	0.01	0.007	0.007	0.007	0.01	0.0439766488841012	0.039693213960915144	0.044793953854563036	0.02933023137863306	0.0008564479201561408	0.3501438836352205	0.45011196267711284	0.5052304184686582	0.23002183176378324	0.0027313444538188333	87.35123939548066	0.03415025402298615
0.7372711642862347	0.01	0.007	0.007	0.007	0.01	0.04377122065759047	0.039480963246416104	0.04452917396129115	0.029327606060890295	0.0009251213749076181	0.36493420295312384	0.466832575655105	0.5263944848405712	0.24121175564176747	0.0029050521399052016	86.8844440287346	0.03411701351922545
0.7652883361074971	0.01	0.007	0.007	0.007	0.01	0.04356135604772132	0.03927042268559174	0.04425803100256504	0.029302637014214865	0.0009996175621412116	0.3795320962248472	0.4832992564261921	0.5472466785062439	0.25228769074286167	0.0030911920336839883	86.42149036433803	0.03408390193704041
0.7932544733903862	0.01	0.007	0.007	0.007	0.01	0.04334814340165419	0.039061362322193205	0.04398188137631058	0.029258018919961635	0.0010798490097400353	0.39395434700783094	0.4995337100383323	0.5678107367079375	0.26325475181178726	0.003290878271432132	85.96184005766271	0.03405088271713936
0.8212009297865607	0.01	0.007	0.007	0.007	0.01	0.043132371519187744	0.038853546715266286	0.04370172932938419	0.029196049418153902	0.0011657104341222017	0.40821780211469544	0.5155570728018054	0.5881104753613838	0.2741190560530818	0.0035052341053314778	85.50495539202934	0.03401791868822488
0.849159342785474	0.01	0.007	0.007	0.007	0.01	0.042914601065914146	0.038646739854993874	0.04341830785395228	0.02911868847278847	0.0012570815899483102	0.4223390888338782	0.5313897151072423	0.6081693573135167	0.2848873675774304	0.0037353938981450237	85.05030513842601	0.033984972488335215
0.877161480268055	0.01	0.007	0.007	0.007	0.01	0.042695218216077156	0.03844070764077092	0.04313214003709663	0.02902760897825311	0.0013538296968871474	0.43633446785077873	0.5470511697299872	0.6280102613487707	0.2955668605411442	0.003982506146783144	84.59736700328949	0.03395200674662507
0.9052392282652777	0.01	0.007	0.007	0.007	0.01	0.042474474854618416	0.03823521877316216	0.042843585467381894	0.028924239368980413	0.001455811562554026	0.450219777999756	0.5625601418134905	0.6476553868422563	0.3061649676209384	0.004247737414927633	84.14562776200216	0.03391898409851018
0.9334246807760104	0.01	0.007	0.007	0.007	0.01	0.0422525186239252	0.03803004459348885	0.04255287523600063	0.028809799202304916	0.001562875496008366	0.46401044377761114	0.5779345722865811	0.6671262507199899	0.31668929048776934	0.004532277164149932	83.69458178811476	0.03388586708128209
0.961750316863896	0.01	0.007	0.007	0.007	0.01	0.042029415203627296	0.03782495813196466	0.04226013811443445	0.02868532865166227	0.0016748631251424012	0.47772153124489797	0.5931917419550438	0.6864437547085525	0.32714755959499453	0.004837343664079448	83.24372827363047	0.03385261792835903
0.9902492576047734	0.01	0.007	0.007	0.007	0.01	0.041805164605682364	0.03761973251771227	0.04196541985375004	0.02855171275958136	0.0017916112140668485	0.49136784302328496	0.6083484083416741	0.7056283083278061	0.33754763426787376	0.005164191252781224	82.7925673095381	0.03381919827160092
1.0189556008255327	0.01	0.007	0.007	0.007	0.01	0.04157971280857165	0.03741413883362912	0.04166869706324496	0.028409701189814625	0.0019129535591038335	0.504964046625708	0.6234209706062139	0.7246999982476996	0.34789753673233864	0.005514119303513308	82.34059490718194	0.03378556875478444
1.0479048273706055	0.01	0.007	0.007	0.007	0.01	0.04135295977409758	0.037207943510870554	0.0413698868409144	0.0282599241493851	0.0020387229876981886	0.5185248289637737	0.6384256558119467	0.7436787928189558	0.35820551270564305	0.005888483226917547	81.88729710674994	0.03375168856626574
1.0771343246241236	0.01	0.007	0.007	0.007	0.01	0.041124764249081125	0.0370009049785142	0.041068852544051244	0.028102904792556286	0.0021687536788284325	0.5320650944056666	0.653378746503956	0.7625848049609792	0.3684801298750948	0.006288708556736389	81.43214250955687	0.033717514838085764
1.1066840229541253	0.01	0.007	0.007	0.007	0.01	0.040894945977965634	0.03679276964471061	0.04076540642575563	0.027939068564661183	0.0023028837924644573	0.5456001992456625	0.6682968418867714	0.7814386019893332	0.3787304068823118	0.006716308719463791	80.97457337843522	0.03368300191770241
1.1365972011532632	0.01	0.007	0.007	0.007	0.01	0.04066328535633968	0.03658326686020765	0.04045930911131427	0.027768749563508877	0.0024409586250798395	0.5591462428979139	0.6831971748462625	0.8002615891697926	0.38896598619687267	0.007172908021991337	80.51399452420968	0.03364810044812742
1.1669215621348845	0.01	0.007	0.007	0.007	0.01	0.040429520127681216	0.03637210221945914	0.040150265347778914	0.0275921936399174	0.0025828346996679117	0.5727204538543537	0.6980980258402192	0.8190765176498486	0.39919737725318394	0.00766027249599515	80.04975855161975	0.033612756140259575
1.1977106177056078	0.01	0.007	0.007	0.007	0.01	0.04019333916601619	0.036158949020708334	0.03983791606413304	0.027409558245717565	0.0027283848697254687	0.5863416765589673	0.7130192387783004	0.8379081221072165	0.4094362714755401	0.008180350821868519	79.58114706621333	0.03357690819502385
1.2290256557789034	0.01	0.007	0.007	0.007	0.01	0.039954371568975966	0.03594343611514421	0.03952182439866181	0.027220907626907008	0.0028775055411061077	0.6000310652139972	0.7279829525542728	0.8567840304488354	0.4196960050510542	0.0087353320694923	79.10734394732017	0.03354048706093193
1.2609384777982011	0.01	0.007	0.007	0.007	0.01	0.03971216999525301	0.03572513105847815	0.03920145431404505	0.02702620237404234	0.003030126617737495	0.6138130414906363	0.7430146059353604	0.8757360168817876	0.4299922061738443	0.009327727189860541	78.62739829535475	0.033503411315233524
1.2935355336347656	0.01	0.007	0.007	0.007	0.01	0.03946618393202587	0.03550351457958471	0.03887613616489745	0.026825279671683928	0.0031862266567920087	0.627716749954737	0.7581444637942341	0.8948019091446793	0.44034379264371204	0.009960491186241826	78.1401682893756	0.033465582949720955
1.326924306686643	0.01	0.007	0.007	0.007	0.01	0.03921571713053817	0.035277941105739674	0.038545011736991	0.026617819135221776	0.0033458564213662717	0.6417783097412838	0.7734099768073124	0.9140285401470879	0.45077452683078745	0.010637211844636974	77.6442343872173	0.033426880088846825
1.3612439842044426	0.01	0.007	0.007	0.007	0.01	0.038959855033838496	0.03504757252821846	0.03820694028638056	0.02640328184003005	0.003509178871333542	0.6560446067182468	0.7888597601101092	0.9334767282279225	0.4613156534273665	0.011362422326232266	77.13775368786061	0.03338714481124293
1.3966846097265062	0.01	0.007	0.007	0.007	0.01	0.03869733296858513	0.034811258866510555	0.03786032750988269	0.026180796759212643	0.003676542148792274	0.6705801496232389	0.8045607959944706	0.9532302965862143	0.4720106929079159	0.01214215775679834	76.61819753629403	0.033346161274416745
1.4335255156733184	0.01	0.007	0.007	0.007	0.01	0.03842626944980097	0.03456729773473998	0.03750277879360411	0.02594892795457833	0.003848628900585973	0.6854809480592775	0.8206130391536084	0.9734143678069993	0.4829251888135942	0.012985060063643226	76.0818226433506	0.03330361178167288
1.4722270819689485	0.01	0.007	0.007	0.007	0.01	0.03814352500623568	0.03431285703296233	0.03713026391881454	0.025705111499501974	0.004026820922957423	0.7009079934858877	0.8371847299968761	0.994239610247534	0.49417033161950463	0.013904977870106902	75.52240172130662	0.033258971788783925
1.5137130116980162	0.01	0.007	0.007	0.007	0.01	0.03784271945773265	0.03404219082906524	0.03673452985960979	0.025443909922875117	0.004214343628744002	0.7171911927224343	0.8546222273605852	1.0161398856984354	0.5059765642582089	0.014928861373992236	74.92730065746588	0.03321118664070202
1.560947190636235	0.01	0.007	0.007	0.007	0.01	0.03750309585589873	0.03373662053559951	0.03628854560189708	0.025147207685810052	0.004422798981828387	0.7354160583942339	0.8740713776878991	1.0405512012592368	0.5191107530133505	0.016140138780253166	74.25544980032561	0.03315686400855808
1.6114151626946551	0.01	0.007	0.007	0.007	0.01	0.0371435677053621	0.03341316125485922	0.03581749301566739	0.024831536051676355	0.004638867873091368	0.7545250535361874	0.8943846848328122	1.0660302194269082	0.5327877756896487	0.017485102389749877	73.54425772626297	0.03309892047003243
1.6541026915842423	0.01	0.007	0.007	0.007	0.01	0.036842147553849854	0.03314199125989329	0.03542351518434538	0.024565972038646404	0.0048157946235093466	0.7704000374128839	0.9111962472731338	1.0871043793191542	0.5440738205502468	0.01866127466432223	72.9480272088335	0.033049988906449
1.6982456188358224	0.01	0.007	0.007	0.007	0.01	0.03653301604350018	0.03286389096970822	0.03502043255681133	0.02429302243225395	0.004992747861128314	0.7865434142258864	0.9282305410736017	1.1084466132780326	0.5554771796878678	0.01991241307552775	72.33655191322339	0.032999465136810735
1.7397732941448172	0.01	0.007	0.007	0.007	0.01	0.03624456298094523	0.032604398056832996	0.034645269314400304	0.024037993200028373	0.005153404606276929	0.8014812112882796	0.943935739440373	1.1281142125884314	0.5659608717902552	0.02111976192507486	71.76598339695796	0.03295200516269357
1.7811725217189704	0.01	0.007	0.007	0.007	0.01	0.03595926635472756	0.03234774785833262	0.034275178628076934	0.023785601101595742	0.005307765039674171	0.8161362163237311	0.9592887258472154	1.147332550770982	0.5761806446134383	0.02235070298393581	71.20165933230123	0.03290475992617064
1.8213339961049944	0.01	0.007	0.007	0.007	0.01	0.03568464397254995	0.03210070227202213	0.03391989437193855	0.02354264208423346	0.005451856174511453	0.8301308347757326	0.9738975869711991	1.1656124515684891	0.5858777345848915	0.023569117798014436	70.6584482252187	0.032858991958312336
1.8610683627974889	0.01	0.007	0.007	0.007	0.01	0.03541500514313214	0.0318581413037564	0.03357201885839298	0.02330419437571591	0.005588852030709717	0.8437645372925252	0.9880791012888949	1.1833516828046795	0.5952648306442786	0.024796400204501363	70.12509253527125	0.03281377336995982
1.9001028903931036	0.01	0.007	0.007	0.007	0.01	0.03515209891136086	0.03162163787330064	0.03323378710987944	0.023071891356759265	0.005718002717287954	0.8569557785750856	1.0017514585133647	1.2004490596776467	0.6042896160349903	0.026021606633489607	69.6050512060268	0.03276941180724876
1.9387442137476825	0.01	0.007	0.007	0.007	0.01	0.03489376312919138	0.03138924663507626	0.03290239282392913	0.022843889558985957	0.005840531696089583	0.8698195519145449	1.0150367294207168	1.2170582963820364	0.6130344494520228	0.027252030369033068	69.09404697631447	0.03272555617965412
1.9769561631396042	0.01	0.007	0.007	0.007	0.01	0.03464016495653634	0.0311611177336493	0.03257803211684284	0.022620390071317185	0.005956499263151516	0.8823527794729973	1.0279340534510315	1.2331792626536824	0.6215002613770205	0.028484526261380143	68.59241024543121	0.0326822455842976
2.014877889599228	0.01	0.007	0.007	0.007	0.01	0.03439031518384858	0.030936361147857944	0.03225942219896148	0.02240056355209849	0.006066498289465834	0.894609048356041	1.0405006629239686	1.2488843700323762	0.6297260015724071	0.02972177279405804	68.09818415075708	0.03263932060469054
2.052534780492446	0.01	0.007	0.007	0.007	0.01	0.034143993822305034	0.030714778871480206	0.031946268551229375	0.022184251278583516	0.0061707537769754945	0.9066031124833023	1.0527534407627346	1.264195524286771	0.6377239346875282	0.03096298669117232	67.6109334730055	0.03259675119085741
2.090003377687807	0.01	0.007	0.007	0.007	0.01	0.0339006555239631	0.030495880248941672	0.031637865454220336	0.021971002814833728	0.006269619999150532	0.9183650212082785	1.0647246325682551	1.2791537767107437	0.64551621730501	0.03220921850581776	67.12957944141495	0.0325544497395417
2.127319882544547	0.01	0.007	0.007	0.007	0.01	0.03366002903765288	0.030279421215748427	0.031333859025365875	0.021760604341276496	0.006363322319206617	0.9299109016526004	1.0764319804211417	1.2937820120255754	0.6531153952299584	0.03346032746843982	66.65358550027663	0.03251237455979598
2.164533728952489	0.01	0.007	0.007	0.007	0.01	0.03342176584112719	0.03006508821313271	0.031033800346661262	0.02155277121285478	0.006452106223751503	0.9412601329272234	1.087896297311879	1.3081069194628923	0.6605358918421189	0.03471672595119303	66.18226225280489	0.032470469285876824
2.201678627200806	0.01	0.007	0.007	0.007	0.01	0.0331856263738077	0.02985266571176405	0.030737380739350798	0.021347311693381145	0.006536164656422959	0.9524264489130104	1.099132462863953	1.3221477494647509	0.667788173723104	0.035978393834202586	65.71513584795969	0.03242869551401852
2.238789626488323	0.01	0.007	0.007	0.007	0.01	0.032951368988692	0.02964193631354702	0.030444291096580582	0.021144030380660442	0.006615682613972952	0.9634233297357939	1.1101549207717594	1.3359231890527152	0.6748823355673593	0.037245434647512295	65.25172830717881	0.032387013534588324
2.2758947757443106	0.01	0.007	0.007	0.007	0.01	0.03271880220390006	0.029432727752926345	0.03015428719755815	0.020942774077712258	0.006690819565711693	0.974261578971495	1.120975264428877	1.3494483497333432	0.6818265547229689	0.03851778015018532	64.79166088468348	0.03234539168869523
2.3130207959315627	0.01	0.007	0.007	0.007	0.01	0.03248774786406498	0.029224879756583305	0.02986714314520215	0.02074340000763509	0.006761723754635698	0.984951112525195	1.1316040603486284	1.3627370499858829	0.6886282806097617	0.03979537238821379	64.33458119284626	0.032303799966340335
2.3501906026326016	0.01	0.007	0.007	0.007	0.01	0.032258056019302456	0.029018257426854877	0.029582669641510212	0.020545788886104043	0.00682852841964442	0.9955003045057164	1.1420502150520193	1.3758010269264918	0.6952938390592518	0.04107807021644525	63.88019263544487	0.03226221276646728
2.3874253834893264	0.01	0.007	0.007	0.007	0.01	0.03202959132173594	0.028812739003716167	0.029300696763809097	0.020349833285158634	0.0068913571383682455	1.0059166558759622	1.1523216603144608	1.388650795232994	0.7018288814556433	0.0423657134321491	63.42822749697668	0.03222060654954322
2.4247439743273147	0.01	0.007	0.007	0.007	0.01	0.031802236382127196	0.028608218883683954	0.029021077889791958	0.02015544061709033	0.006950323683154463	1.016206670088549	1.1624252455177653	1.4012955143336387	0.708238324211195	0.04365809544794914	62.97845358312324	0.03217896052092121
2.462163689507972	0.01	0.007	0.007	0.007	0.01	0.031575886210583964	0.028404602618448897	0.02874368260930283	0.01996252842109701	0.007005534349352641	1.0263761338606037	1.1723670289481356	1.4137433541303424	0.7145265415822126	0.044954987164675296	62.53066322340955	0.03213725568922499
2.499700267675625	0.01	0.007	0.007	0.007	0.01	0.03135044817658164	0.028201806878597642	0.028468396493130422	0.01977102437609725	0.007057088591158085	1.036430141115272	1.1821523130627494	1.426001540187526	0.7206973941586505	0.04625613114955535	62.0846731925559	0.03209547491600352
2.537368237618629	0.01	0.007	0.007	0.007	0.01	0.03112583946634233	0.02799975716613497	0.028195117810210068	0.019580864161931742	0.007105080202518658	1.046373226814154	1.1917857858629766	1.4380765314932875	0.7267543237083437	0.04756125103938592	61.64031968089352	0.032053602498267074
2.5751810087795586	0.01	0.007	0.007	0.007	0.01	0.030901986264711922	0.027798387078362366	0.02792375638778584	0.019391990786093632	0.007149597965718942	1.0562094199529963	1.2012715814148616	1.4499740968518084	0.7327003959395301	0.048870051959342284	61.19745667633008	0.03201162405972224
2.613151080378093	0.01	0.007	0.007	0.007	0.01	0.030678822270360815	0.027597636972083953	0.027654231680374175	0.019204353340199178	0.007190726366966592	1.0659423236617862	1.2106133653105557	1.4616994224117832	0.7385383582462894	0.050182225494410995	60.75595302737494	0.03196952631139159
2.65129013486255	0.01	0.007	0.007	0.007	0.01	0.03045628794071773	0.027397453284285996	0.027386471747115452	0.01901790637230671	0.007228546081527378	1.0755751607216586	1.2198143853588401	1.4732571755382788	0.7442706749434369	0.05149745100987099	60.31569094978144	0.03192729694205909
2.6896091715142236	0.01	0.007	0.007	0.007	0.01	0.0302343295319849	0.027197787668503205	0.027120411997652347	0.018832609084846862	0.007263134439366172	1.0851108262154476	1.2288775281070883	1.4846515759444097	0.7498995656199621	0.052815398648261395	59.876564127741375	0.03188492446516268
2.728118594928892	0.01	0.007	0.007	0.007	0.01	0.030012898434038867	0.02699859639647068	0.026855994309845685	0.018648424780418883	0.00729456578245694	1.0945519256515306	1.2378053604723815	1.495886448106011	0.7554270337093589	0.0541357309965174	59.43847639842714	0.031842398116652584
2.7668283091111645	0.01	0.007	0.007	0.007	0.01	0.029791950497768067	0.026799839752985232	0.026593166151799685	0.018465320301483804	0.0073229117785575705	1.1039008120088998	1.246600169532533	1.506965271351733	0.7608548935088251	0.05545810513056757	59.00134042152559	0.031799707747436734
2.8057477737551912	0.01	0.007	0.007	0.007	0.01	0.029571445601203825	0.026601481645586074	0.026331880000578203	0.018283265669135105	0.007348241663638819	1.1131596114042124	1.255263990854907	1.5178912155272228	0.766184789751884	0.05678217351310506	58.56507682116758	0.031756843758269204
2.8448860869573056	0.01	0.007	0.007	0.007	0.01	0.029351347083007545	0.026403489094920886	0.026072092613013978	0.01810223361248283	0.0073706224702077576	1.122330253355471	1.263798640545783	1.5286671813511963	0.7714182191784629	0.05810758591547626	58.12961306538958	0.0317137970060782
2.884252037873213	0.01	0.007	0.007	0.007	0.01	0.02913162136492816	0.02620583189510788	0.02581376453082308	0.01792219925591996	0.007390119202656905	1.1314144921116243	1.2722057383316263	1.5392958294954855	0.7765565462995876	0.05943399040482822	57.69488271942597	0.03167055874401419
2.9238541443194253	0.01	0.007	0.007	0.007	0.01	0.02891223767138081	0.026008482361468348	0.02555685970702371	0.01774313988644143	0.007406794983147847	1.1404139232393253	1.2804867258046615	1.5497796035658455	0.7816010159876726	0.060761033904636164	57.260824891126965	0.03162712057846682
2.963700717413269	0.01	0.007	0.007	0.007	0.01	0.028693167611010706	0.02581141495410898	0.02530134497716704	0.01756503460899309	0.007420711189767878	1.1493300052264974	1.2886428888831492	1.5601207584390522	0.7865527684401137	0.062088363725866375	56.827383403281715	0.03158347439681868
3.003799884948939	0.01	0.007	0.007	0.007	0.01	0.028474384999248894	0.025614606118293772	0.02504718981962082	0.01738786420003623	0.007431927557848595	1.1581640705564256	1.2966753701749771	1.5703213758573087	0.7914128478050652	0.06341562775783247	56.39450644272112	0.03153961234088619
3.044159636596086	0.01	0.007	0.007	0.007	0.01	0.02825586556940675	0.02541803402455088	0.024794365990337106	0.01721161087087855	0.007440502276727769	1.1669173408621245	1.3045851847850467	1.5803833844071349	0.7961822127598261	0.06474247542971828	55.962145988868194	0.03149552675675163
3.0847878620892546	0.01	0.007	0.007	0.007	0.01	0.028037586732891896	0.025221678352968666	0.024542847220655018	0.0170362580725784	0.007446492068996248	1.1755909395597306	1.3123732334770775	1.5903085761919606	0.8008617453343915	0.06606855845821433	55.53025733945123	0.0314512101526497
3.125692368579002	0.01	0.007	0.007	0.007	0.01	0.02781952745984325	0.025025520185817014	0.024292609058382337	0.016861790398724732	0.007449952255692998	1.1841858992763814	1.320040310879737	1.600098617231906	0.8054522566332359	0.06739353093296514	55.098798874458176	0.03140665517989132
3.1668809257800983	0.01	0.007	0.007	0.007	0.01	0.027601668017804528	0.024829541772465973	0.0240436285491102	0.016688193375105707	0.00745093681672263	1.1927031745616032	1.3275871181957375	1.6097550636407052	0.8099544951578304	0.06871705032301287	54.6677315391861	0.031361854583740786
3.2083612792933685	0.01	0.007	0.007	0.007	0.01	0.027383989888124377	0.024633726454181167	0.023795884125686503	0.01651545339301854	0.007449498439182203	1.2011436472215264	1.3350142690723097	1.6192793691252643	0.8143691509288803	0.0700387774530838	54.237018678925956	0.0313168011892648
3.250141197657882	0.01	0.007	0.007	0.007	0.01	0.0271664755108267	0.02443805843461755	0.023549355305077815	0.016343557507009818	0.007445688559368469	1.2095081380511268	1.3423223009229766	1.628672899510263	0.8186968627730109	0.07135837756280186	53.806625534233085	0.03127148785076167
3.2922284788583434	0.01	0.007	0.007	0.007	0.01	0.02694910824978354	0.024242522748489707	0.023304022639723847	0.0161724934089601	0.007439557398671717	1.2177974097019346	1.3495116782149066	1.6379369370248986	0.8229382207450137	0.07267552006189834	53.37651917208569	0.031225907445526696
3.3346309767420506	0.01	0.007	0.007	0.007	0.01	0.026731872257902727	0.024047105140299008	0.02305986755695527	0.01600224932317728	0.007431153995731321	1.2260121732404565	1.3565827988681205	1.647072688611555	0.8270937703456437	0.07398987892194792	52.94666821919525	0.031180052846183463
3.377356634022781	0.01	0.007	0.007	0.007	0.01	0.026514752315511397	0.02385179191894908	0.022816872171594404	0.015832813881971608	0.007420526231336474	1.2341530954420639	1.3635360010742594	1.6560812948494061	0.831164016910295	0.07530113325270807	52.51704254226281	0.031133916886180606
3.4204134992223465	0.01	0.007	0.007	0.007	0.01	0.026297733757506696	0.02365656989221293	0.022575019201216982	0.015664176072108807	0.007407720851700765	1.2422208024832495	1.3703715668234748	1.6649638346953737	0.8351494279983951	0.07660896735893191	52.08761310386678	0.031087492342936236
3.4638097615725676	0.01	0.007	0.007	0.007	0.01	0.026080802315217623	0.023461426224477496	0.02233429178844781	0.015496325115832219	0.007392783483535627	1.25021588661864	1.3770897278084875	1.6737213333738294	0.8390504371191093	0.07791307132570674	51.65835164957283	0.031040771901853885
3.507553766803336	0.01	0.007	0.007	0.007	0.01	0.025863944061192207	0.023266348387076034	0.022094673440687232	0.015329250433242196	0.007375758650839285	1.2581389088058055	1.383690667707962	1.6823547656441369	0.8428674452895014	0.07921314099216059	51.22923059869516	0.03099374814124287
3.5516540600107533	0.01	0.007	0.007	0.007	0.01	0.02564714522521357	0.023071323992782687	0.0218561478295231	0.015162941506388274	0.007356689778899304	1.2659904058625266	1.3901745280954365	1.6908650638824854	0.8466008246463731	0.0805088787038204	50.80022268023356	0.03094641348838807
3.5961193946241137	0.01	0.007	0.007	0.007	0.01	0.02543039218537833	0.02287634078778694	0.021618698786251188	0.014997387879710685	0.00733561920813553	1.2737708910105425	1.3965414086466104	1.69925311880559	0.8502509187101593	0.08179999301604543	50.37130091521126	0.03089876021238968
3.640958780636031	0.01	0.007	0.007	0.007	0.01	0.025213671272290537	0.022681386475553397	0.021382310093787275	0.01483257901818368	0.007312588189010049	1.2814808610163693	1.402791372635703	1.707519787225648	0.8538180456560452	0.08308619951360612	49.9424382291891	0.03085078037516186
3.686181507683179	0.01	0.007	0.007	0.007	0.01	0.024996968705061517	0.02248644865924948	0.021146965426527085	0.014668504268330353	0.0072876368844441534	1.289120798325752	1.40892444808232	1.7156658942215068	0.8573024990307013	0.08436722083442916	49.513607325585426	0.03080246580981652
3.7317971843473243	0.01	0.007	0.007	0.007	0.01	0.0247802704561495	0.022291514720159975	0.020912648214812233	0.014505152766428931	0.007260804362084089	1.2966911755448738	1.41494063061813	1.7236922377006982	0.8607045494129033	0.08564278710684584	49.08478041816628	0.030753808082055353
3.777815769962136	0.01	0.007	0.007	0.007	0.01	0.02456356216091711	0.02209657173632799	0.020679341560837547	0.014342513382378115	0.007232128588068384	1.3041924581157538	1.4208398846761725	1.7315995908823274	0.864024445074665	0.08691263610733081	48.655929052011544	0.030704798460006674
3.824247629570066	0.01	0.007	0.007	0.007	0.01	0.02434682892732722	0.021901606311364168	0.020447028049889772	0.014180574590425534	0.0072016464041693784	1.3116251102204795	1.4266221469831886	1.7393887080307462	0.8672624138931425	0.08817651398461851	48.22702372684501	0.03065542785987235
3.8711035600989794	0.01	0.007	0.007	0.007	0.01	0.024130055291662064	0.021706604534613042	0.020215689722024744	0.014019324451598345	0.007169393520410985	1.3189895953750994	1.432287325607865	1.7470603244224927	0.870418662712777	0.08943417510348929	47.79803380931648	0.030605686822758753
3.9183948588801027	0.01	0.007	0.007	0.007	0.01	0.02391322498731363	0.021511551773164894	0.019985307846388106	0.013858750458445833	0.007135404478092476	1.326286383191093	1.4378353035414617	1.754615162617332	0.8734933792018967	0.09068538295123514	47.36892707534215	0.03055556544704425
3.9661333699349446	0.01	0.007	0.007	0.007	0.01	0.023696320830983376	0.021316432569485	0.01975586282551961	0.013698839470304904	0.0070997126244103075	1.3335159517879243	1.4432659385482967	1.7620539339623014	0.8764867315618872	0.09192991032100654	46.939669484769055	0.030505053345080985
4.0143315519092635	0.01	0.007	0.007	0.007	0.01	0.023479324523232235	0.02112123046199534	0.019527334012387935	0.01353957758767197	0.007062350069678922	1.3406787927890091	1.4485790646403947	1.7693773425758355	0.8793988690842874	0.09316753994876038	46.510224786515906	0.03045413957766935
4.063002552709943	0.01	0.007	0.007	0.007	0.01	0.0232622164360421	0.02092592779397212	0.019299699518942247	0.013380950020628116	0.007023347636260378	1.3477754163426818	1.4537744931129286	1.776586089090309	0.8822299223900142	0.09439806516868988	46.08055409797893	0.03040281258234037
4.112160281456918	0.01	0.007	0.007	0.007	0.01	0.023044975430674706	0.020730505549697936	0.019072936061644685	0.013222940983016924	0.006982734807261219	1.3548063547420326	1.458852012072588	1.7836808726998696	0.884980002771046	0.09562129033554098	45.650615544366296	0.030351060105432558
4.161819527500483	0.01	0.007	0.007	0.007	0.01	0.022827578488346035	0.02053494302222924	0.01884701861745297	0.013065533454548672	0.006940539633962151	1.3617721716420488	1.4638113894580984	1.7906623985511532	0.8876492033376367	0.09683703222859191	45.22036352754276	0.03029886908571882
4.211996025490259	0.01	0.007	0.007	0.007	0.01	0.02261000060340521	0.020339217717303494	0.018621920360464082	0.012908709138497577	0.006896788685394032	1.3686734622556613	1.4686523689144644	1.7975313756851636	0.8902375961993203	0.09804511989205289	44.78974851435181	0.030246225596105396
4.262706619292354	0.01	0.007	0.007	0.007	0.01	0.02239221427040561	0.020143304891926117	0.018397612183566427	0.01275244813030081	0.006851506911983706	1.375510866000367	1.4733746738370872	1.80428852708701	0.8927452339418814	0.0992453966500056	44.358716021162174	0.030193114682870417
4.313969387270385	0.01	0.007	0.007	0.007	0.01	0.022174189175860042	0.019947177277083866	0.018174062443023144	0.012596728741582445	0.006804717537877012	1.3822850717897581	1.477978005219992	1.8109345918370439	0.895172147619134	0.10043772084403917	43.92720600344374	0.030139520247373725
4.365803823779031	0.01	0.007	0.007	0.007	0.01	0.02195589168617103	0.019750804617104465	0.017951236503250048	0.012441527185097298	0.006756441900736268	1.3889968289190506	1.4824620423525936	1.8174703322514982	0.8975183461036391	0.10162196755103241	43.49515184187822	0.030085424870908938
4.418231031872012	0.01	0.007	0.007	0.007	0.01	0.021737284335098642	0.01955415320860013	0.017729096294443435	0.012286817268791798	0.006706699277664314	1.395646956917055	1.4868264414954722	1.8238965393000683	0.8997838141605545	0.10279803011890676	43.0624793274714	0.030030809630342974
4.471273974630788	0.01	0.007	0.007	0.007	0.01	0.021518325119719628	0.019357185267136465	0.017507599690148236	0.012132569964659322	0.006655506653164038	1.402236360067501	1.4910708361158098	1.8302140417398294	0.90196851108674	0.10396582252162681	42.62910526753399	0.02997565385553868
4.524957768336799	0.01	0.007	0.007	0.007	0.01	0.021298966690737775	0.01915985819886335	0.017286699797055743	0.011978752916748978	0.006602878443112219	1.4087660436021217	1.4951948362340028	1.8364237158036154	0.904072368557985	0.1051252820039444	42.194935882436425	0.029919934846858308
4.57931003596907	0.01	0.007	0.007	0.007	0.01	0.021079155375754798	0.018962123721882735	0.017066344098880748	0.011825329847904407	0.006548826156751804	1.4152371330961537	1.4991980274436778	1.842526496693117	0.9060952879074557	0.10627637228099032	41.759864871605096	0.029863627534334972
4.6343613451992605	0.01	0.007	0.007	0.007	0.01	0.020858829957936774	0.018763926767578716	0.016846473382292244	0.011672259815184674	0.00649335797206669	1.4216508988956345	1.5030799701273074	1.8485233932822303	0.9080371369930784	0.10741908761235137	41.32377099519834	0.029806704054552678
4.690145769059225	0.01	0.007	0.007	0.007	0.01	0.020637920085891586	0.018565204050197716	0.01662702032947678	0.011519496233759453	0.006436478184761975	1.4280087885233095	1.5068401997552838	1.8544155083095049	0.9098977469327013	0.10855345826971102	40.88651492560868	0.0297491332072816
4.746701585399846	0.01	0.007	0.007	0.007	0.01	0.020416344290012014	0.01836588228241849	0.016407907764520162	0.011366985660560998	0.006378186512783948	1.434312466850715	1.5104782268913932	1.8602040631967223	0.9116769077875083	0.10967955735185891	40.447935319736814	0.029690879777310324
4.804072164959185	0.01	0.007	0.007	0.007	0.01	0.020194007457016928	0.018165875903535904	0.016189046420401084	0.011214666245211247	0.006318477204814046	1.4405638671837226	1.5139935372286124	1.8658904296055798	0.9133743630710071	0.11079750949315915	40.00784381847447	0.029631903672695338
4.862307179306132	0.01	0.007	0.007	0.007	0.01	0.019970797322191577	0.01796508392400039	0.01597033181314031	0.01106246556082585	0.0062573378151518765	1.4467652640461235	1.517385595479819	1.8714761763646706	0.9149898044876141	0.11190750337359187	39.56601810134613	0.029572158748154543
4.921464154244701	0.01	0.007	0.007	0.007	0.01	0.01974657998395825	0.017763385890479443	0.015751640258855844	0.010910297840118648	0.006194747616190705	1.4529193650631866	1.5206538482273053	1.876963127588846	0.9165228638511616	0.11300980753716763	39.12219300527667	0.02951159129285267
4.981610673735874	0.01	0.007	0.007	0.007	0.01	0.01952119341626151	0.017560636049822023	0.015532823072804234	0.010758059948869756	0.006130675327205366	1.459029446988734	1.5237977345826255	1.8823534520062668	0.9179731054124082	0.11410479395385027	38.676047679263405	0.029450137877402336
5.0428274664393555	0.01	0.007	0.007	0.007	0.01	0.01929443833322868	0.017356655131220762	0.015313698392439241	0.010605625709778113	0.0060650759107523	1.4650995479139006	1.5268167029570654	1.887649789954183	0.9193400160729186	0.11519297141154457	38.22718749668478	0.029387722334987217
5.105212949414376	0.01	0.007	0.007	0.007	0.01	0.019066064604381264	0.017151218125803086	0.015094038981655185	0.01045283743561853	0.005997885824825137	1.4711347560209904	1.5297102424119553	1.8928554472015113	0.920622994703758	0.1162750358496907	37.77511715809909	0.02932425130851457
5.168890193417113	0.01	0.007	0.007	0.007	0.01	0.01883575023408508	0.016944035377267717	0.014873553309775843	0.01029949279217114	0.005929015699418396	1.4771416605160532	1.5324779402281945	1.8979747018497317	0.9218213410682858	0.11735194919103274	37.319199071980975	0.029259607412081258
5.234018229829612	0.01	0.007	0.007	0.007	0.01	0.018603066897376976	0.016734721579101417	0.014651854440672235	0.01014532319555091	0.005858338379282327	1.4831290984139647	1.5351195924258796	1.9030133200536068	0.9229342473887459	0.11842507025127484	36.8585851186607	0.029193638108477676
5.300811769828902	0.01	0.007	0.007	0.007	0.01	0.01836741923353291	0.016522741165165944	0.014428405075135967	0.009989955647523611	0.005785667958720347	1.4891094832984888	1.5376354270751034	1.907979486769292	0.9239608007716622	0.1194963882535177	36.39209645806289	0.029126136274530083
5.369578983093553	0.01	0.007	0.007	0.007	0.01	0.01812792741857983	0.016307302675983303	0.014202410947363464	0.009832838699847926	0.005710719421068413	1.495101400802347	1.5400265899851013	1.9128856481735514	0.924900020338893	0.12056897998864924	35.91799103803216	0.029056802898812552
5.440804514199436	0.01	0.007	0.007	0.007	0.01	0.01788316661634215	0.016087124377903265	0.013972583614247514	0.009673077699054039	0.0056330195639009185	1.5011354250616484	1.5422963438854198	1.9177526953309154	0.9257510131733597	0.12164803647353725	35.433447745189454	0.028985164961291537
5.515373434550242	0.01	0.007	0.007	0.007	0.01	0.017630457701073125	0.015859796221735396	0.013736492954853277	0.009508985029372372	0.005551665821324336	1.5072701013861844	1.5444536448207804	1.9226215998724916	0.9265135879592932	0.12274368931051016	34.93316215158491	0.028910353518454182
5.5954634716913105	0.01	0.007	0.007	0.007	0.01	0.017363015128820138	0.015619214166764164	0.013487955936102556	0.009336266191868111	0.0054643624869707905	1.51365684784511	1.546528832302639	1.927601247778507	0.9271915191375522	0.12388250817699074	34.403699820364515	0.02883021805285821
5.695178872716645	0.01	0.007	0.007	0.007	0.01	0.017035702318144195	0.01532477491633117	0.013185611445156863	0.0091261885770465	0.0053559228665663325	1.5213253182326711	1.5487745873713046	1.9334528387715553	0.9278394023786295	0.1252468172003296	33.7556987312703	0.02873075645872907
5.7688046709844345	0.01	0.007	0.007	0.007	0.01	0.016797995196352625	0.015110941798327964	0.01296729019184541	0.00897451645348071	0.005276072470039819	1.5267921500293902	1.5502005398884566	1.9375345462613633	0.9281836513266825	0.12621701255949097	33.28508693460076	0.028657538339109282
5.835383213757576	0.01	0.007	0.007	0.007	0.01	0.016585898514996103	0.014920146944713383	0.012773374239448373	0.008839815956642032	0.005204071365776674	1.531597195573351	1.551325745086473	1.9410568840334275	0.9284005303226646	0.12706783802487884	32.86517247008414	0.028591489121770307
5.901070843227881	0.01	0.007	0.007	0.007	0.01	0.016379265245236328	0.014734266781246399	0.012585249610504712	0.008709153485342614	0.0051332876389676855	1.5362123505694047	1.552287344375319	1.944379740589899	0.9285294623434199	0.12788313842596402	32.45606899145262	0.028526472922918284
5.967119875359079	0.01	0.007	0.007	0.007	0.01	0.016174091272380602	0.014549699342980506	0.012399226424755466	0.008579965357878363	0.0050624010840538015	1.5407302522407513	1.553109540491273	1.9475726576633319	0.9285765852909764	0.12867925840188973	32.049849171433266	0.02846124808216033
6.032989102036823	0.01	0.007	0.007	0.007	0.01	0.015972036099832127	0.014367937461471149	0.012216779103848871	0.00845327491988639	0.004992021395839695	1.5451164146401966	1.553788952256794	1.9506130624889295	0.9285437326666445	0.12945007989934423	31.649798762971216	0.02839634932948486
6.098334438046861	0.01	0.007	0.007	0.007	0.01	0.01577408279206226	0.014189865467862928	0.01203875133866327	0.008329667152211902	0.004922538755782123	1.549352753698242	1.5543280718868484	1.9534913870490345	0.9284347983521628	0.13019243677685946	31.2578643838458	0.028332112974240924
6.163152555029867	0.01	0.007	0.007	0.007	0.01	0.01558015103609535	0.01401541111577667	0.01186502330247873	0.008209057907444852	0.004853974774540142	1.5534446007429397	1.5547337327699924	1.9562146114798813	0.9282539442521179	0.1309073032372836	30.873887296166366	0.028268538448813916
6.2274983639269035	0.01	0.007	0.007	0.007	0.01	0.015389991287502845	0.013844349924028212	0.011695326940678956	0.008091260196209971	0.004786287196558235	1.5574006195871435	1.5550127035299237	1.9587917003589077	0.928004897456034	0.13159624001248724	30.49737367361605	0.02820556827026606
6.291421669652878	0.01	0.007	0.007	0.007	0.01	0.015203378894310747	0.013676479803792092	0.01152942093236758	0.007976105673956296	0.004719437839798067	1.5612286133538267	1.5551710676697668	1.961230715875461	0.9276910047611385	0.13226065623148162	30.12787894998366	0.028143150455013654
6.354966217831658	0.01	0.007	0.007	0.007	0.01	0.015020115503836728	0.013511622324148055	0.011367091302201782	0.00786344505357673	0.004653393777269595	1.5649355443193425	1.5552143146514912	1.9635388797084599	0.9273152937545475	0.13290181306788068	29.765010608517304	0.02808123938054084
6.418170349714917	0.01	0.007	0.007	0.007	0.01	0.014840025797475457	0.013349619774810997	0.011208147932854325	0.0077531456736400165	0.004588126767735408	1.568527646113482	1.5551474296400198	1.9657226903041365	0.9268805222668312	0.1335208436091328	29.40842172034812	0.028019795075572534
6.481067704681047	0.01	0.007	0.007	0.007	0.01	0.01466295430427689	0.013190332299739805	0.011052421247598589	0.007645089186587935	0.0045236126099031035	1.5720105266309221	1.5549749686232548	1.967788026506822	0.9263892187180488	0.13411877106638626	29.057804638324235	0.027958782474699205
6.543687926442563	0.01	0.007	0.007	0.007	0.01	0.014488762410007705	0.013033635206595427	0.010899759154925411	0.007539169430477169	0.0044598304774637	1.5753892600664345	1.554701120141335	1.9697402373318247	0.9258437144582335	0.1346965250233852	28.712885077356685	0.02789817068008102
6.606057498393097	0.01	0.007	0.007	0.007	0.01	0.014317325205661197	0.012879416131771192	0.010750023933362452	0.007435290260789754	0.004396762118004332	1.5786684756405265	1.554329754128016	1.9715842229369411	0.9252461677148237	0.135254956998669	28.373415876332476	0.027837932108846393
6.668199796415237	0.01	0.007	0.007	0.007	0.01	0.014148530653804215	0.012727574290469964	0.010603091207345873	0.007333364834202582	0.004334391840885819	1.5818523966669187	1.55386446522822	1.9733244818673725	0.9245985890519982	0.1357948474394829	28.0391753492263	0.02777804240538843
6.730135637728042	0.01	0.007	0.007	0.007	0.01	0.013982277474804234	0.012578018575228521	0.010458847845827044	0.007233314145789947	0.0042727059919377185	1.5849449009741798	1.553308607403843	1.9749651669252926	0.9239028586005031	0.13631691632062332	27.709963101153992	0.02771847987865202
6.791883760099073	0.01	0.007	0.007	0.007	0.01	0.013818473350006999	0.012430665939559419	0.010317190185119871	0.007135065792084165	0.00421169250132019	1.5879495714316065	1.5526653215360093	1.9765101312832782	0.9231607396270605	0.13682183196615988	27.385596471713026	0.02765922501368769
6.853461048303019	0.01	0.007	0.007	0.007	0.01	0.013657033896516853	0.012285440475700033	0.010178022957673144	0.007038553224490376	0.004151340683691257	1.5908697291850866	1.5519375597298501	1.9779629621171264	0.9223738916845144	0.13731021688160303	27.065908505996813	0.027600260231439026
6.91488276919703	0.01	0.007	0.007	0.007	0.01	0.01349788168033778	0.012142272526869256	0.010041258280307726	0.006943715044455483	0.004091641027161135	1.5937084641089896	1.5511281056811086	1.979327010438145	0.9215438813780557	0.13778265307654608	26.750746001402167	0.027541569643525186
6.976162792135321	0.01	0.007	0.007	0.007	0.01	0.013340945325563177	0.012001097885926274	0.009906814748771562	0.006850494372826912	0.004032584996051218	1.5964686616366648	1.5502395917202048	1.9806054169384129	0.9206721912628266	0.1382396867367446	26.439967744480484	0.02748313882422382
7.037313751449998	0.01	0.007	0.007	0.007	0.01	0.01318615882233067	0.01186185717283127	0.009774616722887751	0.006758838351762656	0.003974164889684487	1.5991530244568517	1.5492745136885229	1.9818011334958374	0.9197602278021778	0.13868183200202536	26.133443141263722	0.027424954640498666
7.098347188764961	0.01	0.007	0.007	0.007	0.01	0.013033460925032282	0.011724495293296701	0.009644593705157646	0.006668697711757148	0.003916373719895826	1.6017640913324538	1.5482352437528688	1.9829169418027692	0.918809328225076	0.1391095742359598	25.831051026215103	0.027367005103369948
7.159273679963991	0.01	0.007	0.007	0.007	0.01	0.012882794622815275	0.011588960962468782	0.009516679794969032	0.006580026391357725	0.0038592051028522394	1.6043042535535086	1.5471240414424763	1.9839554695878088	0.9178207664237517	0.13952337287687167	25.532678614245363	0.02730927923573273
7.220102947430196	0.01	0.007	0.007	0.007	0.01	0.012734106676096951	0.011455206287992554	0.009390813210987337	0.006492781204385205	0.003802653164770288	1.6067757692978424	1.5459430631948985	1.9849192047511082	0.9167957580573881	0.13992366391955213	25.23822058337845	0.02725176695578558
7.280843950034848	0.01	0.007	0.007	0.007	0.01	0.01258734723279762	0.011323186424788776	0.009266935891425573	0.0064069215613414806	0.003746712468433528	1.6091807758269847	1.5446943708344119	1.9858105075822694	0.9157354651507594	0.1403108620211902	24.947578315218898	0.02719445898292015
7.341504967405594	0.01	0.007	0.007	0.007	0.01	0.01244246947947645	0.011192859261228124	0.00914499313257561	0.006322409217510003	0.003691377944924107	1.6115213004010767	1.5433799389126646	1.986631621582739	0.9146410000544645	0.14068536237968327	24.660659204481714	0.027137346750188657
7.402093662725017	0.01	0.007	0.007	0.007	0.01	0.012299429362238847	0.011064185168069509	0.00902493329374375	0.006239208067229657	0.0036366448449811862	1.6137992694466803	1.5420016614224923	1.9873846828561519	0.9135134291509484	0.14104754231291325	24.377376106647457	0.027080422338028955
7.462617136406663	0.01	0.007	0.007	0.007	0.01	0.012158185343820509	0.010937126779941504	0.008906707538941442	0.006157283963766932	0.0035825086982216895	1.6160165166371385	1.5405613578302053	1.9880717284542602	0.912353776204522	0.14139776264967696	24.097646857220898	0.027023678417368406
7.523082018856668	0.01	0.007	0.007	0.007	0.01	0.01201869808389221	0.010811648707755783	0.008790269520235061	0.006076604498878522	0.003528965237670084	1.6181747916978069	1.5390607773399976	1.9886947042900402	0.9111630244712835	0.14173636921876484	23.82139363889017	0.026967108156910922
7.583494462350049	0.01	0.007	0.007	0.007	0.01	0.011880930366562726	0.010687717473491603	0.008675575272997315	0.005997138929309662	0.0034760104143281576	1.6202757649297126	1.5375016048628916	1.9892554711757553	0.9099421203316559	0.1420636936489512	23.548542838220442	0.02691070522567414
7.643860240335205	0.01	0.007	0.007	0.007	0.01	0.011744846789026276	0.010565301230113847	0.008562582915887686	0.005918857968072306	0.0034236403162873825	1.6223210351031347	1.5358854637628747	1.9897558113826044	0.9086919744756664	0.14238005468809636	23.279024429269715	0.026854463695506092
7.7041847342102185	0.01	0.007	0.007	0.007	0.01	0.011610413717915874	0.01044436972231036	0.008451252577977877	0.005841733733184912	0.003371851186938403	1.6243121329176098	1.5342139208969952	1.9901974335166135	0.9074134650075764	0.1426857588180478	23.012771887369528	0.026798378049327158
7.764473007594245	0.01	0.007	0.007	0.007	0.01	0.011477599054492832	0.010324894075264565	0.00834154617020527	0.005765739588624638	0.003320639366725242	1.6262505270970675	1.5324884889151122	1.9905819776999172	0.906107438498658	0.14298110127052782	22.74972172427953	0.02674244310816971
7.82472979635051	0.01	0.007	0.007	0.007	0.01	0.011346372195866114	0.010206846759769985	0.008233427322454853	0.005690850100084581	0.0032700013074716365	1.6281376273131212	1.5307106304347529	1.9909110196528437	0.9047747125573875	0.14326636654553504	22.489813411567653	0.026686654037042092
7.884959574138561	0.01	0.007	0.007	0.007	0.01	0.01121670383506768	0.01009020141238498	0.008126861190057217	0.005617040900326066	0.0032199335222684246	1.6299747892620071	1.5288817597246065	1.991186074909605	0.90341607656577	0.14354182925157408	22.23298898481524	0.026631006281000846
7.9451665498643536	0.01	0.007	0.007	0.007	0.01	0.011088565916830764	0.009974932795652617	0.008021814391335683	0.005544288645358466	0.003170432593094953	1.6317633172738104	1.5270032460079763	1.9914086022525197	0.9020322936965226	0.14380775456287315	21.979192956187948	0.0265754955647372
8.005354704801528	0.01	0.007	0.007	0.007	0.01	0.010961931511621899	0.009861016684784278	0.007918254879905336	0.005472570925467043	0.0031214951450261293	1.6335044679305537	1.5250764153180045	1.9915800070691976	0.9006241018874941	0.144064398823329	21.728372065085903	0.026520117855698223
8.065527797630288	0.01	0.007	0.007	0.007	0.01	0.010836774762901564	0.009748429820217326	0.007816151879055057	0.005401866219279074	0.0030731178469103272	1.6351994524963134	1.5231025530779678	1.9917016442996407	0.8991922153913222	0.1443120099669622	21.48047517381976	0.026464869357085818
8.125689393233003	0.01	0.007	0.007	0.007	0.01	0.010713070787877092	0.009637149818335904	0.0077154757797717214	0.005332153822685701	0.0030252973925418807	1.6368494398553102	1.5210829057067445	1.9917748212237785	0.8977373256406751	0.1445508280084626	21.235453071159387	0.026409746479190564
8.185842859479862	0.01	0.007	0.007	0.007	0.01	0.010590795648258773	0.009527155145164284	0.007616198097449018	0.0052634138184343175	0.0029780305074198514	1.638455558377125	1.5190186830709904	1.9918007999687504	0.8962601027539854	0.14478108537204773	20.993258414526856	0.026354745840312405
8.245991419670613	0.01	0.007	0.007	0.007	0.01	0.010469926210484105	0.009418424990629415	0.007518291340200692	0.005195626984543854	0.00293131391156641	1.6400188991292324	1.5169110588605412	1.991780799862786	0.8947611955733561	0.14500300740947997	20.753845453246484	0.026299864216932256
8.306138125209456	0.01	0.007	0.007	0.007	0.01	0.010350440171760391	0.009310939291988117	0.007421729013246743	0.005128774796966506	0.002885144345170205	1.6415405167937411	1.5147611735087125	1.9917159995502598	0.8932412335490924	0.14521681258330202	20.51717008022698	0.02624509856705217
8.366285891933835	0.01	0.007	0.007	0.007	0.01	0.010232315958961872	0.00920467864287847	0.00732648552119253	0.005062839361573871	0.002839518544133364	1.643021432167007	1.5125701347886988	1.9916075389853731	0.8917008269767268	0.14542271287367964	20.283189631794706	0.026190445995459572
8.426437496538764	0.01	0.007	0.007	0.007	0.01	0.01011553271033624	0.009099624276863668	0.007232536138515819	0.004997803393391037	0.002794433246590951	1.644462633497894	1.5103390196627404	1.9914565212840554	0.8901405681423465	0.1456209140162965	20.05186285154473	0.02613590375556266
8.486595596842433	0.01	0.007	0.007	0.007	0.01	0.010000070211994113	0.00899575801030027	0.007139856944502142	0.004933650171238132	0.002749885181126193	1.6458650783239912	1.5080688751549827	1.9912640144175051	0.8885610317912065	0.14581161580681426	19.82314976462013	0.02608146922964588
8.546762732081897	0.01	0.007	0.007	0.007	0.01	0.009885908875462706	0.008893062222146256	0.007048424792184183	0.004870363515931161	0.002705871070013214	1.6472296947233493	1.5057607198417016	1.9910310528239474	0.8869627760415291	0.14599501232102854	19.597011633325703	0.026027139927378536
8.60694134308922	0.01	0.007	0.007	0.007	0.01	0.009773029678843576	0.00879151980102864	0.006958217248900193	0.00480792774885493	0.0026623876177180933	1.6485573829430744	1.5034155444891482	1.990758638847188	0.8853463427150001	0.14617129218317332	19.373410840641434	0.02597291346644041
8.667133764534121	0.01	0.007	0.007	0.007	0.01	0.009661414162670768	0.008691114141517693	0.006869212581445498	0.004746327681418568	0.00261943151978313	1.649849016312448	1.5010343136668098	1.9904477441800628	0.8837122583517663	0.14634063873498215	19.152310882084816	0.02591878757847526
8.727342245035567	0.01	0.007	0.007	0.007	0.01	0.009551044374523537	0.008591829094302447	0.006781389700911641	0.00468554857662347	0.00257699945138741	1.6511054427110243	1.4986179662015482	1.9900993111031526	0.8820610344314813	0.14650323027642068	18.93367625605816	0.025864760089982612
8.787568943327257	0.01	0.007	0.007	0.007	0.01	0.009441902859839051	0.008493648957926217	0.006694728145090596	0.0046255761366451814	0.0025350880730969573	1.6523274854436174	1.4961674164881167	1.98971425374921	0.8803931681910661	0.14665924022525675	18.717472445708513	0.02581082892486321
8.847815940349786	0.01	0.007	0.007	0.007	0.01	0.00933397262433697	0.008396558444985054	0.006609208038831716	0.004566396475169186	0.002493694025194147	1.653515944398569	1.493683555100175	1.9892934592104112	0.8787091429678909	0.14680883731154587	18.50366584454972	0.025756992092710377
8.90808524334919	0.01	0.007	0.007	0.007	0.01	0.00922723711245116	0.008300542662725738	0.0065248100677277624	0.004507996098963893	0.002452813927673185	1.6546715969770154	1.4911672496501218	1.988837788614022	0.8770094287193778	0.14695218573984695	18.29222371378935	0.025703247684363394
8.96837878995763	0.01	0.007	0.007	0.007	0.01	0.009121680186687384	0.008205587094476708	0.006441515453033305	0.0044503618903174395	0.002412444380145222	1.6557951989742556	1.48861934559278	1.9883480781366472	0.8752944825081742	0.14708944534343246	18.083114141486984	0.02564959386752776
9.028698448262533	0.01	0.007	0.007	0.007	0.01	0.009017286114745929	0.008111677588064048	0.006359305933165812	0.004393481094039407	0.002372581964289888	1.6568874853444917	1.4860406671479025	1.9878251399962281	0.8735647490699695	0.1472207717224061	17.876306017092134	0.025596028886004395
9.08904603684622	0.01	0.007	0.007	0.007	0.01	0.008914039523032049	0.00801880031399108	0.006278163719199394	0.004337341286478177	0.002333223233118632	1.6579491712814258	1.4834320173154374	1.9872697632128005	0.8718206607763606	0.14734631641754353	17.67176893939232	0.025542551041245535
9.149423300849175	0.01	0.007	0.007	0.007	0.01	0.008811925426797769	0.007926941792553039	0.006198071511085832	0.004281930386564226	0.0022943647290754837	1.6589809524694221	1.4807941797298723	1.9866827147062418	0.8700626388329242	0.14746622698296522	17.46947327626824	0.025489158712985596
9.209831951997897	0.01	0.007	0.007	0.007	0.01	0.008710929151455334	0.007836088823053235	0.006119012428717017	0.004227236607943161	0.0022560029604060134	1.6599835064262882	1.4781279177090045	1.9860647397612057	0.8682910926034514	0.14758064718630168	17.26939000885195	0.025435850323222743
9.270273632628953	0.01	0.007	0.007	0.007	0.01	0.00861103638369355	0.007746228529785784	0.006040970045242937	0.0041732484818625655	0.002218134426539394	1.6609574924976094	1.4754339765685154	1.9854165631709628	0.8665064211156831	0.14768971704929534	17.071490832830825	0.02538262436750787
9.33074995173096	0.01	0.007	0.007	0.007	0.01	0.008512233101742256	0.007657348299303787	0.005963928325982599	0.004119954814752645	0.0021807555973291813	1.6619035530416915	1.4727130827450539	1.9847388896314448	0.8647090124435404	0.14779357302457083	16.875748020332374	0.025329479382617266
9.391262468949673	0.01	0.007	0.007	0.007	0.01	0.00841450559353142	0.007569435796754749	0.00588787163649978	0.0040673446936636	0.002143862925345767	1.6628223137130935	1.4699659451735756	1.9840324046209037	0.8628992445903747	0.14789234806737006	16.68213445593406	0.02527641396021183
9.451812706620512	0.01	0.007	0.007	0.007	0.01	0.008317840428781417	0.007482478940773936	0.005812784714946446	0.004015407466990318	0.0021074528404916525	1.6637143841774118	1.4671932553894134	1.983297774950704	0.8610774855276395	0.14798617175460388	16.49062358140416	0.02522342673582136
9.512402141752037	0.01	0.007	0.007	0.007	0.01	0.008222224464098643	0.007396465908068313	0.005738652670392612	0.003964132743179195	0.0020715217568224634	1.6645803584925551	1.4643956885069849	1.982535649513351	0.8592440938129583	0.14807517036625556	16.301189405829493	0.02517051639545362
9.573032214044476	0.01	0.007	0.007	0.007	0.01	0.008127644822522994	0.007311385115018125	0.005665460961524412	0.00391351037586111	0.0020360660695237956	1.6654208157120207	1.4615739034442308	1.9817466598146847	0.8573994187120114	0.14815946698941462	16.113806465126736	0.02511768166815894
9.633704341967578	0.01	0.007	0.007	0.007	0.01	0.008034088861786748	0.0072272251891237	0.005593195366965473	0.003863530443198117	0.0020010821475208904	1.666236320556965	1.4587285427277137	1.9809314203512887	0.8555438000507964	0.1482391816260284	15.928449759185574	0.025064921311684148
9.694419898649352	0.01	0.007	0.007	0.007	0.01	0.00794154420536012	0.007143974996933018	0.005521842004381977	0.003814183260975808	0.0019665663493662064	1.667027423517478	1.4558602341496156	1.980090529490955	0.853677569278116	0.14831443124261678	15.745094813405135	0.025012234133143074
9.75518022793807	0.01	0.007	0.007	0.007	0.01	0.007849998710920611	0.007061623615677865	0.005451387301350115	0.0037654593623372965	0.0019325150155318311	1.6677946614974786	1.4529695905370426	1.9792245698111373	0.8518010492936892	0.14838532987371736	15.563717616252399	0.02495961897467339
9.815986644395938	0.01	0.007	0.007	0.007	0.01	0.007759440464473713	0.006980160327985012	0.005381817986313074	0.003717349491417281	0.0018989244701334569	1.6685385582126626	1.4500572102423106	1.9783341086165924	0.8499145547493095	0.14845198869885887	15.384294607639848	0.024907074713141603
9.876840441352755	0.01	0.007	0.007	0.007	0.01	0.007669857762820736	0.006899574606104888	0.0053131210707868404	0.003669844590929041	0.0018657910181922883	1.669259624669146	1.447123677226215	1.977419698315784	0.848018392086997	0.14851451612537658	15.20680264421414	0.024854600252906787
9.937742874766107	0.01	0.007	0.007	0.007	0.01	0.007581239131984013	0.006819856128486333	0.005245283859332354	0.0036229358089567886	0.001833110956025566	1.6699583593382292	1.4441695622874997	1.976481877138598	0.8461128603186471	0.14857301784348279	15.031219035886624	0.02480219453946983
9.998695183369565	0.01	0.007	0.007	0.007	0.01	0.00749357329223812	0.006740994748319846	0.005178293918729953	0.0035766144775396533	0.0018008805617765584	1.6706352487514329	1.4411954225292483	1.975521169294256	0.8441982506655261	0.14862759691705282	14.857521476572643	0.02474985654182169
10.0	0.01	0.007	0.007	0.007	0.01	0.0074917077413940835	0.00673931655852351	0.005176869631222758	0.003575629646660148	0.0018001952242358427	1.6706494976803945	1.441131566836211	1.9755003656666659	0.844157184588088	0.14862872269663321	14.853825130307529	0.02474873734152917
