0.0	0.01	0.007	0.007	0.007	0.01	0.0	0.0	0.0	0.0	0.0	0.0	0.0	0.0	0.0	0.0	100.0	0.035
0.006380261392132781	0.01	0.007	0.007	0.007	0.01	0.002743690917840074	0.006461175953327185	0.0030297074299378474	0.0011154522521432955	0.00029284685555347386	0.00010892073158887784	0.000494906808392396	0.0003979723237934466	7.057074640448828e-5	7.4416223245913104e-6	99.87459682991884	0.034992261550264595
0.011007584554428287	0.01	0.007	0.007	0.007	0.01	0.0046322940625080295	0.01068489207443066	0.005130969540231698	0.001903005944020664	0.0004711225726967111	0.0003193544609792024	0.0014308914333918934	0.0011692157153493164	0.00020834708242173193	2.112801400282725e-5	99.78374581937992	0.03498665026323519
0.017653701961162643	0.01	0.007	0.007	0.007	0.01	0.007203786045923843	0.016141773971678437	0.008014066894747767	0.0030034672712505365	0.0006854653540459948	0.0008039673170547201	0.0035324261560963775	0.0029518987465058906	0.0005296676292110995	5.0877642520205925e-5	99.6534031820408	0.034978592475511563
0.024168657868519954	0.01	0.007	0.007	0.007	0.01	0.009571716513156792	0.020866035197574063	0.010692885130908002	0.004048032908172187	0.0008559239920254796	0.001475781624025557	0.006364815410871682	0.0054334690533081615	0.0009814924414384453	8.958765393369012e-5	99.52579811861177	0.03497069550989992
0.031745866859399854	0.01	0.007	0.007	0.007	0.01	0.012147236778414745	0.025676105584718518	0.013634542892349376	0.005221648362650803	0.00101441688370119	0.002485850612383986	0.010499478420906492	0.009180897048700315	0.0016711868906562257	0.00014411750719382088	99.37759277166948	0.034961513199319366
0.03966220608713977	0.01	0.007	0.007	0.007	0.01	0.014646464471270175	0.030015313992662825	0.01651903307611921	0.006401887852254734	0.0011437086317560886	0.0037852590532376825	0.015655400068478768	0.014024408832534058	0.002573030464495293	0.0002096932232384247	99.22298998177195	0.034951922494867387
0.048275408308734724	0.01	0.007	0.007	0.007	0.01	0.01715928344671031	0.034050440934098015	0.019451248846551757	0.0076345247687523345	0.0012516332669433086	0.0054604691583413885	0.02209368068165389	0.020299036036461424	0.0037556932955372063	0.000288715824098705	99.05505094460374	0.034941490524167444
0.05735008431485576	0.01	0.007	0.007	0.007	0.01	0.019591712622076547	0.037641645318051316	0.02232250257032667	0.008877137758539861	0.001337084586652905	0.007495849453876205	0.029665395220906193	0.027960831789688518	0.0052184353388589465	0.0003784905185261997	98.87842164087273	0.034930503002897136
0.0669909220892939	0.01	0.007	0.007	0.007	0.01	0.0219537552740735	0.04083035479442577	0.025143663987794086	0.01013646682524685	0.0014039968700030674	0.009935376092459449	0.03844793561862475	0.03719040868454898	0.007004059217373934	0.00047925389637334145	98.69111760649515	0.03491883376409281
0.07712687646381226	0.01	0.007	0.007	0.007	0.01	0.024211347394471353	0.04360060240089013	0.027872108906847957	0.011395304109152097	0.0014547325088957999	0.012779334007621986	0.04835648406290557	0.04800454938663173	0.009125188111567708	0.0005894846897904222	98.4945769476857	0.03490656944152745
0.08779529487573304	0.01	0.007	0.007	0.007	0.01	0.026360008926099722	0.045982479583924714	0.030498967856407887	0.012650680546223834	0.0014923445641302397	0.016051168171608017	0.0593918541239429	0.060507715303814144	0.01161249790588027	0.0007088108914937323	98.28813434734982	0.03489366549991094
0.098985252742967	0.01	0.007	0.007	0.007	0.01	0.028386565844741637	0.04799816688780111	0.033003408965605684	0.013893452454470873	0.0015193595457773143	0.01975774291785655	0.07150061156668491	0.07474069949634403	0.014485244948471561	0.0008364059075143229	98.07206446324125	0.03488013585806845
0.1107231088590337	0.01	0.007	0.007	0.007	0.01	0.03028706454482191	0.049681258757188235	0.035374394648724584	0.01511854905813007	0.0015381025616606689	0.023914735611628744	0.0846634618424824	0.09077657223986586	0.01777019202082319	0.0009719432505776298	97.84592549572149	0.03486594939663887
0.12302527476979161	0.01	0.007	0.007	0.007	0.01	0.03205689384163815	0.05106421673596368	0.03759863045078077	0.016319278198152952	0.0015505170085654183	0.02853258695613063	0.09884875814077813	0.10866599783168074	0.021490704086313487	0.0011150740300725553	97.60947428573567	0.0348510870987784
0.13592401491604397	0.01	0.007	0.007	0.007	0.01	0.03369482465056084	0.052181066824361216	0.03966558065424376	0.017489928195902442	0.0015582450594192332	0.033625768442847294	0.11404253043307848	0.1284717973848994	0.025673822457751457	0.0012657198475749295	97.36217035701287	0.034835510880683644
0.1494533332637372	0.01	0.007	0.007	0.007	0.01	0.03520035512658912	0.05306421204516052	0.04156416038623989	0.018624111470288373	0.0015626513694633826	0.03920817104532036	0.13023381842347498	0.15024983529874644	0.030346412485204356	0.001423904675884717	97.10344976734848	0.034819180671380165
0.163656982959204	0.01	0.007	0.007	0.007	0.01	0.036574470937198254	0.0537444474603137	0.043283690074023794	0.01971533006802003	0.0015648881157954214	0.0452964914860848	0.14742462277853008	0.17406055532328002	0.03553767889944735	0.0015898428109022977	96.83257368692045	0.0348020447651513
0.1785844319497218	0.01	0.007	0.007	0.007	0.01	0.0378188540485738	0.05425008795053155	0.0448129095022461	0.02075642896602442	0.0015659532402069298	0.05190885885407634	0.16562538899786095	0.19996167395953426	0.04127772995502804	0.0017638891461754134	96.54870844453194	0.03478404472445147
0.19429351120593547	0.01	0.007	0.007	0.007	0.01	0.03893593547714537	0.05460682682385497	0.04614008356665524	0.021739645387500665	0.0015667493296025734	0.059066069165393	0.1848580793697331	0.22801059350315395	0.04759821527465663	0.001946571991836889	96.25087807292701	0.03476511222034117
0.2108491784926756	0.01	0.007	0.007	0.007	0.01	0.039928612333307745	0.05483755281728994	0.04725274720978696	0.022656385567691513	0.0015681351570320749	0.06679107500174102	0.20515429488306147	0.258259484018875	0.054531347434457283	0.0021385866179190033	95.9379914194483	0.034745170565129636
0.22832382956611819	0.01	0.007	0.007	0.007	0.01	0.040800183516997934	0.05496237313359532	0.04813782127051184	0.02349718002529414	0.00157096890519975	0.0751090281233389	0.22655505545940757	0.2907519668912984	0.06210921032792619	0.002340814255035704	95.60884013240988	0.034724134382971034
0.24679534772226222	0.01	0.007	0.007	0.007	0.01	0.04155423136262762	0.0549986993146704	0.04878182976874363	0.024251613980960804	0.0015761412417373759	0.08404615288548103	0.24910767043812193	0.32551469652227805	0.07036178365785464	0.002554323316453949	95.2621395940345	0.03470191200755091
0.2663436624648325	0.01	0.007	0.007	0.007	0.01	0.04219458473733702	0.05496142600125192	0.04917147925798173	0.024908387697501488	0.0015845968545958474	0.09362774819086779	0.27286075683727956	0.36254525264016446	0.07931385849266186	0.002780362529639356	94.89659735146961	0.034678409668616655
0.28704356128191905	0.01	0.007	0.007	0.007	0.01	0.0427253306377422	0.05486318386891932	0.04929470802906202	0.02545554130922095	0.001597341527650074	0.10387422921529191	0.2978548667089743	0.4017927650946276	0.0889797989003879	0.0030203191607754845	94.51105008130988	0.034653540166674913
0.30895348469617967	0.01	0.007	0.007	0.007	0.01	0.04315094780766314	0.054714665435618835	0.04914243266417239	0.02588101627032411	0.0016154302857059378	0.11479511341510738	0.32410875815266965	0.44313228626613194	0.09935610174868388	0.0032756353084303393	94.1046717176583	0.03462723633268326
0.33210263172274956	0.01	0.007	0.007	0.007	0.01	0.04347660203397287	0.05452497999169273	0.04871099681820719	0.02617371064856617	0.0016399340483813413	0.12638227617823872	0.3516045311076853	0.48634007181758204	0.11041328753302797	0.003547700217247473	93.67720685445792	0.03459946644733948
0.3564842875300199	0.01	0.007	0.007	0.007	0.01	0.0437085470164395	0.054301929297233334	0.04800472103332604	0.026324992997830626	0.0016718946608286983	0.13860670719431634	0.38028121983328395	0.5310875600173076	0.12209172263364962	0.0038377988227510968	93.22908226129874	0.034570242115822276
0.3820633413092726	0.01	0.007	0.007	0.007	0.01	0.043854369151546446	0.0540520970964699	0.04703728577560967	0.026330177321161486	0.0017122956231907295	0.15142295409050296	0.41004565019183237	0.5769689446675648	0.13430598428962015	0.004147205678897579	92.76125401641568	0.03453960909160654
0.4087943662888245	0.01	0.007	0.007	0.007	0.01	0.04392279261990477	0.053780803278179884	0.04583109517501547	0.026189257178459012	0.0017620716323924436	0.1647792664838205	0.4407950533490933	0.6235510421005107	0.14695596643152378	0.004477394217016676	92.27486515303735	0.034507625492022014
0.4366355992663536	0.01	0.007	0.007	0.007	0.01	0.04392309667721285	0.05349212194528844	0.044415250983214694	0.025906726765040553	0.0018221463455803848	0.17862565483559745	0.47243364769764795	0.6704134475165484	0.15993676930014766	0.004830204818809029	91.77098655490529	0.034474345018519426
0.46555026164430524	0.01	0.007	0.007	0.007	0.01	0.04386449328851435	0.053189075461661316	0.04282342565162034	0.025490958152117323	0.0018934661765312413	0.1929153306178221	0.504873865922878	0.717162897170219	0.17314256294625113	0.005207870198991526	91.25059318509066	0.03443981538027705
0.4954971020204181	0.01	0.007	0.007	0.007	0.01	0.04375572438327258	0.05287395968249131	0.041092315261259255	0.024953624062951204	0.001977003574259313	0.20760058939495674	0.5380255507552213	0.7634284972312	0.18646544998910933	0.005612901618043132	90.71473373489881	0.03440408958256353
0.5264162054784967	0.01	0.007	0.007	0.007	0.01	0.04360491263266368	0.052548698570395895	0.03926057102691441	0.024309312222351373	0.0020737185038336736	0.2226264349596037	0.5717808790244641	0.8088518187114505	0.1997927824782718	0.006047881518609842	90.16477838400311	0.034367242784095024
0.5582181053194185	0.01	0.007	0.007	0.007	0.01	0.04341955726457786	0.05221512112801807	0.037367634089952244	0.023575140791294733	0.002184488650780965	0.2379260933092482	0.6060042037222384	0.8530856328742442	0.21300694663421502	0.006515243188268939	89.6025988493192	0.034329385111533106
0.5907820427708328	0.01	0.007	0.007	0.007	0.01	0.04320654196166919	0.051875096511642	0.035452031743264535	0.02277008791764645	0.0023100338616713445	0.2534211779828052	0.6405326536347167	0.895806710562544	0.22598967424814717	0.007017116828173133	89.03058037550035	0.03429066350595145
0.6239717175403493	0.01	0.007	0.007	0.007	0.01	0.042972031792990424	0.05153045040949781	0.03354880541945263	0.02191373228829131	0.0024508940878074773	0.26903008371209014	0.6751950934768618	0.9367467989458922	0.23863270441516723	0.007555408681093589	88.45132770641368	0.03425124278184704
0.6576540574159802	0.01	0.007	0.007	0.007	0.01	0.04272133673722478	0.05118282821417805	0.03168731350051671	0.021024836636262235	0.002607444327097164	0.28467718242836587	0.7098326389997228	0.9757156465961252	0.25084707148171953	0.008131966099381204	87.86732960462861	0.034211283231444706
0.6917140321998689	0.01	0.007	0.007	0.007	0.01	0.04245882722228751	0.05083358605339149	0.029890061717694188	0.020120188362690368	0.0027799296122586973	0.3002994542082126	0.7443133189151585	1.0126082048005762	0.26256800466706365	0.008748749894600649	87.28070474184186	0.0341709230741354
0.7260599735882943	0.01	0.007	0.007	0.007	0.01	0.0421879613554821	0.05048377000408596	0.0281727881916031	0.019213993506584037	0.0029684869497399007	0.31584822052947514	0.778535855762519	1.0473947281159857	0.27375430238905685	0.009407911524678542	86.69312043875942	0.03413027226941659
0.7606236468564967	0.01	0.007	0.007	0.007	0.01	0.04191138522836223	0.05013414047408129	0.026545276160665442	0.01831771975082912	0.0031731574632326482	0.3312882988341195	0.8124277970593361	1.0801043327304893	0.28438502232654445	0.01011181463133566	86.10580454347559	0.034089412584088895
0.7953577585266306	0.01	0.007	0.007	0.007	0.01	0.04163106531642864	0.04978521560163854	0.025012472053772144	0.017440236988514966	0.0033938917643117324	0.3465960194387765	0.8459411878838361	1.1108079336380219	0.29445526957876483	0.010863025489749349	85.51960080590489	0.034048400692067146
0.8302332648530641	0.01	0.007	0.007	0.007	0.01	0.04134841776089888	0.04943731133036019	0.023575602104667304	0.01658810059412173	0.003630556335906085	0.36175726408248615	0.8790483165317686	1.1396039800333961	0.3039722772958595	0.011664305385471644	84.93502597495589	0.034007271491689264
0.865236903623693	0.01	0.007	0.007	0.007	0.01	0.041064422169425185	0.0490905755535924	0.02223317039863377	0.01576589375450411	0.0038829416158117085	0.3767657284572094	0.9117379543243138	1.1666073127367018	0.31295204349812716	0.012518610020450164	84.35232133304471	0.03396604113942932
0.9003692763718223	0.01	0.007	0.007	0.007	0.01	0.04077971445527086	0.04874501429758946	0.020981785669442976	0.014976572226212102	0.004150772997290117	0.39162153979085323	0.9440123630028185	1.191940995705508	0.3214166259970144	0.013429102687838352	83.77149340627459	0.033924709416639484
0.9356434100978833	0.01	0.007	0.007	0.007	0.01	0.040494659894182564	0.04840051155148642	0.0198168172937536	0.014221784944660412	0.0044337238561603315	0.4063301745530006	0.9758849427688581	1.215730521007325	0.3293920198589904	0.014399180988070763	83.19234543878778	0.03388326151759041
0.9710837891775627	0.01	0.007	0.007	0.007	0.01	0.04020940863566492	0.04805684345157964	0.01873289590932798	0.013502156298128041	0.004731430151899546	0.42090164758804105	1.0073784559193897	1.2380998784392938	0.33690653954709204	0.015432518579821862	82.61450017594672	0.033841669274416473
1.0067259008666476	0.01	0.007	0.007	0.007	0.01	0.039923935928899534	0.04771368685715365	0.017724280707992892	0.012817524222149304	0.005043506727190317	0.4353499652151675	1.038523807997428	1.2591690734004481	0.3439896307665902	0.016533125711151973	82.03741365395241	0.0337998917729559
1.0426163600309026	0.01	0.007	0.007	0.007	0.01	0.039638069071351846	0.047370622076831036	0.016785117597816913	0.0121671340477197	0.00536956581363071	0.449692842106371	1.0693593829486983	1.2790527477647173	0.35067103832197044	0.01770543433090066	81.46037938493821	0.03375787528820699
1.0788137168953034	0.01	0.007	0.007	0.007	0.01	0.039351502502691864	0.04702712913144419	0.015909610880618763	0.011549791140572549	0.005709238695478606	0.46395169444565715	1.0999309539829327	1.2978596345797584	0.3569802645312711	0.018954416606296626	80.88252178704	0.033715552424534334
1.1153902602204118	0.01	0.007	0.007	0.007	0.01	0.03906380051056152	0.04668257501758457	0.015092124570670301	0.010963974352699923	0.006062203477017658	0.4781519982322427	1.1302923520232944	1.3156927205560236	0.36294628799560147	0.020285755734173495	80.30277452145457	0.03367284010386021
1.1524352007371206	0.01	0.007	0.007	0.007	0.01	0.03877438624956567	0.04633618893400311	0.01432722784814339	0.010407913880213292	0.006428222660294389	0.49232411520071134	1.1605070957248451	1.3326500146176896	0.36859751085625125	0.021706096332217786	79.71983857261615	0.033629635964914376
1.190060108509823	0.01	0.007	0.007	0.007	0.01	0.03848251190133868	0.04598701815002659	0.013609689819475263	0.009879632602560601	0.006807198755098972	0.506504853709195	1.1906515285773014	1.348826008155092	0.37396195707534713	0.023223428865224917	79.13210770236215	0.0335858121732073
1.2284082338258135	0.01	0.007	0.007	0.007	0.01	0.03818719921935703	0.045633850808836404	0.012934420433646168	0.009376945251922845	0.007199263204942547	0.5207402684403645	1.220820490464248	1.3643140990828617	0.37906779679784497	0.02484771053922224	78.53753814202655	0.03354120477514061
1.2676711571207884	0.01	0.007	0.007	0.007	0.01	0.03788712657156084	0.04527507648869283	0.012296336536804781	0.008897397301997345	0.007604930895232737	0.5350907806210323	1.2511377345923163	1.3792106919741554	0.38394440231158267	0.026591936256604463	77.933413296991	0.03349559464561108
1.3081211269373612	0.01	0.007	0.007	0.007	0.01	0.03758040325862179	0.04490841328767491	0.011690086223970478	0.008438091068930958	0.00802539914075808	0.5496412785039638	1.2817765409263477	1.3936228726505755	0.3886244979366837	0.028474168425787365	77.31588330882677	0.03344867043464379
1.3501816868462115	0.01	0.007	0.007	0.007	0.01	0.03726406990586993	0.04453030846014372	0.011109439418636178	0.007995250358135668	0.008463205910733027	0.5645234174548295	1.3130053333757463	1.4076848927393528	0.39314896634196456	0.030521895455163046	76.67895399913519	0.0333999475631334
1.394615638947881	0.01	0.007	0.007	0.007	0.01	0.036932758225911785	0.04413433515351748	0.010545640426475631	0.007562980093252758	0.0089240060875447	0.5799755591790398	1.345310568245805	1.4216023006245295	0.3975799793145198	0.032783451665900756	76.01178267897419	0.03334855244874343
1.443185710440837	0.01	0.007	0.007	0.007	0.01	0.036573962833983925	0.04370554106400818	0.009981580172951334	0.007128793966243844	0.009422882859455117	0.596554600303408	1.3798315699312973	1.4358078527306652	0.40204773985638353	0.03536783545563259	75.2891467740537	0.0332924637040178
1.4974703336550066	0.01	0.007	0.007	0.007	0.01	0.0361770707774701	0.04323123898353872	0.009408470190208535	0.006686518063539561	0.009971004556267855	0.6147067180474864	1.41745536919193	1.4505536238882435	0.4066184955192976	0.03838987850058562	74.48961552969605	0.03322988742145846
1.544300911798937	0.01	0.007	0.007	0.007	0.01	0.035838140339014744	0.04282621455851848	0.00895720183897118	0.00633795343888117	0.010433134478640365	0.630052383735141	1.4491160879112304	1.4624023654913247	0.41023558495739393	0.041105039554038755	73.8066963665304	0.03317599825487122
1.5917963553103587	0.01	0.007	0.007	0.007	0.01	0.03549764478560415	0.04241932645240495	0.008535859248297336	0.006012645045912769	0.010889409933817285	0.6453247146946025	1.4804875075059152	1.4736666443382778	0.4136229417282435	0.043955555201558465	73.12047630415572	0.03312143327208191
1.636632186062262	0.01	0.007	0.007	0.007	0.01	0.03517918999745701	0.042038780739383705	0.008168277915241726	0.0057292478882535625	0.011306977654927712	0.6594776717004394	1.509432322798766	1.4836605388241326	0.4165822104133028	0.0467307939614011	72.4785379248231	0.03307000612544341
1.6809498189161547	0.01	0.007	0.007	0.007	0.01	0.03486722932006281	0.04166599775961283	0.0078309165716095	0.005469714745692337	0.011705809695673124	0.6732194514676176	1.5374150063233818	1.4929754980854235	0.4192978307219418	0.04954940355002356	71.84955741804032	0.033019251828610326
1.7238800960677523	0.01	0.007	0.007	0.007	0.01	0.03456767873983082	0.04130804594006591	0.007526444294156011	0.005236130321119861	0.012077943615532319	0.6863003952832073	1.5639373284386202	1.5015035973629463	0.4217449276092539	0.052346491153049846	71.24547226608622	0.03297016066304104
1.7661374826835214	0.01	0.007	0.007	0.007	0.01	0.034275342982288695	0.04095871649398661	0.007246277620984238	0.0050218810256405025	0.012429797837569949	0.6989584041715491	1.5894921176536472	1.5094552424263357	0.42399019988611414	0.0551592157980128	70.65581592535018	0.032921910233494396
1.8075481690256174	0.01	0.007	0.007	0.007	0.01	0.03399126947286054	0.040619260673432966	0.006988904141847221	0.004825759785112847	0.012760117434128759	0.7111565483090422	1.614012823472583	1.5168498102894412	0.4260442225661428	0.05796840808453975	70.08270917573265	0.03287469509029827
1.8484002998398055	0.01	0.007	0.007	0.007	0.01	0.03371334079680076	0.04028714801640189	0.006750276919792573	0.004644613619620797	0.01307151794617616	0.7229933947242754	1.6377049410804745	1.5237836042892583	0.42793833788222296	0.060786712124189415	69.52188775076576	0.032828183144736636
1.8887068943950551	0.01	0.007	0.007	0.007	0.01	0.03344135682273633	0.03996213922226788	0.006528506561540085	0.004476934435781236	0.01336440571760172	0.7344837251531797	1.6606040890909388	1.5302951099652315	0.42968695963599024	0.06360908984731237	68.97295400391778	0.03278235681055764
1.9286127975383525	0.01	0.007	0.007	0.007	0.01	0.03317424426914232	0.03964295166893542	0.006321271186858063	0.004320889920785909	0.013640175225970105	0.7456783649301035	1.6828168740263818	1.5364385768444937	0.4313081144658205	0.06644035371179062	68.43374724397921	0.03273704906058568
1.968172272263514	0.01	0.007	0.007	0.007	0.01	0.03291156226582574	0.03932905847257992	0.006127023595244344	0.004175240076188977	0.013899534239045044	0.7566004153802884	1.7043936168134297	1.5422481160922665	0.4328138194529521	0.06927961912376072	67.90338210396249	0.032692196439192564
2.007473936099176	0.01	0.007	0.007	0.007	0.01	0.032652657608108746	0.03901967904135179	0.005944255946487346	0.004038781802067928	0.014143400148939783	0.7672810478646854	1.7253997872125793	1.5477587448695964	0.43421583124032803	0.07212895662929071	67.38054371019061	0.03264769697713895
2.046573478054054	0.01	0.007	0.007	0.007	0.01	0.03239711113314316	0.03871431246717114	0.005771799925593009	0.003910574194873186	0.014372444851474781	0.7777409879552404	1.745879462619147	1.55299701843745	0.4355232840479843	0.07498850522096828	66.86438895719904	0.032603486473148015
2.085532768060994	0.01	0.007	0.007	0.007	0.01	0.032144476086312615	0.03841242488034068	0.005608602367095008	0.0037897697165962326	0.014587351181205523	0.7880014976453812	1.7658771285992914	1.557987396270595	0.436744414477313	0.07785920463642985	66.35401836055735	0.032559494101228326
2.1244000615093652	0.01	0.007	0.007	0.007	0.01	0.031894406179735865	0.038113602470479006	0.005453788875139093	0.0036756608064402916	0.0147886959308465	0.7980792075949137	1.7854276362489523	1.5627500429039096	0.4378860720737257	0.08074129220292532	65.84873478231015	0.0325156647602808
2.1632222795677873	0.01	0.007	0.007	0.007	0.01	0.03164657376134039	0.03781745370015315	0.00530658865575424	0.0035676231930474125	0.01497702462110117	0.807989547122485	1.8045630022442583	1.567302893443417	0.4389542888061845	0.08363514941489009	65.34787823191873	0.03247194514680062
2.2020389124712096	0.01	0.007	0.007	0.007	0.01	0.03140070771383379	0.03752365459109217	0.005166342108118809	0.0034651206628203463	0.01515282277165886	0.817745284920878	1.823309650804545	1.5716612444907543	0.4399542276084666	0.08654080847366619	64.85090251569115	0.03242829059447356
2.240886888250598	0.01	0.007	0.007	0.007	0.01	0.031156560949572344	0.037231909881105675	0.005032467731382963	0.0033676799220626018	0.01531654420948821	0.8273578984931933	1.8416911345113873	1.5758386325735436	0.440890431599935	0.08945827889217954	64.35730962181921	0.0323846595521226
2.279798783209653	0.01	0.007	0.007	0.007	0.01	0.030913920752681363	0.036941965381866025	0.004904457545804743	0.0032748865369045693	0.015468605712298527	0.8368372141310971	1.8597274978848912	1.579846862482397	0.44176686433650586	0.09238738571683215	63.86667067983033	0.03234101556953453
2.318804642555369	0.01	0.007	0.007	0.007	0.01	0.030672596382142252	0.03665359316474902	0.004781861420057826	0.0031863728560159454	0.015609397841768763	0.8461919422492945	1.8774363540413745	1.5836964027264409	0.4425870285646824	0.09532788288096315	63.37860094996742	0.03229732522656509
2.357931658227256	0.01	0.007	0.007	0.007	0.01	0.030432420337357925	0.03636659307286725	0.004664280653990375	0.0031018127762785157	0.015739285989289236	0.8554296654833885	1.8948329043515377	1.5873965108944774	0.4433540185460837	0.09827941021680142	62.89276242376628	0.03225355847441734
2.397204948133801	0.01	0.007	0.007	0.007	0.01	0.03019324287006587	0.036080786162870956	0.004551359254315811	0.003020914917248686	0.015858615385064168	0.8645570848677518	1.9119304426635086	1.5909554454338843	0.44407058702068775	0.1012415367241787	62.40885276194655	0.03220968774473305
2.4366476341147982	0.01	0.007	0.007	0.007	0.01	0.029954930958989476	0.03579601347958582	0.0044427785604102335	0.0029434182921603083	0.015967713096171836	0.8735800870925268	1.928740513963537	1.594380583728421	0.4447391882925286	0.10421375378296842	61.92660325139742	0.032165687847716624
2.476281232871777	0.01	0.007	0.007	0.007	0.01	0.02971736545130391	0.035512132640112	0.004338251801670336	0.002869087993734487	0.016066890753398316	0.8825038779579059	1.9452731926989801	1.5976785513571827	0.44536202055491353	0.10719549416671854	61.445773049128874	0.032121535522668096
2.5161258154943376	0.01	0.007	0.007	0.007	0.01	0.029480439696995087	0.03522901620189283	0.00423752005391515	0.0027977119397923043	0.016156446252566344	0.8913330548716707	1.9615372421996558	1.600855314535484	0.44594105808765666	0.11018613537839572	60.96614644217156	0.03207720924941988
2.5562002403356847	0.01	0.007	0.007	0.007	0.01	0.029244057805774992	0.034946549579771925	0.004140348577477218	0.0027290979401741085	0.016236665415590743	0.9000716904789845	1.977540291069749	1.6039162663412487	0.4464780800008599	0.11318500993300082	60.487529340105695	0.032032688979848484
2.5965222973625828	0.01	0.007	0.007	0.007	0.01	0.029008133492492382	0.03466462966628882	0.004046523872393074	0.0026630713164223245	0.016307823213177045	0.9087233914391188	1.9932889602083839	1.6068662950274404	0.4469746936586075	0.11619141012295048	60.009746955560324	0.03198795596969585
2.637108873218538	0.01	0.007	0.007	0.007	0.01	0.02877258884870217	0.03438316336374543	0.003955851078996041	0.0025994728033529586	0.01637018485308637	0.9172913576288129	2.0087889877626712	1.6097098452557705	0.44743235515398155	0.11920459525303186	59.532641332557866	0.03194299258880374
2.677976062879077	0.01	0.007	0.007	0.007	0.01	0.028537353471052636	0.03410206654265966	0.0038681518366699206	0.0025381568064643356	0.016424006612395438	0.925778426192172	2.0240453238925387	1.61245096800405	0.44785238637133107	0.122223795619836	59.05606959506433	0.03189778219192586
2.719139278859689	0.01	0.007	0.007	0.007	0.01	0.028302363638161434	0.033821263058164734	0.0037832624184769956	0.0024789898815257105	0.01646953654975472	0.9341871122005828	2.039062217343801	1.6150933643420537	0.4482359898000674	0.12524821691888896	58.57990229187664	0.031852308993280155
2.7606133559285966	0.01	0.007	0.007	0.007	0.01	0.028067561546035603	0.0335406838363678	0.0037010321075420685	0.002421849408623411	0.016507015100968272	0.9425196456954615	2.053843293573969	1.6176404236962072	0.44858426136916224	0.128277044791579	58.10402185835041	0.031806557947074834
2.8024126239211196	0.01	0.007	0.007	0.007	0.01	0.027832894753200246	0.03326026621130347	0.003621321833018116	0.0023666224693526805	0.016536675550954984	0.9507779999592538	2.0683916155546807	1.6200952557100907	0.4488982013668625	0.13130944741371406	57.6283215015756	0.03176051466412875
2.8445509786079337	0.01	0.007	0.007	0.007	0.01	0.027598315658516774	0.032979953300950694	0.003544002969771681	0.002313204857126249	0.01655874444089866	0.9589639176164227	2.0827097393960408	1.622460718423847	0.44917872401665004	0.13434457827659463	57.15270415062677	0.03171416533131601
2.8870419622987833	0.01	0.007	0.007	0.007	0.01	0.027363780946509902	0.032699693344423866	0.0034689562603519982	0.002261500189574615	0.016573441917446075	0.9670789368905507	2.096799768912886	1.6247394438066078	0.44942666593466146	0.137381579914751	56.67708133977038	0.03166749662099812
2.929898806399112	0.01	0.007	0.007	0.007	0.01	0.027129251263509326	0.03241943931497859	0.0033960709260083388	0.002211419166879358	0.016580982010690012	0.9751244089664479	2.1106633934828514	1.6269338584258715	0.4496427933234185	0.1404195850897091	56.2013725586522	0.03162049564292652
2.9731344890820064	0.01	0.007	0.007	0.007	0.01	0.02689469082464879	0.032139148450394645	0.00332524384943172	0.0021628788929431188	0.016581572884728207	0.983101517099585	2.1243019280531805	1.6290462027161885	0.4498278084291532	0.1434577192405957	55.72550446150778	0.031573149880018456
3.016761785804246	0.01	0.007	0.007	0.007	0.01	0.0266600670757953	0.03185878184899816	0.003256378858613255	0.0021158022782173367	0.01657541704941859	0.9910112931710492	2.1377163477965917	1.6310785478134375	0.4499823551993958	0.14649510254214101	55.24941018697654	0.031525447132518945
3.0607933301333983	0.01	0.007	0.007	0.007	0.01	0.026425350315203957	0.03157830401755676	0.003189386072277226	0.00207011749565897	0.01656271153707745	0.9988546349734705	2.1509073230892204	1.6330328110323629	0.45010702430139843	0.14953085275149297	54.773028595418666	0.03147737545142044
3.1052415935343585	0.01	0.007	0.007	0.007	0.01	0.026190513758688392	0.031297682949159474	0.0031241814334143723	0.0020257575746980556	0.016543648081871178	1.0066323081962698	2.1638752280488296	1.6349107662498887	0.45020235735637043	0.15256408254833792	54.29630440580827	0.0314289231607748
3.150118959551298	0.01	0.007	0.007	0.007	0.01	0.02595553310693236	0.03101688960617337	0.0030606861499159962	0.0019826599402632938	0.01651841326962941	1.0143449647928648	2.1766201762698305	1.6367140573937144	0.45026885102858	0.15559390352354296	53.81918732189716	0.03138007877715555
3.195437758657712	0.01	0.007	0.007	0.007	0.01	0.025720386336832077	0.030735897670908504	0.002998826250312913	0.0019407660382802757	0.01648718866983279	1.0219931533247635	2.1891420422441454	1.6384442088065703	0.4503069605039468	0.1586194274352529	53.3416316123836	0.03133083097259626
3.2412102921338444	0.01	0.007	0.007	0.007	0.01	0.025485053558648097	0.030454683374922215	0.0029385321977862425	0.0019000210077043359	0.016450150963839096	1.029577326824905	2.201440478189119	1.640102634174951	0.45031710258433183	0.16163976676402164	52.863595824311695	0.03128116854980574
3.2874488660211174	0.01	0.007	0.007	0.007	0.01	0.025249516828545183	0.030173225275013652	0.0028797385279642693	0.0018603733749631953	0.0164074720583851	1.0370978518275717	2.2135149323382417	1.641690644965944	0.450299658466327	0.1646540359701359	52.38504240551907	0.03123108040675148
3.334165817085677	0.01	0.007	0.007	0.007	0.01	0.025013760010568563	0.029891504088292768	0.002822383531563561	0.0018217747844497352	0.01635931919642171	1.0445550155115548	2.225364663696104	1.6432094577484218	0.45025497621605215	0.16766135222354084	51.9059374271336	0.031180555510265776
3.38137353349288	0.01	0.007	0.007	0.007	0.01	0.02477776867192102	0.029609502567042284	0.002766408972712392	0.0017841797582180657	0.016305855068917772	1.051949031563215	2.2369887543814233	1.644660200655768	0.45018337299617994	0.1706608358060099	51.42625037346193	0.031129582875670594
3.429084505016224	0.01	0.007	0.007	0.007	0.01	0.02454152983814332	0.02932720520616878	0.0027117597992812074	0.0017475454550552438	0.016247237887077	1.0592800501842912	2.24838612806372	1.6460439200959904	0.4500851370082276	0.17365161237217744	50.94595364679371	0.031078151514855126
3.4773113304924923	0.01	0.007	0.007	0.007	0.01	0.024305031970777855	0.02904459821651343	0.002658383929200434	0.0017118314848988492	0.01618362149524005	1.0665481608616707	2.259555556548628	1.6473615855021677	0.44996052926861263	0.17663281244133786	50.46502252407614	0.0310262504309151
3.526066751529084	0.01	0.007	0.007	0.007	0.01	0.02406826481978088	0.028761669348491184	0.002606232026150541	0.001676999719917599	0.01611515545266317	1.0737533988957475	2.2704956719734772	1.6486140943974146	0.44980978516581915	0.17960357254272918	49.98343485878192	0.03097386858475186
3.5753636812318956	0.01	0.007	0.007	0.007	0.01	0.023831219308841446	0.028478407755052126	0.002555257301280937	0.00164301412656709	0.01604198511601228	1.0808957506821515	2.281204976646329	1.649802276786039	0.4496331158404592	0.1825630359842113	49.501170849367874	0.030920994867440075
3.625215227628706	0.01	0.007	0.007	0.007	0.01	0.02359388745346589	0.028194803893796624	0.0025054153379894385	0.0016098406162396563	0.015964251727006402	1.0879751578195382	2.2916818507580548	1.6509268989658983	0.4494307094246642	0.18551035324752813	49.018212874134285	0.030867618078660126
3.675634745201413	0.01	0.007	0.007	0.007	0.01	0.02335626215335377	0.027910849278872305	0.002456663905038935	0.001577446891096068	0.01588209245296741	1.0949915247672823	2.301924564942234	1.6519886675362787	0.44920273201450683	0.18844468396686195	48.53454506998528	0.030813726875454552
3.7266358379125317	0.01	0.007	0.007	0.007	0.01	0.023118337224046152	0.027626536518793713	0.002408962833163258	0.0015458023348160076	0.015795640500407	1.1019447191748615	2.3119312815910424	1.6529882319035039	0.44894932869878007	0.19136519595010432	48.05015339781293	0.030759309773363785
3.778232407090283	0.01	0.007	0.007	0.007	0.01	0.022880107222727528	0.02734185910828177	0.0023622738599535786	0.0015148778846277911	0.015705025157772425	1.1088345781948798	2.3217000646850607	1.653926187444667	0.4486706242842828	0.19427106676993536	47.56502528875818	0.030704355099964217
3.8304386914050044	0.01	0.007	0.007	0.007	0.01	0.02264156732304439	0.027056811278676565	0.0023165604968772174	0.0014846459203002634	0.015610371845627637	1.1156609130873374	2.331228886564153	1.654803078060466	0.44836672391022864	0.1971614847296705	47.07914938983125	0.030648850957465848
3.883269287733613	0.01	0.007	0.007	0.007	0.01	0.022402713286663264	0.026771387963950278	0.0022717879246660394	0.0014550801739191888	0.015511802200557942	1.1224235108737848	2.3405156301503984	1.655619398068092	0.448037713661985	0.2000356486476891	46.592515506284045	0.030592785206162196
3.936739212426886	0.01	0.007	0.007	0.007	0.01	0.02216354126033647	0.02648558455820726	0.002227922864242838	0.001426155625323209	0.015409434085147257	1.129122140801738	2.3495580974397026	1.6563755944442653	0.447683660843144	0.20289276973931006	46.105114188258426	0.030536145405504832
3.9908639333945626	0.01	0.007	0.007	0.007	0.01	0.02192404771829969	0.02619939684685046	0.002184933484104956	0.0013978484233361712	0.015303381649519337	1.1357565564343997	2.3583540113577643	1.6570720682281845	0.44730461430678514	0.20573207170443353	45.61693661308849	0.03047891878687984
4.045659414883814	0.01	0.007	0.007	0.007	0.01	0.021684229357889204	0.02591282088184693	0.0021427893059927047	0.0013701358073692814	0.015193755370725003	1.1423264989084612	2.3669010187967277	1.6577091758400504	0.4469006046201715	0.2085527913544528	45.127974372010975	0.030421092213557294
4.101142187056881	0.01	0.007	0.007	0.007	0.01	0.02144408290053746	0.02562585274392266	0.0021014611013497465	0.0013429960243946956	0.015080662042328956	1.1488317025470376	2.375196696083858	1.6582872303491576	0.44647164394382677	0.2113541802982994	44.638219063524765	0.030362652115274103
4.157329366884087	0.01	0.007	0.007	0.007	0.01	0.021203605119262062	0.025338488575410118	0.002060920833856111	0.001316408277487747	0.014964204863316974	1.1552718940718454	2.38323854556434	1.6588065018809386	0.44601772618212504	0.21413550391655758	44.14766234817232	0.030303584475007122
4.2142387754087185	0.01	0.007	0.007	0.007	0.01	0.020962792465844347	0.02505072413473608	0.0020211415394750156	0.0012903526345220265	0.014844483331779191	1.1616468023972844	2.3910240049387905	1.6592672186826452	0.44553882628888364	0.21689604492902553	43.656295186426306	0.030243874715225688
4.271888961707736	0.01	0.007	0.007	0.007	0.01	0.02072164111919882	0.024762554854219913	0.001982097284577606	0.0012648099892030463	0.014721593331808822	1.1679561567733827	2.39855044102361	1.6596695668926902	0.4450349002031836	0.2196351019721521	43.16410793507041	0.0301835076834689
4.330299318101504	0.01	0.007	0.007	0.007	0.01	0.02048014666471149	0.024473975456889827	0.0019437630676854515	0.0012397619861218487	0.014595627033977043	1.17419969449364	2.405815154517555	1.6600136907690566	0.4445058839420855	0.22235199233437877	42.671089690148406	0.030122467543264198
4.389490150967268	0.01	0.007	0.007	0.007	0.01	0.020238303986491124	0.02418497982772329	0.0019061147622970705	0.0012151909736507576	0.014466672892415247	1.1803771625908126	2.4128153763072984	1.6602996921302218	0.4439516929510619	0.2250460521137053	42.1772280635938	0.030060737713094865
4.449482788039229	0.01	0.007	0.007	0.007	0.01	0.01999610703287747	0.02389556073343263	0.0018691290442681245	0.0011910799475668879	0.014334815569948202	1.186488322496793	2.41954826619449	1.6605276296492346	0.4433722210307172	0.22771663767687886	41.682508700433196	0.02999830076872356
4.510299688454011	0.01	0.007	0.007	0.007	0.01	0.019753548601408644	0.023605709565502966	0.0018327833276429938	0.001167412500983233	0.01420013586387712	1.1925329537664997	2.4260109091611466	1.6606975176988783	0.4427673391189267	0.23036312672491854	41.186914834798365	0.029935138344487598
4.571964597150255	0.01	0.007	0.007	0.007	0.01	0.01951061998132043	0.02331541591298374	0.0017970556844481525	0.0011441727645708534	0.014062710542358152	1.1985108608630162	2.432200313289797	1.6608093248314237	0.4421368935092822	0.23298492070772622	40.690426553792925	0.029871230990606696
4.634502667601354	0.01	0.007	0.007	0.007	0.01	0.019267310762722433	0.02302466733445376	0.0017619247948727674	0.0011213453672513799	0.013922612261832822	1.204421875224327	2.4381134007539313	1.6608629716154977	0.44148070424799635	0.2355814451758868	40.193020400676566	0.029806558065810024
4.697940673692412	0.01	0.007	0.007	0.007	0.01	0.0190236083405378	0.022733448765235666	0.0017273698578924763	0.0010989153717899758	0.013779909299725517	1.2102658642133601	2.443747003780186	1.66085832803408	0.44079856247525445	0.2381521531462892	39.694668352816294	0.02974109754036441
4.762307184578219	0.01	0.007	0.007	0.007	0.01	0.018779497619294174	0.022441742164620707	0.001693370537183018	0.0010768682339413484	0.01363466538656777	1.216042734375167	2.449097852134921	1.660795210108957	0.4400902279770951	0.2406965259596476	39.19533720844228	0.0296748258407891
4.827632835322599	0.01	0.007	0.007	0.007	0.01	0.018534960412372098	0.02214952579797701	0.0016599068694872988	0.0010551897377832	0.013486939344212388	1.2217524411781033	2.4541625638494504	1.6606733757567418	0.4393554255314385	0.2432140769686351	38.6949873466602	0.029607717599545034
4.8939506041211605	0.01	0.007	0.007	0.007	0.01	0.018289974896235645	0.02185677358455767	0.0016269591880859835	0.0010338659414239173	0.013336784735087898	1.227394996304859	2.458937629614135	1.660492519648179	0.4385938409507702	0.2457043541214046	38.19357159733471	0.02953974540274561
4.961296146696512	0.01	0.007	0.007	0.007	0.01	0.018044514939150574	0.02156345429532304	0.001594508036038428	0.0010128831166052652	0.01318424941534939	1.2329704766705227	2.4634193942630493	1.6602522669318867	0.4378051162507341	0.24816694326246652	37.69103385135188	0.02947087948455105
5.0297082396101915	0.01	0.007	0.007	0.007	0.01	0.017798549139862323	0.021269530404168926	0.0015625340492520692	0.0009922276693293001	0.01302937488255912	1.2384790385281552	2.46760403669275	1.6599521653481022	0.4369888432718935	0.2506014736231268	37.18730707356492	0.029401087316734714
5.099229240670542	0.01	0.007	0.007	0.007	0.01	0.01755203993797026	0.02097495702482716	0.001531017858778387	0.000971886073462302	0.0128721956366263	1.2439209280609211	2.471487539854472	1.6595916757584959	0.4361445567638711	0.253007621683062	36.6823114581075	0.029330333188934812
5.1699057543618006	0.01	0.007	0.007	0.007	0.01	0.01730494215057102	0.02067968016216738	0.001499939929721972	0.0009518447639462722	0.012712738142511964	1.2492965025261031	2.4750656599426626	1.6591701599604376	0.43527172462651126	0.25538511959124816	36.1759514032978	0.029258577589742606
5.241789364726648	0.01	0.007	0.007	0.007	0.01	0.01705720147858541	0.02038363492726648	0.0014692804105881378	0.0009320900373714931	0.01255101972510353	1.2546062490583283	2.4783338822664023	1.6586868658356468	0.43436973682634816	0.25773376241551177	35.66811241732944	0.02918577653186615
5.3149376170167155	0.01	0.007	0.007	0.007	0.01	0.016808752397071556	0.020086743016350224	0.0014390189212228031	0.0009126079135876869	0.012387047011466335	1.2598508132718806	2.481287369342585	1.6581409082891072	0.4334378906585555	0.260053419540619	35.15865675297477	0.02911188064032263
5.389415252809655	0.01	0.007	0.007	0.007	0.01	0.016559515503867795	0.019788909542443688	0.0014091342949017337	0.0008933839685363975	0.012220813945741042	1.2650310346523235	2.483920893850711	1.6575312449271191	0.4324753720693087	0.2623440488213697	34.64741792039195	0.029036834004272195
5.46529580825089	0.01	0.007	0.007	0.007	0.01	0.016309394061236507	0.019490018902667074	0.001379604248474801	0.0008744031216458372	0.012052299178933933	1.2701479927730386	2.4862287523305855	1.6568566445337796	0.43148123140509265	0.2646057151849476	34.1341935301762	0.02896057268824736
5.542663765854681	0.01	0.007	0.007	0.007	0.01	0.016058269251679885	0.019189929108984087	0.0013504049330211466	0.0008556493474506985	0.011881462478461894	1.2752030718853407	2.488204653608154	1.6561156451066674	0.43045435077020133	0.2668386168888838	33.6187354787072	0.028883022720494637
5.621617429649844	0.01	0.007	0.007	0.007	0.01	0.015805993815636726	0.018888464185319833	0.001321510339870559	0.0008371052956355969	0.011708239882780387	1.2801980472042038	2.4898415689529987	1.6553064975587823	0.4293934002647731	0.2690431207065275	33.100736785590385	0.028804097401621452
5.70227297932326	0.01	0.007	0.007	0.007	0.01	0.015552382922922506	0.018585403259044973	0.001292891448590154	0.0008187517471886661	0.011532536747682997	1.2851352109337792	2.4911315294597767	1.6544270873107323	0.4282967763439907	0.2712198137102125	32.57981271424036	0.028723693497059968
5.784770204073705	0.01	0.007	0.007	0.007	0.01	0.015297201188953936	0.018280465045542076	0.0012645150235238772	0.0008005668475435824	0.01135421782420846	1.2900175516572494	2.4920653408209508	1.6534748234066188	0.4271625144832648	0.2733695771874741	32.055473920367525	0.02864168584411864
5.869281239763459	0.01	0.007	0.007	0.007	0.01	0.015040142491226847	0.017973283729211826	0.0012363417313887553	0.0007825249080193234	0.011173091872000792	1.2948490393843577	2.492632172758125	1.6524464724348773	0.4259881564465424	0.2754937049502693	31.527084727373232	0.028557919104397388
5.95602405555874	0.01	0.007	0.007	0.007	0.01	0.014780798574807378	0.01766337144758702	0.001208323219288432	0.0007645945467587048	0.010988887699620795	1.2996350709074818	2.4928189346644336	1.6513379031009077	0.4247705452815606	0.27759408870027685	30.99379823254768	0.028472195011336052
6.045285039962145	0.01	0.007	0.007	0.007	0.01	0.014518605662236353	0.017350054491248778	0.001180397119491175	0.000746735511254029	0.010801213502928932	1.304383239089156	2.4926092779990228	1.6501436642339107	0.4235054826779831	0.2796735398062949	30.454445980162884	0.028384250952730217
6.13745950274997	0.01	0.007	0.007	0.007	0.01	0.01425274752025084	0.017032357470843567	0.001152477946496453	0.000728892888559778	0.010609483150537587	1.309104745820602	2.491981875069947	1.6488562361162078	0.42218711537853165	0.28173638254832856	29.907337701637676	0.028293721473709045
6.2331324981801846	0.01	0.007	0.007	0.007	0.01	0.013981959518029217	0.01670876917219434	0.001124438606616181	0.0007109853440411102	0.010412767481093918	1.3138172941207935	2.490907133432062	1.6474645544978053	0.4208067129822847	0.28378967290273155	29.349856608523186	0.028200061269835354
6.333267474530905	0.01	0.007	0.007	0.007	0.01	0.013704065188739846	0.01637668876343893	0.0010960664159987343	0.0006928771409751233	0.010209443463287948	1.3185520189367541	2.4893399027342578	1.6459506112899642	0.41934982155237993	0.2858461299240833	28.777502433817485	0.028102365008572782
6.439754962404955	0.01	0.007	0.007	0.007	0.01	0.013414614156559701	0.016030798180352312	0.0010669332659363014	0.0006742955300032343	0.009996165123824296	1.3233740635315048	2.4871991336538786	1.6442796736476915	0.4177879995089044	0.28793286252241185	28.181079443280773	0.027998842266770185
6.5574909263827195	0.01	0.007	0.007	0.007	0.01	0.013101717046728713	0.015656890223186472	0.0010359036282542563	0.0006545177215166315	0.009763961228185581	1.3284605937023317	2.4842908946318105	1.6423632355149185	0.4160475028737756	0.2901244657010721	27.536033211846714	0.027884828069690386
6.676614444964569	0.01	0.007	0.007	0.007	0.01	0.012792578290872608	0.015287472359605203	0.0010057016882257252	0.0006352805238218178	0.009532937203961757	1.3333569760459343	2.480799562350345	1.640354855724517	0.4142732407617894	0.2922234807014538	26.898410268523495	0.027769942690000857
6.7796563646276615	0.01	0.007	0.007	0.007	0.01	0.012531077803005317	0.0149749799063045	0.000980494092101642	0.0006192341639109896	0.009336292400928712	1.337398375137752	2.477357130304359	1.638564642515794	0.4127287917378386	0.2939470060228963	26.358787963092556	0.0276709486261854
6.878482805374237	0.01	0.007	0.007	0.007	0.01	0.012285311416325658	0.014681290362525513	0.0009570779352409987	0.0006043359041872279	0.009150504401815935	1.3411124371279703	2.473705384728126	1.6368040713303151	0.4112398675509375	0.2955228795695496	25.851414950021855	0.02757633599136999
6.975980472429626	0.01	0.007	0.007	0.007	0.01	0.01204758514932361	0.014397208826223681	0.000934673365337054	0.0005900881034910052	0.008969929871951983	1.3446271704056976	2.4697822168693677	1.635027504727628	0.40976429113270924	0.2970062692341666	25.360434860981865	0.027483312483017597
7.072342354783285	0.01	0.007	0.007	0.007	0.01	0.011817159998039116	0.014121851968643566	0.0009131805811403913	0.0005764263276101663	0.008794115595055736	1.3479607058621514	2.465606081364782	1.6332348747945764	0.40830000339795713	0.2984053108648476	24.88433762464757	0.0273916809774084
7.167598705381829	0.01	0.007	0.007	0.007	0.01	0.011593721264670884	0.013854843694160027	0.000892543770819447	0.0005633142578999616	0.008622916341849881	1.3511241037272241	2.4611991494384324	1.6314286831488805	0.4068473067247348	0.2997251193066091	24.422487804473157	0.027301401006358826
7.261885990023527	0.01	0.007	0.007	0.007	0.01	0.011376726855761994	0.013595536210384725	0.0008726894138099198	0.0005507044412239862	0.008456001142897336	1.354130980539753	2.456576384547884	1.6296090969508086	0.4054048004780191	0.30097184151156436	23.973778534325508	0.027212332506274983
7.355339268445395	0.01	0.007	0.007	0.007	0.01	0.011165669755707123	0.013343323644437554	0.0008535505845858176	0.0005385537281718451	0.008293053963883095	1.356993684077877	2.451750033094887	1.6277759375493068	0.403971020490135	0.30215104006939136	23.537173689688593	0.027124338587440584
7.448074807492064	0.01	0.007	0.007	0.007	0.01	0.01096011393793046	0.013097684953972304	0.0008350696788646741	0.0005268249843639435	0.008133803295522556	1.359722911902302	2.4467308814732927	1.625929071964805	0.40254471913035567	0.3032675420329253	23.11178240137335	0.02703730174932881
7.540191329625083	0.01	0.007	0.007	0.007	0.01	0.010759686120401941	0.012858174075365252	0.0008171971280245989	0.000515486255722838	0.00797801770954303	1.3623279504998713	2.4415286451701532	1.6240684487462713	0.4011248594866388	0.30432554778926363	22.69684230108432	0.026951122385329672
7.6317724204482005	0.01	0.007	0.007	0.007	0.01	0.010564065806748676	0.01262440802306863	0.0007998900690036666	0.0005045099094411749	0.007825499697304233	1.3648169134229453	2.4361522134744082	1.6221940995903905	0.399710588972904	0.3053287378159627	22.291699165642257	0.026865716244234446
7.7228890927483445	0.01	0.007	0.007	0.007	0.01	0.010372975924843653	0.012396055702867762	0.0007831111627560616	0.0004938718725229441	0.007676079633052525	1.3671969488601876	2.4306098060931864	1.620306127271776	0.39830120817341325	0.30628036500641087	21.895787744073157	0.026781011799799432
7.813601937591038	0.01	0.007	0.007	0.007	0.01	0.010186175176398535	0.01217282876974047	0.0007668276405554498	0.00048355101746274027	0.007529610797894955	1.369474406251289	2.424909087474714	1.6184046932880163	0.39689614420863256	0.3071833286118703	21.508616081673647	0.02669694805552758
7.903962999230778	0.01	0.007	0.007	0.007	0.01	0.010003451639280703	0.011954473982702366	0.0007510105197065597	0.000473528657369738	0.007385965171169351	1.3716549720115194	2.4190572452923775	1.6164900043519232	0.3954949269535814	0.3080402342369669	21.12975240187285	0.0266134726477373
7.9940175217108616	0.01	0.007	0.007	0.007	0.01	0.009824617202153689	0.011740766554265526	0.0007356339388355843	0.00046378811848551065	0.007245029706842597	1.373743782623604	2.4130610342560392	1.6145622960265313	0.3940971661477242	0.3088534434633681	20.75881368187524	0.026530540103601962
8.08380383813183	0.01	0.007	0.007	0.007	0.01	0.009649506094243608	0.01153150839353684	0.0007206748807148299	0.0004543145594148221	0.007106705709489055	1.3757454805605744	2.4069269124261936	1.6126218520568139	0.3927025565123631	0.3096251001119808	20.39546269905823	0.02644811183509419
8.173355594636075	0.01	0.007	0.007	0.007	0.01	0.009477969065035136	0.011326521151037107	0.0007061125476738715	0.00044509457120780734	0.006970904689322664	1.377664314171981	2.40066099931074	1.6106689707409836	0.39131084600168864	0.3103571728338765	20.03939603754452	0.026366154000217582
8.262702015539174	0.01	0.007	0.007	0.007	0.01	0.009309871763399473	0.011125644281771747	0.0006919281215103339	0.0004361160218012881	0.006837547441187809	1.3795041820053282	2.3942691424369635	1.6087039704061803	0.3899218339396667	0.31105147525041843	19.690340788421498	0.026284637188654023
8.351868711700565	0.01	0.007	0.007	0.007	0.01	0.009145092240560882	0.010928732061313307	0.0006781044651274271	0.0004273678641334057	0.006706562373237528	1.3812686828387775	2.3877569326135144	1.6067271812833621	0.388535360337594	0.3117096877756518	19.34804942120406	0.026203535620067747
8.440878158861043	0.01	0.007	0.007	0.007	0.01	0.008983519262455653	0.01073565156909451	0.0006646259071401588	0.0004188399972791821	0.006577884425358998	1.3829611527687788	2.3811297295003304	1.604738942920694	0.38715130002884657	0.3123333739876453	19.01229632537965	0.02612282665606958
8.529750152347107	0.01	0.007	0.007	0.007	0.01	0.008825050801482276	0.01054628088607231	0.0006514780529116987	0.00041052314470776724	0.006451454089824017	1.384584697292412	2.374392678997411	1.6027396008298294	0.38576955692427717	0.3129239947022069	18.682874716668934	0.02604249034250364
8.6185021995966	0.01	0.007	0.007	0.007	0.01	0.008669592759983271	0.01036050756930759	0.0006386476244400201	0.00040240875112305534	0.006327216582739975	1.3861422183300451	2.367550726880246	1.6007295034314535	0.38439005903552453	0.31348291979444637	18.359594017965026	0.0259625090160555
8.70714980003757	0.01	0.007	0.007	0.007	0.01	0.008517057989938185	0.010178227480513932	0.0006261223325925319	0.00039448890003718716	0.006205121224242647	1.3876364360756448	2.360608634239989	1.5987090006568156	0.383012755088826	0.31401143781444396	18.042277850453353	0.02588286701906178
8.795706731565899	0.01	0.007	0.007	0.007	0.01	0.00836736537858857	0.009999343693393649	0.0006138907611946373	0.0003867562390652559	0.006085120848738038	1.3890699084310167	2.3535709869416976	1.5966784416838284	0.38163761090494114	0.314510764461217	17.730762157253164	0.02580355041356252
8.884185262631082	0.01	0.007	0.007	0.007	0.01	0.008220439129726347	0.009823765634789004	0.0006019422726193237	0.00037920391900522245	0.005967171352544406	1.3904450470172576	2.3464422062585615	1.594638173760647	0.3802646068276332	0.31498204959922815	17.424893730117677	0.025724546766820976
8.972596349587262	0.01	0.007	0.007	0.007	0.01	0.008076208124492442	0.009651408320846967	0.0005902669243934689	0.0003718255400413673	0.0058512312893558936	1.391764131186446	2.339226556893958	1.59258854086991	0.37889373529207976	0.3154263833700106	17.124528898336234	0.02564584495376841
9.060949790721825	0.01	0.007	0.007	0.007	0.01	0.007934605400721691	0.009482191734845232	0.0005788553992860992	0.0003646151066045553	0.005737261547343063	1.393029319869512	2.331928155306101	1.590529882972066	0.3775249989918635	0.31584480137807286	16.82953246163328	0.025567435001353216
9.149254372640273	0.01	0.007	0.007	0.007	0.01	0.007795567683655972	0.009316040266402292	0.0005676989428142592	0.0003575669870352755	0.005625225056114326	1.3942426620656097	2.324550975996709	1.5884625350741135	0.3761584091027262	0.31623828925904496	16.53977672769077	0.025489307942393388
9.237517980167995	0.01	0.007	0.007	0.007	0.01	0.007659035008410347	0.009152882260331357	0.0005567893109403748	0.00035067587978518107	0.005515086557709912	1.3954061057501266	2.3170988585574683	1.5863868268491028	0.37479398401964026	0.316607786582619	16.255140738795284	0.025411455704139344
9.325747716860167	0.01	0.007	0.007	0.007	0.01	0.007524950354258966	0.008992649579617935	0.0005461187211279401	0.00034393678182563145	0.005406812378728373	1.3965215060254021	2.3095755119128483	1.584303081751939	0.37343174788602496	0.31695419038337025	15.975509521378	0.025333870989472547
9.413949983759688	0.01	0.007	0.007	0.007	0.01	0.00739325936856868	0.00883527727552598	0.000535679812657705	0.0003373449629799263	0.0053003702674474865	1.3975906319368128	2.3019845204336766	1.582211616896143	0.37207172973170616	0.31727835815287336	15.700773520921905	0.02525654719673993
9.502130557511704	0.01	0.007	0.007	0.007	0.01	0.007263910111402164	0.008680703282403291	0.0005254656103777601	0.0003308959424880883	0.005195729241420467	1.3986151726447176	2.2943293487470426	1.5801127427627526	0.3707139625882452	0.3175811105353349	15.430828078733308	0.02517947834153925
9.590294667962416	0.01	0.007	0.007	0.007	0.01	0.007136852819372118	0.008528868135491634	0.0005154694915704691	0.00032458546759630137	0.005092859445137539	1.399596743012456	2.2866133453763977	1.5780067627578358	0.36935848258531195	0.3178632337541647	15.165572947734345	0.025102658980311533
9.678447046164715	0.01	0.007	0.007	0.007	0.01	0.007012039728415044	0.008379714759145207	0.0005056851588592241	0.0003184094960091367	0.0049917320505468606	1.4005368883601543	2.2788397479166846	1.5758939733341928	0.36800532847913964	0.3181254817107416	14.904911930244124	0.02502608416093179
9.76659199542539	0.01	0.007	0.007	0.007	0.01	0.006889424876833121	0.008233188231469108	0.0004961066127845231	0.0003123641781765112	0.004892319137429186	1.4014370890492904	2.2710116852972586	1.5737746634406424	0.3666545408063552	0.31836857796085566	14.648752473715668	0.024949749354219248
9.854733432920215	0.01	0.007	0.007	0.007	0.01	0.006768963962925749	0.008089235614192116	0.0004867281297585819	0.00030644584301452247	0.0047945936142385695	1.4022987643604907	2.2631321818306223	1.5716491145663694	0.3653061614730601	0.3185932174225696	14.397005379684666	0.02487365041201609
9.942874919449032	0.01	0.007	0.007	0.007	0.01	0.0066506142281051155	0.007947805812992701	0.00047754424295036663	0.0003006509855094325	0.00469852915637774	1.4031232759485563	2.255204161665991	1.5695176009807195	0.3639602335088955	0.31880006791346766	14.149584565355566	0.024797783536176125
10.0	0.01	0.007	0.007	0.007	0.01	0.006575021024865964	0.007857470598546674	0.0004716937185140169	0.00029695976102199115	0.004637138527187916	1.4036384037044194	2.2500415264227804	1.5681331315097347	0.3630892823918636	0.3189249291265187	13.99150502445413	0.02474873734152914
