0.0	0.01	0.007	0.007	0.007	0.01	0.0	0.0	0.0	0.0	0.0	0.0	0.0	0.0	0.0	0.0	100.0	0.035
0.006452684542755307	0.01	0.007	0.007	0.007	0.01	0.0027285119431422595	0.006073871631682169	0.003153573629192121	0.001087834308085767	0.00021943598926313466	0.00010840243834934902	0.00045839403921970224	0.00041682979502556287	6.623695890038156e-5	5.296118863469804e-6	99.8805631175337	0.034992173719968635
0.011175590471155742	0.01	0.007	0.007	0.007	0.01	0.004625008572301319	0.010077490946265257	0.005362105000917128	0.001862933777762671	0.0003544006167141179	0.00032032991660628133	0.001335134618189193	0.0012342422378851684	0.0001970637270144595	1.515386483804694e-5	99.79323424416368	0.03498644654911088
0.017940317794431667	0.01	0.007	0.007	0.007	0.01	0.007201111114087848	0.015229243374558856	0.008385265119070128	0.0029428700378418015	0.0005162967509619731	0.0008081299186755565	0.0033011476831142964	0.0031226804015505602	0.0005019438872504623	3.6570518201196645e-5	99.66828406832019	0.03497824502271135
0.02459139137862363	0.01	0.007	0.007	0.007	0.01	0.009581401566006236	0.01969589168425213	0.011203912753249326	0.0039708504606027215	0.0006454964364083684	0.0014872848503786119	0.005960065557987715	0.005762859285577242	0.0009323888184604761	6.455721059186972e-5	99.54558570153252	0.034970183164041935
0.032324818026774324	0.01	0.007	0.007	0.007	0.01	0.012170620462819996	0.024234249082495635	0.014299532347979479	0.00512525180782147	0.0007656230768550334	0.0025092948385057254	0.009841350455300038	0.00975340266993944	0.0015898531291125872	0.00010401139509139992	99.4031100980398	0.034960811706445244
0.04041389998219998	0.01	0.007	0.007	0.007	0.01	0.01468705849625803	0.028324791864203558	0.01733980637220527	0.006287208525206233	0.0008637517065425536	0.0038268340321863576	0.014686745897630159	0.014922096239977934	0.0024511187662572043	0.00015154953176047879	99.25430033104074	0.034951011948848025
0.04921749223270441	0.01	0.007	0.007	0.007	0.01	0.017218782283900905	0.03212103880518779	0.020432372376635952	0.007500661514655377	0.0009456911396643373	0.005527281209240605	0.020737756680460254	0.02162545074607323	0.003581477737898301	0.0002088859424730962	99.09259931378803	0.03494034969820667
0.058498606680787595	0.01	0.007	0.007	0.007	0.01	0.019671920345165354	0.03549327704074945	0.02346355316241924	0.008724187857095465	0.001010610120864389	0.007596111917899307	0.02785624923623682	0.029821916093840117	0.004980989311055637	0.0002740951873506857	98.92241260100599	0.03492911263056019
0.06836257260323195	0.01	0.007	0.007	0.007	0.01	0.02205580241237635	0.0384805143768086	0.02644379821555804	0.00996401686686533	0.0010614628654164327	0.010078304862734982	0.03611308077354913	0.03970589409837818	0.006690657726278631	0.0003473418114254564	98.74185859432357	0.034917173839559425
0.07873804254654193	0.01	0.007	0.007	0.007	0.01	0.024336110112100923	0.04106926111713472	0.029327998894593865	0.011203183133764531	0.0011000393693850505	0.012975100392455962	0.045428894591218204	0.05129914846802554	0.008723058597895616	0.00042753269987877164	98.5522974259952	0.03490462035634347
0.08966316162440949	0.01	0.007	0.007	0.007	0.01	0.026508008265090147	0.04328889032959917	0.03210616800059664	0.01243853628509925	0.0011286508616576453	0.016310967071884605	0.055803759323556766	0.06471592223424404	0.01110780859040051	0.0005143985670559172	98.35308742548588	0.03489140672012357
0.10112763416722945	0.01	0.007	0.007	0.007	0.01	0.028558068557554852	0.045161642601728995	0.03475583722575934	0.013660932651626578	0.0011492140033539987	0.020093772454123835	0.06718774862835891	0.08000322798891765	0.013863766567487437	0.0006073461451225237	98.14447575696015	0.03487754612916205
0.11315905868740408	0.01	0.007	0.007	0.007	0.01	0.030482093921778544	0.04672026592105451	0.037264706334192266	0.01486516582217973	0.0011634916816417463	0.024340310142446284	0.07956294652865402	0.0972422845889149	0.01701692012484819	0.0007061434480902433	97.92602344865857	0.03486300601234687
0.1257752221950765	0.01	0.007	0.007	0.007	0.01	0.03227526069184121	0.04799638107277181	0.03961805775172156	0.016044431231271257	0.001172956246570509	0.02906218447219935	0.09290039157988432	0.11649060218041844	0.02059007301793211	0.000810544745240358	97.69747638382707	0.0348477657423008
0.1390101970673268	0.01	0.007	0.007	0.007	0.01	0.03393614500709174	0.04902288321980982	0.04180398151727951	0.017192842419049194	0.0011788494008864404	0.034275163355998506	0.10718796833282156	0.13781857816664678	0.024609539817471635	0.0009205011519711003	97.45829255712633	0.03483178511121887
0.15290004732280638	0.01	0.007	0.007	0.007	0.01	0.0354640627640423	0.04983098533988707	0.043809911992008524	0.018303815407532946	0.0011822001682347688	0.03999453084209147	0.12241678287729825	0.1612890824899922	0.029101476500300923	0.001036039331255406	97.20790348025986	0.034815021629154105
0.16749095360968821	0.01	0.007	0.007	0.007	0.01	0.036859829501060155	0.05045021196632449	0.04562362805008234	0.01937061253488851	0.0011838745102443165	0.04623851665514937	0.13859040255981703	0.18696958123489554	0.03409424461165002	0.0011573246987564552	96.94556942090698	0.034797420740321355
0.18283506601478816	0.01	0.007	0.007	0.007	0.01	0.03812496304955561	0.05090760039762161	0.0472322285631602	0.020385806889974385	0.0011846201893523786	0.05302688238139292	0.15572057478099463	0.21492405001428294	0.039616990321466906	0.0012846248520783628	96.67045693945667	0.034778920864205844
0.19899312385753337	0.01	0.007	0.007	0.007	0.01	0.039261737214023804	0.05122757979879035	0.04862226585335711	0.02134133033496956	0.0011851122761652336	0.060382134929110806	0.17382998058522783	0.24521514449570814	0.04570017037895776	0.0014183325638805612	96.38159470379082	0.034759450273368506
0.2160329909454343	0.01	0.007	0.007	0.007	0.01	0.040272895782032685	0.05143182092615066	0.04977951679507579	0.022228260394883553	0.0011859930326845287	0.06832889961300032	0.1929502282097209	0.2778982259706628	0.0523744670498937	0.0015589593906749739	96.07790315724942	0.034738928904055756
0.23402961994740945	0.01	0.007	0.007	0.007	0.01	0.041161590786125746	0.05153927973657374	0.050689173140153004	0.023036790950871747	0.0011879051252801707	0.07689377498569437	0.21312123704962294	0.3130167572723772	0.059669890723664125	0.0017071466883227127	95.75819875592836	0.03471726844672311
0.2530624543418721	0.01	0.007	0.007	0.007	0.01	0.041931270312828645	0.05156630347867827	0.051336183597817685	0.023756196398617806	0.0011915164711345184	0.08610386147482461	0.23438763937042878	0.35059173118661974	0.06761352610263613	0.0018636617508736271	95.42124389752138	0.034694375523420085
0.27321107165925096	0.01	0.007	0.007	0.007	0.01	0.04258565920339458	0.051526824624497515	0.05170604131714696	0.024374954220493298	0.001197535360203279	0.09598427476231505	0.2567932262785757	0.39060680068608483	0.07622610605155339	0.0020293860992620484	95.065827254037	0.034670156971954844
0.294547142396742	0.01	0.007	0.007	0.007	0.01	0.04312880705709263	0.0514326206984131	0.05178613575971429	0.024881079193228618	0.0012067136932455574	0.10655372830429784	0.2803715037319293	0.43298627208643753	0.085516620402437	0.002205279208065246	94.69090727170557	0.03464452953605918
0.3171236109317812	0.01	0.007	0.007	0.007	0.01	0.04356527722148185	0.05129362439216826	0.05156783653946045	0.02526283736391807	0.0012198362086420786	0.11781870010979702	0.3051336792298782	0.4775696955721853	0.09547552294176231	0.002392321926610699	94.29580079453814	0.03461743284565872
0.34096535653571775	0.01	0.007	0.007	0.007	0.01	0.04390048463135659	0.05111822246615358	0.051049092613268635	0.025509922298556538	0.0012376975068996983	0.129768508369312	0.33105902772602824	0.5240943830945889	0.106068936366962	0.0025914686477564713	93.88034060456762	0.03458884055442672
0.36606918431099306	0.01	0.007	0.007	0.007	0.01	0.04414104935500084	0.05091344668291847	0.05023665224242848	0.025614888327305248	0.001261078930287021	0.14237548922977475	0.3580960838633329	0.572203338672114	0.11723810048056668	0.0028036674607297345	93.44486593636394	0.034558760230753174
0.3924168107114341	0.01	0.007	0.007	0.007	0.01	0.044294878419923724	0.05068501457351479	0.04914669005600503	0.025574263115010633	0.0012907451703046834	0.15560220682884257	0.38617786283643507	0.6214840058595062	0.1289061344886676	0.0030299805490591825	92.9899876008647	0.03452721767745251
0.419992824186749	0.01	0.007	0.007	0.007	0.01	0.04437080188898859	0.05043732070396112	0.04780352482947768	0.025388843364999636	0.0013274703247502138	0.16941139930566743	0.41524152647713475	0.6715169582090812	0.14098810660930364	0.0032717491936772917	92.51627316179841	0.03449423537141167
0.44879539799740475	0.01	0.007	0.007	0.007	0.01	0.0443779391234504	0.05017352660796133	0.046237412254393505	0.02506327844713925	0.001372081984968682	0.1837721139305598	0.44523922025366336	0.7219071497000226	0.15339807087695684	0.0035307115138040923	92.0240646812885	0.034459819676499436
0.478834598590943	0.01	0.007	0.007	0.007	0.01	0.04432512690226847	0.0498957971941575	0.04448262109480688	0.024605454205524332	0.0014255015757382793	0.19865929268733443	0.4761353260376357	0.7722889860082238	0.16605037745082363	0.0038090286714748	91.51351294361375	0.034423962937582896
0.5101178890461263	0.01	0.007	0.007	0.007	0.01	0.044220611876416585	0.049605656231490776	0.042576452583145914	0.024026132028627287	0.0014887568363778757	0.21404682718191032	0.5078908645288818	0.8223097791732064	0.17885559627233247	0.004109199362147784	90.9848271468647	0.034386660831837966
0.5426230157979073	0.01	0.007	0.007	0.007	0.01	0.0440720506614159	0.04930442751632039	0.04055928211605649	0.02333906834964831	0.0015629389891931092	0.22989466670007175	0.5404365484308168	0.8715996578945076	0.1917124732643137	0.0044338272885452975	90.43872769962064	0.034347944631199584
0.5762644487346014	0.01	0.007	0.007	0.007	0.01	0.04388673755436343	0.048993686717917186	0.03847490808173511	0.022561462043600513	0.0016490875963715208	0.24613358889796005	0.5736419326487323	0.9197449351804906	0.2045000909126719	0.004785244431130939	89.87698921754982	0.034307920901843494
0.610878017739724	0.01	0.007	0.007	0.007	0.01	0.04367180074799308	0.04867549388742892	0.03636925533721682	0.021713879558527428	0.001748049084491171	0.2626598061270051	0.6073052679919465	0.96630069736391	0.2170802630995023	0.005165196487828048	89.30265976495299	0.03426678928512723
0.6462477284041571	0.01	0.007	0.007	0.007	0.01	0.04343406107663984	0.048352201039376576	0.03428612907355422	0.020818706480811636	0.001860414339039264	0.279350064859464	0.6411850337212741	1.0108584769678037	0.22931601356703765	0.005574894165296665	88.71957497202014	0.03422481007814974
0.6821609440896069	0.01	0.007	0.007	0.007	0.01	0.04317958457008598	0.048025987042145106	0.03226192596429207	0.019897497347556657	0.0019865825239575746	0.29608901459339765	0.6750556936978717	1.0531256916463623	0.24109561802247162	0.0060154325891387615	88.13142548031558	0.03418223842058602
0.7184436026553581	0.01	0.007	0.007	0.007	0.01	0.04291335492145607	0.047698575630922446	0.030323063349114988	0.018968955375027862	0.002126844909504378	0.31278534416664894	0.7087400234281187	1.0929506442543957	0.2523432505092439	0.006488127616454482	87.54118494079607	0.03413928259792575
0.7549652596912859	0.01	0.007	0.007	0.007	0.01	0.04263924604181448	0.04737122477525691	0.02848645516653096	0.018048198874441035	0.0022814173825756053	0.3293728237504975	0.7421108057437485	1.1302991027058864	0.26301595127004457	0.006994593013638488	86.95104850160004	0.0340960983355414
0.7916324110274743	0.01	0.007	0.007	0.007	0.01	0.042360162464148726	0.04704481372273944	0.026761243649077632	0.01714681864113843	0.0024504426943401437	0.3458058145231864	0.7750815589473173	1.1652195275560437	0.27309627177192974	0.007536700704044233	86.36256310962065	0.034052796988909666
0.8283803213994777	0.01	0.007	0.007	0.007	0.01	0.04207822576720951	0.0467199349657565	0.025150705387675606	0.016273276772355776	0.0026339845650865945	0.3620543308803508	0.8075965460240428	1.1978131316602358	0.2825851613854131	0.008116518397766212	85.7767776063962	0.03400945544507681
0.8651668599047925	0.01	0.007	0.007	0.007	0.01	0.04179494563953563	0.0463969619187381	0.023653907207211042	0.015433398776097161	0.0028320261514316186	0.3781002904302196	0.839623266643078	1.228212235715955	0.291496391578898	0.008736266084718936	85.1943559066022	0.03396612359312392
0.9019680569883269	0.01	0.007	0.007	0.007	0.01	0.04151136150894533	0.04607609713991053	0.022267044820217616	0.014630867461766487	0.0030444735021215074	0.3939347659145804	0.8711469910512666	1.2565652204556979	0.2998523324589667	0.009398291514850667	84.61565911136435	0.0339228297170609
0.9387749566509537	0.01	0.007	0.007	0.007	0.01	0.04122815364623889	0.04575740646407094	0.02098447623914632	0.01386767459342137	0.0032711633493427497	0.40955598949033173	0.9021668023857937	1.2830263634269305	0.30768081158673677	0.010105062644253269	84.04080444970613	0.0338795843283697
0.9755912201488581	0.01	0.007	0.007	0.007	0.01	0.040945729011969606	0.04544084481859802	0.019799497522541686	0.013144515901896399	0.0035118729158403043	0.42496782409727146	0.9326925643521025	1.3077490567806498	0.31501277347072426	0.010859171033652597	83.46971042938415	0.03383638308883963
1.0124313168156587	0.01	0.007	0.007	0.007	0.01	0.040664286161850895	0.045126275760233286	0.01870490428321272	0.012461122420065255	0.0037663308182017646	0.44017859561589406	0.9627425989824185	1.3308814806125868	0.32188057344948345	0.011663344893316368	82.90213130600236	0.03379320902394898
1.049319140595792	0.01	0.007	0.007	0.007	0.01	0.04038386384710923	0.044813486525609264	0.017693384591698523	0.011816530604420209	0.004034227997253839	0.4552001885531938	0.992341880854148	1.3525639974465362	0.32831675716344066	0.012520469824675376	82.33768380053827	0.033750034221852375
1.0862870365818784	0.01	0.007	0.007	0.007	0.01	0.04010437651528476	0.04450219901072313	0.016757781053937937	0.011209296002001653	0.004315228540901518	0.47004737462297586	1.0215206871758715	1.3729277841262937	0.3343532232526451	0.013433618005165788	81.77586665279954	0.033706821041015356
1.1233752630846898	0.01	0.007	0.007	0.007	0.01	0.0398256390953184	0.04419207670048547	0.01589125416580261	0.01063765734050353	0.00460898075304879	0.48473736195241834	1.0503136783420421	1.3920943459369073	0.34002068585119305	0.014406088145011828	81.21607296216465	0.03366352280131193
1.160631849101334	0.01	0.007	0.007	0.007	0.01	0.03954738342852459	0.043882728100974294	0.01508737504786501	0.010099659959432189	0.00491512843239335	0.49928952751631284	1.0787593330752077	1.4101756087451023	0.3453483557321104	0.015441457618206481	80.6575962652331	0.03362008401027571
1.1981129879197094	0.01	0.007	0.007	0.007	0.01	0.039269266898095935	0.04357370570966586	0.01434016590678871	0.009593244616544991	0.0052333237796517405	0.5137253676191582	1.106899802716577	1.4272744471185803	0.3503637988765487	0.016543653717457387	80.09962858099024	0.0335764399653164
1.2358840238930096	0.01	0.007	0.007	0.007	0.01	0.038990874111043974	0.04326450030219371	0.013644104706509315	0.009116308931298174	0.005563242780136041	0.5280686645731547	1.1347811749778387	1.4434854969818067	0.3550929234458639	0.017717050672498413	79.5412500044011	0.03353251567182929
1.274021235833606	0.01	0.007	0.007	0.007	0.01	0.03871171116133417	0.042954529155767356	0.01299410415734574	0.008666746255125734	0.005904605032093611	0.5423459203970238	1.162454237956688	1.4588961962893021	0.35956007124994144	0.018966605294391058	78.98140734129387	0.03348822384814269
1.3126147829313022	0.01	0.007	0.007	0.007	0.01	0.038431190704777074	0.04264311562643384	0.012385470890385547	0.008242465017323479	0.0062572013260166716	0.556587159370159	1.189975929681077	1.4735880584949845	0.3637882056593432	0.02029805311814663	78.41887710337924	0.0334434616028923
1.3517734484309203	0.01	0.007	0.007	0.007	0.01	0.03814860415359087	0.042329455539065274	0.011813846808991807	0.007841389659382329	0.006620934479531364	0.5708272823824042	1.217411807560658	1.4876382506227603	0.3677992051079006	0.0217182025485378	77.8522046387988	0.033398105064007415
1.3916323699356596	0.01	0.007	0.007	0.007	0.01	0.03786307353904347	0.042012561804462396	0.01127512934748607	0.007461441060312293	0.006995883495031886	0.5851083239796648	1.244840182108543	1.5011216655788042	0.3716143015120809	0.02323539576046634	77.27960385389326	0.033352000608042824
1.4323662918555307	0.01	0.007	0.007	0.007	0.01	0.037573466556445924	0.041691168745201235	0.010765356605856534	0.007100487055270201	0.007382412540553795	0.5994833791260424	1.2723593314330373	1.5141139609413918	0.37525477544772423	0.02486027820760813	76.69878400772829	0.0333049498023366
1.474213931491816	0.01	0.007	0.007	0.007	0.01	0.03727823804485861	0.0413635551955822	0.010280522700319905	0.0067562392516839495	0.007781372382340414	0.6140238996207665	1.300100939034168	1.526696626421988	0.37874316735436514	0.02660718812541176	76.1066294913382	0.03325668168951521
1.5175277867650334	0.01	0.007	0.007	0.007	0.01	0.036975103111566675	0.041027181085652405	0.009816228917602135	0.006426030328342862	0.008194517410402799	0.6288347496997554	1.3282578845655089	1.5389668730463906	0.38210569900438407	0.02849695499615516	75.4985420409753	0.03320679607899406
1.562893551401078	0.01	0.007	0.007	0.007	0.01	0.036660248576009996	0.04067781196404912	0.009366871053476644	0.006106261412568245	0.008625521608327828	0.6440906335933823	1.3571516369509689	1.5510611075437886	0.3853781026280082	0.03056351641679461	74.86685625913432	0.03315462746373133
1.6115092124457648	0.01	0.007	0.007	0.007	0.01	0.036325815271565726	0.040306725066987625	0.008923032591842624	0.005790581935372414	0.009083263293409142	0.6601529250943466	1.387448947345766	1.5632306123184867	0.3886246180695989	0.03287459286195508	74.19578354342053	0.03309881258374771
1.6669667582392043	0.01	0.007	0.007	0.007	0.01	0.03594804365675819	0.03988755582281049	0.00845925412388684	0.005461285074344154	0.009597395208346524	0.6781204978534607	1.42118431310022	1.5761979927318182	0.39202765258235417	0.03562846530802261	73.43760944773466	0.03303525736279734
1.7202263021738147	0.01	0.007	0.007	0.007	0.01	0.03558894953379251	0.03948911437990608	0.008051798198607367	0.005172802773075634	0.010080410598231327	0.6950264803871065	1.4527706262180333	1.5878131585730149	0.3950214301742087	0.038385894173931547	72.716778716844	0.032974335966760394
1.769975976071939	0.01	0.007	0.007	0.007	0.01	0.03525676767117406	0.03912053598797489	0.007701105297358458	0.004925383301428908	0.01051996312518298	0.7105150855760631	1.481571119143331	1.597983959853349	0.3975965813877054	0.04105618551210438	72.04984431171174	0.03291753085580575
1.818794727331997	0.01	0.007	0.007	0.007	0.01	0.03493382252353255	0.03876220746249635	0.007382177703264158	0.004701267200772351	0.010938698196805062	0.7254344501836155	1.5091841361863478	1.6073774881795595	0.3999330431378121	0.04376029458940437	71.40133629816647	0.03286188381977231
1.8658807046297199	0.01	0.007	0.007	0.007	0.01	0.03462514931567558	0.038419715208087464	0.00709593772544624	0.004500985949105454	0.011329469604922064	0.7395667644106875	1.5352196596129921	1.6159276305847037	0.4020218372115202	0.046442272072055556	70.78137704448848	0.03280830104482973
1.9119988806717505	0.01	0.007	0.007	0.007	0.01	0.034325470976596446	0.03808720368440518	0.006834042399918343	0.004318562356978053	0.011698735186630765	0.7531677936567921	1.560161652791137	1.6238508714283233	0.4039226742237298	0.04913481370820785	70.17937881406168	0.03275590430063282
1.9570077285247496	0.01	0.007	0.007	0.007	0.01	0.03403550828336712	0.03776547246371313	0.006594510214451141	0.004152486570763144	0.012045497820663439	0.7662158037850306	1.583980215397156	1.6311819141685235	0.4056493378282005	0.051820888189532684	69.59679816994627	0.03270484859609131
2.0012242639117472	0.01	0.007	0.007	0.007	0.01	0.033753041133916334	0.03745205810302446	0.006373338336708355	0.003999857177459059	0.01237248006383465	0.7788205011530195	1.6068846144208544	1.6380224079372605	0.4072305695023016	0.05451157249848247	69.02918243416418	0.0326547691405745
2.044688402385041	0.01	0.007	0.007	0.007	0.01	0.033477671080094744	0.0371465184366904	0.006168480101861079	0.0038591479157523375	0.012680270896041046	0.7910077443773321	1.6289292963364082	1.644418817590485	0.4086811435264205	0.05720261704924889	68.47573741903099	0.032605616585369375
2.0875685095776015	0.01	0.007	0.007	0.007	0.01	0.033208208311608096	0.03684753325990016	0.005977608941989818	0.003728656576598973	0.012970398666047956	0.8028372158944126	1.6502287515709115	1.6504298091296201	0.410017883665792	0.05989853450755139	67.93407748592169	0.032557196998450506
2.129940390847836	0.01	0.007	0.007	0.007	0.01	0.032944075235716706	0.03655446167506718	0.005799127088234289	0.003607197728863911	0.013243709566406366	0.8143402052536935	1.670844857040031	1.6560941150537798	0.4112524372290827	0.06259890917563425	67.40304636564795	0.032509421923364985
2.171911304164448	0.01	0.007	0.007	0.007	0.01	0.03268451810503123	0.03626646733959012	0.0056315258990376725	0.0034936611172881097	0.013501232969592561	0.8255546645577151	1.6908504346965791	1.6614498661915849	0.4123957779750595	0.06530594874553272	66.8811327892237	0.03246216806144003
2.2135534305773104	0.01	0.007	0.007	0.007	0.01	0.0324290204302453	0.03598297716862367	0.005473629433768935	0.0033871755375234226	0.013743739082036759	0.8365072977020795	1.7102972344905016	1.6665263977926814	0.4134565055016952	0.06802016147821524	66.36730170520846	0.03241535225219485
2.254942854855429	0.01	0.007	0.007	0.007	0.01	0.03217705736931668	0.035703408812922895	0.0053243945424580165	0.0032869707278532436	0.013971990425879967	0.8472244005685967	1.7292355009923073	1.6713502087724856	0.41444222994799446	0.07074274453514891	65.86050060268263	0.032368887444186985
2.2961398619327884	0.01	0.007	0.007	0.007	0.01	0.031928214657253734	0.03542730261730397	0.005182958967645178	0.0031924080097202935	0.014186627159590837	0.8577268725624809	1.7477052236259747	1.675943119629919	0.41535925650388816	0.07347422651076624	65.35989877967705	0.0323227047885533
2.3372016932861066	0.01	0.007	0.007	0.007	0.01	0.0316821082859292	0.03515423249970781	0.005048570317576849	0.0031029307966264465	0.014388244929537755	0.8680337684481881	1.765742551301693	1.6803243227986886	0.41621307384839124	0.07621523316827879	64.86472590222972	0.03227673923531471
2.3781775820262703	0.01	0.007	0.007	0.007	0.01	0.031438412874923605	0.03488383742986254	0.004920585609593632	0.0030180629110554036	0.014577371998711293	0.8781611877923474	1.7833779274087467	1.6845102141974522	0.4170083707129752	0.07896610648334286	64.374329151589	0.0322309350500008
2.419112145534227	0.01	0.007	0.007	0.007	0.01	0.03119683961775458	0.03461579695896008	0.0047984449435178045	0.0029373898108722425	0.014754491162921856	0.8881232865760659	1.8006379517200322	1.6885151035845352	0.4177492203147749	0.08172708533668188	63.888128927475044	0.03218524196220582
2.4600447908362457	0.01	0.007	0.007	0.007	0.01	0.030957138492154177	0.03434983367189646	0.004681661569148682	0.0028605509791960644	0.014920040933134822	0.897932254085689	1.817545412162429	1.6923514239502198	0.4184391571940063	0.08449822983909334	63.4056233553294	0.032139615789136565
2.501011307628839	0.01	0.007	0.007	0.007	0.01	0.03071908769825705	0.03408570146816877	0.004569807480525946	0.0027872295357532395	0.015074426180493318	0.9075988081536824	1.834120206232738	1.6960301118526462	0.41908127926093613	0.0872794994690209	62.92636708124402	0.032094016621187535
2.5420438901784017	0.01	0.007	0.007	0.007	0.01	0.030482492593156805	0.03382318437962548	0.004462505641035878	0.0027171463889051747	0.015218021223271734	0.9171322873948817	1.8503795520493092	1.6995607895602578	0.41967830689584534	0.09007073105048592	62.44996916977461	0.0320484087684088
2.5831719212826636	0.01	0.007	0.007	0.007	0.01	0.030247180319213113	0.03356209061019616	0.004359421471733265	0.0026500540295618207	0.015351175513251495	0.9265409115244967	1.8663384804317684	1.702951986025584	0.4202326442234941	0.09287167270082634	61.976082326481894	0.03200275986245437
2.6244222086732774	0.01	0.007	0.007	0.007	0.01	0.030012997762643427	0.03330225027079756	0.00426025702971958	0.0025857321964953576	0.015474216715120365	0.9358318989391472	1.8820100740592327	1.70621128085453	0.4207464227508951	0.09568198421894299	61.50439881858435	0.031957040572769796
2.665819432066558	0.01	0.007	0.007	0.007	0.01	0.029779808411658778	0.03304351189322724	0.004164745562111627	0.002523983874660597	0.015587454113466903	0.945011622815961	1.8974057659256598	1.7093454448294996	0.42122154104719783	0.09850125463318145	61.03464417466505	0.031911224092300725
2.7073863930842466	0.01	0.007	0.007	0.007	0.01	0.029547490444930748	0.03278574030919322	0.004072647316094901	0.0024646321849282476	0.015691180987787892	0.9540857128840841	1.9125355399124704	1.7123605461127918	0.42165969591028685	0.10132900861093368	60.56657335753675	0.031865285845325234
2.7491443058802933	0.01	0.007	0.007	0.007	0.01	0.02931593467239658	0.03252881436550806	0.003983745859719294	0.0024075176662398186	0.01578567678998173	0.9630591588722685	1.927408129469348	1.7152620451726146	0.4220624093445708	0.10416471745930621	60.09996663596401	0.03181920315288979
2.7911129874495564	0.01	0.007	0.007	0.007	0.01	0.0290850431109617	0.03227262534374386	0.0038978451282502343	0.002352496078019224	0.01587120877963715	0.9719363854718961	1.9420311645375603	1.7180548702661471	0.42243105055352553	0.10700780475813532	59.63462673224785	0.03177295501156171
2.83331106207989	0.01	0.007	0.007	0.007	0.01	0.02885472754006427	0.032017075357544326	0.003814766842654037	0.002299436485410519	0.01594803346976731	0.980721325153747	1.9564113115060806	1.720743484206828	0.422766854933066	0.10985765413167581	59.170375926600606	0.03172652185849725
2.87575613426104	0.01	0.007	0.007	0.007	0.01	0.02862490828617842	0.03176207600395914	0.003734348334382129	0.002248219642227638	0.016016397791996376	0.9894174794813652	1.9705543910069678	1.7233319406105039	0.42307094008032303	0.1127136158105124	58.70705362045938	0.031679885373133036
2.9184649077243665	0.01	0.007	0.007	0.007	0.01	0.028395513344792015	0.0315075473892278	0.0036564407515960427	0.002198736648908413	0.016076540002191563	0.998027965408067	1.9844654685631686	1.7258239299572629	0.42334431919850707	0.11557501031463514	58.2445145781025	0.03163302833961703
2.9614533213562484	0.01	0.007	0.007	0.007	0.01	0.028166477447143116	0.03125341709326971	0.0035809074604895483	0.002150887761377658	0.01612869048364398	1.0065555618801474	1.9981489435756479	1.728222821105175	0.42358791282574176	0.11844113389231592	57.78262705527247	0.0315859344919248
3.004736648791549	0.01	0.007	0.007	0.007	0.01	0.0279377413560166	0.0309996193883306	0.0035076227074023613	0.002104581388593989	0.016173072377445342	1.0150027462064377	2.011608619759693	1.7305316958205645	0.4238025587714504	0.1213112620103803	57.32127138815371	0.031538588399997236
3.04832959873673	0.01	0.007	0.007	0.007	0.01	0.02770925118559379	0.03074609448431697	0.0034364704405598586	0.0020597332108931747	0.016209902119388074	1.023371728183968	2.024847770301077	1.7327533793329886	0.42398902076757483	0.12418465329213046	56.86033862961331	0.03149097535605222
3.0922463873826374	0.01	0.007	0.007	0.007	0.01	0.027480957893352365	0.03049278796503097	0.003367343315305885	0.002016265431281123	0.01623938986864054	1.0316644766974266	2.037869189538698	1.7348904659785578	0.4241479958841203	0.12706055192534432	56.399729531376046	0.031443081292293826
3.1365008175702545	0.01	0.007	0.007	0.007	0.01	0.027252816757251563	0.030239650208077774	0.0033001418027165993	0.001974106106577205	0.01626173987936575	1.0398827458720392	2.050675242681405	1.7369453423141623	0.42428012105199625	0.12993819078095592	55.939353495601026	0.03139489269198553
3.1811063267299446	0.01	0.007	0.007	0.007	0.01	0.027024787033271994	0.02998663600488779	0.003234773444804486	0.0019331885835220876	0.016277150799606805	1.048028093822622	2.0632679027954213	1.7389202062557119	0.42438597868550004	0.13281679270483449	55.479127889552146	0.031346396535232954
3.2260760684470116	0.01	0.007	0.007	0.007	0.01	0.026796831456296882	0.029733704006915548	0.00317115214294719	0.0018934509669284673	0.016285815941601105	1.0561019062755952	2.0756487943688713	1.7408170856285807	0.4244661017185088	0.13569557416286404	55.01897704341594	0.0312975802087704
3.2714229387771034	0.01	0.007	0.007	0.007	0.01	0.026568916039055056	0.02948081650255696	0.003109197600727394	0.001854835694340192	0.016287923492380143	1.0641054088408448	2.0878192183838324	1.7426378523757484	0.4245209779058499	0.13857374544487439	54.55883184902072	0.031248431476408677
3.3171596363361413	0.01	0.007	0.007	0.007	0.01	0.026341009710617154	0.02922793901604032	0.003048834778568728	0.0018172891265683918	0.01628365670858513	1.0720396844631124	2.0997801846568622	1.7443842367027071	0.4245510537063007	0.1414505131657171	54.09862903421271	0.031198938413234758
3.363298718049978	0.01	0.007	0.007	0.007	0.01	0.026113083991955915	0.028975039947441678	0.002989993412143079	0.001780761185715298	0.01627319407438733	1.0799056889314969	2.1115324403259055	1.746057839492622	0.4245567376710897	0.14432508252939452	53.63831051143368	0.03114908934512025
3.4098526069532933	0.01	0.007	0.007	0.007	0.01	0.025885112919774418	0.028722090488169656	0.0029326076394933643	0.0017452050674740323	0.016256709447886628	1.0877042573358942	2.123076484117743	1.7476601417361994	0.4245384034316725	0.14719665665760068	53.17782322723061	0.03109887284050087
3.456833624859519	0.01	0.007	0.007	0.007	0.01	0.025657072852161768	0.028469064405330376	0.002876615632426883	0.001710576961857391	0.016234372199877032	1.0954361143681988	2.1344125860461283	1.749192514012571	0.42449639241222076	0.15006443758730184	52.71711877290531	0.031048277675490173
3.5042540513823073	0.01	0.007	0.007	0.007	0.01	0.025428942156402082	0.028215937695332302	0.0028219592338419156	0.0016768357829897267	0.01620634732185447	1.1031018882092727	2.1455408117593184	1.7506562258304965	0.42443101620418155	0.1529276288976404	52.256152756678176	0.030997292771044092
3.55212613410822	0.01	0.007	0.007	0.007	0.01	0.02520070114373712	0.027962688511503235	0.0027685836864837633	0.001643942960210825	0.016172795541053202	1.1107021156607457	2.156461033476153	1.7520524524737238	0.42434255870212917	0.15578543535429507	51.79488467438584	0.030945907183164287
3.6004621344096837	0.01	0.007	0.007	0.007	0.01	0.024972331838936927	0.027709296908415098	0.002716437347208567	0.0016118622243888017	0.01613387340890029	1.1182372525835498	2.167172948258027	1.753382282265115	0.42423127797382904	0.1586370647392336	51.33327744615469	0.030894110055078826
3.649274342516415	0.01	0.007	0.007	0.007	0.01	0.02474381790472208	0.02745574475802685	0.002665471461196025	0.001580559434965715	0.016089733400555858	1.1257076788788407	2.177676087966509	1.7546467222318352	0.42409740796838596	0.16148172783184617	50.87129726572081	0.030841890602808845
3.698575116099527	0.01	0.007	0.007	0.007	0.01	0.024515144461237762	0.027202015549380294	0.0026156399321288844	0.001550002407863295	0.01604052399109956	1.1331137067159385	2.1879698334930797	1.7558467038556367	0.42394115999372073	0.16431863978322228	50.408913237402395	0.03078923807584842
3.7483769071998894	0.01	0.007	0.007	0.007	0.01	0.024286297968492937	0.026948094258159427	0.0025668991255478296	0.0015201607668235831	0.015986389733202155	1.1404555864225359	2.198053425239297	1.7569830879242585	0.423762724042931	0.16714702076720256	49.9460971400746	0.030736141730727293
3.7986922835435513	0.01	0.007	0.007	0.007	0.01	0.024057266140838224	0.026693967251798997	0.0025192076950411764	0.001491005811446307	0.015927471337427463	1.1477335111494413	2.2079259715752753	1.7580566687832009	0.4235622699948076	0.16996609629342815	49.4828232557349	0.030682590810891412
3.849533960924242	0.01	0.007	0.007	0.007	0.01	0.0238280378169105	0.02643962214518011	0.002472526413339702	0.001462510390663065	0.01586390573730944	1.1549476227764328	2.2175864586743805	1.7590681784048043	0.42333994864112023	0.17277509811934139	49.01906810780792	0.03062857451513096
3.9009148439430867	0.01	0.007	0.007	0.007	0.01	0.023598602800412715	0.026185047623965167	0.0024268180114586945	0.0014346487833716971	0.015795826137390483	1.162098018487129	2.2270337607903237	1.7600182901520016	0.4230958925363496	0.17557326554663377	48.55481014017044	0.030574081957581153
3.952848020045697	0.01	0.007	0.007	0.007	0.01	0.023368951916531856	0.025930233507198402	0.0023820470726974674	0.0014073966145066155	0.015723362120101027	1.169184750432893	2.2362666410429317	1.7609076212903025	0.4228302169529945	0.17835984411473188	48.090029832304666	0.030519102177656725
4.0053468408602395	0.01	0.007	0.007	0.007	0.01	0.02313907668594454	0.025675170385592735	0.002338179861235874	0.0013807307330385684	0.015646639634078335	1.176207837128052	2.2452837673418236	1.761736736747728	0.4225430203138419	0.18113408897672134	47.62470904043292	0.030463624057827706
4.058424904757135	0.01	0.007	0.007	0.007	0.01	0.02290896944557155	0.025419849755515953	0.002295184248638544	0.001354629151237185	0.015565781114144483	1.1831672608038961	2.2540837095150725	1.7625061507659086	0.4222343850094346	0.18389526285133695	47.15883124250635	0.03040763634652086
4.112096128041811	0.01	0.007	0.007	0.007	0.01	0.022678623085780916	0.0251642637273991	0.0022530295745552594	0.0013290709453434432	0.015480905475114465	1.190062976410406	2.262664951225727	1.7632163297329873	0.42190437766567335	0.18664263863030423	46.69238100671345	0.03035112758768858
4.166374750891853	0.01	0.007	0.007	0.007	0.01	0.022448031081403162	0.024908405060150487	0.0022116865714782263	0.0013040361965035478	0.01539212819965144	1.1968949114740521	2.2710258897885653	1.7638676936834654	0.42155304968246876	0.18937549843977028	46.22534405452604	0.0302940861198371
4.221275409579636	0.01	0.007	0.007	0.007	0.01	0.02221718724643915	0.02465226688898629	0.0021711272459907236	0.0012795059065170281	0.015299561321262522	1.2036629740720737	2.2791648457321663	1.764460618400648	0.42118043728815796	0.19209313599144148	45.75770676402483	0.030236500005788505
4.276813141962429	0.01	0.007	0.007	0.007	0.01	0.021986085783268827	0.02439584278003102	0.0021313248201472426	0.0012554619511134513	0.015203313513821955	1.2103670518541352	2.28708006089174	1.7649954363872633	0.4207865619358723	0.19479485541431632	45.28945626940594	0.030178357033240906
4.333003460789212	0.01	0.007	0.007	0.007	0.01	0.021754721054906778	0.024139126477618268	0.0020922536296842298	0.0012318870080878564	0.015103490068813927	1.2170070190599391	2.294769705795327	1.7654724383433993	0.42037143017916095	0.1974799733365006	44.82057999926968	0.0301196446447578
4.389862389197789	0.01	0.007	0.007	0.007	0.01	0.0215230875290077	0.0238821118421602	0.002053889058681534	0.0012087645084013778	0.015000192934648835	1.2235827382622662	2.302231880135518	1.765891873912057	0.41993503371953567	0.2001478188988049	44.351065562507536	0.030060349908211697
4.447406513482815	0.01	0.007	0.007	0.007	0.01	0.021291179661280236	0.023624792720785735	0.0020162074687988508	0.001186078584813195	0.014893520727551535	1.230094063694436	2.3094646146547335	1.766253952334976	0.41947734926630414	0.20279773444124083	43.880900511167056	0.030000459469899432
4.50565305439534	0.01	0.007	0.007	0.007	0.01	0.02105899171858604	0.023367162751054972	0.0019791861240643005	0.0011638140186028432	0.014783568708235776	1.2365408460212737	2.3164658739805586	1.7665588429162007	0.41899833817186266	0.20542907681578174	43.41007198067336	0.029939959489296026
4.56461991090352	0.01	0.007	0.007	0.007	0.01	0.02082651772802868	0.02310921530446829	0.0019428031408983955	0.0011419562021745449	0.014670428811124847	1.2429229333343348	2.323233554617925	1.7668066750168658	0.4184979462142159	0.20804121719329166	42.93856658512088	0.029878835603458845
4.624325766389036	0.01	0.007	0.007	0.007	0.01	0.02059375119477736	0.02285094317336922	0.0019070374059990622	0.0011204910829708953	0.014554189557283256	1.249240178284998	2.329765488826574	1.766997538049861	0.4179761027882892	0.21063354340439905	42.466369843175485	0.02981707282773193
4.684790144465194	0.01	0.007	0.007	0.007	0.01	0.020360685040200163	0.022592338502296548	0.0018718685337876558	0.0010994051317574983	0.014434936065058634	1.2554924388028512	2.3360594406912796	1.7671314808726244	0.4174327204331517	0.21320545968517723	41.99346605025139	0.0297546555100612
4.746033509062596	0.01	0.007	0.007	0.007	0.01	0.02012731138624662	0.022333392548738368	0.0018372768037844905	0.0010786852993725686	0.014312749980004534	1.2616795827383984	2.342113105475609	1.767208511033593	0.41686769390907047	0.21575638804489283	41.51983783836783	0.0296915672408174
4.808077374805663	0.01	0.007	0.007	0.007	0.01	0.019893621326954866	0.02207409542959926	0.0018032431008102824	0.0010583189756841645	0.01418770938787822	1.267801492420818	2.347924107644737	1.7672285936108538	0.41628089908546717	0.2182857696197474	41.045465709198	0.029627790753739686
4.870944420058491	0.01	0.007	0.007	0.007	0.01	0.019659604718503233	0.021814435888243253	0.0017697488622716395	0.001038293953253837	0.0140598887280176	1.2738580682900835	2.3534899966709566	1.7671916496255744	0.41567219171125797	0.22079306565735396	40.570327604041594	0.029563307826034568
4.934658632786453	0.01	0.007	0.007	0.007	0.01	0.019425249878462537	0.02155440096078753	0.001736776016561474	0.0010185983861138177	0.013929358647950096	1.2798492344180248	2.358808243119327	1.7670975539978604	0.4150414057754549	0.22327775928903099	40.09439828866574	0.02949809914692735
4.999245461610017	0.01	0.007	0.007	0.007	0.01	0.01919054330424918	0.02129397566370001	0.0017043069288013757	0.0009992207533421468	0.013796185856475707	1.2857749429520748	2.363876231927837	1.7669461329649863	0.41438835170566235	0.2257393568597456	39.6176487761559	0.029432144183448705
5.064732012086786	0.01	0.007	0.007	0.007	0.01	0.01895546926966671	0.021033142546125927	0.0016723243341417234	0.0009801498155890857	0.0136604328956571	1.2916351810132274	2.3686912557491024	1.7667371608393287	0.41371281399717685	0.22817739027300168	39.14004550105909	0.029365421002898785
5.131147243087011	0.01	0.007	0.007	0.007	0.01	0.018720009472735423	0.02077188129912115	0.001640811283103364	0.0009613745791542595	0.013522157927165034	1.297429975533886	2.3732505040372476	1.7664703560983432	0.4130145487067551	0.23059141847036074	38.66154959638662	0.02929790609867324
5.1985222357765135	0.01	0.007	0.007	0.007	0.01	0.01848414248279695	0.02051016814216477	0.001609751064776789	0.0009428842472059881	0.013381414386471887	1.3031594022217539	2.3775510526012047	1.766145376494319	0.4122932800498202	0.23298103060900813	38.18211576126549	0.02922957414614398
5.266890477506604	0.01	0.007	0.007	0.007	0.01	0.018247843207925395	0.020247975232201478	0.0015791271388007366	0.0009246681765800654	0.01323825062846778	1.308823592925702	2.3815898482207114	1.765761813197545	0.4115486966629191	0.23534584854838	37.70169116793657	0.029160397748287308
5.336288236837428	0.01	0.007	0.007	0.007	0.01	0.01801108212933624	0.019985269814148287	0.001548923043171227	0.0009067158205282033	0.013092709411208471	1.3144227473833354	2.3853636921734447	1.7653191834662885	0.41078044669159575	0.23768553112576613	37.22021389287775	0.029090347094681186
5.406754986419522	0.01	0.007	0.007	0.007	0.01	0.017773824476558765	0.019722013305671537	0.001519122302184256	0.0008890166718988115	0.0129448273151053	1.3199571447806393	2.388869218071907	1.7648169217834626	0.4099881321146793	0.23999977830230027	36.737611224642876	0.02901938957921175
5.478333907740399	0.01	0.007	0.007	0.007	0.01	0.01753602924692591	0.01945816020921937	0.001489708322717842	0.0008715601997271885	0.01279463403590669	1.3254271571666991	2.392102864455874	1.7642543690549328	0.40917130189821815	0.24228833601098868	36.25379765180594	0.02894748934353888
5.551072579557251	0.01	0.007	0.007	0.007	0.01	0.01729764776471847	0.01919365651326132	0.001460664243279625	0.0008543357581569871	0.012642151349801544	1.3308332711975879	2.3950608440572587	1.7636307586833084	0.40832944274458544	0.24455100439332178	35.76867191019239	0.02887460664627169
5.625023725415946	0.01	0.007	0.007	0.007	0.01	0.01705862223922118	0.018928438092316622	0.0014319727954561128	0.0008373325031355533	0.012487392028668023	1.3361761069260467	2.3977391004922213	1.7629451999772037	0.4074619687610962	0.24678764467295328	35.28211402250251	0.028800697186015935
5.7002462816530475	0.01	0.007	0.007	0.007	0.01	0.016818883515327922	0.018662428211047286	0.001403616081892803	0.0008205392600593719	0.012330358179515439	1.3414564512012652	2.400133259237811	1.7621966561310174	0.40656820693160395	0.24899819197239217	34.793980687948086	0.028725711119827534
5.776806637499684	0.01	0.007	0.007	0.007	0.01	0.01657834858404048	0.018395534761927436	0.0013755753449113451	0.0008039443864167952	0.01217103935017509	1.346675291527341	2.4022385604613996	1.7613839171338512	0.40564737993874533	0.25118266809144074	34.30410017416911	0.028649591931144115
5.854780381392813	0.01	0.007	0.007	0.007	0.01	0.016336916885255126	0.018127646162853332	0.0013478306164083269	0.0007875355647592306	0.01200940974608706	1.3518338702213453	2.4040497770152314	1.7605055632629136	0.4046985821883095	0.2533412024676759	33.81226473853084	0.028572274820780307
5.9342544962855746	0.01	0.007	0.007	0.007	0.01	0.01609446574424377	0.017858626293507842	0.0013203602992166081	0.0007712995559269475	0.011845424741047246	1.356933748779535	2.4055611033578472	1.7595599179704817	0.40372074939268005	0.2554740569714703	33.31822126926459	0.02849368468865358
6.015330475964755	0.01	0.007	0.007	0.007	0.01	0.015850843688671127	0.017588307079998994	0.0012931405477888227	0.0007552218346264911	0.01167901579367003	1.3619769059104896	2.4067660105999233	1.7585449826466635	0.4027126155813465	0.25758166416791395	32.82165758741155	0.02841373325238076
6.098128562159291	0.01	0.007	0.007	0.007	0.01	0.015605861372384247	0.017316478424005712	0.0012661444378532101	0.0007392861017020473	0.011510083498835451	1.366965869412715	2.4076570457343576	1.757458347268929	0.40167265443226446	0.2596646788316659	32.32218384148701	0.028332315127833647
6.182793966562625	0.01	0.007	0.007	0.007	0.01	0.015359277998803874	0.017042873138353735	0.0012393407182838918	0.0007234735516048416	0.011338487216389574	1.3719039174774676	2.4082255510543042	1.75629706099762	0.4005989932808596	0.26172405713153146	31.81930468499302	0.028249302052869026
6.2695061478868475	0.01	0.007	0.007	0.007	0.01	0.015110780893586742	0.01676714428114008	0.0012126919353229503	0.0007077617722828441	0.011164029453910351	1.3767953835750217	2.40846125377672	1.7550574401216017	0.39948928486394514	0.2637611769776633	31.312377419508277	0.028164534257473842
6.358493532295511	0.01	0.007	0.007	0.007	0.01	0.014859952633132627	0.016488828682060034	0.001186151402138141	0.0006921229684058571	0.01098643077805053	1.3816461539509632	2.408351640159372	1.753734766511762	0.39834050406781213	0.2657780353131111	30.80054465339037	0.028077806731752156
6.450058217810127	0.01	0.007	0.007	0.007	0.01	0.01460621520671976	0.01620728498573634	0.0011596580339555582	0.000676520933646322	0.01080528725736572	1.3864645223287895	2.4078809413712476	1.7523227861201063	0.3971486071663088	0.26777758834590626	30.282619931707618	0.02798884612360495
6.544621087561283	0.01	0.007	0.007	0.007	0.01	0.014348726724952979	0.015921579041580702	0.0011331267491612102	0.0006609054236392968	0.010619991905193768	1.3912627910009783	2.4070283567566464	1.7508128028316057	0.3959079104715442	0.26976439130261015	29.756876211269805	0.027897268442724693
6.642813804497638	0.01	0.007	0.007	0.007	0.01	0.014086168154980143	0.01563024727043427	0.001106428553163069	0.0006452004797657227	0.01042957285773103	1.396060616902686	2.4057645832819214	1.749191850368883	0.3946098253298856	0.27174594003382746	29.22060921238645	0.027802492598973893
6.745702372548567	0.01	0.007	0.007	0.007	0.01	0.013816218029978714	0.015330713817904056	0.0010793411837525615	0.0006292754887182057	0.010232295975427682	1.4008933660049434	2.4040438069775942	1.747438305357715	0.39323979056978126	0.2737360325699285	28.669062147230182	0.027703529738782578
6.855486613516571	0.01	0.007	0.007	0.007	0.01	0.013533891179487025	0.015017447274324568	0.001051392278394394	0.0006128532047849853	0.01002441107460203	1.4058388147860257	2.4017797192562327	1.7455083016389852	0.3917676914093082	0.2757655421803452	28.092025674956858	0.027598322740730815
6.978924226060548	0.01	0.007	0.007	0.007	0.01	0.013223352324302202	0.014672877548478694	0.0010210843354561915	0.0005950551663624249	0.009793984108237955	1.411149565459775	2.3987313641849637	1.743269649362231	0.39010100771407175	0.2779359292390592	27.457084895886688	0.027480508703572534
7.09925715620796	0.01	0.007	0.007	0.007	0.01	0.012927499624254688	0.014344601929729256	0.0009926176210666448	0.0005783480340902398	0.00957280420531304	1.4160832218630564	2.3952731385871493	1.7410214580448773	0.38846565041807096	0.27994259315040554	26.851930822370278	0.02736614204186804
7.203633303599711	0.01	0.007	0.007	0.007	0.01	0.012676256746409533	0.01406582396657296	0.0009687452281251494	0.0005643443903797773	0.00938373733780685	1.4201762011580645	2.391903817588169	1.7390217618875687	0.3870395149555529	0.2815993386368195	26.33783587416945	0.0272673265508869
7.304137329847858	0.01	0.007	0.007	0.007	0.01	0.012438960383758033	0.013802521514428468	0.0009464449101983452	0.0005512686465659056	0.009204170661413569	1.4239601487150713	2.3883501454967773	1.737055016796393	0.385660226797582	0.2831237582875086	25.852116603101525	0.027172514108070932
7.403463189601842	0.01	0.007	0.007	0.007	0.01	0.012208820166961546	0.013547159537642735	0.0009250398088712758	0.0005387229161108075	0.009029130695583842	1.4275538501330096	2.384553113963652	1.7350735751979127	0.38429181511557997	0.2845643859442435	25.380892536502547	0.027079137018365756
7.501633483886877	0.01	0.007	0.007	0.007	0.01	0.011985551006668023	0.013299421542731093	0.0009044777246578847	0.0005266759182170524	0.008858506951672375	1.4309684242651932	2.3805339689887197	1.7330801207244828	0.3829346508182566	0.2859260751993644	24.92359133868635	0.026987161597789213
7.598661986911109	0.01	0.007	0.007	0.007	0.01	0.011768899942044442	0.013059026827251075	0.0008847121680815183	0.0005150998026949412	0.008692202287301876	1.4342139712802238	2.376312711514688	1.7310772611035177	0.3815891615850229	0.28721326392147956	24.479705704523987	0.02689656289103652
7.6946907613062105	0.01	0.007	0.007	0.007	0.01	0.011558345821103934	0.012825397130817285	0.0008656749301566165	0.0005039540805613018	0.008529902523796262	1.4373040076053931	2.3719018658270503	1.72906467017762	0.3802539309372619	0.28843171955527713	24.04817788184625	0.026807197132003312
7.789857131863741	0.01	0.007	0.007	0.007	0.01	0.011353407441763339	0.012597998521052742	0.0008473043750995594	0.0004932021944437598	0.008371312076082155	1.4402507081714067	2.3673117106844295	1.7270417682167576	0.3789275398105144	0.28958662980175753	23.628030668961827	0.026718926877550148
7.884279159286223	0.01	0.007	0.007	0.007	0.01	0.011153671303458675	0.012376372185849353	0.0008295474526301351	0.00048281268204029284	0.008216177378916865	1.443064615636941	2.3625513205545485	1.7250080813548305	0.3776087801549928	0.2906824944721289	23.21842448971251	0.02663163428433291
7.978057111827817	0.01	0.007	0.007	0.007	0.01	0.010958783449808576	0.012160125382397685	0.0008123584983644115	0.0004727584607155652	0.008064282506206855	1.445754879876968	2.3576288932237364	1.722963267025224	0.37629664507754457	0.291723228335778	22.818640890514494	0.02654521941612439
8.07127596956246	0.01	0.007	0.007	0.007	0.01	0.010768439939295856	0.011948920863664541	0.0007956980078365919	0.0004630160994975066	0.007915443330887733	1.4483294936741398	2.3525519523350216	1.720907106509178	0.37499030233665553	0.2927122609844898	22.42806318381256	0.026459597644663636
8.1640080193219	0.01	0.007	0.007	0.007	0.01	0.010582377992710123	0.011742467055726248	0.0007795315531278325	0.00045356517686629023	0.007769501871045911	1.4507954971821808	2.347327475452912	1.7188394856041531	0.37368906469213126	0.29365262286580757	22.046158440134523	0.026374697023150206
8.256315005020467	0.01	0.007	0.007	0.007	0.01	0.010400368803999282	0.011540510080779194	0.0007638289116021376	0.00044438776445752444	0.007626321663211649	1.4531591415864291	2.3419619882141944	1.7167603769324782	0.37239236501293227	0.29454701402553385	21.67246285948713	0.026290456118904182
8.348249918275663	0.01	0.007	0.007	0.007	0.01	0.010222211676971493	0.011342827251295864	0.0007485633613300832	0.0004354680096637534	0.007485783964217145	1.4554260207391954	2.3364616332036916	1.71466982390055	0.3710997353107795	0.2953978592821573	21.306569837081987	0.02620682221655406
8.439859137112169	0.01	0.007	0.007	0.007	0.01	0.010047728015297934	0.011149220401400482	0.0007337110057500688	0.00042679173648937154	0.007347783667158726	1.4576011924329713	2.330832180070245	1.7125679114841816	0.36981078000834283	0.296207358222531	20.94811770432524	0.02612374924184881
8.531181921817838	0.01	0.007	0.007	0.007	0.01	0.009876760754630965	0.010959515256761258	0.0007192505937716851	0.0004183463367303192	0.007212229388282981	1.4596892223487894	2.3250791689326467	1.710454793618539	0.36852518573141413	0.29697750538128614	20.5967886315951	0.026041198111073555
8.622252765976818	0.01	0.007	0.007	0.007	0.01	0.009709168581332752	0.010773555019772556	0.0007051629181404925	0.00041012041542632326	0.007079039342568168	1.4616942870081244	2.319207860189835	1.7083306525084028	0.36724269043925456	0.29771013178888955	20.252296809824507	0.025959134505767388
8.713101699072352	0.01	0.007	0.007	0.007	0.01	0.00954482434954966	0.010591198613154744	0.0006914305922856482	0.0004021036579920146	0.006948140451806797	1.463620217918799	2.3132232902072607	1.7061957021947396	0.36596308096306746	0.29840692389115203	19.914385244239007	0.02587752852689148
8.80375509285406	0.01	0.007	0.007	0.007	0.01	0.009383612724676397	0.010412318065175643	0.0006780377763081002	0.00039428666806091327	0.006819466780535661	1.465470551019647	2.307130282714089	1.7040501787067612	0.3646861831488242	0.29906944397146057	19.58282095047394	0.025796353905327425
8.894236113919792	0.01	0.007	0.007	0.007	0.01	0.009225428636360219	0.010236796793125917	0.0006649699834661361	0.00038666085268404906	0.006692958564321586	1.4672485627549252	2.300933471915846	1.7018943369263224	0.3634118567355503	0.29969914525369773	19.257391807554647	0.02571558754258555
8.984565229825803	0.01	0.007	0.007	0.007	0.01	0.009070175761202736	0.010064527919746482	0.0006522138991655109	0.00037921831511293907	0.0065685612210788814	1.4689573028369316	2.2946373132521867	1.699728444966998	0.36213998928363966	0.30029738544680534	18.93790346615306	0.025635209012574465
9.07476056782785	0.01	0.007	0.007	0.007	0.01	0.008917765374433475	0.00989541299906219	0.0006397572388988624	0.00037195177055142093	0.006446224623123591	1.4705996202957183	2.2882460967456746	1.697552781025196	0.3608704920212782	0.3008654375712083	18.62417701082946	0.025555200203173572
9.16483821871941	0.01	0.007	0.007	0.007	0.01	0.008768115381248115	0.009729360941569277	0.0006275886277485033	0.00036485447468316074	0.0063259024856310575	1.4721781855247285	2.2817639583177454	1.695367630731139	0.35960329633622956	0.30140449910994516	18.316046987999897	0.025475545012909263
9.254812499405963	0.01	0.007	0.007	0.007	0.01	0.008621149489409886	0.009566287096166732	0.0006156974971104847	0.00035792016240770525	0.006207551845526376	1.4736955091071875	2.275194889168909	1.6931732848173877	0.3583383507441059	0.30191569980876515	18.01335972131773	0.025396229089524172
9.344696205237609	0.01	0.007	0.007	0.007	0.01	0.008476796461220846	0.009406112420154385	0.0006040739926841986	0.0003511429932847344	0.006091132584824864	1.4751539583504956	2.26854274176963	1.6909700364607787	0.35707561791584824	0.3024001084806297	17.715971787563443	0.025317239582309577
9.434500775724626	0.01	0.007	0.007	0.007	0.01	0.008334989558674377	0.009248762863583258	0.0005927089021249466	0.00034451750856057204	0.005976607093264762	1.4765557706116361	2.2618112387649365	1.688758180260158	0.35581507285289293	0.30285873854587125	17.423748887968	0.025238564974714443
9.524236487495552	0.01	0.007	0.007	0.007	0.01	0.008195665987128085	0.00909416875196324	0.0005815935859590674	0.00033803859019462335	0.005863939916199128	1.4779030656288785	2.2550039770588928	1.6865380101526042	0.35455670062112987	0.30329255308622965	17.13656471446763	0.025160194896215866
9.613912550216007	0.01	0.007	0.007	0.007	0.01	0.008058766528155176	0.008942264378881756	0.0005707199265485341	0.00033170143049165155	0.0057530975436066376	1.479197855123039	2.2481244368044915	1.6843098193863182	0.3533004953979407	0.3037024688679391	16.8543002040721	0.025082120021944935
9.703537278209485	0.01	0.007	0.007	0.007	0.01	0.00792423508478279	0.008792987501406795	0.0005600802725238499	0.0003255014991640557	0.005644048118482254	1.4804420525201574	2.2411759826720914	1.6820738983407277	0.35204645841622273	0.3040893602845885	16.576842611182915	0.025004331908484046
9.793118165865671	0.01	0.007	0.007	0.007	0.01	0.00779201840248651	0.008646279030507475	0.0005496673993643418	0.00031943451986784414	0.005536761278765974	1.4816374803468226	2.234161870707658	1.6798305344850417	0.35079459722301454	0.3044540624470625	16.304084940929574	0.024926822915742466
9.882661974027666	0.01	0.007	0.007	0.007	0.01	0.007662065793202901	0.008502082724823275	0.0005394744720006823	0.00031349644796957655	0.0054312079945763045	1.4827858770909443	2.227085252981396	1.6775800118680138	0.3495449247531724	0.30479737402083307	16.035925387732302	0.024849586120746614
9.972174845268365	0.01	0.007	0.007	0.007	0.01	0.007534328837824521	0.008360344860556852	0.0005294950073619799	0.0003076834483284526	0.005327360381535728	1.4838889037641867	2.219949178674173	1.6753226096997162	0.3482974579754134	0.3051200598807376	15.772266728464688	0.024772615208149863
10.0	0.01	0.007	0.007	0.007	0.01	0.007495058162411856	0.008316769762395832	0.0005264348040936852	0.0003059010322572271	0.005295410962547067	1.484222852656511	2.217718841315188	1.674619398925678	0.347910058996578	0.30521629941767886	15.691194774598463	0.02474873734152915
