0.0	0.01	0.007	0.007	0.007	0.01	0.0	0.0	0.0	0.0	0.0	0.0	0.0	0.0	0.0	0.0	100.0	0.035
0.006406859362262371	0.01	0.007	0.007	0.007	0.01	0.0026826724000186693	0.006251879813410264	0.003033302279925194	0.0010952260778500367	0.00030686599326697173	0.00010522002261177222	0.00048599849186239393	0.0003704646634889698	6.945989932918191e-5	7.609195189665095e-6	99.87690148505524	0.034992229293873876
0.010919486046191536	0.01	0.007	0.007	0.007	0.01	0.004473510695612018	0.010196929128249712	0.0050727884311910455	0.001846390569845571	0.0004889276531746486	0.0003010410097724175	0.001369849769701191	0.0010619311879785163	0.00020017129242236352	2.111942406169969e-5	99.79028886905313	0.03498675708679508
0.017460112406509416	0.01	0.007	0.007	0.007	0.01	0.006932249701870128	0.015315713905785422	0.007893191350974433	0.0029062081524186436	0.0007110741677188556	0.0007530937151317326	0.0033554438742682685	0.002663732663301841	0.0005059582656946783	5.06424365349083e-5	99.66488536850201	0.034978827158263774
0.023811529765320166	0.01	0.007	0.007	0.007	0.01	0.009173187118888143	0.019681389912355948	0.010485514096650769	0.0039034572571084135	0.000887281292333979	0.0013716001935840682	0.005991477528625982	0.004863872349872676	0.0009306420533260504	8.867951007525243e-5	99.54326039458698	0.03497112834896467
0.03120882861785338	0.01	0.007	0.007	0.007	0.01	0.011612411921619187	0.024108775448059578	0.013332515249669268	0.005026461909541285	0.0010527026292219954	0.002299949444581416	0.009825671428722153	0.008179728096810538	0.0015782730529119394	0.00014235661367333484	99.40179464352153	0.03496216392049636
0.03891166557659434	0.01	0.007	0.007	0.007	0.01	0.013970084562056858	0.02806670797089761	0.016111210348867408	0.006153204701539497	0.0011884701497667158	0.0034875946430377967	0.014571168090848217	0.012440255636726847	0.0024210385949852207	0.00020677734030192236	99.2546994566704	0.03495283166742965
0.04729208031128722	0.01	0.007	0.007	0.007	0.01	0.01633918997461705	0.031725526873293775	0.018931941067250043	0.007331235064740424	0.0013030002784517251	0.005015804029534493	0.020474587453095935	0.01794721647361828	0.003524953872253018	0.00028453544080579273	99.09491230986576	0.03494268133478253
0.05611154282433956	0.01	0.007	0.007	0.007	0.01	0.018628761439735946	0.03495806382612959	0.02168704121578918	0.008518925208927598	0.001394649953456831	0.006867801809029464	0.027386715329962848	0.024651835056582187	0.004887841226013953	0.0003729487222665499	98.92703175196922	0.03493200241214723
0.06548098348642731	0.01	0.007	0.007	0.007	0.01	0.020850969419663294	0.03780972034730595	0.024390038897207332	0.009724158320902681	0.0014673521709883044	0.009084880889365656	0.035380486065556056	0.032715549474788275	0.0065508908651094435	0.00047238593851830796	98.74899378858969	0.03492066113138692
0.07533003926114992	0.01	0.007	0.007	0.007	0.01	0.022973561733997942	0.04026983047711296	0.026999689460977742	0.010930426794747978	0.00152326807848281	0.011666714255204231	0.0443741290813405	0.04214954806969456	0.008525871599783616	0.000581371291719445	98.56218761128218	0.034908743268074235
0.08569956399090578	0.01	0.007	0.007	0.007	0.01	0.0249933422680303	0.04237031471050561	0.029508666274292203	0.012135522891546006	0.001565405510709529	0.014635688542791172	0.05437010895678025	0.05304757206205522	0.01084270862331093	0.0006996129818484715	98.36589162381345	0.03489620000603281
0.0965802361467141	0.01	0.007	0.007	0.007	0.01	0.026898063243155294	0.044134682664388594	0.031897197159444154	0.013330841557007707	0.0015962404791629292	0.017998536024976655	0.06531977255002629	0.06544553641829498	0.013520347451167574	0.0008263216893667392	98.16033988154474	0.03488304329170498
0.10800092403828733	0.01	0.007	0.007	0.007	0.01	0.028684377672502467	0.04559637378848499	0.03415521777426771	0.014511837275463176	0.0016181009151620153	0.021770757046272765	0.07720815463109461	0.0794102502198665	0.01658546351475705	0.0009612142323813218	97.94504848004337	0.03486923893575888
0.11997991706782535	0.01	0.007	0.007	0.007	0.01	0.030348026230293403	0.04678711988725008	0.03627019215893795	0.015672230377557262	0.0016329409606450401	0.025963005920652853	0.09000891627795225	0.09498859357537355	0.020061649108189795	0.001103964079926776	97.71973982920312	0.03485476561796003
0.13255173565276326	0.01	0.007	0.007	0.007	0.01	0.031887936281771556	0.047739563167742916	0.038232258795595365	0.016806694893373414	0.0016424177851498557	0.030590016038023506	0.10371307030527667	0.11223952907702295	0.023976453091443046	0.00125451297308477	97.48383831013503	0.0348395824943239
0.14575254067980672	0.01	0.007	0.007	0.007	0.01	0.03330360460921283	0.04848439346635391	0.040030912561105386	0.0179091697864348	0.0016478943337350778	0.035666106629442175	0.1183147002344576	0.1312163019369945	0.02835756207486217	0.0014128926433488208	97.23674720049968	0.03482364685536183
0.15962855533939596	0.01	0.007	0.007	0.007	0.01	0.03459590038999694	0.049050437454700356	0.041656009529271544	0.018973456615937544	0.0016504929397693586	0.041208460823352014	0.13382048471720498	0.151977211404299	0.0332353515857146	0.0015793173954612287	96.97769273758777	0.034806903980080794
0.1742319104910272	0.01	0.007	0.007	0.007	0.01	0.035766298715179654	0.04946392585557197	0.043096788234024075	0.01999265826060114	0.0016511427469420867	0.04723577966872618	0.1502452771880317	0.1745788264014322	0.03864148611624696	0.0017541270393421347	96.70580473120137	0.03478929218550001
0.18962348691704373	0.01	0.007	0.007	0.007	0.01	0.03681695987059205	0.049748421089572475	0.04434199333641856	0.020959232608187103	0.0016506329577613559	0.053769489746012825	0.16761506897329753	0.1990783205717426	0.04460961460417277	0.0019378158066101958	96.42006652655354	0.03477073943375532
0.2058716527143737	0.01	0.007	0.007	0.007	0.01	0.03775046332221875	0.04992470297268023	0.045379623230786176	0.02186475272831251	0.001649663239407843	0.06083323823633421	0.18596515023983226	0.2255289099467547	0.051174428206863534	0.0021310157990492226	96.11934210941975	0.034751164898488486
0.22305262690787578	0.01	0.007	0.007	0.007	0.01	0.03856976092453527	0.05001083570340737	0.04619705057376784	0.022699848096460654	0.0016488907968969899	0.06845293289852718	0.2053399017874199	0.2539767952464921	0.05837100480136029	0.0023345051093992836	95.80237326490193	0.0347304785743811
0.2412484325122772	0.01	0.007	0.007	0.007	0.01	0.03927807320439054	0.05002228856118642	0.04678124414251177	0.02345411089304447	0.001648972371668742	0.07665562435100765	0.22578974754102282	0.284453264454435	0.06623282620750807	0.002549193958861682	95.46782158485313	0.03470858379408232
0.260543357821241	0.01	0.007	0.007	0.007	0.01	0.03987887059219934	0.04997213599195881	0.04711936245362835	0.024116134478788298	0.0016505996176953116	0.08546757011503733	0.2473664116233354	0.3169634640951714	0.07478867617686889	0.00277610159044592	95.1143374587434	0.034685381535633976
0.2810167599562077	0.01	0.007	0.007	0.007	0.01	0.04037590655269852	0.049871318615126524	0.047199822993673736	0.024673720427585616	0.001654525303045197	0.09491051164663472	0.27011424025939207	0.35146885378000176	0.08405743686683015	0.0030162996655528572	94.74069464138006	0.034660779112154774
0.3027322985502421	0.01	0.007	0.007	0.007	0.01	0.040773370691762914	0.049728958777552255	0.04701404572544347	0.025114428990354355	0.0016615761265178714	0.10499624751165396	0.29405800077411104	0.38786490873254764	0.09404089074818914	0.0032708231870446176	94.34598659192275	0.03463470311194417
0.32572668521612935	0.01	0.007	0.007	0.007	0.01	0.041076188247082854	0.04955268431012202	0.04655880377247399	0.0254266225461273	0.0016726484268774814	0.11572109767740449	0.3191909020125694	0.42596167279660124	0.10471636711786891	0.0035405817559885588	93.92982621968602	0.034607112856200065
0.35000513011770895	0.01	0.007	0.007	0.007	0.01	0.04129037432273987	0.04934887224492925	0.04583852870301148	0.025600927202684105	0.001688689847867226	0.1270638525286496	0.34547076689812517	0.4654814475161982	0.11603335786572566	0.0038263482567947307	93.49241866278057	0.03457800575207495
0.3755497338371342	0.01	0.007	0.007	0.007	0.01	0.04142319649599129	0.04912274420587255	0.04486642780920256	0.025631629510465617	0.0017106818577161589	0.13899026800659617	0.37283058047977663	0.506083641691746	0.1279177487455076	0.0041288920477207045	93.03439844834251	0.03454740709621258
0.40233542660164595	0.01	0.007	0.007	0.007	0.01	0.04148292686377664	0.04887838089502947	0.04366382731399234	0.025517391063746713	0.0017396390885877318	0.15146141276051717	0.40119660219369113	0.5474040940499529	0.14028110892518936	0.004449194821779663	92.5565350701044	0.03451535088143089
0.43034016838897504	0.01	0.007	0.007	0.007	0.01	0.04147828795137355	0.048618810752625904	0.04225844633444847	0.025261186722900265	0.0017766243298324763	0.16443930148955654	0.430499400207953	0.5890836996708402	0.15302808300628398	0.004788599759090224	92.05954795959327	0.03448186755543472
0.4595413323676457	0.01	0.007	0.007	0.007	0.01	0.04141791475459515	0.048346252186901924	0.040682783257298974	0.024869927542966738	0.0018227597554148524	0.17788589651842202	0.46066989481841325	0.6307740491157718	0.1660576579859101	0.005148798744837243	91.54417032969371	0.03444698834335039
0.4898986803845797	0.01	0.007	0.007	0.007	0.01	0.04131005929202746	0.04806247845316868	0.03897321612820164	0.024354247320629106	0.0018792083833739975	0.1917558839142636	0.49162210315609245	0.6721251825353288	0.17925896156878005	0.005531646219430909	91.01144559272501	0.0344107655355826
0.5213302182328686	0.01	0.007	0.007	0.007	0.01	0.04116255643046686	0.047769216240607225	0.03716955660982695	0.023728566408178196	0.0019471057256301109	0.20598653367302389	0.5232302526025369	0.7127697629779329	0.19250553262179737	0.005938842550112893	90.46313683346186	0.034373301124887186
0.5536974741948487	0.01	0.007	0.007	0.007	0.01	0.04098288367285098	0.04746840913819221	0.03531386767777111	0.02301097950491636	0.00202745703578758	0.22049242585554552	0.5553173766247098	0.752326976507865	0.20565584680033008	0.006371660944691013	89.90195701746627	0.03433476402530731
0.5868186917020621	0.01	0.007	0.007	0.007	0.01	0.040778069575783255	0.04716217912940522	0.03344741468174385	0.022222209659053523	0.0021210645597146646	0.23517299059425315	0.5876724219215694	0.7904410740988919	0.21856626410967603	0.006830967671447064	89.33130873741891	0.034295373970339355
0.6205044827864322	0.01	0.007	0.007	0.007	0.01	0.04055440254608325	0.046852555034416814	0.0316065957227646	0.021383586735441367	0.0022285323508126173	0.24992943868094605	0.6200877122817766	0.8268331605192311	0.23111051513707048	0.007317540704658683	88.7546485384816	0.03425535883657427
0.6545911428032407	0.01	0.007	0.007	0.007	0.01	0.040317142639890516	0.04654121240870459	0.029819998476795614	0.020514952595237168	0.0023503258439845185	0.2646794306254328	0.6523909910308132	0.8613307457578079	0.24319345755291877	0.007832430496519788	88.17491507380171	0.03421491503852175
0.6889503014615477	0.01	0.007	0.007	0.007	0.01	0.04007045909595423	0.046229423882935806	0.02810792659772403	0.01963347383569455	0.002486809389763261	0.27936043248988973	0.6844524913839162	0.8938591447663315	0.2547520391838924	0.008377066739311325	87.59437925566363	0.03417419624520727
0.7234870131241596	0.01	0.007	0.007	0.007	0.01	0.03981752872995686	0.04591810585626286	0.026483309901371585	0.01875322955805248	0.002638262828211119	0.29392777489732386	0.7161805430318415	0.9244190440636176	0.2657505629681325	0.008953237050907847	87.01469531475763	0.034133315870252715
0.7581333172401261	0.01	0.007	0.007	0.007	0.01	0.0395607080406486	0.04560789732834237	0.024953157845919446	0.017885298797538907	0.0028048819145221394	0.30835085231069204	0.7475132669296726	0.9530627625305257	0.27617433782650763	0.009563008619447191	86.43702640819059	0.03409235490852281
0.7928427357659905	0.01	0.007	0.007	0.007	0.01	0.03930170412246219	0.04529922323964739	0.02351998040252029	0.017038057508811672	0.0029867780081312897	0.32260992612861894	0.7784116775138001	0.9798757235737215	0.286024201635547	0.010208664090187667	85.86215064502953	0.03405136861780419
0.8275858640779934	0.01	0.007	0.007	0.007	0.01	0.03904172353112846	0.04499234329550262	0.02218302971315632	0.01621756336046008	0.0031839787128548408	0.33669358458666504	0.8088542441616647	1.0049627435848576	0.2953120688487804	0.010892653013114892	85.29054551230605	0.03401039186726185
0.8623472563147254	0.01	0.007	0.007	0.007	0.01	0.038781590925529165	0.0446873862259913	0.02093930383180483	0.015427948367806739	0.00339643207788764	0.35059690344879413	0.8388329731609198	1.028438473707626	0.30405751493685457	0.01161756412842247	84.7224482060922	0.03396944292537482
0.8971230623390093	0.01	0.007	0.007	0.007	0.01	0.038521841511515734	0.04438437547454772	0.019784333340568276	0.014671789539399141	0.003624012869677217	0.364320042365025	0.8683504201827609	1.050420776637833	0.3122851428158243	0.012386110935258035	84.1579016319097	0.03392852633774209
0.9319192891320909	0.01	0.007	0.007	0.007	0.01	0.03826279098368275	0.04408324814114344	0.018712774690017926	0.01395043781607559	0.0038665307535912896	0.37786719284025566	0.8974174477195498	1.0710263136658678	0.32002259868921357	0.013201129627290647	83.59678870483698	0.03388763505131171
0.9667504599102781	0.01	0.007	0.007	0.007	0.01	0.038004588111644574	0.04378386961136269	0.017718846172721212	0.013264300615443599	0.004123739227066278	0.39124576090676394	0.9260514757550908	1.0903676845461727	0.32729908531957513	0.01406558584608952	83.03885906575877	0.033846752057131294
1.0016386144257434	0.01	0.007	0.007	0.007	0.01	0.03774725366057317	0.04348604464463625	0.016796637252478985	0.012613076942717523	0.004395344924615609	0.40446574199408014	0.9542751361401892	1.1085516991952806	0.33414427569600064	0.014982589699917157	82.48374943752063	0.0338058516219029
1.0366126560191165	0.01	0.007	0.007	0.007	0.01	0.03749070837984939	0.04318952508799172	0.015940318490120595	0.01199594739399215	0.004681017411345871	0.4175392720516166	0.9821152974927444	1.1256784780913458	0.3405875506476447	0.01595542024086823	81.93099781694406	0.03376490010538193
1.0717079603652655	0.01	0.007	0.007	0.007	0.01	0.03723479291275305	0.04289401511465628	0.015144278079235884	0.011411725420141643	0.004980398917403973	0.4304803067997737	1.0096023579169378	1.1418411016828962	0.34665747597306357	0.01698755850085557	81.38005311853458	0.03372385646669345
1.1069663493274706	0.01	0.007	0.007	0.007	0.01	0.03697928059619571	0.0425991732606122	0.014403201977602613	0.010858973715840733	0.005293114977507557	0.44330445362357423	1.0367698569054098	1.157125682453021	0.3523814810168665	0.018082733616934462	80.83027888201758	0.03368267234170121
1.1424364038838444	0.01	0.007	0.007	0.007	0.01	0.036723884678133346	0.042304611643204065	0.013712114469085431	0.010336092375331687	0.005618785995964269	0.4560289312702348	1.0636543511017444	1.171611703534742	0.3577856820305361	0.019244984034800086	80.28095174004423	0.033641291725735586
1.1781742489497755	0.01	0.007	0.007	0.007	0.01	0.03646826002129017	0.04200989142498539	0.013066389194545325	0.009841382704572563	0.005957041095702073	0.468672690110003	1.090295619632538	1.1853725696925006	0.36289482729749956	0.020478741502597295	79.73125288610495	0.03359965011080435
1.2142448900268996	0.01	0.007	0.007	0.007	0.01	0.03621199954825558	0.041714514079829	0.01246173982340696	0.009373091467967352	0.006307535156652047	0.4812567026355481	1.1167372135854639	1.1984763032399852	0.36773233316128007	0.021788945864130476	79.18025170526397	0.03355767298963311
1.2507243989160262	0.01	0.007	0.007	0.007	0.01	0.035954624014069084	0.04141790630022779	0.011894194222468115	0.008929437406744359	0.006669971884101614	0.49380450517055996	1.1430275116521171	1.2109864030219304	0.3723204100644538	0.023181208712375913	78.62687752509859	0.03351527338770183
1.2877032775065267	0.01	0.007	0.007	0.007	0.01	0.035695563469533155	0.041119396279864495	0.01136005573678986	0.008508622368346229	0.007044135933897568	0.5063430706012565	1.1692214360856048	1.2229628719850323	0.3766802711553082	0.024662050055933086	78.06987524419209	0.03347234805159454
1.3252918542653345	0.01	0.007	0.007	0.007	0.01	0.035434125197053225	0.040818175087960415	0.010855848613159354	0.008108824713439839	0.007429941957906771	0.5189042525218408	1.1953833108353407	1.2344635533767747	0.38083246282705696	0.02623926013951847	77.50773309169328	0.03342877131788164
1.363629050526912	0.01	0.007	0.007	0.007	0.01	0.03516943990636272	0.04051323348180326	0.010378242722005647	0.007728171409899996	0.007827512642849498	0.5315271630146493	1.221591580281079	1.2455459639639883	0.38479736860063185	0.027922473952854604	76.93856446500011	0.03338438514057825
1.4028976788691205	0.01	0.007	0.007	0.007	0.01	0.03490036611516715	0.04020325089458271	0.00992393840291952	0.007364674025686482	0.008237314803176474	0.5442623754853163	1.2479471742567245	1.2562701667348761	0.38859605431093075	0.029724153458277492	76.35990035949082	0.03333898166627831
1.443353250188194	0.01	0.007	0.007	0.007	0.01	0.03462530830864233	0.03988638534863467	0.009489468920769302	0.007016095307865681	0.00866041791979725	0.5571799130936536	1.274589443022391	1.2667038543019065	0.39225181935006	0.0316614114641384	75.76829658425243	0.033292270392382126
1.485385418537774	0.01	0.007	0.007	0.007	0.01	0.03434182634252534	0.03955982307379116	0.009070796820545693	0.006679648401877565	0.009099053968072457	0.5703864526443445	1.301730556195353	1.276932967303271	0.3957935071437863	0.033759848824462015	75.15849179392391	0.033243808051474005
1.529676639146657	0.01	0.007	0.007	0.007	0.01	0.03404562094990101	0.039218609574368554	0.008662275937005713	0.00635118796186597	0.009558089555953301	0.5840701901257338	1.3297454322742457	1.2870892728938514	0.399264220971157	0.036063323096894875	74.5212224316324	0.033192817395566204
1.5777621688347194	0.01	0.007	0.007	0.007	0.01	0.033726935954115404	0.03885150504610648	0.0082529346228907	0.006022263260536741	0.010050312724282999	0.5986605951830376	1.3594926517231702	1.2974493037305141	0.4027528689753591	0.03866799247864101	73.8354760247403	0.03313754705290327
1.634452587544975	0.01	0.007	0.007	0.007	0.01	0.033355058537473364	0.03842312985720074	0.007811142460629109	0.005667936521967246	0.01061908736986258	0.6155135867625744	1.3936878466762455	1.308847702979348	0.40652462778985476	0.04187191338819029	73.03511619881928	0.03307250429923448
1.682617343379047	0.01	0.007	0.007	0.007	0.01	0.033042337916339516	0.03806290067188739	0.007466737678325504	0.005392534923373304	0.011089935909601594	0.6295416606765205	1.422011158210338	1.317897189687749	0.4094645037424256	0.04470156786515555	72.36194279205928	0.03301734363534655
1.73135986071132	0.01	0.007	0.007	0.007	0.01	0.032728857564113575	0.037701797336847614	0.007144069646138526	0.005135424993977154	0.011552707572357289	0.6434717415262344	1.4500058982064572	1.3265107777544176	0.41221356973468326	0.04765998257683322	71.68701089357832	0.03296161495262761
1.7773368413099857	0.01	0.007	0.007	0.007	0.01	0.03243589604672156	0.03736433053529662	0.006861244481845893	0.004910970767705178	0.011975011625746256	0.6563704642404145	1.4758076798470652	1.3341714371798645	0.41461475861945085	0.05053265554914464	71.05614364918824	0.03290913439647737
1.8227579226552189	0.01	0.007	0.007	0.007	0.01	0.0321490580292706	0.037033917784692165	0.006600451997835848	0.004704895695237437	0.012377430344062893	0.668887619295251	1.5007317719321551	1.3413288224875481	0.41681796936404086	0.05344368741098663	70.43835583702008	0.03285737042239334
1.8667423047984992	0.01	0.007	0.007	0.007	0.01	0.03187371660929417	0.036716748278123906	0.006363980246984322	0.004518887039595982	0.012752198022552771	0.6807988430071208	1.5243411590907763	1.3478972708558399	0.41880307367711483	0.056326994534137545	69.84522864946496	0.03280732137778738
1.910024027357034	0.01	0.007	0.007	0.007	0.01	0.031605081665695714	0.03640730412005722	0.00614540955031121	0.004347760126746847	0.013105950243294246	0.6923215065094668	1.5470766773204405	1.3540352618699407	0.4206238780508551	0.05922137396534406	69.26645240285033	0.032758146296277525
1.9524282188649948	0.01	0.007	0.007	0.007	0.01	0.03134409461976317	0.03610666969299793	0.005943748239675726	0.004190618747919641	0.013437571629581785	0.7034229811624708	1.5688815784638714	1.3597551705983173	0.4222887776042883	0.06210760276330013	68.70406221417991	0.03271003971590178
1.9942513824221053	0.01	0.007	0.007	0.007	0.01	0.031088800157582006	0.035812592613923167	0.0057559947306459166	0.004045009193357115	0.013749799309452528	0.7141934649485913	1.5899400232724759	1.3651291036121802	0.4238229810470967	0.06499905550662746	68.1538508917884	0.032662661499803916
2.0355082704918916	0.01	0.007	0.007	0.007	0.01	0.03083900487777455	0.03552485008266507	0.005580801986018187	0.003909784300506488	0.01404313185155273	0.7246468675619904	1.61028494673637	1.3701849564724777	0.4252380150843842	0.06789091031180841	67.61540669263808	0.03261599201030626
2.0763481167566575	0.01	0.007	0.007	0.007	0.01	0.03059371646260619	0.03524229902443924	0.005416456711677897	0.003783527893807164	0.01431903896669877	0.7348297503605664	1.6300120230851654	1.3749631759617849	0.4265483449479821	0.07078839624564781	67.08659507644299	0.03256985995098598
2.116827179020087	0.01	0.007	0.007	0.007	0.01	0.030352525105290958	0.03496446737106214	0.005261835203563891	0.003665292812785744	0.014578287643790239	0.7447633720981305	1.6491666981087256	1.3794888665674367	0.427763586403039	0.07369086513169229	66.5665362652909	0.03252419981507
2.1570366726056163	0.01	0.007	0.007	0.007	0.01	0.030114827301002244	0.0346906599336732	0.005115826789695383	0.003554154020016649	0.014821842706369036	0.7544762714216482	1.6678077004753218	1.3837880739744306	0.42889315454153515	0.07660066028135211	66.0539321745607	0.03247890712474966
2.197033899363843	0.01	0.007	0.007	0.007	0.01	0.02988023578584543	0.03442043061587789	0.004977576082308901	0.0034493924380688337	0.015050413602486152	0.7639874257294453	1.6859746054194777	1.3878804418065345	0.42994435279553056	0.07951811799761678	65.5479503562876	0.032433916111036694
2.236882371281828	0.01	0.007	0.007	0.007	0.01	0.029648338647565307	0.03415330492940725	0.004846307016596996	0.00335035872063554	0.015264713050989722	0.7733162684514958	1.7037072514444203	1.3917841419872332	0.4309237658997967	0.0824443697465314	65.04770467804137	0.03238915440081449
2.2766314603053583	0.01	0.007	0.007	0.007	0.01	0.02941881743348349	0.03388891604390035	0.004721376563344276	0.0032565125442684073	0.01546534108861395	0.7824779694748634	1.7210367985794306	1.395514116079279	0.43183686265545296	0.08537980212659377	64.55251012713846	0.03234456587153299
2.3163292543808214	0.01	0.007	0.007	0.007	0.01	0.029191370307990062	0.03362691627068495	0.004602215540192154	0.0031673764758005205	0.01565286229077186	0.7914866240661542	1.7379918990595054	1.399083690898678	0.43268846008804684	0.08832494377630351	64.06171713985502	0.03230009614641208
2.356016010437638	0.01	0.007	0.007	0.007	0.01	0.028965748625053557	0.03336701919104109	0.004488337393142887	0.003082541440767324	0.01582777643458706	0.800353855663687	1.7545961239755912	1.4025042075506071	0.43348267514598693	0.09127994107398774	63.57479056560231	0.03225569990096058
2.3957293948157847	0.01	0.007	0.007	0.007	0.01	0.028741725578275475	0.033108963543653024	0.004379312029123388	0.0030016461215003685	0.015990548711763967	0.8090901218506951	1.7708704944330385	1.4057857164898149	0.4342231300694149	0.09424491136401482	63.09124208057263	0.03221133495102192
2.435502520956551	0.01	0.007	0.007	0.007	0.01	0.028519106440802158	0.032852525020071535	0.004274763623482235	0.0029243744973042472	0.016141604372549922	0.8177043580317721	1.7868328668073388	1.4089369739379316	0.43491298221108265	0.09721976964754883	62.61065233082412	0.03216696441976619
2.4753659193335893	0.01	0.007	0.007	0.007	0.01	0.02829771656943938	0.03259750244644663	0.00417435851382466	0.002850446134315781	0.016281340439614902	0.8262044886184283	1.8024989353244645	1.4119657498725553	0.4355550209975431	0.10020435291798087	62.132645081225526	0.03212255450942009
2.515347148190875	0.01	0.007	0.007	0.007	0.01	0.028077402898650607	0.032343719504477654	0.004077800908519659	0.002779612405124613	0.016410126904304725	0.8345974035450422	1.8178822285507066	1.4148789121106686	0.4361517089346879	0.1031983728512861	61.65689047366089	0.03207807491438557
2.5554716406322906	0.01	0.007	0.007	0.007	0.01	0.027858028620134936	0.03209101860273358	0.003984826276734569	0.00271165109362296	0.01652831221375141	0.8428891931648661	1.8329945785006234	1.4176825888428433	0.43670523591339044	0.106201464259031	61.18309356924719	0.03203349785842999
2.595762768884608	0.01	0.007	0.007	0.007	0.01	0.027639472326494826	0.031839259890233375	0.0038951975328229953	0.0026463631451359225	0.016636225467062424	0.8510852062280106	1.847846257068758	1.4203822537037547	0.4372175534861692	0.10921317767051718	60.71099252367057	0.03198879800777731
2.6362422628397915	0.01	0.007	0.007	0.007	0.01	0.027421625284197636	0.03158831811513195	0.0038087009856113377	0.0025835693141909775	0.016734179398142878	0.8591901751531121	1.862446231040468	1.4229828232771309	0.43769040888410154	0.11223300057893551	60.24035271900136	0.03194395199269144
2.6769303600675407	0.01	0.007	0.007	0.007	0.01	0.02720439025113205	0.03133808126265107	0.003725143432342109	0.0025231077090908153	0.016822472214026975	0.8672082792847324	1.8768022996379994	1.4254887243268068	0.438125370584259	0.11526036031025172	59.77096422791042	0.031898938229896756
2.717846060259812	0.01	0.007	0.007	0.007	0.01	0.026987679788767663	0.03108844861083515	0.003644349437486993	0.0024648315210117934	0.0169013894381445	0.8751432241883774	1.8909212575312813	1.427903958830514	0.4385238514124838	0.11829463606872041	59.30263818332481	0.03185373663115199
2.759007275970554	0.01	0.007	0.007	0.007	0.01	0.02677141518747989	0.030839329492622667	0.003566159181990016	0.002408607209748662	0.016971205251997506	0.8829982955508997	1.9048090088654404	1.4302321545482863	0.4388871272284961	0.12133516433604197	58.83520447021638	0.03180832842855433
2.800430987994222	0.01	0.007	0.007	0.007	0.01	0.026555525410491682	0.03059064207936145	0.003490426583489779	0.0023543129211484074	0.017032183657893153	0.890776410339142	1.9184706737826114	1.4324766096256984	0.4392163530873874	0.12438124550282996	58.368509455586455	0.03176269599616398
2.8421333818678187	0.01	0.007	0.007	0.007	0.01	0.026339946177848773	0.030342312325630807	0.0034170176916264116	0.0023018371336074005	0.017084579431112756	0.8984801609771911	1.9319106801351222	1.4346403306973803	0.4395125770099074	0.12743214979578568	57.90241401921859	0.03171682269384654
2.88412994341438	0.01	0.007	0.007	0.007	0.01	0.026124619296776654	0.030094273197874204	0.0033458093537820574	0.0022510775249408883	0.01712863887469023	0.906111849109704	1.9451328348900274	1.4367260643443207	0.4397767516113828	0.13048712076202396	57.43679211550323	0.03167069275736432
2.926435577296974	0.01	0.007	0.007	0.007	0.01	0.025909491901743558	0.029846463799019996	0.003276688004426547	0.002201939950377068	0.017164600487952254	0.9136735212668577	1.958140397087593	1.4387363260059074	0.44000974436253587	0.1335453808920269	56.9715291387083	0.03162429116415176
2.969064670679614	0.01	0.007	0.007	0.007	0.01	0.025694516001748147	0.029598828846999267	0.0032095486871645466	0.0021543376061536213	0.017192695477163546	0.9211669924676593	1.9709361283161793	1.4406734229522635	0.44021234619219507	0.13660613360781057	56.50652095140194	0.03157760356029685
3.0120311888668043	0.01	0.007	0.007	0.007	0.01	0.025479647885641114	0.029351317989729564	0.0031442941398300726	0.002108190254860312	0.017213148218974086	0.9285938738666598	1.9835223488515565	1.4425394761408672	0.4403852791866145	0.1396685678676147	56.04167260488459	0.03153061615318423
3.0553487326263404	0.01	0.007	0.007	0.007	0.01	0.025264847741696322	0.029103885366896346	0.0030808340420266102	0.0020634235808992003	0.017226176623844208	0.9359555920090727	1.995900978175563	1.444336437937425	0.4405292031333372	0.1427318602316358	55.57689752210678	0.03148331564687179
3.0990305906517635	0.01	0.007	0.007	0.007	0.01	0.02505007931609939	0.02885648921656342	0.0030190843519407535	0.00201996862185077	0.017231992452126057	0.9432534060742708	2.0080735711559075	1.4460661077595185	0.4406447212796117	0.14579517679610055	55.11211676410973	0.03143568918332136
3.1430898107338128	0.01	0.007	0.007	0.007	0.01	0.0248353094943302	0.02860909139296297	0.0029589666894740295	0.001977761243889701	0.01723080158742271	0.9504884270860664	2.0200413565619577	1.4477301467628865	0.4407323854484604	0.1488576765891109	54.6472581289275	0.03138772426379407
3.187539237433448	0.01	0.007	0.007	0.007	0.01	0.024620508061985034	0.028361657090985284	0.002900407831052368	0.0019367417058277628	0.01722280426275726	0.9576616304076137	2.0318052634731743	1.4493300896698345	0.440792700446166	0.1519185127128285	54.18225563816788	0.031339408707341386
3.232391583576297	0.01	0.007	0.007	0.007	0.01	0.02440564731396712	0.028114154396000263	0.002843339213615851	0.0018968542384231912	0.017208195251343508	0.9647738728033028	2.043365954433588	1.4508673565520545	0.44082612800223947	0.15497683590321917	53.717048694823504	0.031290730573004084
3.277659404496189	0.01	0.007	0.007	0.007	0.01	0.024190702141524207	0.027866554384120897	0.0027876966104844894	0.0018580467517107402	0.01718716406023481	0.9718258931997703	2.054723831367567	1.4523432601231874	0.4408330901699969	0.15803179150605803	53.25158227518285	0.031241678188046625
3.323355183438978	0.01	0.007	0.007	0.007	0.01	0.02397564959194265	0.027618830615008264	0.0027334197019190333	0.0018202704754198104	0.017159895082474882	0.9788183306658238	2.065879069139668	1.4537590160536116	0.44081397248171034	0.16108252415945595	52.78580597873607	0.031192240055775915
3.369491349583131	0.01	0.007	0.007	0.007	0.01	0.023760468762575048	0.027370959009801944	0.0026804517700802877	0.0017834796925565283	0.017126567744966764	0.9857517308923401	2.0768316297416956	1.4551157500125598	0.4407691266695012	0.16412817787716152	52.31967380149495	0.03114240483698264
3.416080321392385	0.01	0.007	0.007	0.007	0.01	0.023545140582704766	0.027122917599847345	0.0026287393940427717	0.0017476314784342552	0.017087356631405707	0.9926265560501988	2.087581281442216	1.456414504789856	0.44069887308902445	0.1671678978652416	51.85314366610068	0.031092161304298784
3.463134532833127	0.01	0.007	0.007	0.007	0.01	0.02332964768426576	0.02687468637777697	0.002578232193278775	0.0017126854783041919	0.01704243160272568	0.9994431914671575	2.098127612386298	1.4576562462006801	0.44060350287555483	0.17020083119599586	51.3861771440649	0.031041498315473395
3.5106664669096923	0.01	0.007	0.007	0.007	0.01	0.02311397424587706	0.026626247117851786	0.002528882587296084	0.0016786037005479934	0.01699195790280089	1.006201952911039	2.108470044730661	1.4588418686065645	0.44048327985344365	0.1732261279605852	50.918739119927835	0.030990404779102386
3.5586886777429476	0.01	0.007	0.007	0.007	0.01	0.02289810589631878	0.026377583264774945	0.002480645589309177	0.001645350337342855	0.016936096267539356	1.0129030917635897	2.11860784512019	1.4599721996013637	0.44033844225650937	0.17624294167199037	50.45079758397209	0.03093886963304249
3.6072138199903305	0.01	0.007	0.007	0.007	0.01	0.022682029590719133	0.02612867979106997	0.002433478611111859	0.0016128915965695106	0.01687500302165213	1.0195468008618758	2.128540135853964	1.4610480044244694	0.44016920424795886	0.1792504301285985	49.98232336558641	0.03088688181525264
3.6562547058032075	0.01	0.007	0.007	0.007	0.01	0.02246573337295007	0.025879522923380142	0.0023873412602715685	0.001581195531697659	0.016808830130550574	1.0261332235720404	2.138265910389203	1.462069990478063	0.4399757571483356	0.18224775790996253	49.513289619606056	0.03083443020558123
3.7058242882840755	0.01	0.007	0.007	0.007	0.01	0.022249206471590302	0.025630100253011576	0.002342195224116516	0.001550231934248406	0.01673772534154778	1.032662452435257	2.1477840329297093	1.4630388098302076	0.43975827076907903	0.18523409428186594	49.04367203566138	0.030781503646650343
3.7559357410607257	0.01	0.007	0.007	0.007	0.01	0.022032438977499104	0.025380400364523766	0.0022980040765294267	0.0015199721757716798	0.016661832194610777	1.0391345404179868	2.157093256355807	1.463955063394896	0.43951689423922957	0.1882086169461161	48.57344814010019	0.03072809086227056
3.8066024504426337	0.01	0.007	0.007	0.007	0.01	0.021815421913762057	0.02513041291630245	0.002254733179841252	0.0014903891174774043	0.016581290148344197	1.0455495000507404	2.1661922219396286	1.4648193029536483	0.4392517570480834	0.19117051038454502	48.10259744856204	0.03067418046975172
3.85783807207155	0.01	0.007	0.007	0.007	0.01	0.021598147031017218	0.02488012840479151	0.0022123495396993652	0.0014614569897094052	0.016496234611366026	1.0519073106895447	2.175079470567706	1.465632034124347	0.43896296968656756	0.19411896801191822	47.63110102274084	0.03061976092377686
3.9096565558545517	0.01	0.007	0.007	0.007	0.01	0.021380606749202696	0.024629538097391022	0.0021708216999217094	0.0014331513007428238	0.016406797016688505	1.058207921194968	2.183753446922978	1.4663937184013243	0.43865062431323837	0.197053192319658	47.15894134449991	0.030564820494614585
3.962072189640227	0.01	0.007	0.007	0.007	0.01	0.021162794027653285	0.024378633882818558	0.0021301196317949343	0.0014054487435206625	0.016313104863862334	1.0644512545517044	2.1922125060204274	1.4671047752134712	0.4383147952123811	0.1999723959954555	46.68610203429264	0.03050934722691094
4.0150996238781165	0.01	0.007	0.007	0.007	0.01	0.020944702323621923	0.0241274082233291	0.002090214648084419	0.0013783271208160119	0.016215281792602378	1.0706372097613446	2.200454915596266	1.4677655834265952	0.4379555392675473	0.20287580184373427	46.21256776127749	0.03045332891918097
4.0687539370148365	0.01	0.007	0.007	0.007	0.01	0.02072632539160604	0.023875853923553847	0.002051079294773608	0.0013517652566879211	0.016113447581556774	1.0767656681048596	2.2084788639501594	1.4683764831089925	0.43757289607265065	0.2057626448166538	45.73832380757125	0.030396753060810976
4.1230506608762365	0.01	0.007	0.007	0.007	0.01	0.020507657259143504	0.023623964102618685	0.0020126872823837314	0.0013257429361785765	0.016007718217993332	1.0828364941702402	2.216282460249291	1.4689377764876226	0.4371668882077038	0.20863217165397813	45.263356015334075	0.030339606812058655
4.178005844124527	0.01	0.007	0.007	0.007	0.01	0.020288692057620374	0.023371731999246564	0.0019750133970207117	0.001300240832424696	0.015898205896524697	1.0888495407946897	2.2238637395370477	1.4694497291027449	0.4367375211638823	0.21148364241246667	44.78765041875089	0.030281876944568773
4.2336361081255935	0.01	0.007	0.007	0.007	0.01	0.020069423898515	0.023119150829199173	0.0019380334260171751	0.0012752404447914619	0.015785019029971994	1.0948046524710195	2.231220665059622	1.4699125705541376	0.43628478321697056	0.21431633132611524	44.311192974292865	0.030223549790791625
4.289958683307983	0.01	0.007	0.007	0.007	0.01	0.01984984683901864	0.02286621374567328	0.0019017241037039975	0.001250724051602114	0.01566826230188805	1.1007016661388562	2.2383511268185092	1.4703264948395718	0.4358086453812237	0.2171295264594671	43.833969484886424	0.030164611214689312
4.346991523945697	0.01	0.007	0.007	0.007	0.01	0.019629954555679577	0.02261291346336139	0.0018660630136263544	0.0012266746343607424	0.015548036559042131	1.1065404196168305	2.245252948764107	1.4706916610202374	0.4353090606228046	0.2199225330382283	43.355964889176484	0.0301050465013014
4.404753325328669	0.01	0.007	0.007	0.007	0.01	0.019409740417056787	0.02235924234214173	0.0018310285620497882	0.0012030758509690997	0.015424438907042218	1.1123207490204488	2.251923881817744	1.4710081928420855	0.4347859637982847	0.2226946715619297	42.87716341750243	0.03004484034964197
4.4632636672169035	0.01	0.007	0.007	0.007	0.01	0.019189197086846275	0.022105191929906492	0.0017965998794228146	0.0011799119611036481	0.015297562544280928	1.1180424984135229	2.2583616106169124	1.4712761788974025	0.4342392704085618	0.22544528178834566	42.39754772680087	0.02998397673488526
4.522543062922994	0.01	0.007	0.007	0.007	0.01	0.018968316513070467	0.021850752950106436	0.0017627567890656248	0.0011571677976395444	0.015167496798468268	1.1237055188833487	2.264563746769174	1.4714956718404022	0.43366887608015	0.22817372168086408	41.917098874178315	0.029922438870571087
4.5826130837521	0.01	0.007	0.007	0.007	0.01	0.018747089653418626	0.02159591498535983	0.00172947973792423	0.0011348287131583896	0.015034327007960159	1.1293096742255362	2.270527828718608	1.4716666876856996	0.43307465527176436	0.2308793695377354	41.435795716242865	0.029860209093840608
4.643496503663312	0.01	0.007	0.007	0.007	0.01	0.01852550615907339	0.021340666113239686	0.001696749726794055	0.0011128805267660313	0.0148981343621855	1.1348548471399857	2.2762513204907355	1.4717892046797723	0.43245645964306323	0.23356162639242092	40.95361421719628	0.02979726873183185
4.705217403677504	0.01	0.007	0.007	0.007	0.01	0.01830355423942	0.021084992750424338	0.0016645482722198038	0.0010913094927417226	0.014758995840001288	1.140340940380192	2.281731603540819	1.4718631616279074	0.43181411670541403	0.23621991598285877	40.470527149616274	0.029733598011948564
4.76780136710353	0.01	0.007	0.007	0.007	0.01	0.01808122023270005	0.020828879158116313	0.0016328573292492918	0.00107010224345629	0.014616983956291093	1.145767884759749	2.286965973977956	1.4718884559495777	0.4311474274313709	0.23885368803440749	39.98650315442362	0.029669175880696876
4.831275649788735	0.01	0.007	0.007	0.007	0.01	0.01785848831419346	0.020572307105882676	0.0016016592397702692	0.0010492457499637305	0.014472166576900406	1.1511356430401511	2.2919516332945786	1.4718649410933036	0.4304561639615958	0.24146241954645215	39.50150609888687	0.02960397985141333
4.8956694097764135	0.01	0.007	0.007	0.007	0.01	0.017635340043933072	0.0203152553506474	0.001570936662844746	0.0010287272710153353	0.01432460661605943	1.1564442170318563	2.2966856797398694	1.4717924233795119	0.4297400665275668	0.24404561762107677	39.015494083962174	0.029537985794242626
4.961013971024793	0.01	0.007	0.007	0.007	0.01	0.017411753858515074	0.020057699051284846	0.0015406725032691092	0.0010085343013698303	0.014174361676460117	1.1616936551115074	2.3011650968503825	1.471670658075589	0.42899883981057685	0.24660282247252563	38.52841832816939	0.029471167695352508
5.02734314228146	0.01	0.007	0.007	0.007	0.01	0.017187704446996632	0.019799609049687715	0.0015108498307389666	0.0009886545142965485	0.014021483588920977	1.166884061401123	2.305386739588722	1.4714993445413687	0.42823214846970115	0.2491336112110258	38.04022179694935	0.02940349736463347
5.094693573852797	0.01	0.007	0.007	0.007	0.01	0.016963162085447635	0.019540951104206093	0.0014814518004584202	0.0009690757054960197	0.013866017898002047	1.1720156046468768	2.3093473156280098	1.4712781203175263	0.42743961199729164	0.2516376014296483	37.55083773952435	0.029334944110569604
5.163105211471824	0.01	0.007	0.007	0.007	0.01	0.016738091748975344	0.019281684866748257	0.0014524615519658083	0.0009497857229512824	0.01370800316559524	1.1770885307412284	2.3130433640248915	1.471006553814551	0.4266207981742349	0.2541144564979314	37.06018773796381	0.029265474323147984
5.232621857319456	0.01	0.007	0.007	0.007	0.01	0.01651245199960715	0.019021762601682615	0.0014238620884637866	0.0009307723842887259	0.013547470079811143	1.1821031784077627	2.316471229064196	1.4706841352027775	0.42577521491432124	0.25656389230826476	36.56817926396991	0.029195050956619333
5.303291840338664	0.01	0.007	0.007	0.007	0.01	0.01628619367759347	0.018761127678290062	0.0013956361422841309	0.0009120233854303357	0.013384440379031097	1.1870599969178555	2.319627026521833	1.4703102651333517	0.42490230038663146	0.25898568489163887	36.074702802470036	0.02912363291223632
5.375168871432828	0.01	0.007	0.007	0.007	0.01	0.01605925819476336	0.01849971260480399	0.0013677660035395832	0.0008935261853307961	0.013218925436252362	1.1919595696704786	2.3225066024762278	1.4698842404890438	0.4240014103915669	0.2613796807324701	35.57962810166049	0.029051174247336584
5.448313120142395	0.01	0.007	0.007	0.007	0.01	0.015831575376778532	0.018237436542807288	0.0013402333096130827	0.0008752678653434115	0.013050924446320165	1.1968026438059784	2.3251054809641873	1.469405236295415	0.4230718023773273	0.2637458098107215	35.08279943164309	0.02897762317801959
5.522792590752446	0.01	0.007	0.007	0.007	0.01	0.015603060689528716	0.017974202112195786	0.0013130187802692132	0.0008572349532378526	0.012880422073701322	1.2015901681788321	2.327418796978879	1.468872282502117	0.42211261492762275	0.2660841024290068	34.584029489795036	0.02890292080228366
5.598684955102479	0.01	0.007	0.007	0.007	0.01	0.015373611476703831	0.01770989105707694	0.0012861018607961043	0.0008394131871364863	0.012707385252521328	1.2063233458100096	2.329441210874383	1.468284233412579	0.4211228404441678	0.26839471270314413	34.08309113546099	0.028826999393264913
5.676079973024953	0.01	0.007	0.007	0.007	0.01	0.015143101973010692	0.01744435850128416	0.001259460255865061	0.0008217872081863653	0.012531758916097969	1.2110037031414378	2.3311667947385555	1.4676397271406794	0.4201012889477023	0.2706779496858611	33.579706434737076	0.028749780142383167
5.755082817545499	0.01	0.007	0.007	0.007	0.01	0.01491137636777256	0.017177424958053248	0.0012330692836140255	0.0008043401356859136	0.012353460045393812	1.2156331874008843	2.332588880469522	1.466937130319476	0.41904653833379457	0.2729343213983739	33.073531424683374	0.028671170050892637
5.835818819432292	0.01	0.007	0.007	0.007	0.01	0.0146782387510592	0.016908864748571135	0.001206900938514414	0.0007870529515947355	0.012172369044045362	1.2202143099448663	2.3336998517312435	1.4661744601482456	0.4179568634628513	0.27516460009760085	32.564134035042244	0.028591057480968077
5.9184402866346835	0.01	0.007	0.007	0.007	0.01	0.014443438579166213	0.01663838925910444	0.001180922543313829	0.000769903616284894	0.01198831723683131	1.2247503538172788	2.3344908470729897	1.4653492724628248	0.4168301340949065	0.27736991704279945	32.05096217184823	0.028509305751897054
6.003137001657217	0.01	0.007	0.007	0.007	0.01	0.014206647935663555	0.016365620747173078	0.0011550946291685703	0.0007528656787398946	0.011801067351710035	1.229245704039404	2.334951324807569	1.4644584919160815	0.41566365807375416	0.27955191419569353	31.53329379728842	0.02842574325218073
6.090152968076395	0.01	0.007	0.007	0.007	0.01	0.01396742486775202	0.016090050107441228	0.0011293675120735563	0.0007359060329704146	0.011610282064709484	1.2337063850713899	2.335068389405868	1.4634981432987602	0.41445393129468394	0.2817129919984245	31.010156451590312	0.028340147631289996
6.17981512189431	0.01	0.007	0.007	0.007	0.01	0.013725149718691317	0.015810963531035	0.0011036753219806743	0.0007189810055328469	0.011415469475027341	1.2381410057898703	2.334825684128548	1.462462896280663	0.4131962096605639	0.2838567468318262	30.48018752681532	0.028252218629982
6.272587073540324	0.01	0.007	0.007	0.007	0.01	0.013478904435995778	0.015527303477291974	0.0010779246287515132	0.0007020289023259581	0.011215879963602467	1.2425625731277312	2.334201409622245	1.4613452236919533	0.4118837092167812	0.285988813861531	29.9413694446152	0.02816152710068893
6.369182538615285	0.01	0.007	0.007	0.007	0.01	0.013227214710389614	0.015237371637773424	0.0010519700168873923	0.000684954001197052	0.011010286336040308	1.2469924134874932	2.3331643338162724	1.4601336469974255	0.4105059209878773	0.28811869589148575	29.390463961902746	0.028067407157999248
6.470857833821564	0.01	0.007	0.007	0.007	0.01	0.01296737580695263	0.014938052351128224	0.001025549797521085	0.0006675844095907411	0.010796410816666277	1.2514705706080236	2.3316640997452773	1.458808281363016	0.4090442766016686	0.29026463126203284	28.82153350376894	0.027968677361010615
6.5803792319917696	0.01	0.007	0.007	0.007	0.01	0.012693205996122954	0.014622224780898571	0.0009980711335637077	0.0006495311940102708	0.010569018465877135	1.2560906966298553	2.3296002028562843	1.4573262200948307	0.40745782968007	0.29246996177267187	28.221014274349017	0.027862717250162344
6.7057954447320895	0.01	0.007	0.007	0.007	0.01	0.01238637447044128	0.014268773998083488	0.0009677868073451835	0.0006296488647337706	0.010312535786027996	1.2611330083780987	2.3266941962801178	1.4555637197163622	0.4056272412414265	0.29486533220622974	27.548694189382864	0.027741872133308865
6.8148489926001465	0.01	0.007	0.007	0.007	0.01	0.012125622782363246	0.013968400727322867	0.0009424247976233571	0.0006130094377450509	0.010092965166804314	1.2653113292278735	2.323720221081649	1.4539777691441431	0.4040245821967345	0.296839884642931	26.97712194000815	0.02763721939920587
6.916188421487597	0.01	0.007	0.007	0.007	0.01	0.011888249902642496	0.013694959379966856	0.0009196254097270506	0.0005980598787279761	0.009891843263213258	1.2690295060767887	2.3206022932837707	1.4524620115728524	0.40252708613655797	0.29858802671784607	26.456616414627845	0.02754032340302091
7.014984884291394	0.01	0.007	0.007	0.007	0.01	0.01166131771880987	0.013433545500997247	0.0008980780736352242	0.0005839386392915342	0.009698510634169715	1.2725077287776632	2.3172491417849885	1.450947384783691	0.4010602698345872	0.30021481474212086	25.958841742450115	0.027446185917943018
7.112347867102215	0.01	0.007	0.007	0.007	0.01	0.01144192609841651	0.013180817941422956	0.0008774715408387782	0.0005704405394847441	0.009510654283604671	1.2757991730875753	2.313655370149217	1.449420879909975	0.3996086970061113	0.3017458128131826	25.477452993519695	0.02735372912747765
7.208393507407824	0.01	0.007	0.007	0.007	0.01	0.011229556421289706	0.012936179187967035	0.0008577291305072945	0.0005575144107906713	0.009327951792443076	1.2789184136893255	2.309841275359971	1.4478837253130559	0.3981714537388435	0.3031883496559951	25.01132493628966	0.027262828464950237
7.303280248965808	0.01	0.007	0.007	0.007	0.01	0.01102362879542802	0.012698961229601105	0.0008387725310981014	0.0005451081655631364	0.009150010498197511	1.281880054860083	2.305822392811415	1.4463360730435582	0.39674688668674596	0.30454970877063237	24.55919626927676	0.02717332125676121
7.397171839408911	0.01	0.007	0.007	0.007	0.01	0.010823586488902002	0.012468522745235385	0.0008205292898105709	0.0005331736836001393	0.008976441636061169	1.2846975100062565	2.3016109753208953	1.444777600833658	0.3953331661843839	0.3058365556625999	24.119854921956087	0.027085042039998234
7.490208452665439	0.01	0.007	0.007	0.007	0.01	0.010628954572349369	0.0122443166462879	0.0008029375960788989	0.0005216699192777009	0.00880691364520118	1.2873822813491789	2.297217639886361	1.4432080392717703	0.3939287358729941	0.3070546140204053	23.692267026704716	0.02699784958819523
7.582508841146882	0.01	0.007	0.007	0.007	0.01	0.010439329120297589	0.012025877636641123	0.0007859446700533475	0.000510561824708009	0.00864114551994259	1.289944259899849	2.2926517980309677	1.4416272024407435	0.3925322963534913	0.3082088160309753	23.27555348851457	0.02691162448490529
7.6741732178192485	0.01	0.007	0.007	0.007	0.01	0.010254365958109657	0.011812809249693346	0.0007695052449625435	0.0004998193393545944	0.00847889917920945	1.292392002254176	2.2879219502445465	1.440034993150984	0.39114277433560296	0.30930343981996467	22.8689655016892	0.026826266076516576
7.765286434002369	0.01	0.007	0.007	0.007	0.01	0.01007376987216309	0.01160477141908557	0.0007535802040517256	0.0004894164848363207	0.008319971750815143	1.294732974442391	2.283035873238118	1.4384313914315743	0.38975928443374414	0.31034222948700857	22.47186103291325	0.02674168921693817
7.855920590014322	0.01	0.007	0.007	0.007	0.01	0.00989728591285852	0.01140147046024545	0.0007381354940697689	0.0004793306437165634	0.008164189299090064	1.2969737456259562	2.2780007586703093	1.4368164431837407	0.38838109729451253	0.31132849030805987	22.08368586030368	0.026657821603235606
7.946137270192948	0.01	0.007	0.007	0.007	0.01	0.009724692199571054	0.011202650782091005	0.0007231412407272433	0.0004695419727303315	0.008011401573436877	1.2991201446640712	2.2728233112789193	1.4351902479204726	0.3870076117113587	0.31226516544410327	21.7039578795986	0.026574601510931137
8.035989260469423	0.01	0.007	0.007	0.007	0.01	0.009555794334588126	0.011008088452199695	0.0007085710585251663	0.0004600329448643379	0.007861477945553834	1.3011773823789357	2.267509828438252	1.4335529498867599	0.3856383333044452	0.3131548958760988	21.332254921196764	0.02649197604916222
8.125522704987635	0.01	0.007	0.007	0.007	0.01	0.009390419503055329	0.01081758440028045	0.000694401376379439	0.00045078790327919105	0.007714302884059302	1.3031501661249003	2.262066215105918	1.4319047164428815	0.3842728455044608	0.31400007546410197	20.968201852354678	0.026409899048059696
8.21477666530998	0.01	0.007	0.007	0.007	0.01	0.00922841577979748	0.010630963619665718	0.0006806112428690931	0.0004417929293598927	0.007569775917199239	1.305042743108964	2.256498126317895	1.4302457605501742	0.38291081938070565	0.3148028741953033	20.611469122638407	0.02632833135639157
8.30378537425938	0.01	0.007	0.007	0.007	0.01	0.009069646680507679	0.010448068890614714	0.000667181746821857	0.0004330354606336447	0.007427807267228502	1.3068589947307834	2.250810927134146	1.428576311314007	0.3815519818081307	0.3155652825640527	20.26176082905251	0.026247238683167678
8.392578575481508	0.01	0.007	0.007	0.007	0.01	0.008913989538037695	0.010268758909882497	0.0006540957872744349	0.00042450413739930263	0.007288316794116593	1.308602479180263	2.245009748519427	1.4268966172858	0.3801961123505684	0.3162891328898759	19.91881118866506	0.02616659121540201
8.481182313270725	0.01	0.007	0.007	0.007	0.01	0.008761333230141381	0.010092905673217115	0.0006413378033312676	0.0004161886237490733	0.0071512322964606325	1.3102764776313116	2.2390995020998923	1.425206939786194	0.37884303292036436	0.3169761216028097	19.582379574935786	0.026086362836046796
8.569619452167661	0.01	0.007	0.007	0.007	0.01	0.008611576551591404	0.009920392600133514	0.0006288935715208185	0.00040807947307203103	0.007016488332685962	1.3118840294728789	2.2330849004701974	1.4235075498637364	0.3774926012773163	0.31762782637963893	19.25224696575276	0.026006530599932756
8.657910107869082	0.01	0.007	0.007	0.007	0.01	0.00846462686373053	0.009751112978277554	0.000616750036705017	0.000400168015803364	0.006884025247011848	1.313427961649258	2.2269704743278425	1.421798725828774	0.37614470565537234	0.31824572040340465	18.928212996864815	0.025927074299019748
8.746072056827972	0.01	0.007	0.007	0.007	0.01	0.008320398885869554	0.00958496857118879	0.0006048951633571968	0.00039244626075772776	0.006753788286432451	1.314910914091377	2.2207605835109363	1.420080750271064	0.37479925953256604	0.3188311846360683	18.61009332291034	0.02584797605465643
8.834121027594096	0.01	0.007	0.007	0.007	0.01	0.008178813771920436	0.009421868554637412	0.0005933178175100843	0.00038490681670186365	0.006625726944491974	1.3163353601657508	2.214459430008092	1.4183539086029069	0.37345619805930225	0.31938551774959023	18.297717603139233	0.025769220022839563
8.922070992507175	0.01	0.007	0.007	0.007	0.01	0.008039798257701385	0.009261728534371265	0.0005820076603432685	0.0003775428217216644	0.006499794344084656	1.3177036247762073	2.2080710659211134	1.4166184869767078	0.37211547436145204	0.3199099448386211	17.990927639528877	0.02569079210445469
9.009934385222747	0.01	0.007	0.007	0.007	0.01	0.007903283989288284	0.009104469772417328	0.0005709550615038037	0.0003703478856198822	0.006375946763039745	1.3190178992596167	2.2015994024855954	1.4148747711336016	0.37077705687723056	0.320405624625404	17.68957591133202	0.025612679726540622
9.097722285955234	0.01	0.007	0.007	0.007	0.01	0.007769206951262159	0.008950018528458071	0.0005601510246253792	0.0003633160404061256	0.006254143232904972	1.3202802541731549	2.1950482180181456	1.41312304546557	0.3694409271049603	0.3208736556408028	17.393524327652997	0.025534871656010493
9.185444615826729	0.01	0.007	0.007	0.007	0.01	0.007637506924336337	0.008798305435050637	0.0005495871187246455	0.00035644169474122184	0.006134345149613883	1.3214926508186982	2.188421162245497	1.4113635915317504	0.36810707714573165	0.32131508173233175	17.10264304273794	0.02545735780863164
9.27311024213695	0.01	0.007	0.007	0.007	0.01	0.0075081271150769175	0.008649265071088113	0.0005392554264229658	0.00034971959944162895	0.006016516027930428	1.3226569503251062	2.181721764834248	1.409596688047812	0.3667755085461601	0.32173089649711584	16.81680964946567	0.025380129139738798
9.360727146014776	0.01	0.007	0.007	0.007	0.01	0.007381013721904778	0.008502835461860148	0.0005291484895702745	0.00034314481138646077	0.005900621187405893	1.32377492262559	2.1749534371696053	1.407822609369303	0.3654462301457055	0.32212204752991486	16.535908230598878	0.02530317748213942
9.448302478636144	0.01	0.007	0.007	0.007	0.01	0.007256115692313005	0.008358957799383114	0.0005192592723281996	0.00033671266886505164	0.005786627603187765	1.3248482531062573	2.168119480876633	1.4060416259990196	0.3641192575776288	0.3224894397048257	16.2598288311432	0.025226495484301635
9.535842697757875	0.01	0.007	0.007	0.007	0.01	0.007133384384110922	0.008217576052173933	0.0005095811184646485	0.0003304187632278891	0.005674503661653663	1.3258785496047227	2.161223088707789	1.4042540032874202	0.3627946115169321	0.3228339384691035	15.988466717552113	0.025150076479580383
9.623353628134828	0.01	0.007	0.007	0.007	0.01	0.007012773356840348	0.008078636724974744	0.0005001077206350899	0.0003242589183958829	0.005564219027808203	1.3268673478156716	2.1542673500191207	1.4024600015112916	0.36147231705518185	0.3231563724775163	15.721721923608712	0.0250739144238862
9.710840527199675	0.01	0.007	0.007	0.007	0.01	0.006894238170218206	0.007942088626571867	0.0004908330916004169	0.00031822917168114055	0.005455744513308956	1.327816116276368	2.1472552548053656	1.4006598757136528	0.3601524029696975	0.3234575360011698	15.459498811071597	0.02499800382985887
9.79830816767812	0.01	0.007	0.007	0.007	0.01	0.006777736174259335	0.007807882628030158	0.0004817515360522497	0.0003123257550496325	0.0053490519316785655	1.328726261075551	2.140189695425341	1.3988538750738453	0.3588349007166495	0.3237381911589024	15.201705611159326	0.024922339687544072
9.88576086193275	0.01	0.007	0.007	0.007	0.01	0.006663226390598578	0.007675971525984194	0.00047285763066955995	0.00030654508177631296	0.005244114032385449	1.3295991295398564	2.133073472186382	1.3970422433725256	0.35751984428508515	0.3239990697486377	14.948254167148637	0.024846917436629676
9.973202543957559	0.01	0.007	0.007	0.007	0.01	0.006550669327239674	0.007546309829240377	0.0004641461999454582	0.00030088373038669573	0.005140904370042998	1.3304360141889107	2.125909293579949	1.3952252181769114	0.35620726916635403	0.32424087509510496	14.699059529118943	0.024771732889639266
10.0	0.01	0.007	0.007	0.007	0.01	0.006516557913940284	0.007507014631221878	0.0004615120881903567	0.0002991720230447463	0.005109609530855675	1.3306854905284577	2.123704423061431	1.39466729284231	0.3558054939402255	0.3243112699558335	14.623525972038443	0.024748737341529197
