0.0	0.01	0.007	0.007	0.007	0.01	0.0	0.0	0.0	0.0	0.0	0.0	0.0	0.0	0.0	0.0	100.0	0.035
0.0069656808003625975	0.01	0.007	0.007	0.007	0.01	0.0027076492348270783	0.0054852882909461505	0.003829319110691351	0.0014551045202587573	0.0001127728755600991	0.00015483145054001642	0.0003262056458995424	0.00027266303659502776	9.189215925408662e-5	3.245606187827291e-6	99.88946139131237	0.034991551596301435
0.01208133045520678	0.01	0.007	0.007	0.007	0.01	0.004588107023933145	0.0091084826557026	0.006511797719007587	0.0024948910180790968	0.00017653772959317761	0.0004583108456740635	0.0009525429596582084	0.000809010071485078	0.00027414098509611967	9.112473533317902e-6	99.80835881207632	0.03498534832234484
0.019451925290569775	0.01	0.007	0.007	0.007	0.01	0.007145735840789137	0.01378941395787795	0.010192613822876164	0.003951192894332822	0.00024690185292651517	0.0011610740119311457	0.0023675983685546133	0.0020563819427841666	0.000702250427860268	2.1480240141757988e-5	99.69162251328451	0.03497641261908724
0.026715038042757475	0.01	0.007	0.007	0.007	0.01	0.009500985688562735	0.01784615504081585	0.01361726992468312	0.005339218522536939	0.0002974579353396466	0.002141416554363584	0.0042880523181564375	0.003804862235184331	0.0013091717481738823	3.7068283547974344e-5	99.57672209167112	0.034967609453803235
0.03520709716620365	0.01	0.007	0.007	0.007	0.01	0.012060969948137377	0.021976879050064128	0.017380367258272567	0.006904582538453282	0.0003395472588276853	0.003623986825596839	0.007109649875383841	0.006462606348105864	0.002242985058227662	5.8351020179080816e-5	99.44254800622308	0.034957319569067564
0.04411665962092268	0.01	0.007	0.007	0.007	0.01	0.014538376495369033	0.02569502594699349	0.021064919311640458	0.008482128001043294	0.0003698034004154818	0.00553941515730609	0.010645320647841303	0.009914916506177738	0.0034720278996076223	8.314840996697448e-5	99.30197172919527	0.034946527047698586
0.05385358568185116	0.01	0.007	0.007	0.007	0.01	0.017020967108486225	0.029141921176011	0.024801482038653604	0.010132444426486259	0.00039179622639807984	0.008018808831532876	0.01508072785011779	0.01440842764217413	0.005094071600432805	0.00011217945137174915	99.14856845037053	0.03493473611706637
0.06414841067090699	0.01	0.007	0.007	0.007	0.01	0.019411764709862438	0.03219364877356856	0.028442794247354294	0.011795819276929314	0.00040670937816099373	0.01103944487579465	0.02031405373053267	0.019913380937341338	0.007110425547669251	0.0001442875221550359	98.98663331669945	0.03492227392539325
0.0751231627802813	0.01	0.007	0.007	0.007	0.01	0.021719241913600747	0.03488591711600691	0.03199642591240287	0.013479117671437944	0.00041653043435912714	0.014667905878285085	0.026401354253055082	0.026562145289999183	0.009582973342938395	0.00017949871624683273	98.81429434199322	0.03490899355741618
0.08669502407348531	0.01	0.007	0.007	0.007	0.01	0.023908115613854617	0.03720579796688982	0.03539980173393588	0.015155793953691574	0.0004226256002763071	0.018903502365331802	0.033282702268317414	0.03436376618563575	0.012530257651228153	0.00021725979651324745	98.63290379782201	0.03489499610729
0.09890830159030009	0.01	0.007	0.007	0.007	0.01	0.02597358512815969	0.03918149970987777	0.038633576470947145	0.016818363900006572	0.00042616408268654417	0.023780512978519762	0.040958899702632036	0.04338958283094431	0.015995793770010765	0.00025748200091034684	98.44182012182416	0.03488022888085437
0.11175071907761228	0.01	0.007	0.007	0.007	0.01	0.02790277226463805	0.040835019334201056	0.04166236906438329	0.01845030248346098	0.00042797999787514936	0.029307391932400534	0.049391859982526425	0.05366037037893104	0.02000574663863207	0.00029994674039102013	98.24129246578316	0.034864707693892695
0.1252546495539088	0.01	0.007	0.007	0.007	0.01	0.029692521352738664	0.042198428037696044	0.04446263808096557	0.02004010136095721	0.00042867302615080425	0.03550605807394148	0.058568421579676025	0.06521739358210522	0.024595914023429182	0.00034462612270284577	98.03087619497133	0.03484839445996404
0.13944107162562322	0.01	0.007	0.007	0.007	0.01	0.03133944737134843	0.043302766149894034	0.047007389785068944	0.021573469810500706	0.00042864859277194503	0.042390290402098504	0.06846697227694258	0.07808074622692307	0.029795639399882334	0.0003914875934290742	97.81031083999123	0.03483126497295189
0.15435042962350218	0.01	0.007	0.007	0.007	0.01	0.0328438139683651	0.04418010573281189	0.049272593590577736	0.023036913987551064	0.0004281741994567556	0.04998019278350492	0.07907930930752363	0.09227437996386685	0.035637688809366255	0.0004405857572479795	97.57904035974438	0.03481327164663335
0.1700256062671953	0.01	0.007	0.007	0.007	0.01	0.03420682993151235	0.04486070828002612	0.05123344842335596	0.024415595736499568	0.00042742193176963084	0.05829502549898324	0.09039993146778408	0.10781059627037844	0.042152111922950486	0.0004919977715291789	97.33648034346314	0.03479436411717307
0.1865214058457704	0.01	0.007	0.007	0.007	0.01	0.0354313043065151	0.04537295534252422	0.05286601646206724	0.02569424221306579	0.0004265023250148132	0.06735840203892834	0.10243315266932636	0.12469733084858058	0.04936925814425011	0.0005458482961798788	97.0818729828566	0.034774477834729964
0.20389912715045228	0.01	0.007	0.007	0.007	0.01	0.03652081180757177	0.04574260161785593	0.05414682229803059	0.026856667229863778	0.00042549009523794334	0.07719583032704641	0.11518936212545818	0.14293087133770305	0.05731676786440493	0.000602287283575732	96.81437375905321	0.03475354065713087
0.22222873107541263	0.01	0.007	0.007	0.007	0.01	0.037479684383676375	0.04599267682306526	0.05505393746370708	0.027886162390675023	0.0004244432108080742	0.08783598271291468	0.12868645876393886	0.16249534599534537	0.0660192578355397	0.0006614945997295145	96.53302068201381	0.03473147028448882
0.2415852187489468	0.01	0.007	0.007	0.007	0.01	0.03831270165578926	0.04614339378753412	0.055568009342287006	0.028765671811359268	0.00042341788855057723	0.09930856148691106	0.14294688978961884	0.18335588265750963	0.07549506786217247	0.0007236676939819548	96.23679288277573	0.03470817867363882
0.26204553603759034	0.01	0.007	0.007	0.007	0.01	0.0390250235195164	0.04621225603464163	0.055674040955034025	0.02947836773059447	0.0004224809396214243	0.1116421530265344	0.15799496997809223	0.2054521920785742	0.08575276193362244	0.000789013294686043	95.92466049954528	0.034683575808615516
0.2836815695353726	0.01	0.007	0.007	0.007	0.01	0.03962214144627092	0.046214241981398986	0.05536371026454646	0.030008468246196646	0.0004217209919850798	0.12485954930779954	0.1738513572417416	0.22868871527397108	0.09678544844193439	0.0008577293731511272	95.59569320403213	0.03465757815462236
0.30655281653782374	0.01	0.007	0.007	0.007	0.01	0.04011000582837937	0.046162058775675245	0.05463820797613637	0.030342517867708026	0.0004212591357170785	0.13897274712858232	0.19052746984584884	0.25292646369339505	0.10856502849613633	0.0009299896321600395	95.24917151981685	0.03463011746693534
0.3307020204703827	0.01	0.007	0.007	0.007	0.01	0.04049526006256274	0.04606638701453706	0.053510848511737	0.03047097460089567	0.00042125926103820006	0.1539799235687168	0.20802234011851903	0.2779814319073604	0.12103876951121109	0.001005941343797194	94.88465078490803	0.03460114599765498
0.35615993021899706	0.01	0.007	0.007	0.007	0.01	0.04078545249702362	0.04593604403871565	0.05200815683512117	0.030389637242510693	0.00042193868281721896	0.16986848748780387	0.226326259803364	0.30363616819410005	0.13413200824787044	0.001085735836903386	94.50188613207938	0.03457063073481252
0.38295871577917495	0.01	0.007	0.007	0.007	0.01	0.04098898329654113	0.04577805727128415	0.05016850823362694	0.03010023474234868	0.0004235811048281074	0.1866239930679246	0.24543047982149666	0.3296617018564282	0.1477566657499479	0.00116959004718116	94.10062923527245	0.0345385372987649
0.41114250941229685	0.01	0.007	0.007	0.007	0.01	0.04111470627339451	0.045597761477163594	0.04803918059657869	0.029610049165941305	0.0004265544731181241	0.2042374096876218	0.2653343576391235	0.3558351835201559	0.1618187703540822	0.0012578444886047035	93.68047264510875	0.03450481736056604
0.44075641094207424	0.01	0.007	0.007	0.007	0.01	0.04117142287796682	0.04539909187903614	0.045674346433410805	0.028931442782504698	0.00043133249315072917	0.22269875126588357	0.2860370045256335	0.3819360028688551	0.17621522126026737	0.0013509622918194079	93.24101741911637	0.034469421866518975
0.4717852554307507	0.01	0.007	0.007	0.007	0.01	0.04116768334401519	0.04518527500762481	0.043137263633516845	0.028083015764490404	0.0004385045983217269	0.24195952703322748	0.3074948140253092	0.40770394015663136	0.19080834084813658	0.0014493781219515026	92.78277657818604	0.034432374139060626
0.5040238108740871	0.01	0.007	0.007	0.007	0.01	0.041112319857166534	0.04496000956576407	0.04050748299566578	0.027093798711756295	0.0004487316907963816	0.26185442401343756	0.3295353682035203	0.43276493916836306	0.20537753928351254	0.0015531168588176763	92.30905578107634	0.034393924221684705
0.5370206132082751	0.01	0.007	0.007	0.007	0.01	0.04101530601789822	0.044728076605026534	0.037878926478787406	0.026005344384495702	0.00046263517210299465	0.28207224591707153	0.3518274959551599	0.456649250298287	0.21962027244224913	0.0016615844774963472	91.8266977027565	0.03435461442943619
0.5703184210448449	0.01	0.007	0.007	0.007	0.01	0.04088697316013438	0.04449377015781403	0.03533222250888489	0.02486137888108184	0.00048076300782409304	0.30230943595696197	0.37405122667482854	0.4790118360903754	0.23328107635572398	0.0017742626924008818	91.34249452816708	0.03431499158769197
0.6036230828132907	0.01	0.007	0.007	0.007	0.01	0.040736276403298	0.04425981208807302	0.03291826070736696	0.023697619881928703	0.0005036369513418222	0.32237324354279606	0.3960087967583001	0.4997233464998021	0.24621974874499675	0.0018912168861262004	90.86074568253608	0.03427540630313857
0.6367539932485011	0.01	0.007	0.007	0.007	0.01	0.040570262236166284	0.04402783191155786	0.030664472577891545	0.022540952342489137	0.0005317570583171372	0.3421482283902084	0.4175857161699518	0.5187869971505191	0.2583747715659507	0.0020129256767219784	90.38403109691806	0.034236072844477786
0.6695992543273827	0.01	0.007	0.007	0.007	0.01	0.040394221663800065	0.043798795356791646	0.028582126380951582	0.021410631549388753	0.0005655968782159698	0.3615662242807254	0.4387172369830182	0.5362763373799017	0.2697325765988755	0.00214012649107755	89.91389560570327	0.03419712306854097
0.7020881421153158	0.01	0.007	0.007	0.007	0.01	0.04021203417874059	0.04357327398612101	0.02667198004025779	0.020319825600146196	0.0006055960486584753	0.38058767314721353	0.4593680120078645	0.5522984033643792	0.2803079794072093	0.0022737151245049944	89.45126693101612	0.03415863949436227
0.7341805235430714	0.01	0.007	0.007	0.007	0.01	0.04002647656150389	0.0433515663205713	0.024928008185633684	0.019276856155291767	0.0006521609299929171	0.39919373078741055	0.4795237365888005	0.5669753248074684	0.29013377175135535	0.0024147055120611093	88.99662133376614	0.03412066810583022
0.7658546010000516	0.01	0.007	0.007	0.007	0.01	0.039839518160877926	0.043133810903831726	0.023340395788877887	0.01828649374695472	0.0007056586188325906	0.4173779084599829	0.49918233591415984	0.5804308344549705	0.29925200794622453	0.002564180468098904	88.5501676070701	0.034083233038654626
0.7971050150326214	0.01	0.007	0.007	0.007	0.01	0.03965251481085888	0.042920015750804126	0.021897238484328417	0.0173507991230903	0.0007664223850068292	0.43514412232858174	0.5183520815929413	0.5927853644003	0.3077101865114829	0.002723285888742676	88.11188047830005	0.03404633894350904
0.8279367756839626	0.01	0.007	0.007	0.007	0.01	0.03946638429830198	0.042710109717720476	0.020585928583542547	0.01646995817528694	0.0008347500290771802	0.4525025823625043	0.5370473255336381	0.6041514741343371	0.31555728702620145	0.0028932073743017823	87.68159095485242	0.03400997824663103
0.8583632768315357	0.01	0.007	0.007	0.007	0.01	0.039281722548917535	0.042503961670583366	0.019393919899242572	0.015642845251272717	0.0009109075071413726	0.4694682357072748	0.5552869600007099	0.6146325349774573	0.3228418724606241	0.003075165781736687	87.25901734343009	0.03397413355309936
0.8884033490473588	0.01	0.007	0.007	0.007	0.01	0.03909889771093513	0.04230140383563293	0.01830924743298427	0.014867490466378336	0.0009951294130674411	0.4860588115529089	0.5730924164589619	0.624321912898817	0.32961054188674466	0.003270407672788309	86.84380855191425	0.033938781163641046
0.9180798064498938	0.01	0.007	0.007	0.007	0.01	0.03891811427889394	0.0421022435244684	0.01732078299597107	0.014141400595836497	0.0010876212690264517	0.5022938203089131	0.5904866692929888	0.6333032228058948	0.3359072029700274	0.00348020316076604	86.43556560090502	0.033903892812503326
0.9474179418558781	0.01	0.007	0.007	0.007	0.01	0.03873946205287037	0.04190627434637728	0.016418363602524178	0.013461800440561977	0.0011885603896881894	0.5181936027874299	0.6074932756358046	0.6416508144465699	0.3417726198395376	0.0037058426315739394	86.03386320719908	0.03386943745442992
0.9764446608880554	0.01	0.007	0.007	0.007	0.01	0.03856294996906063	0.041713282581259184	0.01559281559562144	0.012825795749040667	0.0012980972927103824	0.5337787889020033	0.6241358419098993	0.6494305600935187	0.3472442932450237	0.00394863662900448	85.63826206637795	0.033835382291030204
1.005187736041463	0.01	0.007	0.007	0.007	0.01	0.03838853109990885	0.04152305242824421	0.014835927672150251	0.012230487344006896	0.0014163564360425217	0.5490698601778523	0.6404375919824506	0.6567006738321366	0.3523564786430588	0.004209915702707527	85.24831917351693	0.033801693650307926
1.0336753580963098	0.01	0.007	0.007	0.007	0.01	0.03821612004145966	0.04133536907305661	0.01414038959422857	0.011673044832611132	0.0015434370661857094	0.5640868992544158	0.6564211282304835	0.6635125587393277	0.35714032701655946	0.0044910317000445696	84.86359386347809	0.03376833751302498
1.0619358135070014	0.01	0.007	0.007	0.007	0.01	0.038045605389734796	0.04115002080515882	0.013499716597977534	0.011150753640192732	0.0016794138174037472	0.5788494231833982	0.6721082766183883	0.669911602736939	0.3616240779431949	0.0047933594569431245	84.48365201026296	0.03373527988887231
1.089997297783403	0.01	0.007	0.007	0.007	0.01	0.03787685843366577	0.04096680017167789	0.012908168173507354	0.010661042348703251	0.0018243372796881274	0.5933762988547462	0.6875200151200188	0.6759379143782642	0.3658332840133545	0.0051182992003438645	84.1080683121677	0.03370248703187048
1.1178878339467888	0.01	0.007	0.007	0.007	0.01	0.0377097391023447	0.04078550441099429	0.012360667507646278	0.010201496392197015	0.0019782346025566744	0.6076857185706785	0.7026764627401269	0.681626988044867	0.3697910457585383	0.005467279698848002	83.73642713453523	0.03366992553222102
1.1456352427132974	0.01	0.007	0.007	0.007	0.01	0.037544100093557305	0.04060593553947756	0.011852725695558924	0.009769862945684474	0.002141110015337759	0.6217952042966591	0.7175968962325971	0.6870102907566069	0.3735182400248695	0.00584176183221393	83.36832266102802	0.033637562347653395
1.1732671943661626	0.01	0.007	0.007	0.007	0.01	0.037379789436043864	0.040427899913058084	0.011380371526414756	0.009364049291970104	0.002312945548163553	0.63572165333443	0.7322998083793691	0.6921157836858525	0.37703374120449584	0.006243243206867995	83.00335797957248	0.03360536473978037
1.2008114654727637	0.01	0.007	0.007	0.007	0.01	0.03721665107165031	0.04025120649337341	0.010940085671468714	0.008982115184169763	0.0024937029582696984	0.6494814837482448	0.7468030693053597	0.696968405560346	0.38035464585113093	0.00667326629347672	82.64114151916257	0.03357329997279116
1.2282958393884567	0.01	0.007	0.007	0.007	0.01	0.03705452700977423	0.04007566743474824	0.010528748409914886	0.008622268594919451	0.002683323355698893	0.6630905965194064	0.7611238924203562	0.7015904251674362	0.3834964306077003	0.007133421960354197	82.28128824797031	0.03354133542826119
1.2557482227524184	0.01	0.007	0.007	0.007	0.01	0.03689325779384023	0.03990109729154868	0.010143589987748978	0.008282856870826003	0.0028817278962752825	0.6765644449232749	0.7752789124037056	0.706001782147499	0.3864731209732647	0.007625356147176965	81.92341804548329	0.033509438468771316
1.283197005660763	0.01	0.007	0.007	0.007	0.01	0.03673268126514393	0.03972731071337761	0.009782144160433754	0.007962354730316888	0.003088820241055213	0.6899182178590254	0.7892843811686163	0.710220416027453	0.3892974657626644	0.008150781895352887	81.56715097587758	0.03347757601988921
1.3106712320102292	0.01	0.007	0.007	0.007	0.01	0.036572632266569094	0.039554121401625925	0.009442210706596363	0.007659355192992351	0.0033044877990549277	0.7031669217755144	0.8031562552202253	0.7142625174321592	0.391981069220253	0.008711489797214114	81.21210514774815	0.033445714374889295
1.3382009378617932	0.01	0.007	0.007	0.007	0.01	0.03641294124090898	0.03938134004937179	0.009121820967920153	0.0073725590916692944	0.0035286042382680393	0.7163255372832612	0.8169103596166679	0.7181427668189782	0.39453452267930117	0.009309363305942276	80.85789248995928	0.033413818806351664
1.3658174730071981	0.01	0.007	0.007	0.007	0.01	0.03625343286101076	0.03920877244945714	0.00881920852371285	0.007100765730789346	0.003761031938957339	0.7294091583518217	0.8305625315960778	0.7218745348744343	0.39696751630044064	0.009946396132094045	80.50411487230002	0.03338185319978866
1.3935539649657909	0.01	0.007	0.007	0.007	0.01	0.03609392380711748	0.03903621677954524	0.008532782606852399	0.006842863158348426	0.0040016256328019055	0.7424331890783045	0.8441288220952401	0.7254700709220955	0.3992889467818015	0.010624715688429771	80.1503585387882	0.03334977952518185
1.4214458409337596	0.01	0.007	0.007	0.007	0.01	0.03593422022317847	0.0388634606146436	0.008261105020725357	0.006597819226008121	0.004250236555333652	0.7554135547056764	0.8576257093420251	0.7289406684391908	0.4015070124278684	0.011346611843335477	79.79618798200528	0.03331755724516397
1.4495315171607648	0.01	0.007	0.007	0.007	0.01	0.035774114258612356	0.038690277006514805	0.00800286916339696	0.0063646726055049474	0.004506717992643617	0.7683669753921791	0.8710703744956659	0.7322968230014181	0.4036293043955567	0.01211457478628921	79.44113790409486	0.03328514253413465
1.4778532950095185	0.01	0.007	0.007	0.007	0.01	0.03561337951845495	0.038516419424811384	0.0077568808374856996	0.006142523820432477	0.0047709325469229	0.7813113155180454	0.8844810515404791	0.7355483856365108	0.40566289474791856	0.012931345045120987	79.08470284364199	0.03325248726456915
1.506458547903211	0.01	0.007	0.007	0.007	0.01	0.03545176499806713	0.038341615091313	0.0075220402593005895	0.005930526064135258	0.005042761794704338	0.7942660400981917	0.897877482728835	0.738704718326385	0.40761442429320033	0.013799980649789056	78.72632350748414	0.03321953766548801
1.5354013685755248	0.01	0.007	0.007	0.007	0.01	0.035288986618163404	0.03816555574325398	0.007297324269402222	0.0057278751648511695	0.005322119759467431	0.8072528448197559	0.9112815462461075	0.7417748647931595	0.4094901968160244	0.014723950354908089	78.36536783077392	0.03318623246097923
1.5647448902014398	0.01	0.007	0.007	0.007	0.01	0.035124715267177795	0.03798788463791254	0.007081767886101536	0.005533798164142321	0.005608971954723876	0.8202965395817817	0.9247181351921022	0.7447677492898716	0.4112962853175652	0.01570726561724057	78.00110432957379	0.03315250024774404
1.5945647665322058	0.01	0.007	0.007	0.007	0.01	0.03495855879987075	0.037808177035035674	0.006874442988840611	0.0053475387554366444	0.005903364185293663	0.8334263763025375	0.93821647911234	0.7476924367393646	0.4130386672131153	0.016754676744981396	77.6326620796857	0.03311825556139882
1.6249545373679304	0.01	0.007	0.007	0.007	0.01	0.03479003422278005	0.03762591007718113	0.0066744315361488595	0.005168337527503774	0.006205467296165459	0.8466780982766386	0.9518121840267005	0.7505584969509908	0.41472340852119477	0.01787197440399838	77.25896895576024	0.03308339281009035
1.6560345260643003	0.01	0.007	0.007	0.007	0.01	0.03461852141403008	0.03744041270768021	0.006480786720531599	0.004995401475607443	0.00651565230742629	0.8600973554625669	0.9655506361154786	0.7533765790571768	0.4163569500999887	0.019066484169349057	76.87864893767892	0.03304777620837289
1.6879676709169829	0.01	0.007	0.007	0.007	0.01	0.03444318052969178	0.03725077632171768	0.006292469083287555	0.004827851820145099	0.00683462593322844	0.8737458119628074	0.9794930957122885	0.7561594095697743	0.4179466011928729	0.02034793742601027	76.48983890075966	0.033011221855600785
1.7209908656980726	0.01	0.007	0.007	0.007	0.01	0.034262787957570595	0.03705567733058487	0.0061082240126063515	0.004664621519640491	0.0071637031143784785	0.8877133109717223	0.9937288531695798	0.7589237637584082	0.4195015148845842	0.021730173247214442	76.0898247862319	0.03297346223254117
1.7554871046895366	0.01	0.007	0.007	0.007	0.01	0.03407535741160916	0.036852967356990375	0.00592630036697236	0.0045042167509029675	0.007505445002217165	0.9021460617337281	1.00840343872845	0.761695049688975	0.4210349689980602	0.023235000406123016	75.6742013077424	0.032934064413610666
1.7922023704761383	0.01	0.007	0.007	0.007	0.01	0.03387699632862677	0.03663843640396699	0.005743587133496988	0.00434397924261592	0.007865613913607416	0.9173320448248179	1.0238042568241779	0.7645213822826015	0.42257144317403394	0.0249035955425712	75.23433588177853	0.03289218397784928
1.8333152204798984	0.01	0.007	0.007	0.007	0.01	0.03365624680011407	0.03639969249749055	0.005551253592449364	0.0041763446882630085	0.008262978695316725	0.9341250810312571	1.0407864789460677	0.7675444267832994	0.4241825924086309	0.026851783459557736	74.74481917846309	0.032845350501944225
1.8810386704156887	0.01	0.007	0.007	0.007	0.01	0.033401806410409726	0.036124511908726634	0.005342800256034507	0.003995992374304168	0.008714210018881363	0.9533412986480041	1.0601552466970512	0.7708778074611902	0.4259182659669081	0.029215107527717634	74.18058535974409	0.03279107022032822
1.9182368438259907	0.01	0.007	0.007	0.007	0.01	0.0332048173260503	0.03591146589785436	0.005190387575246259	0.003865081809653039	0.009057047116012155	0.9681157744919339	1.0749994203089943	0.7733533786074887	0.42717796374296474	0.031129986003743722	73.74374722711308	0.03274882352359014
1.958006812293805	0.01	0.007	0.007	0.007	0.01	0.03299549420294305	0.035685080639054644	0.005036365716188563	0.003733670894906985	0.00941376270768441	0.9837169654158129	1.090628159545971	0.7758885417912765	0.4284406348927211	0.03324452047157434	73.27955214033943	0.03270371619053128
1.994419163556878	0.01	0.007	0.007	0.007	0.01	0.03280500123377579	0.035479060499510905	0.004902826608454846	0.0036204946999181626	0.0097306294184568	0.9978266215175707	1.1047210554668472	0.7781140747055264	0.42952512244572405	0.035238633566906465	72.85710996664714	0.03266247157184536
2.0309991254570336	0.01	0.007	0.007	0.007	0.01	0.032614739254815235	0.03527329024531409	0.004775340924232928	0.00351313900962998	0.010038894132116536	1.0118353611264155	1.118673097413941	0.7802627119631944	0.430549802812972	0.037294999297532994	72.43517535334662	0.03262108947465474
2.066090949890049	0.01	0.007	0.007	0.007	0.01	0.032433255075529965	0.03507701331397284	0.004658886642151673	0.0034156859852527534	0.01032463554002338	1.0251197387798285	1.1318660273075736	0.7822459393488326	0.4314751770632651	0.03931504821924519	72.03270241108129	0.03258144014864937
2.100811608175351	0.01	0.007	0.007	0.007	0.01	0.032254684835010525	0.034883887865073085	0.004548919185616965	0.0033242172812333274	0.01059734155519929	1.038116411123939	1.1447369653577375	0.7841366254412427	0.4323382369488968	0.041356788755444254	71.63668738104073	0.03254225762358868
2.1347297265748506	0.01	0.007	0.007	0.007	0.01	0.03208119193180588	0.034696253624505916	0.004446216204703919	0.0032392927619245863	0.010853844960487453	1.050672842857715	1.157137134816102	0.785918029329974	0.4331335121525221	0.04339026005012383	71.25192827929524	0.0325040262711198
2.168244011836883	0.01	0.007	0.007	0.007	0.01	0.03191068170378891	0.0345118451876688	0.00434903493579113	0.0031593912079991814	0.011097485154597892	1.0629454960732678	1.1692233331588624	0.7876173865657965	0.4338752106882984	0.04543497063131359	70.87377998106518	0.03246629422193312
2.201273614973144	0.01	0.007	0.007	0.007	0.01	0.03174352452650918	0.0343310631142848	0.004257188154806771	0.0030842924993365914	0.01132793427653527	1.074911449437177	1.1809747355968363	0.7892355349031213	0.4345653629299559	0.04748235779037933	70.5030640803846	0.032429150707597804
2.2339864055719394	0.01	0.007	0.007	0.007	0.01	0.031578834173522696	0.03415294893859455	0.004169841707445086	0.003013255730743992	0.011546644356987221	1.0866375167769364	1.192458544184396	0.790785051992573	0.4352108319825401	0.04953951811669436	70.13781531062962	0.03239240535077615
2.2663962514126625	0.01	0.007	0.007	0.007	0.01	0.03141651200426533	0.03397739597750334	0.004086653735238931	0.002945952279806021	0.011753958624110519	1.0981334767500357	1.2036856264352815	0.7922702028530431	0.43581467522988365	0.05160443558066818	69.77781505295619	0.032356041342866314
2.2985895345278267	0.01	0.007	0.007	0.007	0.01	0.03125610091047626	0.033803909862425416	0.004007138648234781	0.0028819444729311027	0.011950677089217439	1.1094341072120815	1.214691072916414	0.7936980849981968	0.43638092066552014	0.05367999225877108	69.42204965356362	0.03231996073382209
2.3306004540201872	0.01	0.007	0.007	0.007	0.01	0.03109741099620445	0.03363228521790939	0.003930986670921092	0.0028209435883997523	0.012137238410643627	1.1205548005684836	1.2254908113952951	0.7950728917745857	0.4369122338880607	0.05576603343528284	69.07009806014491	0.03228412440151656
2.362482417000188	0.01	0.007	0.007	0.007	0.01	0.030940161582081686	0.03346221848572134	0.003857874533969996	0.002762655622751766	0.01231417514559891	1.1315169603694084	1.2361064294796298	0.7963992492934903	0.43741130024265534	0.05786387616873087	68.72133785622191	0.03224847193201208
2.3942695131622242	0.01	0.007	0.007	0.007	0.01	0.030784172075704986	0.03329351435286614	0.0037875533889503783	0.0027068509574283057	0.012481885817532568	1.142334642065849	1.24655220810395	0.7976805986973091	0.4378802157071685	0.059973775041406455	68.37536858503698	0.032212964745442836
2.4259997648813663	0.01	0.007	0.007	0.007	0.01	0.03062924624318199	0.03312596059009656	0.0037197891022309327	0.002653315766225443	0.01264077193999951	1.1530227043157149	1.2568430578275824	0.7989202458911864	0.4383209124011161	0.06209640652509529	68.03175508251206	0.03217756004631783
2.4577022296144913	0.01	0.007	0.007	0.007	0.01	0.030475235125308326	0.03295939609630663	0.003654387347639632	0.0026018713029146347	0.012791171266223226	1.1635924791168473	1.2669903543679457	0.8001208819544876	0.4387349994681627	0.0642319887820866	67.6901670208622	0.03214222521357564
2.489405619025776	0.01	0.007	0.007	0.007	0.01	0.03032199432925755	0.03279366470905401	0.0035911714172116305	0.0025523557503183193	0.01293340549651856	1.1740547683930518	1.2770048497024058	0.8012849687741854	0.4391239192943826	0.06638083152757257	67.35028418770263	0.032106928153803886
2.5211342038782947	0.01	0.007	0.007	0.007	0.01	0.030169403592220527	0.03262863636279799	0.0035299881823521854	0.002504628458468509	0.013067762620033004	1.1844185296072147	1.286895424610886	0.8024146144828466	0.439488917242626	0.06854304246105694	67.0118398786654	0.03207164185037194
2.552910790661167	0.01	0.007	0.007	0.007	0.01	0.0300173520049564	0.03246419110801162	0.003470699793940387	0.0024585630342498386	0.013194512952245456	1.1946919163556242	1.2966701012497681	0.8035117133458969	0.43983110102526174	0.07071871241523851	66.67458812554072	0.03203634103110872
2.584755606508411	0.01	0.007	0.007	0.007	0.01	0.029865743107713724	0.032300224622457	0.0034131840541615013	0.0024140473062459022	0.013313906032732511	1.204881954779486	1.3063357460187328	0.804577928592002	0.440151444845565	0.0729078267719086	66.33831500023031	0.032001003396060455
2.6166874138557117	0.01	0.007	0.007	0.007	0.01	0.02971448929584536	0.032136642160795426	0.0033573307668960505	0.0023709802055013204	0.01342617678909434	1.2149949431742921	1.3158984611302187	0.8056147513108854	0.44045081664377017	0.0751103308512628	66.00282620758294	0.031965608367015466
2.648723280576918	0.01	0.007	0.007	0.007	0.01	0.02956351271171593	0.03197335951918766	0.0033030408913513115	0.002329270874789424	0.013531545923601508	1.2250364091662955	1.3253635529965058	0.8066235090517727	0.4407299879886868	0.07732610530369308	65.6679490646446	0.031930137333203525
2.680879059146712	0.01	0.007	0.007	0.007	0.01	0.029412742791170014	0.03181030038177124	0.003250224616666322	0.0022888369802172145	0.013630222752728679	1.2350112892478704	1.33473571021304	0.8076053956254928	0.4409896491918142	0.07955499169020605	65.33352705948307	0.03189457311162919
2.713169416886193	0.01	0.007	0.007	0.007	0.01	0.02926211597054521	0.03164739600378908	0.0031988004083851993	0.0022496038052954477	0.013722406208000722	1.2449239611446365	1.344019040918707	0.8085614838602381	0.4412304183838914	0.08179678838274726	64.99941920205728	0.03185889990666035
2.745608055102122	0.01	0.007	0.007	0.007	0.01	0.029111574525798836	0.03148458395609157	0.003148693872629323	0.0022115032308989316	0.013808286302075536	1.2547783320768364	1.3532171618583204	0.8094927425358575	0.44145285091345865	0.08405126050731451	64.66549744994686	0.03182310306153671
2.7782078114583872	0.01	0.007	0.007	0.007	0.01	0.02896106598245947	0.031321807486991954	0.003099836935663429	0.0021744729792125828	0.013888045064846304	1.264577887404674	1.3623332492100606	0.8104000481040972	0.4416574465846647	0.08631814262496984	64.33164540011838	0.03178716894015881
2.8109807850742703	0.01	0.007	0.007	0.007	0.01	0.028810542437401103	0.031159014788757274	0.003052167085344265	0.002138455923357212	0.01396185741957051	1.2743257436473205	1.3713700927237162	0.8112841957865118	0.44184465610421075	0.08859714365557105	63.99775678502145	0.03175108478463675
2.843938417978106	0.01	0.007	0.007	0.007	0.01	0.028659960098404286	0.03099615849963865	0.003005626761907253	0.0021033995261585574	0.014029891838983982	1.28402468602809	1.3803301347412984	0.8121459083313437	0.4420148864236802	0.0908879493164462	63.663734451695824	0.03171483862174658
2.877091582939874	0.01	0.007	0.007	0.007	0.01	0.028509278807200045	0.030833195188038117	0.0029601628075846534	0.002069255336689539	0.014092310931141298	1.2936772060643476	1.3892155086840117	0.8129858440361971	0.44216850544776803	0.09319022545594294	63.32948930418066	0.03167841916299033
2.9104506562754735	0.01	0.007	0.007	0.007	0.01	0.028358461643420017	0.030670084924176517	0.002915725997024814	0.0020359785591932697	0.014149271914127858	1.303285532984374	1.3980280712893192	0.8138046035673957	0.4423058460696636	0.09550362071438108	62.994939425333854	0.0316418157217918
2.9440255733035534	0.01	0.007	0.007	0.007	0.01	0.02820747461720266	0.030506790947643872	0.0028722706405537105	0.002003527686452319	0.014200926997490818	1.3128516586891579	1.4067694284624246	0.8146027356775455	0.44242720963825266	0.09782776828916304	62.66000939526524	0.03160501815023727
2.9778258864249167	0.01	0.007	0.007	0.007	0.01	0.028056286358356334	0.03034327933122625	0.0028297542254851447	0.001971864170012737	0.014247423718562937	1.3223773622704267	1.4154409603385643	0.8153807424252258	0.4425328690222573	0.1001622881391831	62.32462960209289	0.03156801677336014
3.011860803548858	0.01	0.007	0.007	0.007	0.01	0.02790486790128108	0.030179518748296476	0.0027881371184609515	0.001940952143217856	0.014288905206972569	1.3318642278835322	1.4240438399368842	0.8161390834432742	0.44262307124745626	0.10250678804434396	61.98873576508418	0.031530802345337346
3.046139238286796	0.01	0.007	0.007	0.007	0.01	0.02775319242363113	0.03001548019017512	0.0027473822833847025	0.001910758162121067	0.014325510431471282	1.3413136650377124	1.4325790537233156	0.8168781800636443	0.4426980398663427	0.10486086565863494	61.65226835515085	0.031493365993128665
3.0806698334785607	0.01	0.007	0.007	0.007	0.01	0.02760123510933724	0.029851136817987838	0.0027074550583561048	0.0018812509957011846	0.014357374385329634	1.3507269206528485	1.4410474144453376	0.81759841848574	0.44275797699152647	0.10722410887814614	61.31517229118708	0.031455699189568434
3.1154609988004345	0.01	0.007	0.007	0.007	0.01	0.027448972953604815	0.029686463751769043	0.0026683229376369398	0.0018524014245277435	0.01438462826745716	1.3601050943935684	1.4494495767269364	0.818300152956318	0.4428030651440971	0.10959609731112871	60.9773965076706	0.03141779371129933
3.150520937503796	0.01	0.007	0.007	0.007	0.01	0.027296384620538208	0.02952143791648124	0.0026299553864840277	0.001824182067961961	0.01440739963150614	1.3694491503819457	1.4577860491868098	0.8189837084385432	0.44283346887617425	0.11197640311007553	60.63889363898574	0.03137964160881463
3.18585766896597	0.01	0.007	0.007	0.007	0.01	0.027143450322696064	0.02935603791175311	0.002592323677511738	0.0017965672309147112	0.014425812517256026	1.3787599272835163	1.4660572049318725	0.8196493829669638	0.44284933621933137	0.11436459161466901	60.29961975238199	0.03134123518125417
3.2214790517002605	0.01	0.007	0.007	0.007	0.01	0.026990151701910388	0.02919024388298418	0.002555400741347494	0.0017695327643852624	0.01443998757004282	1.3880381480690507	1.474263291610183	0.8202974498082799	0.44285079998444393	0.11676022210827004	59.95953408372099	0.03130256695087592
3.2573928045290406	0.01	0.007	0.007	0.007	0.01	0.026836471721236176	0.029024037404487387	0.002519161032547639	0.0017430559401204525	0.014450042147757507	1.3972844288635997	1.482404440506836	0.8209281594015272	0.4428379789251709	0.11916284851768721	59.618598797902	0.03126362963969758
3.2936065113854798	0.01	0.007	0.007	0.007	0.01	0.026682394629375075	0.028857401441013116	0.0024835804232630288	0.0017171153481406061	0.014456090415832859	1.4064992832528886	1.4904806715259578	0.8215417408576666	0.44281097879474146	0.12157201908201376	59.276778910058454	0.031224416164022117
3.330127652862924	0.01	0.007	0.007	0.007	0.01	0.026527905812887678	0.02869032018791534	0.0024486360799390525	0.001691690784179606	0.014458243443121528	1.4156831331752537	1.4984919038667215	0.8221384037911219	0.4427698932921949	0.1239872778663576	58.93404195780637	0.031184919600090337
3.3669636167384316	0.01	0.007	0.007	0.007	0.01	0.026372991741113454	0.028522779011582133	0.0024143063708610933	0.001666763161756945	0.014456609283364022	1.424836314045234	1.5064379614980652	0.8227183396420868	0.4427148049154931	0.12640816490608708	58.590357879151114	0.031145133172685555
3.40412170626512	0.01	0.007	0.007	0.007	0.01	0.02621763992183852	0.028354764401489967	0.0023805707831371305	0.001642314432938211	0.014451293054596206	1.4339590791404313	1.514318577928922	0.8232817228669047	0.44264578574595054	0.12883421625354294	58.2456989142325	0.03110505024623023
3.441609153657827	0.01	0.007	0.007	0.007	0.01	0.026061838836554534	0.02818626390018576	0.002347409841634277	0.0016183275121755174	0.014442397015624338	1.4430516050915925	1.5221334018698778	0.8238287121184711	0.4425628981572924	0.1312649644072834	57.90003946178629	0.031064664310360587
3.4794331314981073	0.01	0.007	0.007	0.007	0.01	0.025905577886167264	0.028017266044570093	0.002314805036319702	0.0015947862077636797	0.014430020638772047	1.4521139966397776	1.5298820021825397	0.8243594513022551	0.4424661954614579	0.13369993863451646	57.55335595878155	0.03102396896785244
3.5176007492150188	0.01	0.007	0.007	0.007	0.01	0.02574884739937596	0.027847760374959864	0.0022827387677741137	0.0015716751677774027	0.014414260686191999	1.461146287686856	1.537563869612185	0.8248740703526326	0.4423557225404613	0.13613866436936173	57.20562689909676	0.03098295793867093
3.556119077596223	0.01	0.007	0.007	0.007	0.01	0.02559163852633553	0.027677737320082815	0.002251194273476519	0.0015489798133624692	0.014395211275182928	1.4701484489251448	1.5451784240965047	0.8253726863353852	0.44223151635731917	0.13858066444618639	56.856832597677815	0.030941625033933894
3.5949951509487166	0.01	0.007	0.007	0.007	0.01	0.025433943226234008	0.027507188183642554	0.0022201555783029833	0.0015266862906529156	0.01437296394734993	1.479120389919448	1.5527250172617308	0.8258554041632138	0.4420936064718865	0.14102545891018098	56.50695516305241	0.030899964154023865
3.634235979758392	0.01	0.007	0.007	0.007	0.01	0.025275754212865136	0.02733610508545494	0.0021896074403328176	0.0015047814203272127	0.014347607731697784	1.4880619635403858	1.560202936870694	0.8263223173945677	0.441942015484198	0.14347256551910176	56.15597837664608	0.030857969275495497
3.673848545330422	0.01	0.007	0.007	0.007	0.01	0.02511706497392651	0.027164480982319127	0.002159535314486769	0.0014832526608960913	0.014319229217552614	1.4969729661627995	1.5676114076813297	0.8267735087635967	0.44177675950827383	0.14592149913874447	55.80388773567098	0.030815634457343095
3.7138398235077625	0.01	0.007	0.007	0.007	0.01	0.024957869673972004	0.026992309563059893	0.0021299252968712307	0.0014620880590090393	0.014287912607399504	1.5058531443877006	1.5749495977235095	0.8272090510093053	0.44159784849976197	0.1483717729702513	55.45067023787301	0.03077295381621469
3.7542167770763313	0.01	0.007	0.007	0.007	0.01	0.02479816318427396	0.02681958528082387	0.002100764096434601	0.0014412762201179961	0.01425373978918439	1.514702194551192	1.582216618515742	0.8276290072921777	0.44140528667542994	0.1508228978444628	55.09631444785394	0.03072992153519234
3.7949863668208312	0.01	0.007	0.007	0.007	0.01	0.024637941038319146	0.026646303304948056	0.0020720389949199112	0.0014208062714600234	0.014216790395227968	1.523519766390688	1.5894115287255046	0.8280334317924924	0.44119907283182097	0.15327438269357316	54.74081039839325	0.030686531852677418
3.836155565825185	0.01	0.007	0.007	0.007	0.01	0.024477199376207827	0.026472459460826957	0.0020437378077192508	0.0014006678263707346	0.014177141854845777	1.5323054672272245	1.5965333381787423	0.8284223702871488	0.440979200611109	0.15572573521086155	54.384149467142	0.030642779047937663
3.877731346627078	0.01	0.007	0.007	0.007	0.01	0.02431593499603708	0.026298050285484233	0.002015848865892165	0.001380850964268905	0.014134869471489588	1.541058860246399	1.6035810070443335	0.8287958604316811	0.44074565888524303	0.15817646089916382	54.0263244906951	0.030598657455581532
3.919720704192237	0.01	0.007	0.007	0.007	0.01	0.024154145265589063	0.026123072932062712	0.001988360975340741	0.0013613461949245472	0.014090046465446326	1.549779470410237	1.6105534512015653	0.8291539323595944	0.4404984319328179	0.16062606427469325	53.667329568701994	0.03055416144199446
3.962130645964158	0.01	0.007	0.007	0.007	0.01	0.023991828162986704	0.025947525213794027	0.0019612634004373838	0.001342144440629092	0.014042744047632904	1.558466783301324	1.61744954186441	0.8294966089462438	0.44023749977414345	0.16307404812561255	53.30716015413548	0.030509285416811485
4.004968204291841	0.01	0.007	0.007	0.007	0.01	0.023828982230862134	0.0257714055544314	0.0019345458342496288	0.0013232370093011886	0.01399303147013383	1.5671202486498148	1.6242681089674058	0.8298239062529146	0.4399628383654426	0.16551991410565411	52.94581295165602	0.03046402382068227
4.048240437876604	0.01	0.007	0.007	0.007	0.01	0.02366560657359624	0.02559471298526421	0.0019081983777269518	0.0013046155743872915	0.013940976087012731	1.575739281502184	1.6310079426370254	0.8301358338497871	0.4396744198388746	0.1679631626911938	52.5832859115446	0.030418371124741075
4.091954436181311	0.01	0.007	0.007	0.007	0.01	0.023501700843539034	0.02541744713021537	0.0018822115183802946	0.0012862721547942713	0.013886643411142456	1.5843232639689604	1.6376677951142449	0.8304323951444594	0.4393722127111756	0.1704032933225663	52.21957819918447	0.03037232182698529
4.136117332897689	0.01	0.007	0.007	0.007	0.01	0.02333726519412947	0.02523960815513979	0.0018565761051632284	0.0012681990925161373	0.013830097158195954	1.5928715486652478	1.6442463839565649	0.8307135877458341	0.43905618201227326	0.17283980504970176	51.854690091090475	0.030325870439189547
4.180736290224052	0.01	0.007	0.007	0.007	0.01	0.02317230034248483	0.025061196835515734	0.0018312833417332389	0.0012503890435636464	0.01377139932661224	1.6013834564250478	1.6507423908033803	0.8309794036186968	0.4387262896071934	0.17527219556670814	51.48862311385279	0.030279011504596318
4.225818521502771	0.01	0.007	0.007	0.007	0.01	0.02300680748901592	0.024882214469507776	0.001806324758305583	0.0012328349541022253	0.013710610228222586	1.6098582814647826	1.6571544658884156	0.8312298294748199	0.4383824942372412	0.17769996238443503	51.12137986581819	0.03023173957527723
4.271371281485908	0.01	0.007	0.007	0.007	0.01	0.02284078835797354	0.024702662921818337	0.0017816922033813596	0.0012155300508893152	0.01364778855931474	1.618295290246768	1.6634812276926327	0.831464846942271	0.43802475178216643	0.18012260222434623	50.752964107121144	0.03018404922359633
4.317401874534036	0.01	0.007	0.007	0.007	0.01	0.022674245171610652	0.0245225445957439	0.0017573778260721584	0.001198467825347828	0.013582991447631917	1.6266937237814383	1.6697212652332982	0.8316844328342409	0.4376530153841116	0.18253961140848526	50.383380702405994	0.030135935034864145
4.363917663219475	0.01	0.007	0.007	0.007	0.01	0.022507180623992682	0.02434186240485056	0.0017333740595006373	0.0011816420186550193	0.013516274496891313	1.6350527998956221	1.6758731402821023	0.8318885593951666	0.4372672355528719	0.18495048625820174	50.01263556276511	0.030087391599668757
4.4109260584769965	0.01	0.007	0.007	0.007	0.01	0.02233959792150924	0.02416061981678809	0.0017096736146123667	0.0011650466143590655	0.013447691856675187	1.6433717121497353	1.681935387104902	0.8320771944523607	0.4368673604153475	0.18735472254057114	49.64073573569851	0.03003841352552233
4.458434540990591	0.01	0.007	0.007	0.007	0.01	0.022171500711491043	0.023978820776088396	0.0016862694586402497	0.0011486758204479184	0.013377296246491118	1.6516496343476725	1.6879065163122666	0.832250301693831	0.43645333569875855	0.18975181654065	49.26768924675993	0.02998899541596124
4.506450645130932	0.01	0.007	0.007	0.007	0.01	0.022002893145036548	0.023796469772113225	0.0016631548133652094	0.0011325240654814683	0.01330513903306628	1.6598857183561713	1.6937850138089787	0.8324078407795088	0.43602510502228436	0.19214126421410013	48.89350523904004	0.029939131888743198
4.554981967975094	0.01	0.007	0.007	0.007	0.01	0.02183377984996464	0.023613571809802354	0.001640323141098458	0.0011165859862974133	0.013231270270533597	1.6680790964184515	1.6995693430495622	0.8325497675534149	0.43558260997471604	0.19452256164772064	48.51819391320405	0.029888817567916847
4.604036172217207	0.01	0.007	0.007	0.007	0.01	0.02166416592602202	0.023430132404490454	0.0016177681344832532	0.0011008564185626827	0.013155738748207963	1.6762288823465308	1.70525794646234	0.8326760342189643	0.43512579023641973	0.19689520520800383	48.14176651691674	0.029838047082322603
4.653620982563916	0.01	0.007	0.007	0.007	0.01	0.021494056962580964	0.023246157601047434	0.0015954837097810245	0.00108533038990854	0.013078592047434667	1.6843341716427207	1.7108492461366591	0.8327865894924859	0.43465458375854754	0.19925869138775146	47.7642353841824	0.02978681507087115
4.703744202031637	0.01	0.007	0.007	0.007	0.01	0.021323458988030296	0.02306165391914427	0.0015734639916746825	0.001070003107298445	0.012999876566452075	1.6923940448848964	1.7163416467718378	0.8328813787963014	0.43416892674990526	0.20161251761381113	47.38561382308929	0.029735116167295014
4.754413695180416	0.01	0.007	0.007	0.007	0.01	0.0211523785327457	0.022876628421356304	0.00155170331343392	0.001054869955233493	0.012919637595596936	1.7004075656994126	1.7217335348935787	0.8329603443712447	0.4336687539737818	0.2039561814861005	47.00591625562749	0.02968294501911092
4.805637397821055	0.01	0.007	0.007	0.007	0.01	0.020980822600753644	0.022691088682517464	0.0015301962054283392	0.0010399264859581826	0.012837919350437054	1.708373783115262	1.7270232811249857	0.833023425449412	0.4331539987934561	0.2062891813017846	46.62515815486896	0.029630296279237595
4.857423316826039	0.01	0.007	0.007	0.007	0.01	0.020808798675437928	0.02250504279589212	0.0015089373885332112	0.0010251684131913857	0.012754765019109344	1.7162917322964975	1.7322092413417975	0.8330705583988645	0.43262459330810055	0.2086110161154761	46.243356057701064	0.029577164607885523
4.90977952989453	0.01	0.007	0.007	0.007	0.01	0.02063631472507658	0.02231849937916338	0.001487921767829344	0.001010591606166422	0.012670216808692052	1.7241604353030797	1.7372897578704185	0.8331016768675047	0.43208046848841847	0.21092118581533129	45.86052757718619	0.029523544674514447
4.962714174636717	0.01	0.007	0.007	0.007	0.01	0.02046337924278631	0.02213146761763357	0.0014671444307085622	0.000996192086821381	0.012584316007863748	1.7319789003234145	1.7422631597461744	0.8331167119248719	0.4315215544252728	0.21321919075709386	45.47669149129307	0.029469431170719537
5.016235465689673	0.01	0.007	0.007	0.007	0.01	0.020290001193929208	0.021943957207344073	0.0014466006340376335	0.0009819660194936633	0.012497103003028837	1.7397461251385242	1.7471277657188653	0.8331155922178465	0.4309477802852136	0.21550453264828245	45.09186762624236	0.029414818794439846
5.070351680150521	0.01	0.007	0.007	0.007	0.01	0.02011619006734599	0.021755978410484832	0.0014262858042222513	0.0009679097096465236	0.012408617344482736	1.7474610958756946	1.7518818842495678	0.8330982441087867	0.43035907459567535	0.2177767140563643	44.706076970298604	0.029359702266620838
5.125071153152334	0.01	0.007	0.007	0.007	0.01	0.01994195589168456	0.021567542073054006	0.0014061955330900277	0.0009540195997677545	0.012318897795149974	1.7551227874226363	1.756523814658113	0.8330645918309536	0.4297553654304388	0.2200352384099753	44.31934171009756	0.029304076337431675
5.1804022768759594	0.01	0.007	0.007	0.007	0.01	0.019767309239840773	0.02137865962966081	0.0013863255725888213	0.0009402922645219666	0.012227982372396777	1.7627301644038909	1.7610518486626163	0.8330145576463333	0.42913658055918635	0.22227961017248585	43.9316852405917	0.029247935788968272
5.236353503237405	0.01	0.007	0.007	0.007	0.01	0.01959226122141846	0.021189343095371065	0.0013666718284084643	0.0009267244052313324	0.012135908382381032	1.7702821826888622	1.7654642722550424	0.8329480619983366	0.4285026475546327	0.22450933517969834	43.54313214840436	0.02919127543424516
5.2929333239775165	0.01	0.007	0.007	0.007	0.01	0.019416823545014724	0.02099960513306961	0.0013472303616401207	0.000913312849969671	0.01204271249020595	1.7777777879180463	1.7697593658794017	0.8328650236943705	0.4278534941568437	0.22672392010377027	43.153708350178896	0.02913409013905493
5.350150272605717	0.01	0.007	0.007	0.007	0.01	0.019241008509931185	0.020809459044496135	0.001327997382503936	0.0009000545482339211	0.011948430752671223	1.785215917162142	1.7739354065532382	0.832765360078145	0.4271890483975183	0.22892287284755342	42.76344107428346	0.02907637482158523
5.40801289933342	0.01	0.007	0.007	0.007	0.01	0.01906482907966164	0.020618918849723108	0.0013089692532031448	0.0008869465719642717	0.011853098693925443	1.7925954971580487	1.7779906681243791	0.8326489872536381	0.4265092390395939	0.2311057019338031	42.37235902404442	0.029018124479236632
5.46652977986816	0.01	0.007	0.007	0.007	0.01	0.018888298849062863	0.020427999251650675	0.0012901424791819452	0.0008739861086189353	0.011756751323563557	1.7999154471221575	1.7819234242077588	0.8325158202640671	0.4258139956299004	0.23327191725375812	41.980492304990115	0.02895933418116316
5.525709496996462	0.01	0.007	0.007	0.007	0.01	0.01871143209350398	0.02023671568916256	0.0012715137095045772	0.0008611704605867136	0.011659423197775293	1.8071746781390754	1.785731949270135	0.8323657733250692	0.4251032488702524	0.2354210298102036	41.58787253407312	0.028899999088182082
5.585560617140412	0.01	0.007	0.007	0.007	0.01	0.018534243829264656	0.020045084402447632	0.001253079738272586	0.000848497045350016	0.011561148486732325	1.8143720922257345	1.7894145197348288	0.8321987600964759	0.424376931060653	0.23755255137014217	41.194532973876235	0.02884011447748637
5.646091677795562	0.01	0.007	0.007	0.007	0.01	0.018356749837742457	0.01985312245918064	0.0012348375021533993	0.0008359633930095045	0.011461961021819699	1.8215065830016843	1.7929694161041483	0.8320146939493331	0.42363497642162246	0.23966599459950372	40.80050858649232	0.028779675756211463
5.707311174335076	0.01	0.007	0.007	0.007	0.01	0.01817896668887454	0.019660847779853313	0.0012167840779247422	0.0008235671438606304	0.011361894341595232	1.8285770364578149	1.7963949252448188	0.8318134882466832	0.4228773214283148	0.24176087323439188	40.40583608566783	0.028718678475468436
5.769227525425374	0.01	0.007	0.007	0.007	0.01	0.018000911823027318	0.019468279226339175	0.00119891668595153	0.0008113060500788794	0.011260981770157505	1.8355823295023577	1.799689341762121	0.8315950567137644	0.4221039054165376	0.24383670160111234	40.0105541187546	0.028657118365441388
5.8318490365899	0.01	0.007	0.007	0.007	0.01	0.01782260363174667	0.01927543668922624	0.001181232693242852	0.0007991779771397801	0.011159256495290629	1.8425213287660267	1.8028509698167265	0.8313593138557827	0.42131467122904814	0.24589299422043018	39.6147034461526	0.028594991371859176
5.895183904285628	0.01	0.007	0.007	0.007	0.01	0.01764406141815077	0.01908234104498167	0.0011637296045100278	0.0007871808970398264	0.011056751577522906	1.849392894226474	1.8058781273631517	0.8311061752489656	0.4205095653604245	0.24792926684838637	39.2183268535697	0.028532293651905696
5.9592401431986595	0.01	0.007	0.007	0.007	0.01	0.017465305570666036	0.018889014343849483	0.0011464050743420402	0.0007753128960293502	0.010953500080512157	1.8561958746622995	1.808769146893366	0.8308355581464041	0.41968853907812836	0.2499450351047357	38.821469537925445	0.028469021645903436
6.024025566032228	0.01	0.007	0.007	0.007	0.01	0.017286357579589386	0.018695479827763407	0.0011292569035443619	0.0007635721715051142	0.010849535111856537	1.8629291094399631	1.811522379416459	0.8305473819289475	0.418851548897616	0.25193981498756673	38.424179144345544	0.028405172096318636
6.08954772297073	0.01	0.007	0.007	0.007	0.01	0.017107240159329136	0.018501762062552024	0.0011122830456464618	0.0007519570358946462	0.010744889924588085	1.8695914264403433	1.8141361970896086	0.8302415687582444	0.41799855758376747	0.25391312225446905	38.02650603779252	0.028340742106042493
6.155813864700082	0.01	0.007	0.007	0.007	0.01	0.016927977296394052	0.018307886989840167	0.0010954816060368318	0.0007404659155112925	0.010639597975642387	1.8761816430198002	1.8166089975067168	0.8299180441718065	0.4171295348633303	0.2558644727140487	37.62850340987139	0.028275729172702192
6.2228308723721195	0.01	0.007	0.007	0.007	0.01	0.016748594378567558	0.01811388206675264	0.0010788508486238896	0.0007290973545796821	0.010533693031647888	1.882698564167613	1.8189392072853472	0.8295767378748091	0.41624445857977654	0.25779338169921334	37.23022756590511	0.02821013125469887
6.290605202299423	0.01	0.007	0.007	0.007	0.01	0.016569118272828927	0.01791977635018764	0.0010623891973882437	0.000717850015782257	0.010427209244845095	1.8891409828307983	1.821125286980996	0.829217584514912	0.4153433156712644	0.2596993641957798	36.83173809824652	0.02814394682181399
6.359142796058662	0.01	0.007	0.007	0.007	0.01	0.01638957748350068	0.017725600667855466	0.0010460952450819883	0.0007067226857063232	0.010320181276596254	1.8955076776163575	1.823165735612585	0.8288405246899803	0.41442610362079535	0.26158193420968884	36.433098237745014	0.02807717493858581
6.428449023452122	0.01	0.007	0.007	0.007	0.01	0.016210002209962493	0.017531387680697477	0.0010299677524260218	0.000695714273813099	0.010212644361452534	1.9017974144027565	1.8250590971042895	0.8284455058408257	0.41349283148410226	0.2634406053068083	36.03437498225381	0.028009815314389307
6.498528552829661	0.01	0.007	0.007	0.007	0.01	0.016030424579408793	0.017337172134616965	0.0010140056628591403	0.0006848238220395914	0.010104634475929833	1.9080089420847022	1.826803965519928	0.8280324836094256	0.4125435219049709	0.2652748894358747	35.635639613829845	0.027941868422885034
6.569385291215444	0.01	0.007	0.007	0.007	0.01	0.01585087868132212	0.017142990897763187	0.0009982080990693577	0.0006740505019746179	0.009996188388971362	1.9141409956527733	1.8283989932842448	0.8276014228740143	0.41157821220737073	0.2670842979387827	35.23696777571142	0.02787333555200075
6.641022226545835	0.01	0.007	0.007	0.007	0.01	0.015671400835498853	0.016948883250405264	0.0009825743800223477	0.0006633936260330235	0.00988734385305179	1.920192291534428	1.8298428979621553	0.827152299427537	0.410596956824212	0.2688683402962324	34.83844006791612	0.027804218947154243
6.713441345242539	0.01	0.007	0.007	0.007	0.01	0.01549202964766413	0.01675489094508128	0.0009671040188143234	0.0006528526455591087	0.009778139667602036	1.9261615306514437	1.8311344720104985	0.8266851012854413	0.409599828716272	0.27062652517438973	34.44014217124267	0.02773452187953382
6.786643473696959	0.01	0.007	0.007	0.007	0.01	0.01531280623653068	0.01656105845216598	0.0009517967352958688	0.0006424271590144776	0.009668615846281266	1.932047396017782	1.8322725919956169	0.8261998305347585	0.40858692183720363	0.27235835988492285	34.042165352000296	0.02766424878583729
6.860628143133696	0.01	0.007	0.007	0.007	0.01	0.015133774378112775	0.01636743311594929	0.0009366524610918899	0.0006321169149908445	0.00955881373448527	1.9378485535791556	1.8332562296041688	0.8256965051250047	0.4075583532883566	0.27406335082770383	33.644606783056176	0.027593405383008363
6.935393424889492	0.01	0.007	0.007	0.007	0.01	0.01495498069821478	0.016174065362815855	0.0009216713484583115	0.000621921817847259	0.009448776156453162	1.943563651878854	1.8340844634260818	0.8251751609351411	0.40651426588586165	0.2757410036159271	33.247569971906664	0.02752199880883456
7.0109357550684015	0.01	0.007	0.007	0.007	0.01	0.01477647486309369	0.015981008907450245	0.000906853778612632	0.000611841932997221	0.009338547561658033	1.9491913222558448	1.8347564919882413	0.8246358540038222	0.40545483087840567	0.27739082338860743	32.85116518474966	0.027450037769805306
7.08724979971724	0.01	0.007	0.007	0.007	0.01	0.014598309648026666	0.015788320826994655	0.000892200359747051	0.0006018774851901201	0.009228174095689318	1.9547301832735793	1.8352716483458325	0.8240786625453006	0.4043802500895577	0.279012316393538	32.45550959947139	0.027377532647461914
7.164328250319754	0.01	0.007	0.007	0.007	0.01	0.014420541145028833	0.015596061785699444	0.0008777119365917423	0.0005920288646671269	0.009117703756602967	1.9601788410448224	1.8356294150884305	0.8235036895246061	0.40329075902129624	0.28060499039548387	32.060727767682444	0.027304495668188707
7.242161645183509	0.01	0.007	0.007	0.007	0.01	0.014243228880244712	0.01540429616188487	0.0008633895923707376	0.0005822966281554059	0.009007186495274487	1.9655358927501314	1.8358294407866178	0.822911065122339	0.4021866295784823	0.28216835605171187	31.666951876214863	0.02723094104497325
7.320738208765496	0.01	0.007	0.007	0.007	0.01	0.01406643586475626	0.015213092102891644	0.0008492346455329275	0.0005726814963317065	0.008896674273420883	1.970799932357708	1.8358715573378515	0.8223009491100259	0.40106817250913235	0.2837019289573307	31.27432186078433	0.02715688509903811
7.400043710957168	0.01	0.007	0.007	0.007	0.01	0.013890228578804623	0.015022521508017837	0.0008352486415896384	0.0005631843479881091	0.008786221078519037	1.9759695583258141	1.8357557977975876	0.8216735330896848	0.3999357395179487	0.2852052322893275	30.8829853717903	0.02708234635974264
7.48006131631215	0.01	0.007	0.007	0.007	0.01	0.013714676959780583	0.014832660015531596	0.0008214333458729758	0.0005538062148524126	0.008675882939253646	1.9810433810501977	1.8354824144097341	0.8210290428115072	0.3987897254712177	0.28667779939190413	30.493097748488765	0.02700734567120136
7.560771515333825	0.01	0.007	0.007	0.007	0.01	0.013539854194854872	0.014643586778399163	0.0008077907216912095	0.0005445482665271223	0.008565717815999881	1.9860200356766284	1.8350518962622682	0.8203677398099659	0.39763056936603053	0.28811917792811725	30.104821559273518	0.026931906219459647
7.642152055917924	0.01	0.007	0.007	0.007	0.01	0.013365836509360272	0.014455384235418312	0.0007943229094523806	0.0005354117961284821	0.008455785485323676	1.9908981943517288	1.834464986031486	0.8196899229605303	0.3964587552189103	0.2895289338603008	29.718326132471702	0.026856053557985485
7.724177979609867	0.01	0.007	0.007	0.007	0.01	0.013192702732559116	0.014268137641590975	0.0007810321899887355	0.000526398195250976	0.008346147280279133	1.9956765838650916	1.833722694707902	0.8189959290627495	0.39527481136145637	0.2909066569697908	29.3337865926421	0.02677981553439554
7.806821751312828	0.01	0.007	0.007	0.007	0.01	0.013020533685523285	0.014081934406107907	0.0007679209363300118	0.0005175089211555631	0.008236865712996122	2.0003540067927905	1.832826313076207	0.8182861324540162	0.39407930828551074	0.2922519673389893	28.951382501650926	0.026703222130942433
7.890053452857182	0.01	0.007	0.007	0.007	0.01	0.012849411470156672	0.013896863323417259	0.0007549915604549431	0.0005087454606170286	0.008128004028667316	2.0049293635074474	1.8317774192523186	0.8175609438405884	0.39287285545532913	0.2935645220105072	28.57129628000718	0.026626305247909727
7.9738410979378145	0.01	0.007	0.007	0.007	0.01	0.01267941855594928	0.013713013585536827	0.0007422464474946102	0.0005001092853315515	0.00801962562457512	2.009401677463818	1.8305778807790112	0.816820807795928	0.39165609625125014	0.2948440224910606	28.193711178728226	0.026549098378319425
8.05815107140195	0.01	0.007	0.007	0.007	0.01	0.01251063668135636	0.013530473593880328	0.0007296878792118644	0.0004916018001293771	0.007911793343745244	2.0137701227399383	1.8292298500236137	0.8160661988211945	0.39042970099690205	0.2960902227725156	27.818808839196198	0.0264716361736269
8.1429486382164	0.01	0.007	0.007	0.007	0.01	0.01234314569956869	0.013349329710941391	0.0007173179567424828	0.0004832242907599166	0.007804568725521794	2.018034050040992	1.8277357527981848	0.8152976163980236	0.38919435887003223	0.29730293675697356	27.44676672919525	0.02639395395289801
8.228198606190972	0.01	0.007	0.007	0.007	0.01	0.012177022217320073	0.013169664788144003	0.0007051385114364814	0.00047497786368537204	0.007698011116174668	2.022193014810469	1.8260982681915103	0.8145155782427177	0.38795076748745505	0.29848204610143664	27.07775511890379	0.026316087080241617
8.313865977730469	0.01	0.007	0.007	0.007	0.01	0.01201233836724296	0.01299155683812654	0.0006931510289362906	0.00046686339490170826	0.00759217685772804	2.0262467985966786	1.8243203020183838	0.813720613228496	0.38669962258294727	0.29962750594419835	26.711934353180773	0.026238070363318693
8.399916631716435	0.01	0.007	0.007	0.007	0.01	0.011849160631045597	0.01281507776198954	0.0006813565797089244	0.0004588814831737122	0.007487118503606853	2.03019542613547	1.8224049536968625	0.8129132536477344	0.3854416072127311	0.3007393492215962	26.3494522364166	0.02615993743555128
8.486317928783683	0.01	0.007	0.007	0.007	0.01	0.011687548913526524	0.0126402923478272	0.000669755769871766	0.00045103241703321	0.00738288419133763	2.0340391736711076	1.8203554794860115	0.8120940278599188	0.3841773820805218	0.3018176883261806	25.99044197429236	0.02608172021913328
8.573039200151458	0.01	0.007	0.007	0.007	0.01	0.011527555922595823	0.012467257600209291	0.0006583487151321753	0.0004433161574213628	0.007279517210450937	2.0377785680533647	1.8181752545073449	0.8112634538081981	0.38290757760174676	0.3028627140204787	25.635020795083985	0.02600344850330233
8.660052034205204	0.01	0.007	0.007	0.007	0.01	0.01136922698579772	0.01229602254174526	0.0006471350458813289	0.00043573234138606485	0.007177055852719747	2.041414374598672	1.8158677375488332	0.8104220343531613	0.3816327889953315	0.30387469110400955	25.28328954050644	0.02592514971272463
8.74733036163657	0.01	0.007	0.007	0.007	0.01	0.011212600263099927	0.012126628443216663	0.0006361139391552548	0.0004282803039055212	0.007075533521822134	2.0449475759171447	1.8134364409285566	0.8095702545703687	0.38035357441632067	0.3048539515272468	24.935333136846126	0.025846848861366782
8.834850318313611	0.01	0.007	0.007	0.007	0.01	0.01105770735540617	0.011959109481690182	0.0006252841762406196	0.00042095911698937505	0.006974979104618232	2.04837934286679	1.8108849080780154	0.8087085813512319	0.3790704564466536	0.3058008853529243	24.591221945296166	0.025768568706553717
8.922589982466254	0.01	0.007	0.007	0.007	0.01	0.010904574102322758	0.011793493603311767	0.0006146442105710043	0.00041376763566259775	0.006875417471865912	2.0517110031940637	1.8082166978231018	0.8078374644708755	0.37778392552792706	0.3067159311713492	24.25101353290701	0.02569033001292267
9.010528910088622	0.01	0.007	0.007	0.007	0.01	0.01075322167830827	0.011629803708806933	0.0006041922530981007	0.00040670455568500954	0.006776870180148467	2.0549440060482014	1.805435378721798	0.8069573399415199	0.37649444644053154	0.3075995655190891	23.914755106663673	0.02561215199137579
9.098647783643136	0.01	0.007	0.007	0.007	0.01	0.010603667423731934	0.01146805855228148	0.000593926335976713	0.0003997684565427596	0.006679356008396631	2.058079894847014	1.802544524324873	0.8060686325459836	0.3752024631912582	0.3084522947522008	23.582485358875743	0.025534052630332683
9.186928095137791	0.01	0.007	0.007	0.007	0.01	0.010455925563118525	0.011308273518012875	0.0005838443659668673	0.0003929578374406768	0.006582891426145195	2.061120284601895	1.7995477107833344	0.8051717582647462	0.3739084034478351	0.3092746482713195	23.25423606213155	0.025456048991045654
9.275352117462754	0.01	0.007	0.007	0.007	0.01	0.010310007402043936	0.011150460833394936	0.0005739441404444522	0.0003862711280019067	0.006487490724858786	2.06406685151614	1.796448507197954	0.8042671239484058	0.3726126787861967	0.31006717517226573	22.930032506082092	0.025378157244318335
9.363903038092403	0.01	0.007	0.007	0.007	0.01	0.010165921254090908	0.010994629489938465	0.0005642233444968647	0.0003797066861844137	0.006393165973573734	2.0669213284866044	1.793250460937611	0.8033551253791205	0.37131568259531744	0.3108304425088642	22.60989333450329	0.025300392564459376
9.45256532698323	0.01	0.007	0.007	0.007	0.01	0.01002367200919104	0.010840784776425876	0.0005546795239313266	0.0003732627799378672	0.006299926738927045	2.0696855074902047	1.7899570740275463	0.8024361428964634	0.3700177845955294	0.31156503536681374	22.29382958553174	0.025222768820722864
9.541325204454894	0.01	0.007	0.007	0.007	0.01	0.009883260589850963	0.010688927690810408	0.0005453100515089321	0.00036693756430514966	0.006207779729451881	2.0723612432722165	1.7865717742640341	0.8015105358943061	0.3687193239523209	0.312271557195545	21.981843482680446	0.025145298187567864
9.630170996919455	0.01	0.007	0.007	0.007	0.01	0.009744683636893273	0.010539054600338873	0.0005361121092351997	0.00036072906938087903	0.006116728588347942	2.0749504517574513	1.7830978890248006	0.8005786383946109	0.36742060410246535	0.3129506286518175	21.67392773570905	0.025067990859851397
9.71909327334714	0.01	0.007	0.007	0.007	0.01	0.00960793356829918	0.010391157305189599	0.0005270826955409498	0.00035463520507571217	0.006026773930645426	2.0774551012089315	1.7795386271134237	0.7996407568954901	0.36612189085638663	0.31360288449874313	21.370065670473664	0.02499085496354753
9.808084507914305	0.01	0.007	0.007	0.007	0.01	0.00947299935932146	0.010245223882175048	0.0005182186792712556	0.00034865379745866706	0.005937913856323453	2.079877190917933	1.7758970807014127	0.7986971732959977	0.3648234174728608	0.31422896731056954	21.070232961525676	0.024913896877624353
9.89713839133223	0.01	0.007	0.007	0.007	0.01	0.009339867791084255	0.010101240035120668	0.0005095168824005162	0.0003427826444499829	0.0058501447761671104	2.0822187236376597	1.7721762450303982	0.7977481517638326	0.36352539486813273	0.31482951975437495	20.7744004059485	0.02483712185276827
9.986248861203098	0.01	0.007	0.007	0.007	0.01	0.009208525015514805	0.009959190787362158	0.0005009741807164881	0.0003370195835943856	0.00576346245190674	2.0844816754675315	1.7683790545662947	0.7967939488931965	0.36222802588062786	0.3154051765097868	20.482537400449385	0.02476053486008984
10.0	0.01	0.007	0.007	0.007	0.01	0.00918842198547777	0.009937449046730893	0.0004996703222771718	0.0003361400419324976	0.0057501920331046305	2.0848238947701865	1.7677866740049624	0.7966463051280543	0.3620279602025086	0.3154918027220325	20.437865033859055	0.02474873734152915
