0.0	0.01	0.007	0.007	0.007	0.01	0.0	0.0	0.0	0.0	0.0	0.0	0.0	0.0	0.0	0.0	100.0	0.035
0.007166972971090273	0.01	0.007	0.007	0.007	0.01	0.002941820228677758	0.005361405635097051	0.002900214275341113	0.0010992504759843407	0.00017474319920804607	0.00014897263780575573	0.00032444841397294985	0.00019389067199758039	6.104969800905387e-5	5.1712518513973795e-6	99.86884072454964	0.03499130748716507
0.01207619656949211	0.01	0.007	0.007	0.007	0.01	0.0048501345891496855	0.0086810925539923	0.004790938251712572	0.001832421274130017	0.00026435527627624697	0.0004165891683460336	0.0008963465114665533	0.000542914334673486	0.0001719739522829646	1.3653965599835649e-5	99.77909870735544	0.03498535454718068
0.019416030344467254	0.01	0.007	0.007	0.007	0.01	0.007550332425825036	0.013163509498197081	0.007479712733628741	0.002899383981165871	0.000364733590769475	0.0010529414085817782	0.002225850501485654	0.0013748898154902673	0.00043938416635250053	3.182731898045359e-5	99.64507483211437	0.03497645613061224
0.02650551404802994	0.01	0.007	0.007	0.007	0.01	0.009994002694668668	0.017000842985759084	0.009927537153244258	0.003897608662348325	0.00043342228313167006	0.0019205244572190556	0.003993242886258545	0.0025123318896723267	0.0008096772885808966	5.3970682117316224e-5	99.51579321698348	0.0349678633737105
0.034946037272824325	0.01	0.007	0.007	0.007	0.01	0.012706343093686165	0.021013083152722982	0.012661871885544757	0.005045925385645159	0.0004899020197303784	0.003254985270711739	0.0066402629772816775	0.004267052075614147	0.0013888267949913084	8.44014012964736e-5	99.3620931737558	0.03495763585196676
0.043792828969933764	0.01	0.007	0.007	0.007	0.01	0.015335231271799128	0.02465044336726156	0.015330992901555434	0.006204255948175984	0.000528943236121221	0.004979378861987267	0.00996479172123436	0.006541749558212073	0.00215092017517419	0.00011949020692744936	99.20124986672644	0.03494691925879614
0.053568810529525446	0.01	0.007	0.007	0.007	0.01	0.01800493258137978	0.02808690342976997	0.018062395622031553	0.007432378741706402	0.0005563857921647991	0.007240646835626281	0.014197943348907782	0.009534633292146419	0.0031696579823749602	0.00016069227351451953	99.02381578666261	0.03493508090905675
0.06394628691174828	0.01	0.007	0.007	0.007	0.01	0.020590634182212984	0.031163527075021433	0.020729911812639144	0.008678854372575118	0.0005740657882793991	0.010013592323149374	0.019233774374773843	0.013217581840196484	0.004444515070743362	0.00020613043354665916	98.83581181612513	0.034922518559422175
0.07508076613745458	0.01	0.007	0.007	0.007	0.01	0.023105572994312564	0.03391342505047111	0.023347548616540967	0.009953547729764207	0.0005850049011717442	0.013374697521721239	0.02515293934510037	0.017697772715073695	0.0060227561304259	0.00025599294676175593	98.63449049994682	0.034909044851181556
0.08686113086912635	0.01	0.007	0.007	0.007	0.01	0.025501284935556104	0.03630529155965304	0.025864820900593857	0.01123473506558597	0.0005912078964328111	0.01732129197459125	0.03189174789605415	0.022977749233910515	0.00791690521245351	0.000309393367942976	98.42193742824587	0.034894795223557165
0.09933550407344445	0.01	0.007	0.007	0.007	0.01	0.0277703046323833	0.03836028251648158	0.028273062835626108	0.012519464383679194	0.0005943208819920831	0.021890423742918854	0.0394577828986722	0.029113361780098823	0.010159672290903041	0.00036624284542037414	98.19736165751148	0.03487971245812956
0.11247715282378781	0.01	0.007	0.007	0.007	0.01	0.02989368692016804	0.04009214776725933	0.030550883627311256	0.013796970946351966	0.0005954626991916494	0.027087699327658477	0.04780770820808202	0.03611862403637826	0.012770047963466332	0.00042619196104449916	97.96132720077146	0.03486382994146805
0.12631557806837754	0.01	0.007	0.007	0.007	0.01	0.03186590116553304	0.04152897724406852	0.03269055580803167	0.015062518768995638	0.0005953902190539359	0.03293378733981099	0.05692683697373552	0.04402790087442392	0.01577570311530759	0.0004892070488037162	97.71339132743768	0.03484711314358666
0.14086400212729816	0.01	0.007	0.007	0.007	0.01	0.03368105058598715	0.042698760710564776	0.034683522206371956	0.01630983920229047	0.0005945827569557577	0.03943873519176174	0.06678754741553754	0.05286128630401215	0.019200210516505646	0.0005552221798788038	97.45341137912493	0.03482954731101121
0.1561592049268065	0.01	0.007	0.007	0.007	0.01	0.035338293290549744	0.043632188620014695	0.03652636205826585	0.017534739968577528	0.0005933336724368147	0.04661913832042702	0.07737675797795045	0.06264771028539425	0.023071730418003138	0.0006243051085840095	97.180832363488	0.03481108936241717
0.1722392525715488	0.01	0.007	0.007	0.007	0.01	0.036838077440792844	0.044358866532264694	0.038216814642039146	0.018732916499624983	0.000591818480505344	0.05448950953234818	0.08868248468973505	0.0734131963955552	0.027418562110813942	0.00069654409903212	96.89508851867068	0.03479169482605866
0.1891557650725996	0.01	0.007	0.007	0.007	0.01	0.03818306484327398	0.04490719258032704	0.03975489192067685	0.01990081355453076	0.0005901435702031912	0.06306850283591843	0.10070294018365136	0.08518927968680552	0.03227250141358697	0.0007720951012671442	96.59538745054161	0.034771303072145036
0.2069672365493794	0.01	0.007	0.007	0.007	0.01	0.03937698770523944	0.04530329637165449	0.041141684141976234	0.021034945294554633	0.0005883818587191466	0.07237621072007101	0.11344222734819928	0.09800927563111037	0.03766743966068583	0.0008511463611958962	96.28083265385155	0.0347498454203373
0.22574299801866313	0.01	0.007	0.007	0.007	0.01	0.040424660099295795	0.04557082414466793	0.04237943907629591	0.022132046713745933	0.0005865982500878975	0.0824363939962737	0.12691312635085988	0.11191128478072498	0.04364067314913294	0.0009339337338319801	95.95035720839202	0.03472724041532534
0.24556121751388785	0.01	0.007	0.007	0.007	0.01	0.041331568883599304	0.04573070486393597	0.04347114909118688	0.023188821961662436	0.0005848708582497902	0.09327556035826114	0.14113541604720278	0.1269368654073186	0.05023242461889318	0.0010207321896329841	95.60276374498599	0.0347033962988454
0.2665098819987856	0.01	0.007	0.007	0.007	0.01	0.042103765272931935	0.04580115223493794	0.04442047328502386	0.024201918606608114	0.0005833108644457842	0.10492341505914234	0.15613612414299105	0.14313157338811922	0.05748610281274642	0.001111864059527413	95.2367122078095	0.03467820989623491
0.28868507143298994	0.01	0.007	0.007	0.007	0.01	0.04274769331236698	0.04579773883527311	0.04523157692168626	0.025167790518651537	0.0005820844927705193	0.11741170459818694	0.17194770067821744	0.16054325045560752	0.0654475059499922	0.0012077001118402735	94.85075563766482	0.03465156876876023
0.3121877711026104	0.01	0.007	0.007	0.007	0.01	0.04327010134648171	0.04573356599605771	0.045909060898956654	0.026082586248050803	0.0005814390554938431	0.1307720691930646	0.18860508936615586	0.17921888208762682	0.07416319709987074	0.001308661289265922	94.44340115492237	0.03462335512009176
0.33711232976075894	0.01	0.007	0.007	0.007	0.01	0.043677944825348515	0.04561953224600259	0.04645786380564062	0.026941878741263244	0.000581733890307547	0.14502901423810835	0.20613698579427223	0.19919455743888545	0.08367531393916924	0.001415194672033118	94.01331392186424	0.03459345970898328
0.36351101112386075	0.01	0.007	0.007	0.007	0.01	0.043978335976818765	0.0454648215946419	0.04688317466382154	0.027740025287227032	0.0005834712641516289	0.16017912830069933	0.22454094215979578	0.22046598980802584	0.09400619964216093	0.0015276613474930671	93.55992544503796	0.034561824329904005
0.3913028935639231	0.01	0.007	0.007	0.007	0.01	0.044178816306841284	0.045277875891235025	0.04719065045672451	0.028468978117117967	0.0005873030528895773	0.17613874829102236	0.24372192082630675	0.24291438492244455	0.10511901636111447	0.0016460013023623851	93.08497165404827	0.03452855064114679
0.42015338845890193	0.01	0.007	0.007	0.007	0.01	0.044288720116176745	0.045067679903703244	0.047388021165750485	0.029118281998941342	0.0005939599626722184	0.1926766979571412	0.2634155683801854	0.2662108830683061	0.11686354292386411	0.0017692664890588882	92.5944769686532	0.034494043420714264
0.4495691274583299	0.01	0.007	0.007	0.007	0.01	0.04432102874045351	0.04484329244402115	0.04748791544755601	0.029680562201279653	0.0006041242137804456	0.20947394799393074	0.28326253278001057	0.2899000998519544	0.12901044375276888	0.001896017402080848	92.09703335777978	0.03445889563436078
0.47918467690405353	0.01	0.007	0.007	0.007	0.01	0.04429099781922015	0.044611536124999365	0.047506980865123616	0.03015683509991999	0.0006183930841599666	0.2262926683100687	0.3030056038343515	0.31363948858479024	0.141373313261031	0.0020254928699875896	91.59891045787285	0.03442354528141069
0.5087826774800642	0.01	0.007	0.007	0.007	0.01	0.044212934014152654	0.04437681787437985	0.04746181930833185	0.03055342305144079	0.0006372799719293865	0.24298834798987248	0.3224977471941569	0.33721805752714884	0.15382532731325882	0.0021576508748129873	91.10377451707517	0.03438825210817487
0.5382390630088758	0.01	0.007	0.007	0.007	0.01	0.044098777825044996	0.044141829287238234	0.04736686799269746	0.030878643110077812	0.0006612127833085801	0.25947696600852516	0.3416602359796592	0.3605109272299887	0.16628119397517635	0.002292903143881741	90.61366490289282	0.03435316372474452
0.5674848051279411	0.01	0.007	0.007	0.007	0.01	0.04395795722946667	0.04390816083871174	0.04723391208079838	0.031141085345714182	0.0006905334515845404	0.27571132103036033	0.360454003477599	0.3834462136887429	0.1786829109636797	0.002431927812890625	90.12966853011915	0.034318361679024155
0.5964871944550334	0.01	0.007	0.007	0.007	0.01	0.04379768796723795	0.04367669140062047	0.04707225012008734	0.03134886563605077	0.0007255045709510962	0.29166870118834515	0.3788653132945506	0.40598763210069966	0.190992234556222	0.002575573154517226	89.65225251314574	0.03428388403795842
0.6252376327796962	0.01	0.007	0.007	0.007	0.01	0.04362338576139457	0.04344784817079607	0.04688906892098289	0.031509305955427745	0.0007663184322307613	0.30734260500371463	0.3968965245010511	0.42812269682672033	0.20318523519005707	0.0027247951940852578	89.18147997699961	0.034249740100482186
0.6537433636757504	0.01	0.007	0.007	0.007	0.01	0.04343906234041955	0.04322177627593824	0.046689850724545186	0.03162883952764748	0.0008131065342454617	0.32273705108333434	0.4145599623727865	0.44985453507570605	0.215248255173696	0.0028806166178888255	88.71715502591134	0.0342159203485885
0.6820218318284589	0.01	0.007	0.007	0.007	0.01	0.04324766075922049	0.04299844776177567	0.04647874095750211	0.03171303067117548	0.0008659485101326622	0.33786267482109644	0.4318738409546656	0.471196223028735	0.22717491798288478	0.0030440999839257354	88.25892063400119	0.0341824032225645
0.7100973765364569	0.01	0.007	0.007	0.007	0.01	0.04305131853033185	0.042777726839734194	0.04625884998517718	0.031766648681402145	0.0009248811530215006	0.3527343535303747	0.44885988795669746	0.49216729637080836	0.2389641576256061	0.0032163339785264886	87.80631593344802	0.034149159092186965
0.7379983778225846	0.01	0.007	0.007	0.007	0.01	0.042851574428375096	0.042559415975598605	0.04603249834457969	0.031793758231999224	0.0009899050170552462	0.3673692709002972	0.4655414111201228	0.5127909034100869	0.2506185096135682	0.0033984221575174365	87.3588244884526	0.034116153668713095
0.7657556383771262	0.01	0.007	0.007	0.007	0.01	0.04264952253823969	0.04234328272664099	0.0458014051988392	0.031797813963861575	0.0010609904747699394	0.3817857854883622	0.4819422279346386	0.5330921154505501	0.2621430042241897	0.003591478305885532	86.91590143365937	0.03408334993695359
0.793401153117948	0.01	0.007	0.007	0.007	0.01	0.042445928404735524	0.042129077802913584	0.04556683413497293	0.03178174876721706	0.001138082261783701	0.39600260428418305	0.4980858955098955	0.5530966876218993	0.2735442998156315	0.00379662352179221	86.47699367083	0.03405070961882811
0.8209676687079107	0.01	0.007	0.007	0.007	0.01	0.042241312487589534	0.04191654353292288	0.045329700897086295	0.031748052345078055	0.0012211041691531958	0.4100384352328708	0.5139954468394018	0.5728305111399309	0.2848302114897865	0.004014988147415512	86.04154703518626	0.03401819369743531
0.8484877383422701	0.01	0.007	0.007	0.007	0.01	0.042036017048782764	0.04170542415317258	0.04509066096598173	0.03169883992707418	0.001309960726165634	0.42391142921595387	0.5296928584024445	0.5923187832531603	0.29600908948271987	0.004247709074137133	85.60902118761729	0.03398576353299513
0.8759937801542425	0.01	0.007	0.007	0.007	0.01	0.04183025047268492	0.0414954670784345	0.0448501698156933	0.031635910465338736	0.0014045404930899312	0.43763916954145377	0.5451991162815814	0.6115859583562919	0.30708965781092135	0.004495933832746025	85.17888843366738	0.0339533807918408
0.9035179509764482	0.01	0.007	0.007	0.007	0.01	0.041624121645424755	0.04128642488861326	0.04460853035651972	0.03156079560292864	0.0015047180711400998	0.4512385831605551	0.5605341748603501	0.6306555968207521	0.31808081140469285	0.004760823129171677	84.75063547028476	0.03392100759331731
0.9310922253850616	0.01	0.007	0.007	0.007	0.01	0.04141766445496419	0.041078055321781735	0.04436592774007	0.031474800355501285	0.0016103561557635174	0.4647259654984627	0.5757170300099005	0.6495503794316236	0.32899152368549006	0.005043554982879924	84.32376193606241	0.03388860641515915
0.9587485252646756	0.01	0.007	0.007	0.007	0.01	0.04121085573026973	0.04087012065618398	0.04412245550477713	0.031379036855059876	0.0017213073377930225	0.47811703412598644	0.5907658137211765	0.668292166592052	0.33983079404268796	0.005345329470365298	83.8977782537213	0.03385613994054148
0.9865189311257849	0.01	0.007	0.007	0.007	0.01	0.04100362799027211	0.04066238636270306	0.04387813479340688	0.031274452132612304	0.0018374158919434288	0.49142702228069224	0.6056979248305268	0.6869021164079039	0.35060764164602987	0.005667374618344803	83.47220231300587	0.033823570810583826
1.0144359402114522	0.01	0.007	0.007	0.007	0.01	0.04079587844971065	0.04045461937066556	0.04363292846296351	0.031161850950531155	0.0019585195190457024	0.5046707914253392	0.6205301739728926	0.7054008314001688	0.3613311264468399	0.006010953380450292	83.046555568776	0.03379086132390313
1.04253280390197	0.01	0.007	0.007	0.007	0.01	0.04058747491901987	0.040246585757294236	0.04338675094716327	0.031041914339597007	0.0020844512430329286	0.517862975364805	0.6352789579015771	0.7238085504547865	0.37201040536645064	0.006377372384818193	82.62035808727575	0.033757973045577275
1.070843915635715	0.01	0.007	0.007	0.007	0.01	0.04037825947026981	0.040038048117357075	0.04313947499682027	0.030915214593377403	0.0022150413851393857	0.5310181391394716	0.6499604450278597	0.7421453617608036	0.38265480814338704	0.006767992491504798	82.19312301769155	0.03372486635984166
1.0994052966222838	0.01	0.007	0.007	0.007	0.01	0.04016805001359011	0.039828762296813536	0.042890935552921255	0.030782227064315854	0.0023501198387840634	0.544150972004606	0.6645907941476492	0.7604314629877482	0.3932739466963593	0.007184242185428869	81.76434981106017	0.033691499911804826
1.1282551811466586	0.01	0.007	0.007	0.007	0.01	0.039956640153027	0.039618473515019216	0.0426409312601198	0.030643339180365478	0.0024895186561310133	0.5572765114794449	0.6791864029540806	0.7786874637382187	0.4038778538917552	0.007627634418158911	81.33351621795023	0.03365782993700091
1.1574347447136124	0.01	0.007	0.007	0.007	0.01	0.03974379730359726	0.039406911599075826	0.042389223660994256	0.030498856841390053	0.0026330751192649485	0.5704104139482141	0.6937642032744684	0.7969347510530033	0.41447716260873735	0.008099788223791983	80.90006848667895	0.033623809429377684
1.1869890526202993	0.01	0.007	0.007	0.007	0.01	0.039529258751770185	0.03919378482046293	0.042135533748853204	0.030349008097023053	0.002780635619505927	0.5835693007451183	0.7083420343934625	0.8151959571991492	0.42508334674433473	0.008602457318275606	80.46340870980441	0.03358938705884138
1.2169682824906034	0.01	0.007	0.007	0.007	0.01	0.039312725493062625	0.03897877202240284	0.041879535730349214	0.030193944055649416	0.0029320605165193314	0.5967711949128911	0.7229391099284554	0.8334955495146741	0.43570903442777986	0.009137567974592527	80.02287867554057	0.033554505778327845
1.2474294122728888	0.01	0.007	0.007	0.007	0.01	0.03909385267811141	0.03876151176629824	0.04162084666121066	0.03003373622063233	0.0030872307770452943	0.6100361211218824	0.7375766563445921	0.8518606410599386	0.44636844937806225	0.009707271473716752	79.57773761517839	0.03351910090081813
1.2784385606462532	0.01	0.007	0.007	0.007	0.01	0.03887223557200433	0.03854158732644558	0.04135901070674247	0.029868369394989606	0.0032460570874835687	0.6233869311404799	0.7522787884209915	0.8703221057229459	0.4570780271276897	0.010314017656063278	79.1271314449941	0.03348309743420435
1.3100744183268835	0.01	0.007	0.007	0.007	0.01	0.03864738820335767	0.0383185046673806	0.041093474743410414	0.029697727926481097	0.0034084932408355267	0.6368505151550237	0.7670737927180011	0.8889162153706605	0.4678573297639498	0.010960662659773973	78.67004762877575	0.03344640617273499
1.3424335052436442	0.01	0.007	0.007	0.007	0.01	0.038418709942397926	0.038091658633230004	0.04082354974848245	0.029521571399605075	0.0035745568083624143	0.6504596636420067	0.7819961004604191	0.9076871577247978	0.47873046303996997	0.011650633478064332	78.20524588340645	0.03340891770586954
1.3756386511021772	0.01	0.007	0.007	0.007	0.01	0.03818543088568969	0.037860278265365845	0.04054834731488805	0.029339492236905844	0.0037443628658384636	0.6642560844467376	0.7970894865483477	0.9266911190360402	0.4897283851239077	0.012388192246124845	77.7311461111762	0.03337049274846487
1.4098537760693939	0.01	0.007	0.007	0.007	0.01	0.03794651579434927	0.03762333113695228	0.040266667580645454	0.029150838451678467	0.003918183765083493	0.6782956989776016	0.8124126928909151	0.9460034572111414	0.5008929768345193	0.013178892893626141	77.245632343455	0.0333309452747204
1.4453121786002954	0.01	0.007	0.007	0.007	0.01	0.0377004790338476	0.03737933953338726	0.03997678287462255	0.028954562084404736	0.004096565676436358	0.6926588566493004	0.82805029099517	0.9657325488855949	0.5122849176592931	0.014030446630129602	76.74567602655853	0.03329001021407912
1.4823785249633128	0.01	0.007	0.007	0.007	0.01	0.037444976833530375	0.037125975914780646	0.03967596042059361	0.028748882403822437	0.004280589155355948	0.707472906152878	0.8441367277622139	0.9860504177210339	0.5240011385004181	0.014954597113294787	76.22650698448481	0.033247272602147056
1.5217224014903041	0.01	0.007	0.007	0.007	0.01	0.03717565892355592	0.03685892410293709	0.039359116770537154	0.028530334995546053	0.004472617069880642	0.7229760816979258	0.8609245434292517	1.0072795357497328	0.5362243721034637	0.015972282823891962	75.67927962959524	0.033201969016178154
1.5650189379936834	0.01	0.007	0.007	0.007	0.01	0.03688151376217582	0.03656726389668758	0.0390133605940232	0.02828991514083372	0.004679370584343977	0.7397774135940977	0.8790623584995277	1.0302462734817528	0.5494251567375625	0.017134230372866145	75.08161466583967	0.0331521853743267
1.6238605287884311	0.01	0.007	0.007	0.007	0.01	0.0364854780510164	0.03617458499989577	0.0385483372253596	0.02796389966174534	0.004951589996803224	0.7621828486657133	0.9031568603666267	1.060807206825194	0.5669509101285528	0.0187802947791176	74.2769249092993	0.03308464720553442
1.6602182790873774	0.01	0.007	0.007	0.007	0.01	0.03624289630893722	0.0359340636289286	0.038263788769967985	0.02776314392767201	0.005114291583469644	0.7757845174900726	0.9177302478655687	1.0793218979827754	0.577544694133332	0.019833768691975746	73.78403020053304	0.03304298469990394
1.7047517211727938	0.01	0.007	0.007	0.007	0.01	0.03594796061518043	0.03564163588720326	0.037918130835213976	0.02751818950408551	0.0053073546328243	0.7921966764404198	0.9352591516158794	1.1016231292671768	0.5902796463752114	0.021159666126291655	73.18475380895163	0.032992025113539214
1.7434610952384353	0.01	0.007	0.007	0.007	0.01	0.03569354627866553	0.03538938676435702	0.03762023219315466	0.0273062587427336	0.005469376721001669	0.8062437616949848	0.9502122539151484	1.1206759291879995	0.6011364732456334	0.022342107855726923	72.66780612088928	0.032947793854280094
1.7841483239324551	0.01	0.007	0.007	0.007	0.01	0.0354280731393651	0.035126174225778115	0.037309653274284434	0.027084614115815028	0.005633641192747032	0.8207926242167842	0.9656496557577228	1.1403748046985822	0.6123379268093897	0.023613066504758175	72.12838066557696	0.032901366519889105
1.8227045438540541	0.01	0.007	0.007	0.007	0.01	0.035178326714958505	0.03487855532935854	0.03701772593318765	0.026875724198644545	0.005783461499124031	0.834378152048365	0.9800178227308962	1.1587369593187684	0.6227567764549459	0.024842299134637542	71.62090345242225	0.03285743120754251
1.8615329740716806	0.01	0.007	0.007	0.007	0.01	0.03492859667199443	0.03463095325930273	0.036726064811323206	0.026666561058536646	0.005928490911505388	0.8478644305531529	0.9942348094748801	1.1769333705973082	0.633059254639313	0.026102939112311062	71.11345172913758	0.03281324500028085
1.8994204006546502	0.01	0.007	0.007	0.007	0.01	0.034686628349739734	0.03439104717122131	0.03644370607268211	0.02646368716607951	0.006064292843999343	0.8608377198250281	1.0078663780090804	1.1944072957508303	0.64293091997688	0.02735342116782799	70.6217640271529	0.03277018692087857
1.937159543431102	0.01	0.007	0.007	0.007	0.01	0.034447274100094016	0.03415373315376901	0.036164629268705284	0.026262851732097373	0.0061939249137428105	0.8735799817185492	1.0212114363124376	1.2115404848669244	0.6525886044615449	0.028617502571337525	70.13538038408426	0.032727353532528265
1.9744115137905651	0.01	0.007	0.007	0.007	0.01	0.034212630211220084	0.033921089537986344	0.03589126950855365	0.02606586334606985	0.006316365018163578	0.8859837387247759	1.0341592094999876	1.2281898003041083	0.661952408064087	0.029881913458721376	69.65856075613206	0.03268512798563299
2.011464269595308	0.01	0.007	0.007	0.007	0.01	0.03398082740777532	0.03369126292098906	0.035621439678368345	0.025871193559755482	0.006432731952348032	0.8981519926813997	1.046819066835189	1.2444949043752327	0.6711017198532537	0.031154575996264092	69.1875068134193	0.03264318229498596
2.0482432911674864	0.01	0.007	0.007	0.007	0.01	0.03375229105035998	0.0334646749941916	0.03535562756966644	0.025679232277042444	0.006542934275807168	0.9100657469584068	1.0591726988481065	1.2604314699770143	0.6800235550680348	0.0324313129222601	68.72308313145513	0.032601599721186064
2.0848701494876503	0.01	0.007	0.007	0.007	0.01	0.03352622845950334	0.033240539806050406	0.0350929043759575	0.025489340450707627	0.0066474819795869534	0.9217694167958207	1.071267518089108	1.2760599625686113	0.68875239835816	0.03371483392152615	68.26367904679837	0.032560241825891116
2.1213472134732614	0.01	0.007	0.007	0.007	0.01	0.033302596009376934	0.03301881408152484	0.034833213731114886	0.025301503362062668	0.0067465126351009385	0.9332678688729578	1.0831096865638923	1.2913877759741028	0.6972929142424602	0.03500384830555744	67.80920607062167	0.03251910521831246
2.157737380133146	0.01	0.007	0.007	0.007	0.01	0.03308098347003737	0.032799091073351216	0.03457607422109641	0.02511539455921581	0.006840323617379123	0.9445845370961597	1.0947243518774505	1.3064469572328035	0.7056634447741431	0.03629929717341831	67.35883067728574	0.03247811839470876
2.1940622810294723	0.01	0.007	0.007	0.007	0.01	0.03286123992723881	0.03258122114337369	0.03432130647173566	0.024930902364566285	0.006929088097717797	0.9557291527229311	1.1061223658549808	1.321251160610179	0.7138719991794383	0.037600759109140965	66.91224630620445	0.032437256601586875
2.2303609772359336	0.01	0.007	0.007	0.007	0.01	0.032643113766511016	0.032364954814879394	0.034068615046939005	0.024747828109154234	0.0070130136571164405	0.9667162753800174	1.11731937780137	1.3358203570968508	0.7219300244091261	0.038908512453641096	66.46894172491187	0.032396475640027136
2.266657277806343	0.01	0.007	0.007	0.007	0.01	0.03242645050276019	0.03215013891454324	0.033817817816233095	0.024566052714305744	0.007092261112386754	0.9775552619293489	1.1283255747204064	1.3501675102138355	0.729845015746901	0.04022235686676455	66.02860307584871	0.032355748635733386
2.302979101686997	0.01	0.007	0.007	0.007	0.01	0.032211075230009004	0.03193660002381373	0.033568709599324856	0.024385438375942467	0.007166992457314889	0.98825625819183	1.1391518235717855	1.3643065456608567	0.737624942089211	0.04154229727131599	65.59087498050097	0.0323150442461618
2.3393479716008416	0.01	0.007	0.007	0.007	0.01	0.031996855045802845	0.031724206370620026	0.0333211343754629	0.024205881237214878	0.007237348300632547	0.9988270978343203	1.1498065327339098	1.3782482541575485	0.745275990205997	0.04286815601847118	65.15548740948228	0.03227433844072167
2.3757855525449876	0.01	0.007	0.007	0.007	0.01	0.03178365960923706	0.03151282872338467	0.03307493956207012	0.024027278531334566	0.007303462993915321	1.0092753027161674	1.1602976967189496	1.3920029487372694	0.7528040370006721	0.044199802458090603	64.72217552385732	0.03223360715118965
2.4123103712227842	0.01	0.007	0.007	0.007	0.01	0.03157138012855252	0.031302359216500215	0.03282999790441802	0.02384954468468072	0.0073654589818218956	1.0196071684241532	1.1706319857951735	1.4055792666412328	0.7602139973344947	0.045537027571140615	64.29071826764941	0.03219282993300354
2.448940093660754	0.01	0.007	0.007	0.007	0.01	0.03135991560950893	0.031092697715795734	0.03258619152933968	0.023672599939738307	0.007423451953937254	1.0298284646109184	1.1808154629722543	1.4189851006725944	0.7675103404361627	0.04687962201084251	63.860910420251955	0.03215198740537141
2.485690579317592	0.01	0.007	0.007	0.007	0.01	0.031149178065606343	0.030883756984220204	0.03234341791078791	0.023496374838566904	0.007477549878540133	1.0399442001704573	1.1908533588476717	1.4322272973444012	0.7746969298387908	0.048227337337028255	63.43257318764496	0.03211106229819026
2.522576726016105	0.01	0.007	0.007	0.007	0.01	0.03093908734892045	0.03067545755667045	0.03210158386373854	0.02332080599318729	0.007527855017238529	1.0499588915632392	1.2007503486970543	1.445312015443269	0.7817772233039091	0.04957991345548081	63.00554369743677	0.03207003850054369
2.559612256974245	0.01	0.007	0.007	0.007	0.01	0.030729572146043833	0.030467728727381935	0.03186060665480666	0.023145836998772228	0.00757446411686761	1.0598765297224153	1.2105105274163415	1.4582446880264548	0.7887542560060182	0.050937067878655595	62.579677024394655	0.03202890129074159
2.5968100654799704	0.01	0.007	0.007	0.007	0.01	0.03052056780601961	0.030260506396339867	0.03162041146794867	0.02297141668357886	0.007617469352723171	1.0697006971204364	1.2201375324579349	1.4710301802907675	0.7956307295336503	0.052298505889314124	62.15484177666335	0.03198763694635053
2.6341822355999036	0.01	0.007	0.007	0.007	0.01	0.030312016052428847	0.030053732783790924	0.031380931044893895	0.022797498923143998	0.007656958733399483	1.07943459271636	1.2296345744644976	1.483672826237551	0.8024090346830839	0.05366391920268483	61.73091951151646	0.03194623271587054
2.671740192998729	0.01	0.007	0.007	0.007	0.01	0.030103863984003467	0.029847355439355194	0.03114210451109397	0.022624041851303844	0.007693016611660257	1.0890810890542877	1.2390044987099937	1.4961765066970618	0.8090912961586518	0.05503298970298099	61.30780270482167	0.031904676646723
2.7094947793667483	0.01	0.007	0.007	0.007	0.01	0.029896063530757647	0.029641326702778928	0.03090387672917176	0.022451007444440892	0.007725724044680848	1.0986427663908205	1.248249823158617	1.5085446968770384	0.8156794004510561	0.05640539063057952	60.88539364628895	0.031862957498893646
2.7474563471777604	0.01	0.007	0.007	0.007	0.01	0.029688570817936116	0.029435603073294517	0.030666197549764417	0.022278361023084937	0.0077551591270156916	1.1081219498592438	1.2573727787727509	1.5207805173803415	0.8221750252223132	0.057780788712358006	60.463603147229115	0.03182106463679273
2.7856348174277916	0.01	0.007	0.007	0.007	0.01	0.029481345753057196	0.02923014480017622	0.03042902132107961	0.022106070934631378	0.007781397248138232	1.1175207352286456	1.2663753381357752	1.532886770036159	0.8285796602733497	0.05915884510762673	60.042349701711515	0.03177898796270377
2.824039763377515	0.01	0.007	0.007	0.007	0.01	0.029274351487431165	0.029024915348843886	0.030192306257191097	0.021934108127757018	0.007804511334221708	1.1268410194263738	1.2752592480922087	1.5448659795071098	0.8348946312941156	0.06053921742634364	59.62155839246844	0.03173671782212718
2.862680444310642	0.01	0.007	0.007	0.007	0.01	0.029067554164085907	0.028819881150933677	0.029956014136415375	0.02176244596181637	0.007824572023994872	1.1360845172015295	1.2840260485982715	1.5567204167091409	0.8411211137332691	0.0619215600465159	59.20116037893829	0.03169424496475686
2.901565867994491	0.01	0.007	0.007	0.007	0.01	0.028860922522001627	0.028615011211904018	0.02972010983704775	0.021591059894044026	0.007841647840236266	1.145252783609942	1.2926770967365255	1.568452129460186	0.8472601502855599	0.0633055255550867	58.78109209314634	0.031651560474263936
2.9407048414009913	0.01	0.007	0.007	0.007	0.01	0.02865442757674672	0.028410276794392397	0.02948456096239097	0.021419927228178474	0.007855805328702488	1.1543472323402473	1.3012135863294587	1.5800629675031348	0.8533126651928477	0.06469076582642003	58.3612945908312	0.03160865571149056
2.9801060120228198	0.01	0.007	0.007	0.007	0.01	0.028448042362096897	0.028205651162035904	0.02924933753701687	0.021249026911909864	0.007867109172965394	1.163369150733747	1.3096365640608358	1.5915546030599768	0.8592794760177731	0.06607693281363475	57.94171302648939	0.031565522268383384
3.0197778863060836	0.01	0.007	0.007	0.007	0.01	0.02824174179988849	0.028001109450433263	0.029014411850414284	0.021078339438915697	0.007875622288781818	1.1723197087357298	1.317946939639932	1.6029285434689102	0.8651613011586148	0.06746367857912994	57.522296389076935	0.03152215194729861
3.0597288962655806	0.01	0.007	0.007	0.007	0.01	0.02803550232644895	0.02779662829675958	0.02877975802447958	0.02090784654811658	0.00788140591774013	1.1811999780179254	1.3261455051606614	1.6141861565868574	0.8709587738390283	0.0688506570466495	57.102996742786445	0.031478536687911125
3.0999674117842475	0.01	0.007	0.007	0.007	0.01	0.027829301811626538	0.027592185759485893	0.028545351915618432	0.020737531164207575	0.007884519693317401	1.1900109378995496	1.3342329418699963	1.6253286792100141	0.8766724471450883	0.07023752386053703	56.68376906263925	0.031434668553907995
3.140501774706517	0.01	0.007	0.007	0.007	0.01	0.027623119370276988	0.027387761131472857	0.028311170895176693	0.02056737724821499	0.007885021704403241	1.198753485641982	1.3422098308064336	1.6363572309314145	0.8823028017773765	0.07162393702772042	56.26457085141019	0.03139053969609517
3.1813403366830686	0.01	0.007	0.007	0.007	0.01	0.027416935162696738	0.027183334742105193	0.028077193618405327	0.020397369638361768	0.007882968548135461	1.207428446827823	1.3500766632512182	1.6472728279436364	0.8878502536391544	0.07300955768519432	55.84536173404072	0.03134614231175435
3.22249149825527	0.01	0.007	0.007	0.007	0.01	0.02721073019750538	0.026978887761854534	0.027843399797357293	0.020227493892615973	0.007878415371683094	1.2160365852385577	1.3578338504436467	1.6580763960419818	0.893315160873195	0.07439405089170884	55.426103056990684	0.031301468603021375
3.263963705007083	0.01	0.007	0.007	0.007	0.01	0.02700448635612	0.02677440222654513	0.027609770225850466	0.020057736313379974	0.007871415912253482	1.2245786031968282	1.3654817244983293	1.6687687715372543	0.8986978246773406	0.07577708496516439	55.006757938104286	0.03125651078215729
3.30576550758474	0.01	0.007	0.007	0.007	0.01	0.02679818610236563	0.026569860749439875	0.027376286448068495	0.019888083712370837	0.007862022525863238	1.2330551548374258	1.3730205508152686	1.6793507183001048	0.9039984981995876	0.07715833296255425	54.58729067626844	0.03121126100772303
3.347905567751233	0.01	0.007	0.007	0.007	0.01	0.026591812468974907	0.026365246507855128	0.027142930741872635	0.019718523403412982	0.007850286216522182	1.2414668475605943	1.3804505296475176	1.6898229298607481	0.9092173877748108	0.07853747232247614	54.16766672401849	0.03116571137963653
3.390392704295741	0.01	0.007	0.007	0.007	0.01	0.02638534885252512	0.026160543039845895	0.026909685885886124	0.019549043037461217	0.007836256653496897	1.2498142511676045	1.3877718043535647	1.7001860410135479	0.9143546588474254	0.07991418580739804	53.74785227062185	0.031119853891337524
3.4332359178876897	0.01	0.007	0.007	0.007	0.01	0.02617877891990675	0.02595573415147173	0.026676535053684395	0.019379630529410954	0.007819982187434456	1.2580979021326493	1.3949844651032943	1.710440633224739	0.9194104386766656	0.08128816170781604	53.3278140519064	0.031073680405104696
3.4764444226874422	0.01	0.007	0.007	0.007	0.01	0.025972086488225167	0.025750803797722245	0.026443461678651112	0.019210273963100193	0.007801509860970676	1.2663183087372671	1.4020885531652139	1.7205872410131267	0.9243848194346661	0.08265909422944677	52.90751910604455	0.03102718262039239
3.5200276821773864	0.01	0.007	0.007	0.007	0.01	0.025765255391921305	0.025545735950770553	0.02621044930523435	0.019040961486001238	0.007780885413403006	1.274475956463961	1.409084065206135	1.7306263585341983	0.9292778612953986	0.08402668396454888	52.48693450331989	0.030980352037993972
3.563995446526387	0.01	0.007	0.007	0.007	0.01	0.025558269350842336	0.025340514469168483	0.025977481442164906	0.018871681204966465	0.0077581532802942985	1.2825713130838712	1.4159709570950592	1.7405584456608565	0.9340895951579818	0.08539063835016458	52.0660270777939	0.03093317992297003
3.608357785669351	0.01	0.007	0.007	0.007	0.01	0.025351111866745085	0.025135122995232264	0.02574454144854168	0.018702421105533638	0.007733356591755653	1.2906048323783406	1.4227491463162074	1.7503839322656765	0.9388200243811368	0.08675067192827189	51.6447632167607	0.03088565727259792
3.653125138834067	0.01	0.007	0.007	0.007	0.01	0.025143766051482382	0.02492954478469329	0.02551161234395886	0.018533168915758565	0.007706537158572946	1.2985769602628474	1.4294185161791213	1.7601032253201498	0.9434691277559035	0.0881065070397158	51.223108511246	0.030837774767147216
3.6983083512645334	0.01	0.007	0.007	0.007	0.01	0.024936214525089737	0.024723762605653506	0.02527867669826245	0.01836391202766592	0.0076777354617205106	1.3064881379078006	1.4359789172215751	1.7697167121778268	0.9480368605008236	0.08945787403658899	50.80102754861519	0.030789522734898038
3.743918734033485	0.01	0.007	0.007	0.007	0.01	0.024728439217571264	0.02451775854206085	0.02504571641418005	0.018194637340648932	0.007646990624774307	1.314338808268841	1.442430171182027	1.7792247678681634	0.9525231570306572	0.09080451209670555	50.37848350930945	0.030740891093027956
3.789968114450815	0.01	0.007	0.007	0.007	0.01	0.02452042122675342	0.02431151385277432	0.024812712574178147	0.018025331151356485	0.0076143403880134875	1.3221294201192944	1.448772072550925	1.7886277591749522	0.9569279320172034	0.09214616963489475	49.955437877556896	0.030691869299219222
3.8364689014367745	0.01	0.007	0.007	0.007	0.01	0.0243121406210688	0.024105008776028804	0.02457964522685285	0.017855978999486457	0.0075798210692392095	1.3298604338192608	1.455004391202123	1.7979260506421684	0.9612510821814549	0.09348260502917614	49.53185004004594	0.030642446288015872
3.88343416052857	0.01	0.007	0.007	0.007	0.01	0.024103576214917113	0.023898222306710525	0.024346493144214137	0.017686565492293745	0.007543467513306094	1.3375323276772448	1.4611268750683708	1.807120011072838	0.9654924880904553	0.09481358746780157	49.107676828772775	0.03059261039778458
3.93087768331048	0.01	0.007	0.007	0.007	0.01	0.023894705385948317	0.023691132015197333	0.02411323362753394	0.017517074164268835	0.007505313042274768	1.345145602320033	1.467139250757131	1.8162100174050726	0.969652014500701	0.09613889746523464	48.68287214909028	0.030542349304522903
3.97881408307069	0.01	0.007	0.007	0.007	0.01	0.023685503794699046	0.023483713769384535	0.023879842205855914	0.017347487258721154	0.007465389381945042	1.3527007881813866	1.4730412261515098	1.8251964620753407	0.9737295120504015	0.09745832792923066	48.257386409102295	0.030491649928869137
4.027258902244809	0.01	0.007	0.007	0.007	0.01	0.023475945075952246	0.023275941428674913	0.023646292305280654	0.01717778548804119	0.0074237265739119365	1.3601984534043803	1.4788324926836032	1.8340797605493548	0.9777248186886799	0.09877168531278	47.83116589146644	0.03044049833190478
4.076228729271286	0.01	0.007	0.007	0.007	0.01	0.023266000515312166	0.02306778652331001	0.02341255490435127	0.017007947783789282	0.007380352875257401	1.3676392116074834	1.484512726774493	1.8428603583310845	0.9816377604901847	0.10007879075059539	47.40415209503727	0.030388879602441115
4.125741358805265	0.01	0.007	0.007	0.007	0.01	0.02305563857018757	0.022859217779435774	0.023178598019237332	0.016837950923050734	0.007335294615256123	1.375023734389708	1.4900815940318552	1.8515387431397698	0.9854681543225995	0.10137948203417921	46.976280759941	0.030336777700267825
4.175815921345388	0.01	0.007	0.007	0.007	0.01	0.02284482455707915	0.022650200809054635	0.022944386377543365	0.016667769291796437	0.007288576074597753	1.382352757059036	1.4955387472864592	1.860115448604962	0.9892158062183267	0.10267361439828489	46.54748123078214	0.030284175333585572
4.226473119546668	0.01	0.007	0.007	0.007	0.01	0.022633519927314227	0.022440697391932822	0.02270988063854691	0.016497374318628678	0.0072402192624075315	1.389627097759862	1.5008838335460992	1.8685910731266888	0.9928805158173921	0.1039610636662474	46.11767498261835	0.03023105372648213
4.277735417808338	0.01	0.007	0.007	0.007	0.01	0.022421681791638774	0.02223066500424361	0.02247503689519859	0.016326734113224585	0.007190243730015381	1.3968476666056058	1.5061164919829968	1.8769662862906935	0.996462074568769	0.1052417276302937	45.686774652932364	0.03017739243836266
4.329627373524447	0.01	0.007	0.007	0.007	0.01	0.02220926191410075	0.02202005582102517	0.02223980559320374	0.016155812681196133	0.007138666243321813	1.4040154915590812	1.5112363624636134	1.8852418539358644	0.9999602710650506	0.10651553038704455	45.25468199390173	0.030123169038168644
4.382175931185676	0.01	0.007	0.007	0.007	0.01	0.021996205936182844	0.021808815946925086	0.022004130713240748	0.015984569330128894	0.007085500482921333	1.4111317344753445	1.5162430846390733	1.8934186506799784	1.003374889786206	0.10778242491929912	44.821286292746215	0.030068358821723304
4.435410888109555	0.01	0.007	0.007	0.007	0.01	0.021782451987945792	0.021596884039179965	0.021767948283500378	0.015812957589012692	0.007030756566392189	1.418197725549882	1.521136307479706	1.9014976923790299	1.0067057168303997	0.1090423989266151	44.38646154485118	0.030012934354731784
4.489365391374653	0.01	0.007	0.007	0.007	0.01	0.021567929290332383	0.02138418992183064	0.021531184894710176	0.01564092412947391	0.006974440528313553	1.4252149949855988	1.5259156931976123	1.9094801636056382	1.0099525416057458	0.11029548013667942	43.95006360848582	0.0299568649897582
4.54407660651788	0.01	0.007	0.007	0.007	0.01	0.02135255620878741	0.02117065265592967	0.02129375562353445	0.015468407257132975	0.006916553614521639	1.4321853191635414	1.530580926811569	1.9173674595699264	1.0131151621106376	0.11154174415948427	43.51192624286695	0.029900116212255662
4.599586579570447	0.01	0.007	0.007	0.007	0.01	0.021136237724862894	0.020956178032693968	0.02105556133330432	0.015295334950540891	0.006857091361872191	1.439110780949838	1.5351317293666094	1.9251612412118788	1.016193392341714	0.11278132481064167	43.071855961565255	0.029842648796085454
4.655943352310692	0.01	0.007	0.007	0.007	0.01	0.020918862153827707	0.020740655319087947	0.02081648516933668	0.015121622314928244	0.006796042395767635	1.4459938479959613	1.5395678752952626	1.932863506809411	1.0191870720309277	0.11401442757192633	42.62962535115377	0.029784417709946106
4.713202434784211	0.01	0.007	0.007	0.007	0.01	0.02070029678977148	0.02052395294004102	0.02057638790750133	0.014947168202765022	0.00673338682930066	1.4528374769017356	1.5438892161961997	1.9404766875503752	1.0220960800712315	0.1152413475643256	42.1849642068095	0.02972537067183117
4.771428873573473	0.01	0.007	0.007	0.007	0.01	0.020480381691244737	0.02030591231704872	0.020335101305097827	0.014771850382864788	0.006669093997641074	1.4596452645271096	1.54809572020387	1.9480037886735604	1.0249203575276669	0.11646249579990921	41.73754688337046	0.029665446112471638
4.830700088470892	0.01	0.007	0.007	0.007	0.01	0.020258921147379903	0.020086339407022574	0.020092418970673247	0.014595518906855773	0.006603119328480862	1.4664216553858933	1.5521875256593225	1.9554485827420578	1.0276599389076193	0.11767843523862669	41.286974925127005	0.029604570380773867
4.891110050885989	0.01	0.007	0.007	0.007	0.01	0.020035670956993688	0.01986499208980555	0.019848082736851447	0.014417986208307268	0.006535399704298317	1.4731722547562782	1.5561650292331939	1.9628159048167533	1.0303150045152762	0.11888993542539732	40.83275117377754	0.029542653617835972
4.952775621075301	0.01	0.007	0.007	0.007	0.01	0.019810318970620917	0.019641560876036177	0.019601761798336864	0.01423901194530818	0.0064658463878994555	1.4799043115223134	1.5600290289593524	1.9701121110090236	1.0328859663271828	0.12009805697965428	40.3742401643984	0.029479583488381752
5.0158466932127075	0.01	0.007	0.007	0.007	0.01	0.019582453656704198	0.01941563774123404	0.019353018978410873	0.014058278491087766	0.0063943336381104285	1.4866275052225504	1.5637809699064233	1.977345831865786	1.0353736170152334	0.12130428967804406	39.91060414729561	0.029415215127298864
5.0805235150203245	0.01	0.007	0.007	0.007	0.01	0.019351509965670467	0.019186662451255155	0.019101252579823053	0.01387534868514681	0.006320679183490986	1.4933553133005366	1.5674233916244438	1.9845292909258105	1.037779403765534	0.12251079289495702	39.440692905381546	0.02934935394625432
5.147089151062282	0.01	0.007	0.007	0.007	0.01	0.019116666895756796	0.01895382100112978	0.01884558624719979	0.013689585811380939	0.006244607468495275	1.500107623112502	1.5709608256471863	1.9916808439740388	1.0401059823340002	0.12372085599942353	38.962835274075	0.02928172334674684
5.215978174118719	0.01	0.007	0.007	0.007	0.01	0.018876628814406587	0.018715828800197207	0.018584633622685205	0.013499982605227967	0.006165671595904462	1.506916358311389	1.574401813486281	1.9988304889527222	1.0423584719714851	0.12493989210647378	38.47439408119019	0.029211896282070264
5.287951915811739	0.01	0.007	0.007	0.007	0.01	0.018629062661613936	0.01847037267205757	0.018315892093629684	0.013304720771285423	0.00608305356144305	1.513840088854197	1.577764361573999	2.0060342757585587	1.0445478702297903	0.1261780234221909	37.97062074857127	0.029139120353993818
5.364724736735325	0.01	0.007	0.007	0.007	0.01	0.018368568610775772	0.01821209881129581	0.018033554632335105	0.013099581136536056	0.005994848588276055	1.5210172073740509	1.5810965981939664	2.013427136906962	1.0467040666953777	0.12745950822923663	37.44052527347948	0.029061691691697596
5.45378589932509	0.01	0.007	0.007	0.007	0.01	0.018070942004722333	0.017917008856736968	0.017711526696186104	0.012865604251398514	0.0058925482335487125	1.5290814468196534	1.5846431655818503	2.0216380833431793	1.0489811647585092	0.1288965060002001	36.83484729515723	0.028972127453369568
5.532946340569283	0.01	0.007	0.007	0.007	0.01	0.017810454232349716	0.01765874116598041	0.017430174656960014	0.01266118220929935	0.005801735272772171	1.5360202424576823	1.5875169746657687	2.0286172743207236	1.0508097354008805	0.13013005796173013	36.30473086660503	0.02889275159161725
5.601410148004322	0.01	0.007	0.007	0.007	0.01	0.0175881965477696	0.017438377718213827	0.017190482251759745	0.012487029428851545	0.0057233191646335144	1.5418526061426214	1.589797605657455	2.0344186588357553	1.052247742996861	0.1311645130114283	35.85240351733548	0.02882427686971897
5.667071059903441	0.01	0.007	0.007	0.007	0.01	0.017377645239309153	0.01722962086424821	0.016963729831917556	0.012322278942549003	0.00564828874777237	1.5473028761401881	1.5918113465192483	2.0397836007768118	1.0535055339991732	0.13212896399872023	35.42388953906394	0.02875875794788793
5.732429880145769	0.01	0.007	0.007	0.007	0.01	0.017170566981466597	0.017024307448230174	0.01674101983961248	0.012160466041740257	0.005573821086254464	1.5525920703592524	1.5936515097623516	2.044935385433391	1.0546427992182035	0.13306262300300978	35.002433534503744	0.028693688366321274
5.797497092128999	0.01	0.007	0.007	0.007	0.01	0.016966864905790503	0.016822341426923088	0.016522236008617647	0.012001506232776397	0.00549993617012194	1.557726076712952	1.595324818221766	2.049882112137434	1.0556643674188906	0.1339665169496205	34.58783877614147	0.028629055345650717
5.862003364417845	0.01	0.007	0.007	0.007	0.01	0.016767305526259366	0.01662448278197919	0.01630818810441601	0.01184598783816763	0.0054269674126499225	1.5626892712775007	1.5968314607034768	2.0546113678143283	1.0565711223276824	0.13483791088721428	34.18166582142811	0.028565123232219016
5.925933083110249	0.01	0.007	0.007	0.007	0.01	0.01657184669596262	0.016430689726336798	0.016098815930443787	0.011693867097207433	0.005354955679866575	1.5674866901447289	1.5981788979202367	2.0591308886422692	1.057368437043963	0.13567773392233037	33.78382940886446	0.02850190340121824
5.989345800345776	0.01	0.007	0.007	0.007	0.01	0.016380220543081154	0.016240696671760528	0.015893818303800808	0.011544925160158682	0.005283854195127756	1.5721286710113245	1.599375742476072	2.063453231463048	1.0580623068992	0.13648784961588936	33.39378480863964	0.028439333055947275
6.052299090763917	0.01	0.007	0.007	0.007	0.01	0.016192175576706828	0.01605425427125553	0.015692913110104685	0.011398957034093613	0.005213616543702426	1.5766247533994575	1.600429763339072	2.067589894896391	1.0586581323043869	0.1372699796898745	33.01102057980882	0.028377351906972107
6.114843527350507	0.01	0.007	0.007	0.007	0.01	0.016007490647460845	0.015871143260712848	0.015495852045497822	0.011255782293470622	0.00514420262634912	1.5809833916409735	1.6013478914993067	2.071551091661754	1.059160735546228	0.13802565386032664	32.63508699307743	0.02831590706845801
6.177023074723234	0.01	0.007	0.007	0.007	0.01	0.015825972232871962	0.015691171767432035	0.015302417491807949	0.011115242809416077	0.005075578412375579	1.5852120768017284	1.602136341961357	2.0753459065088298	1.0595744462545587	0.13875623166998033	32.26559051298023	0.028254952587661017
6.238875906954298	0.01	0.007	0.007	0.007	0.01	0.015647450671435	0.015514171576282825	0.01511241830266836	0.010977199687812553	0.005007715168910669	1.5893174747585515	1.6028007252405425	2.0789824619444683	1.0599031783338413	0.1394629271027692	31.90218613891852	0.028194448567352197
6.300435353347421	0.01	0.007	0.007	0.007	0.01	0.015471776268467387	0.01533999426875585	0.014925685489559398	0.010841530134732743	0.004940588520924908	1.5933055580241626	1.6033461420847426	2.082468070724835	1.0601504947197584	0.14014683198575573	31.544569483966526	0.0281343601760316
6.361730642298307	0.01	0.007	0.007	0.007	0.01	0.015298816211133437	0.01516850816428368	0.014742068802003532	0.01070812497157011	0.004874177716989596	1.597181710772913	1.6037772596204254	2.0858093576905037	1.0603196594820832	0.14080893462078695	31.192470499708374	0.02807465686819374
6.422787846277934	0.01	0.007	0.007	0.007	0.01	0.015128451114479753	0.014999594895716234	0.014561432944772641	0.010576885886490745	0.004808464670258099	1.6009508350956572	1.6040983748937856	2.089012376498175	1.0604136806105982	0.14145013846001672	30.84564644892417	0.02801531141991829
6.483629732878622	0.01	0.007	0.007	0.007	0.01	0.014960574783523386	0.014833149173440932	0.014383657228669997	0.010447725180551903	0.004743434171812371	1.6046173803504968	1.6043134612402665	2.09208265587264	1.0604353430849087	0.14207126755182634	30.50388142460367	0.027956300037075367
6.544276648780169	0.01	0.007	0.007	0.007	0.01	0.014795091175450515	0.01466907577347308	0.014208632265753118	0.010320563366511404	0.0046790729799303194	1.608185431106187	1.604426213694013	2.095025292743214	1.0603872389950546	0.1426730819050729	30.166980168576	0.02789760146384905
6.604746811286297	0.01	0.007	0.007	0.007	0.01	0.014631913138928133	0.014507288287514285	0.014036258566185128	0.010195328149274265	0.004615369547955695	1.611658751605996	1.6044400829073364	2.0978450046873776	1.0602717908778307	0.14325628533671003	29.834765507333696	0.027839196674342922
6.665056593926447	0.01	0.007	0.007	0.007	0.01	0.014470961241645701	0.014347707960488114	0.013866445239244882	0.010071953482032266	0.0045523137541068825	1.6150408256621083	1.6043583038996037	2.1005461761749316	1.060091271419181	0.1438215324857621	29.50707596710673	0.027781068573961565
6.725220775964607	0.01	0.007	0.007	0.007	0.01	0.014312162760060755	0.0141902626888973	0.013699108875313303	0.009950378753904908	0.004489896667077029	1.618334890755063	1.6041839202628745	2.103132897928251	1.0598478200339494	0.14436943479201567	29.183763718836165	0.02772320173934858
6.785252753619807	0.01	0.007	0.007	0.007	0.01	0.014155450826237178	0.014034886174934385	0.013534172601760595	0.00983054810393834	0.004428110350277092	1.6215439668578864	1.6039198046132903	2.1056090002004235	1.0595434568836912	0.1449005655377125	28.86469284269924	0.027665582198385025
6.845164698633663	0.01	0.007	0.007	0.007	0.01	0.014000763758112367	0.013881517262457918	0.013371565338803022	0.009712409880399281	0.004366947719279504	1.6246708798382452	1.6035686761043444	2.1079780802432544	1.0591800949332986	0.14541546394170382	28.549737965864118	0.027608197263381803
6.904967705061233	0.01	0.007	0.007	0.007	0.01	0.013848044456655205	0.013730099339289112	0.013211221131259316	0.009595916155221212	0.004306402409975918	1.6277182821579823	1.6031331154668989	2.110243526392492	1.0587595502901095	0.1459146387684291	28.238783036247238	0.02755103537764324
6.964671936821755	0.01	0.007	0.007	0.007	0.01	0.01369723983433159	0.013580579770549083	0.013053078518202796	0.009481022265991224	0.004246468645626897	1.630688671745813	1.602615577780171	2.112408539581552	1.0582835509480841	0.1463985715987291	27.931720159843913	0.027494085963247
7.024286717359545	0.01	0.007	0.007	0.007	0.01	0.013548300419170944	0.013432909506100526	0.012897080091174497	0.009367686494937764	0.004187141162093622	1.6335844063625724	1.6020184037748602	2.1144761504911638	1.0577537446120084	0.14686771933048423	27.62844879545955	0.02743733932578185
7.0838206174003115	0.01	0.007	0.007	0.007	0.01	0.013401179984433027	0.013287042713371366	0.012743172082499478	0.009255869769794495	0.0041284151338443	1.6364077166721835	1.6013438296904627	2.1164492349519852	1.0571717055066663	0.14732251644513183	27.32887500145511	0.027380786562086937
7.143281552886103	0.01	0.007	0.007	0.007	0.01	0.013255835173180843	0.01314293640512777	0.012591303951367979	0.009145535363045522	0.004070286089638864	1.6391607186729134	1.600593995656421	2.1183305281201426	1.056538940130748	0.14776337714586849	27.03291067201382	0.02732441945950044
7.20267682646842	0.01	0.007	0.007	0.007	0.01	0.01311222527895789	0.013000550222021118	0.012441428135803486	0.009036648711694583	0.004012749883370814	1.6418454225153516	1.5997709535759486	2.1201226354754823	1.0558568927634315	0.1481906968934535	26.740473091186487	0.0272682304496949
7.2620132230134455	0.01	0.007	0.007	0.007	0.01	0.012970311908659111	0.012859846098332597	0.012293499683759495	0.008929177149223262	0.003955802611768684	1.6444637430202822	1.5988766733568405	2.12182804441135	1.0551269497129154	0.1486048541964532	26.451484246972388	0.027212212512142685
7.3212970295277255	0.01	0.007	0.007	0.007	0.01	0.012830058841776012	0.012720788122418268	0.012147476091248053	0.00882308978796392	0.0038994406052579355	1.6470175060326888	1.5979130492867792	2.1234491325040925	1.054350443799842	0.14900621172069783	26.16587054521189	0.027156359149899754
7.380534117207345	0.01	0.007	0.007	0.007	0.01	0.012691431751276013	0.01258334225996758	0.012003316997871424	0.0087183572978773	0.003843660358805749	1.649508456936707	1.5968819047670566	2.1249881767572045	1.0535286575800082	0.14939511772737032	25.88356224165812	0.027100664307334238
7.439729948323543	0.01	0.007	0.007	0.007	0.01	0.01255439811286652	0.01244747626404113	0.011860984080115478	0.008614951829008437	0.003788458534226288	1.6519382653591292	1.5957849975768088	2.126447359993032	1.0526628270672471	0.14977190689740516	25.60449325762276	0.027045122359311266
7.498889625789472	0.01	0.007	0.007	0.007	0.01	0.012418927020547772	0.012313159492195708	0.011720440848271167	0.008512846863929642	0.0037338319213832947	1.6543085312898091	1.5946240239291412	2.1278287778207705	1.051754144534311	0.15013690136933577	25.328600804745697	0.026989728060580292
7.558017946183049	0.01	0.007	0.007	0.007	0.01	0.012284989004021009	0.012180362725448783	0.011581652446743706	0.008412017072647117	0.003679777396852311	1.6566207908358501	1.5934006218574797	2.1291344449880727	1.050803760841047	0.15049041170554275	25.055825013493017	0.026934476492549007
7.617119385872116	0.01	0.007	0.007	0.007	0.01	0.012152556004948304	0.012049058144741115	0.011444585620108479	0.008312438287924582	0.003626291943791425	1.6588765189678727	1.592116375515431	2.1303662997115147	1.0498127885082937	0.15083273738739497	24.786108885130247	0.026879363073021686
7.676198161245071	0.01	0.007	0.007	0.007	0.01	0.01202160118956953	0.011919219145150654	0.011309208510353377	0.00821408735796513	0.0035733726034423937	1.6610771349046758	1.5907728176236775	2.131526209277268	1.0487823033737438	0.1511641677079551	24.519397910397803	0.02682438349691692
7.7352582534469905	0.01	0.007	0.007	0.007	0.01	0.011892098849033323	0.011790820237073276	0.011175490546080307	0.008116942065903233	0.0035210164596787353	1.6632240057426984	1.5893714322162558	2.132615974352415	1.0477133465158055	0.15148498238505556	24.25563986678618	0.026769533710633002
7.794303397733267	0.01	0.007	0.007	0.007	0.01	0.011764024380963883	0.01166383702794687	0.011043402416229035	0.008020981110702837	0.00346922065441793	1.665318448582737	1.5879136579614366	2.1336373323389117	1.0466069266302873	0.15179545194419708	23.994784781242906	0.026714809919478694
7.8533371313159615	0.01	0.007	0.007	0.007	0.01	0.011637354145979275	0.01153824607999254	0.010912915915251942	0.007926183994666299	0.0034179823507972788	1.6673617345904836	1.5864008898587816	2.1345919615359583	1.0454640211812096	0.15209583838552648	23.73678463817286	0.026660208540959098
7.912362794139447	0.01	0.007	0.007	0.007	0.01	0.011512065431442188	0.011414024874274552	0.010784003899650549	0.007832530991848058	0.003367298738012114	1.6693550911308341	1.5848344817948992	2.1354814841348584	1.0442855782225646	0.1523863955565994	23.481593305817544	0.026605726202027856
7.9713835608114225	0.01	0.007	0.007	0.007	0.01	0.011388136351287815	0.011291151711381972	0.010656640179163653	0.007740003068994281	0.003317167008919363	1.6712997048136315	1.5832157480981721	2.136307469483902	1.0430725174738449	0.15266736965438646	23.229166332419926	0.026551359707696044
8.030402437252645	0.01	0.007	0.007	0.007	0.01	0.011265545824045793	0.011169605689638061	0.010530799488940153	0.007648581865317751	0.0032675843679207217	1.673196723173039	1.5815459658205662	2.13707143657877	1.0418257319533677	0.15293899952245754	22.97946090163907	0.026497106042417028
8.08942228462241	0.01	0.007	0.007	0.007	0.01	0.011144273495519474	0.011049366628438686	0.010406457405196329	0.007558249631215652	0.003218548015329712	1.675047257126125	1.5798263761242066	2.1377748567657187	1.040546088946276	0.15320151705753213	22.73243567522651	0.026442962346450476
8.14844582362772	0.01	0.007	0.007	0.007	0.01	0.011024299705112678	0.01093041503486611	0.010283590306136398	0.007468989199871247	0.003170055148291455	1.6768523826513106	1.5780581860450256	2.1384191559836894	1.0392344312625321	0.15345514749910785	22.488050724593005	0.026388925910448835
8.207475646587639	0.01	0.007	0.007	0.007	0.01	0.010905605437928893	0.010812732056196548	0.010162175318599495	0.007380783948486489	0.0031221029549914486	1.6786131426072675	1.5762425699046294	2.1390057169539887	1.03789157823739	0.15370010973595685	22.246267433383533	0.026334994163025142
8.266514229446237	0.01	0.007	0.007	0.007	0.01	0.01078817227921224	0.010696299434729528	0.01004219026746803	0.00729361776152147	0.0030746886089257222	1.6803305484329079	1.5743806705837726	2.1395358812064957	1.0365183266349018	0.15393661659173388	22.007048404810128	0.026281164658513153
8.32556392809845	0.01	0.007	0.007	0.007	0.01	0.010671982401642516	0.010581099495191284	0.009923613658935748	0.007207475018532536	0.003027809275608077	1.6820055812976082	1.5724736011774219	2.1400109508340375	1.0351154518363463	0.15416487503158713	21.770357435900614	0.026227435079130196
8.384627013788608	0.01	0.007	0.007	0.007	0.01	0.010557018477081143	0.01046711505723289	0.009806424586922564	0.007122340526179062	0.002981462088098454	1.683639194280476	1.570522445291014	2.1404321904492867	1.0336837080315466	0.15438508650626076	21.53615933783738	0.02617380320166398
8.443705657636752	0.01	0.007	0.007	0.007	0.01	0.010443263690725997	0.010354329449464563	0.0096906027443468	0.007038199526406902	0.0029356441631229906	1.6852323129976687	1.5685282588531435	2.1408008285831746	1.0322238295310138	0.1545974470801603	21.304419964902138	0.026120266910614188
8.502801938597335	0.01	0.007	0.007	0.007	0.01	0.010330701709378614	0.010242726477993423	0.00957612838767509	0.00695503767068952	0.0028903525980787065	1.6867858368581827	1.5664920711220376	2.14111805921713	1.0307365314844736	0.15480214764457936	21.075106149938833	0.026066824189999234
8.561917855312656	0.01	0.007	0.007	0.007	0.01	0.01021931664384627	0.010132290389146039	0.009462982295760347	0.006872840990120033	0.002845584465110557	1.6883006403433158	1.5644148854648359	2.141385043227247	1.0292225104362758	0.15499937413065104	20.84818562785949	0.02601347311174658
8.62105532620381	0.01	0.007	0.007	0.007	0.01	0.010109093035006055	0.010023005855651334	0.009351145752955878	0.006791595883139421	0.002801336814170224	1.689777573910426	1.5622976804629076	2.141602909672722	1.0276824451210793	0.15518930767007158	20.62362700734752	0.025960211834803123
8.680216213052798	0.01	0.007	0.007	0.007	0.01	0.010000015797172487	0.00991485792049087	0.009240600489096421	0.006711289071930503	0.00275760665848491	1.691217465424823	1.5601414101061712	2.141772757089059	1.0261169965984076	0.15537212482125223	20.401399655569055	0.02590703858315982
8.739402297555133	0.01	0.007	0.007	0.007	0.01	0.009892070249934921	0.00980783202846509	0.009131328709396083	0.006631907624133493	0.0027143909950274833	1.692621120369185	1.557947005612825	2.1418956545403516	1.0245268095704425	0.15554799763637034	20.1814737631187	0.0258539516662814
8.79861530880148	0.01	0.007	0.007	0.007	0.01	0.009785242056129639	0.009701913964693968	0.009023313029281005	0.0065534389055004316	0.0026716867869810606	1.6939893232708967	1.555715375362022	2.141972642784212	1.0229125123287683	0.15571709388270508	19.963820217727324	0.02580094945374109
8.857856911551917	0.01	0.007	0.007	0.007	0.01	0.009679517232941215	0.009597089865623926	0.008916536483482994	0.00647587058649758	0.0026294909750722486	1.6953228381292857	1.5534474062006576	2.142004735259951	1.0212747176997516	0.15587957713501688	19.748410626954197	0.025748030385149404
8.91712871410068	0.01	0.007	0.007	0.007	0.01	0.00957488212750548	0.009493346194838749	0.008810982499276436	0.006399190622859509	0.0025878004743482832	1.696622409282079	1.5511439639902154	2.1419929190797484	1.0196140234387505	0.1560356069221817	19.535217268552493	0.025695192962511555
8.976432287933799	0.01	0.007	0.007	0.007	0.01	0.009471323373203689	0.009390669699726155	0.008706634850451228	0.006323387222149238	0.0025466121629847942	1.6978887624671715	1.54880589362453	2.1419381559320056	1.0179310122453324	0.15618533889368774	19.324213001486257	0.02564243573219451
9.03576914024544	0.01	0.007	0.007	0.007	0.01	0.00936882792940739	0.00928904745088421	0.008603477695540611	0.006248448871525642	0.002505922903955897	1.6991226048277823	1.5464340208494225	2.1418413829600933	1.0162262530770958	0.1563289248584239	19.115371346974925	0.025589757308920935
9.095140749310339	0.01	0.007	0.007	0.007	0.01	0.009267383011522405	0.00918846677276134	0.008501495505562418	0.0061743642852479285	0.0024657295228471504	1.7003246262429537	1.544029151580635	2.1417035135571383	1.0145003006618487	0.15646651297966707	18.9086663460172	0.025537156343834078
9.154548544835796	0.01	0.007	0.007	0.007	0.01	0.009166976117684364	0.009088915270124523	0.008400673089250394	0.00610112242300201	0.002426028823756461	1.7014954994518696	1.5415920733536137	2.1415254381677107	1.012753696544739	0.15659824782589574	18.704072613841873	0.025484631541548036
9.213993911878603	0.01	0.007	0.007	0.007	0.01	0.009067595014273538	0.00899038081369761	0.008300995576827638	0.00602871247810985	0.002386817588581458	1.7026358806686155	1.539123555825293	2.141308025047456	1.0109869694520335	0.15672427047926327	18.50156531045047	0.025432181656215164
9.273478210531797	0.01	0.007	0.007	0.007	0.01	0.008969227696118862	0.008892851500704423	0.008202448378545255	0.005957123847407445	0.002348092566140888	1.70374641045597	1.5366243505727752	2.141052120906305	1.0092006351530687	0.15684471866990118	18.301120059579308	0.0253798054737676
9.333002764110773	0.01	0.007	0.007	0.007	0.01	0.008871862400242266	0.00879631566849615	0.008105017197048335	0.005886346140225498	0.0023098504821968085	1.7048277139578707	1.5340951921588466	2.1407585516166376	1.0073951972299273	0.15695972683704854	18.102712976755488	0.025327501822026012
9.392568855186486	0.01	0.007	0.007	0.007	0.01	0.008775487605849954	0.008700761894542658	0.008008688025914267	0.005816369177324998	0.0022720880437920956	1.7058804012889281	1.5315367988720967	2.140428122897278	1.0055711476120166	0.15706942620844078	17.906320669329542	0.025275269573807702
9.45217774134874	0.01	0.007	0.007	0.007	0.01	0.00868009200266014	0.008606178965030182	0.007913447116603002	0.0057471829668862455	0.0022348019310002025	1.706905068254157	1.5289498725964756	2.1400616208613847	1.0037289664896811	0.15717394491299216	17.71192017198205	0.025223107632746215
9.511830655205932	0.01	0.007	0.007	0.007	0.01	0.008585664485848212	0.008512555869849597	0.007819280972159342	0.005678777699931764	0.002197988798965411	1.7079022967489779	1.526335099314155	2.1396598125971136	1.0018691226809	0.15727340805724802	17.519488936466317	0.02517101493303519
9.571528792509397	0.01	0.007	0.007	0.007	0.01	0.008492194169600894	0.008419881816035167	0.007726176359480374	0.005611143759235526	0.0021616452869821705	1.7088726549561413	1.5236931501196314	2.139223446819425	0.9999920743604561	0.1573679377815199	17.329004859273482	0.025118990449511828
9.631273331903735	0.01	0.007	0.007	0.007	0.01	0.008399670350865597	0.00832814619182277	0.007634120271970128	0.005544271692191985	0.0021257680080394702	1.709816698054948	1.5210246808274783	2.138753254285389	0.9980982687885832	0.1574576533660396	17.140446207799815	0.025067033180138063
9.69106543097177	0.01	0.007	0.007	0.007	0.01	0.008308082511345337	0.008237338568627888	0.007543099930433996	0.005478152211463871	0.002090353553128421	1.7107349685060065	1.518330332588773	2.1382499483313087	0.9961881427578506	0.15754267129273677	16.953791624450364	0.02501514214924817
9.750906214326813	0.01	0.007	0.007	0.007	0.01	0.008217420331170453	0.008147448714600904	0.007453102795547948	0.005412776204038145	0.0020553984998564257	1.711627996218851	1.5156107328658242	2.137714225480139	0.9942621232923458	0.15762310529683657	16.76902015454055	0.02496331641763508
9.810796793407865	0.01	0.007	0.007	0.007	0.01	0.008127673654244029	0.008058466560267787	0.007364116532349175	0.005348134705429197	0.002020899402283798	1.712496299192054	1.5128664949608535	2.1371467657615235	0.9923206273214995	0.15769906646113502	16.586111175707927	0.024911555065138313
9.870738254569067	0.01	0.007	0.007	0.007	0.01	0.008038832502381186	0.007970382212548997	0.00727612902326423	0.005284218909140994	0.0019868527994550736	1.713340383652667	1.510098218956788	2.1365482332791337	0.9903640623548278	0.15777066326289807	16.405044426763443	0.024859857200763138
9.930731666997252	0.01	0.007	0.007	0.007	0.01	0.007950887059461217	0.007883185939046636	0.007189128351396421	0.005221020154524889	0.001953255212272778	1.7141607444828306	1.5073064917450616	2.1359192765872415	0.988392826509578	0.15783800164600617	16.22579997542733	0.02480822195562464
9.990778074739513	0.01	0.007	0.007	0.007	0.01	0.007863827679349986	0.0077968681758994645	0.00710310280739891	0.005158529931770642	0.0019201031493498394	1.714957865409779	1.5044918877718243	2.1352605292077054	0.9864073090459539	0.1579011850719524	16.048358234509536	0.02475664848961145
10.0	0.01	0.007	0.007	0.007	0.01	0.007850541839407478	0.00778369551115904	0.0070899834177108965	0.005148999829992176	0.0019150502110409611	1.7150781967959845	1.5040578545430892	2.135156813101559	0.9861012905639258	0.15791052247013956	16.021279163845815	0.0247487373415292
