0.0	0.01	0.007	0.007	0.007	0.01	0.0	0.0	0.0	0.0	0.0	0.0	0.0	0.0	0.0	0.0	100.0	0.035
0.006991948656242534	0.01	0.007	0.007	0.007	0.01	0.0027446073855247155	0.00583845968243776	0.0036875285675174213	0.0012661532189313836	8.41820736413772e-5	0.00011160988407888595	0.0003520204967472317	0.0002487487375256128	6.81715915456661e-5	2.5154681016018276e-6	99.86114701224454	0.03499151974089922
0.012260949698516245	0.01	0.007	0.007	0.007	0.01	0.004704071109268587	0.009807809563489265	0.006343770070339666	0.0021957359416837573	0.0001335790737339494	0.0003377621189569084	0.001051011300580976	0.0007546453485907293	0.00020791566864803874	7.230882439222692e-6	99.75663741628082	0.034985130534730166
0.01976491834410187	0.01	0.007	0.007	0.007	0.01	0.0073421246110288545	0.014888144521109068	0.009953151367254252	0.003484131210446458	0.00018794997460432644	0.0008581231489619144	0.0026206772505016	0.0019239057247972119	0.0005340308597572877	1.713859654674199e-5	99.60798645538179	0.03497603321406742
0.027217140873299014	0.01	0.007	0.007	0.007	0.01	0.009794558029314419	0.019337519585345044	0.013345272178227266	0.004723478603703877	0.00022775834765943127	0.0015915036818341902	0.004773667082114014	0.0035801621247224013	0.0010010487081147546	2.979363781651474e-5	99.46057979164632	0.03496700096821117
0.03589413340611076	0.01	0.007	0.007	0.007	0.01	0.012453573478203462	0.023861108259856	0.01706651828217934	0.006117659165851677	0.0002611260866418457	0.0026981829963265186	0.007930963113705438	0.006092970765392293	0.001717969326150837	4.7079754964542035e-5	99.28922174113274	0.03495648721507786
0.04501289864890019	0.01	0.007	0.007	0.007	0.01	0.015036044482161235	0.027951926356517658	0.02072784090903084	0.007528068969041235	0.0002854499295044296	0.004132146325518357	0.01190001309792333	0.009367785884259258	0.002664259710898246	6.732736380892357e-5	99.10945746681689	0.03494544158077303
0.0549591566336217	0.01	0.007	0.007	0.007	0.01	0.017624140616346623	0.03174882019431686	0.024448583624922755	0.0090048321010871	0.00030332110219133515	0.005986536110113778	0.016875628291266247	0.013628399370023256	0.003912035026288001	9.105427101398419e-5	98.91375136570838	0.03493339757744316
0.06547311599313331	0.01	0.007	0.007	0.007	0.01	0.02012156260597738	0.03512117775332169	0.028093186369627977	0.010498691761754953	0.00031559860811145474	0.00824685884250211	0.02275071588242418	0.018854419664251068	0.0054642941221418806	0.00011734777451040235	98.70729512096482	0.03492067065308406
0.0766676323619684	0.01	0.007	0.007	0.007	0.01	0.022534676688470378	0.03810321925803867	0.03167138876743445	0.01201650795321292	0.00032378014766457053	0.010960199055503654	0.029581333711518585	0.025168469762941827	0.007367429783890817	0.00014619130832711682	98.48794883472317	0.0349071250254607
0.08846263557860767	0.01	0.007	0.007	0.007	0.01	0.024827901780904067	0.04068046898966009	0.03513001769376599	0.013538158037305181	0.0003289160917869178	0.014126667121327496	0.03730203328268809	0.03258571530294399	0.009637270091551504	0.00017713090270509872	98.25736388779036	0.03489285847925445
0.10089870539862585	0.01	0.007	0.007	0.007	0.01	0.026995430873508124	0.04288136823437621	0.038458395079508156	0.015060310005127558	0.0003319228337779428	0.01777026329771682	0.04590975764355945	0.041177852202987315	0.012308011199998534	0.0002100682537700065	98.01483113116538	0.03487782285103105
0.1139636895870169	0.01	0.007	0.007	0.007	0.01	0.029023852905372394	0.044728559838054564	0.0416330943062769	0.01657300911066369	0.00033346899938094406	0.02189690854814333	0.05536073056174415	0.05097495217550685	0.015402397639253195	0.00024481152714532267	97.76067786270319	0.034862033822799975
0.12768777877713938	0.01	0.007	0.007	0.007	0.01	0.030909322205643137	0.0462554558588425	0.044644256353305	0.01807155403661263	0.0003340482826605251	0.026521569539738214	0.0656366582358081	0.06202898145583564	0.01895126993630478	0.0002813178123220757	97.49441271688579	0.034845455963968014
0.14209086296481113	0.01	0.007	0.007	0.007	0.01	0.03264789781774222	0.047494730932320435	0.047480991183473334	0.01954993649757939	0.000334008495810513	0.03165341738276482	0.0767103727891527	0.07437858843712997	0.022982581338968293	0.0003195457959976531	97.21575406968697	0.03482806639862397
0.15721136741302516	0.01	0.007	0.007	0.007	0.01	0.03423927385231791	0.04848036041688113	0.05013748336428739	0.021003927170460256	0.00033359656914490256	0.03730578180494899	0.08856845289551178	0.08807270040468919	0.027528959124691606	0.00035952511262682293	96.92407230197982	0.03480981999316385
0.1730904045832539	0.01	0.007	0.007	0.007	0.01	0.035684148330459936	0.0492446281260611	0.05260898012294078	0.022429182274222054	0.0003329961026124134	0.04349128231533089	0.10120032466790418	0.10315879486831356	0.03262401099166288	0.0004013090397887662	96.61870013161256	0.03479066853209373
0.18978077268045654	0.01	0.007	0.007	0.007	0.01	0.03698485013179947	0.04981799556859147	0.054892989695675944	0.02382197081996151	0.00033236144722320957	0.05022546664029536	0.1146057332600526	0.11969162470464724	0.038305309723535526	0.0004449959227660107	96.29876218718492	0.03477054989517526
0.2073423857576174	0.01	0.007	0.007	0.007	0.01	0.03814453046819085	0.05022828089811978	0.05698806787563222	0.025178573665264457	0.00033184872478338846	0.05752534543962862	0.1287913010509625	0.13772961179370535	0.04461332609634603	0.0004907181968286114	95.96326708961793	0.03474939361687642
0.2258453023956329	0.01	0.007	0.007	0.007	0.01	0.0391671595793558	0.05050050660334769	0.05889393003623271	0.026495393847355202	0.00033164503392841714	0.06541071339748578	0.14377278544626967	0.15733801389191096	0.051592649228953576	0.0005386558403464486	95.61105383896104	0.03472711728665656
0.24536837975342052	0.01	0.007	0.007	0.007	0.01	0.0400572289909497	0.05065675056937155	0.060611023547116206	0.02776871046352026	0.000331997856940028	0.0739036082482464	0.15957360449084387	0.17858749951993397	0.059291627452663816	0.0005890440750862365	95.24082277259014	0.034703628231006915
0.26599970431502334	0.01	0.007	0.007	0.007	0.01	0.0408196633952818	0.05071619140597605	0.06214044777178223	0.02899461135451761	0.0003332457716892076	0.08302836536585849	0.17622460623944045	0.20155412772903153	0.06776245032784335	0.000642193293040476	94.85113306549034	0.03467882306134295
0.28783400217890787	0.01	0.007	0.007	0.007	0.01	0.041459683005062725	0.050695227753773796	0.06348375519750218	0.03016878920910298	0.00033585093761822585	0.09281023484097818	0.19376128025659498	0.2263156325775375	0.07705979131713236	0.0006985112142858346	94.44045778412676	0.03465259086001588
0.31096602289539177	0.01	0.007	0.007	0.007	0.01	0.04198272048162667	0.050607706198010034	0.06464281056427482	0.031286272755226746	0.0003404313948635989	0.10327203632436012	0.21221775013755154	0.25294253607913425	0.08723725398381249	0.0007585274265540929	94.00731358106344	0.034624821192838454
0.33547061515116094	0.01	0.007	0.007	0.007	0.01	0.04239434913577669	0.050465307910250966	0.06561957170705462	0.0323408541213541	0.000347784342850554	0.11442465098762405	0.23161050927903026	0.28147316800016947	0.09833706845020058	0.000822897255402979	93.55063484670295	0.03459542804609886
0.36135469398140935	0.01	0.007	0.007	0.007	0.01	0.04270038609499992	0.050278247182794625	0.0664160196622226	0.0333241147454526	0.0003588735053076382	0.1262446943392222	0.2519012249772488	0.31185501486766387	0.11036523113393577	0.0008923380649313226	93.0706565066971	0.03456440730957023
0.3884796808363537	0.01	0.007	0.007	0.007	0.01	0.04290761096260239	0.050056315824939066	0.0670352023574522	0.03422480761631999	0.000374729721582469	0.13863927183923333	0.27293952785288034	0.34385143380111743	0.12325012696601034	0.0009674599473872312	92.5703098545955	0.03453192925582513
0.41654311700202074	0.01	0.007	0.007	0.007	0.01	0.04302534649765087	0.04980938289291376	0.06748478798662731	0.03503150851521358	0.00039626831349334914	0.1514394837400688	0.29445578773009645	0.37702169577978223	0.13682784850600163	0.0010486740705710825	92.05548347975275	0.034498359670792025
0.44521968906346054	0.01	0.007	0.007	0.007	0.01	0.04306607376193078	0.04954616852042733	0.06778021428769619	0.03573851721549334	0.000424188089944232	0.1644683088664885	0.31617565176362666	0.4108958890354943	0.15090914423482035	0.0011364752420313334	91.53236665392402	0.03446409036146031
0.4742825374053281	0.01	0.007	0.007	0.007	0.01	0.043043465415608294	0.04927302259108947	0.06794217453430883	0.036347398844337485	0.0004589984033041057	0.17759838249567111	0.33791186712538873	0.4451277904142089	0.16534454936626375	0.0012317088518454659	91.00523632489231	0.03442939417365276
0.5035904574641477	0.01	0.007	0.007	0.007	0.01	0.04297023021517024	0.0489941736062172	0.06799206732948226	0.03686395727735668	0.0005010367285411634	0.19074651899740278	0.3595501540026823	0.47948421824764764	0.1800247737433728	0.001335501000652412	90.47673515624398	0.03439444078394654
0.5330639035965692	0.01	0.007	0.007	0.007	0.01	0.04285719213079553	0.04871226807409899	0.06794952764638913	0.03729590300342043	0.0005504918409589794	0.2038620607720186	0.38102737284373567	0.5138169453464076	0.19487263951031558	0.001449171290079119	89.9483443231203	0.034359325770009094
0.5626614074098786	0.01	0.007	0.007	0.007	0.01	0.0427131479879976	0.04842890303242985	0.0678314982892316	0.03765140815439259	0.000607420738420762	0.21691516942628078	0.4023113618829927	0.5480332972560878	0.2098330192694587	0.0015741491598382554	89.42083474876236	0.03432409902957621
0.5923689101815279	0.01	0.007	0.007	0.007	0.01	0.04254504309931163	0.04814496569040039	0.06765210976269576	0.037938426184944966	0.000671774967702033	0.22989099523670667	0.42339132815057384	0.5820814035664618	0.22486801371131046	0.0017119369424286202	88.89447555682592	0.03428877768675267
0.6221908548440463	0.01	0.007	0.007	0.007	0.01	0.042358259854040764	0.047860883647785124	0.06742290072738809	0.03816433320830957	0.0007434220206318241	0.24278480594474156	0.44427017312031863	0.6159375725735253	0.23995239762217568	0.0018640817763249753	88.36920489584892	0.03425335683371672
0.6521454221402546	0.01	0.007	0.007	0.007	0.01	0.04215690729584889	0.047576779313614634	0.06715315706076677	0.038335790057809675	0.000822166882332783	0.2555991398392921	0.4649602461249088	0.6495987625060214	0.2550708593944213	0.0020321662279193073	87.8447227698902	0.03421781529356098
0.6822606393561312	0.01	0.007	0.007	0.007	0.01	0.04194408382792714	0.04729257691372137	0.06685027423249969	0.03845870603828311	0.0009077684909161413	0.2683415143319796	0.4854800112243124	0.6830764092160098	0.2702155590302828	0.002217803672245148	87.32056570320249	0.03418212031518655
0.7125721783369794	0.01	0.007	0.007	0.007	0.01	0.04172209366854665	0.04700806765631793	0.0665200884728812	0.038538265330604164	0.0009999540731327914	0.28102300894766724	0.5058520942615905	0.7163925093881233	0.28538450931322557	0.0024226423239681505	86.79614982481014	0.034146230241189394
0.7431217925659486	0.01	0.007	0.007	0.007	0.01	0.0414926216509721	0.04672295240365185	0.06616716431484453	0.0385789798275149	0.001098430071850093	0.2936572302202239	0.5261018936694566	0.7495767002088527	0.3005802926997123	0.00264837288269225	86.27080164335432	0.03411009640496905
0.7739566209458257	0.01	0.007	0.007	0.007	0.01	0.04125686839295092	0.04643686590564168	0.0657950310962316	0.03858475307278468	0.001202891423508468	0.3062597202162885	0.5462568513048527	0.7826645141903213	0.31580924322977627	0.0028967418182220517	85.74377312557995	0.03407366399391679
0.8051290130439499	0.01	0.007	0.007	0.007	0.01	0.041015653553284924	0.04614938988123682	0.06540637346247799	0.03855894413635412	0.0013130292130891525	0.31884763091284507	0.5663460998670072	0.8156963484588551	0.3310809175869661	0.0031695692862719455	85.21424758108448	0.03403687229372219
0.8366969360287735	0.01	0.007	0.007	0.007	0.01	0.0407694921440293	0.045860056975637255	0.06500317980398701	0.03850442613444927	0.0014285376858348892	0.33143966150031534	0.5864004869372916	0.8487171411309067	0.3464078727403201	0.0034687735722205184	84.68133574526946	0.03399965424772306
0.8687249502682998	0.01	0.007	0.007	0.007	0.01	0.040518648799872437	0.045568347422520125	0.06458685409644292	0.038423636109327794	0.0015491211920733857	0.34405622573076106	0.6064529268728228	0.8817766651028492	0.36180572269387856	0.0037964040726013704	84.14406273661923	0.03396193535228318
0.9012858739979601	0.01	0.007	0.007	0.007	0.01	0.04026317313548248	0.04527367848000098	0.0641582948740915	0.038318614227928254	0.001674501886404751	0.35671986935225003	0.6265391146232699	0.9149304860419888	0.3772935044884949	0.004154686690153801	83.60134435333856	0.03392363175249904
0.9344633982734133	0.01	0.007	0.007	0.007	0.01	0.04000291750343428	0.0449753851720815	0.06371794268677893	0.038191030220550835	0.0018044293238106118	0.3694560068586481	0.6466987107066949	0.9482417578333125	0.3928944394160163	0.004546088280789099	83.0519489825908	0.03388464723895522
0.9683561013853986	0.01	0.007	0.007	0.007	0.01	0.03973753643932962	0.04467268913127557	0.0632657943356719	0.038042194021500476	0.001938693556793565	0.3822941063520477	0.6669771965244833	0.9817841812201463	0.40863724481612534	0.004973411131206192	82.49443859089926	0.03384486862940428
1.0030838046548443	0.01	0.007	0.007	0.007	0.01	0.03946646290505619	0.044364648114954636	0.06280137524151638	0.03787304457555952	0.0020771448655556787	0.3952696137051881	0.6874288488277349	1.0156468699263577	0.4245583468819746	0.005439938383191981	81.92707472607233	0.03380415844830845
1.0387980594992419	0.01	0.007	0.007	0.007	0.01	0.039188849861799886	0.04405007179543619	0.06232364999691657	0.037684104649877176	0.0022197258810074047	0.4084271734827139	0.7081216888678766	1.0499425516710312	0.4407056652997991	0.005949670214863892	81.34766276364068	0.033762342838123786
1.0757007942467451	0.01	0.007	0.007	0.007	0.01	0.03890344898529817	0.04372737094776989	0.061830822195309186	0.037475373950040726	0.002366529178204096	0.4218264245761604	0.7291463691219369	1.0848223847605312	0.45714551145384064	0.006507737743587206	80.75327368393414	0.033719190045982124
1.1140809009540136	0.01	0.007	0.007	0.007	0.01	0.03860835603939681	0.043394259874210965	0.06131990109358682	0.03724609214529953	0.0025179123684227742	0.43555349089021794	0.7506337909406772	1.1205054073818261	0.4739763700023729	0.007121204252358691	80.13969560957608	0.03367436817612626
1.1543991393009916	0.01	0.007	0.007	0.007	0.01	0.03830040070137486	0.04304706146737011	0.06078564883469856	0.03699415991443916	0.0026747725956015028	0.4497479795729992	0.77279655525065	1.1573478664871466	0.4913614444262159	0.007800889754346498	79.50015338128576	0.03362734704419959
1.197533889479813	0.01	0.007	0.007	0.007	0.01	0.03797335509977134	0.04267868587278135	0.060217471875443095	0.03671442783372344	0.0028393603103035203	0.46468188001709565	0.7960502646511225	1.1960460768041734	0.5096240533163141	0.008566575222106165	78.82158460918738	0.03357711385198589
1.24597530997532	0.01	0.007	0.007	0.007	0.01	0.03760915232465347	0.04226874967005015	0.05958415143757945	0.03639035985008397	0.003019344905654686	0.48114752398279054	0.8216111696808829	1.2386352301195767	0.5297178870639935	0.00947176038916568	78.06643675138109	0.033520790150049946
1.3042822535337042	0.01	0.007	0.007	0.007	0.01	0.03717517790305649	0.0417805482089879	0.0588291470416134	0.035989852856507396	0.003228041696048097	0.5005461865874893	0.8516165553800952	1.2887012887523286	0.5533227830553222	0.01062110361126241	77.16708492630273	0.03345312091620466
1.3485344832585227	0.01	0.007	0.007	0.007	0.01	0.036849050133708205	0.0414137958354797	0.05826175880212876	0.03568037101598042	0.003380021961139629	0.5149683601432161	0.873845357760017	1.3258439116795915	0.5708167072713071	0.011534092042184635	76.49144125113675	0.03340185434461909
1.396981166410166	0.01	0.007	0.007	0.007	0.01	0.0364952221167786	0.04101597364675525	0.057646345915763515	0.035337785917015536	0.003539547006017715	0.5304660415009826	0.8976537902958794	1.3656780608022205	0.5895559459503057	0.012570902038971876	75.75853803172228	0.033345818548618796
1.44122869310579	0.01	0.007	0.007	0.007	0.01	0.03617499046820752	0.04065597505417453	0.057089624455959845	0.035022594903941155	0.0036787131191814014	0.5443589951728274	0.9189258228149044	1.401316469571947	0.6062977813431851	0.013549378245940897	75.09529720720938	0.033294721843691595
1.4862100190822938	0.01	0.007	0.007	0.007	0.01	0.03585230150681635	0.040293246889305204	0.05652895711450196	0.034700856440976716	0.0038135934397925974	0.5582311092163184	0.9400964886991592	1.436832399247205	0.6229564213510567	0.01457245930302183	74.4270086261834	0.033242858007641464
1.5295008845178855	0.01	0.007	0.007	0.007	0.01	0.03554444133765203	0.0399472088823817	0.05599441411953775	0.034390657505077485	0.003937028435360392	0.5713468410408796	0.9600468085734869	1.4703466022690113	0.6386497815222839	0.015581851528838573	73.78945206327431	0.0331930195799815
1.5726749598831593	0.01	0.007	0.007	0.007	0.01	0.03524003383525451	0.03960506604643469	0.055466251369362694	0.0340813241550936	0.004053854050383317	0.5842015343498318	0.9795356996072389	1.50313059654121	0.6539738832622422	0.016610553120862487	73.15905489750502	0.03314339002328128
1.6150515771499374	0.01	0.007	0.007	0.007	0.01	0.03494377755327187	0.03927209449902143	0.05495262863100151	0.03377818162004722	0.004162431656639709	0.5966033540637552	0.9982755961724178	1.5346987424416951	0.6687018864323041	0.017639641362886094	72.54553923022699	0.033094749324874405
1.65718555152253	0.01	0.007	0.007	0.007	0.01	0.03465168271556122	0.03894380666935095	0.054446626425080226	0.03347760750477171	0.004264445052420144	0.608726111783162	1.0165326347358792	1.565497269453029	0.683042542176877	0.0186799745947456	71.94063742387101	0.033046457909218424
1.6989151919361747	0.01	0.007	0.007	0.007	0.01	0.03436479519408505	0.03862137585673725	0.05395005410349586	0.03318103039057793	0.004359708084460683	0.6205314497585108	1.034251610187707	1.5954315940278527	0.6969521944467524	0.01972537228118542	71.34651206522916	0.032998699372141595
1.740464092433079	0.01	0.007	0.007	0.007	0.01	0.034081508839820245	0.038302995448690834	0.05346012611636052	0.03288707806390926	0.004448943006840766	0.6320901159331489	1.0515411020648462	1.6246837888339078	0.7105159364575969	0.020779416943360864	70.759834830364	0.03295121626013174
1.781821126568194	0.01	0.007	0.007	0.007	0.01	0.0338018493877148	0.03798869337806971	0.05297688186058765	0.03259600752415873	0.004532310179185993	0.6434048138361365	1.068407055507173	1.6532628841469654	0.7237383538574211	0.021840034256247823	70.1806576804917	0.03290402027065187
1.8230940442272718	0.01	0.007	0.007	0.007	0.01	0.033525046650480124	0.03767760337183355	0.052498984807054866	0.03230720612980095	0.004610204122754764	0.6545100219560355	1.0849025411505864	1.6812579233957783	0.7366610455547302	0.022908336535668105	69.60738472740208	0.032856987666288924
1.8643110315643554	0.01	0.007	0.007	0.007	0.01	0.03325088164593754	0.0373694788568071	0.05202605181031474	0.03202060001616193	0.004682839066065624	0.6654172996001047	1.1010461021859568	1.7086997003220523	0.7492985677394292	0.02398354055796946	69.03956193717048	0.03281008588867436
1.905534424849045	0.01	0.007	0.007	0.007	0.01	0.032978917399263626	0.03706382840947186	0.051557324306355234	0.03173586046614432	0.004750477030562584	0.6761464456812748	1.1168682171896942	1.735639481585815	0.7616748439541763	0.025065862682067255	68.47628399272295	0.032763243787228724
1.946797807789807	0.01	0.007	0.007	0.007	0.01	0.032708917924125176	0.03676038658953165	0.05109239143094559	0.03145284683309231	0.004813314566155016	0.6867088265426812	1.1323866169490346	1.7621070577874312	0.7738038280294073	0.026154865671133357	67.91706196083365	0.0327164232181303
1.9881434258111466	0.01	0.007	0.007	0.007	0.01	0.032440598502288386	0.03645883325692058	0.050630759288911226	0.031171349727893812	0.004871549727386479	0.697117362774117	1.147621094484549	1.7881358996769896	0.7857010921283859	0.027250418803249164	67.36130604674089	0.03266957644824905
2.029601895368805	0.01	0.007	0.007	0.007	0.01	0.03217375794049323	0.0361589421892465	0.05017207873604389	0.030891232885453316	0.0049253517068948965	0.7073813900213137	1.1625859736194804	1.81375030068848	0.7973779355839474	0.0283521506209712	66.80859949039454	0.0326226691664822
2.0712048488316874	0.01	0.007	0.007	0.007	0.01	0.03190819499367125	0.03586048713871693	0.04971600139957371	0.03061234819312732	0.004974881449237843	0.7175099741418893	1.1772950065120915	1.838973711412761	0.8088452111327187	0.029459771802664483	66.25852544255409	0.032575666113831885
2.1129785334639193	0.01	0.007	0.007	0.007	0.01	0.03164374891063386	0.03556328738985405	0.0492622493153496	0.030334580332156528	0.00502028440658629	0.7275103879450082	1.1917591745369298	1.8638249602998165	0.820111607879351	0.030572896539506476	65.71075093404046	0.03252853830872299
2.1549482326045095	0.01	0.007	0.007	0.007	0.01	0.03138027031226258	0.03526717502381586	0.04881056478910747	0.030057817887522906	0.005061697414790515	0.7373892665390753	1.2059883942150937	1.888321158303	0.8311849822664448	0.031691152846480185	65.16496654827665	0.03248125802711426
2.19713634889222	0.01	0.007	0.007	0.007	0.01	0.031117632771605352	0.034972007927987506	0.04836073019106863	0.02978196686612116	0.005099247560532249	0.7471521990347462	1.219990945111931	1.9124767025924887	0.8420719126036463	0.032814125702267986	64.62091040390708	0.03243380095040272
2.2395640446984744	0.01	0.007	0.007	0.007	0.01	0.030855721935281754	0.03467765756664079	0.0479125492157718	0.02950694037468814	0.005133054817816764	0.7568041660518151	1.23377411895618	1.9363043799330184	0.8527782050684287	0.0339413959859023	64.07834561856646	0.03238614430180639
2.2822507711030138	0.01	0.007	0.007	0.007	0.01	0.03059443803743611	0.03438401180391098	0.047465851119519106	0.02923266216455052	0.005163232352729403	0.7663494687265329	1.2473441321493655	1.959815205156497	0.8633088262181321	0.035072524027464844	63.53706551559644	0.032338267365407604
2.3252149340797597	0.01	0.007	0.007	0.007	0.01	0.03033369140050837	0.03409096984565621	0.047020482953226	0.028959062652198133	0.005189887726704796	0.7757919150635332	1.2607064052047645	1.983018894225297	0.8736681207878559	0.036207064085839034	62.99688430367366	0.03229015072786208
2.368473850262093	0.01	0.007	0.007	0.007	0.01	0.030073402405136455	0.03379844220447015	0.04657630945483359	0.028686079506077197	0.005213123390182356	0.7851348377125351	1.2738655988457381	2.0059239186442577	0.8838598403183462	0.037344560465377194	62.457637014827014	0.032241776320567704
2.412044080101043	0.01	0.007	0.007	0.007	0.01	0.029813499208524743	0.03350634813463563	0.04613320910069932	0.02841365576767843	0.005233037346921258	0.7943811912422541	1.2868257612526361	2.028537753889104	0.8938872579574988	0.038484554032909436	61.919174778347625	0.03219312704029612
2.455941488571099	0.01	0.007	0.007	0.007	0.01	0.02955391717334978	0.033214614989718866	0.04569107308740211	0.028141739684603564	0.0052497235582468615	0.80353358487544	1.2995903821772787	2.050866967534645	0.9037532109473219	0.039626581845443355	61.38136363840905	0.03214418667668296
2.5001814470834565	0.01	0.007	0.007	0.007	0.01	0.029294597493563498	0.03292317667776103	0.045249802950328974	0.02787028363356093	0.005263272352574402	0.8125943419599166	1.3121624832391976	2.0729173715401017	0.9134601710438297	0.04077018072396491	60.84408170786553	0.032094939683247996
2.5447789191725967	0.01	0.007	0.007	0.007	0.01	0.0290354865567044	0.03263197294431973	0.04480930944487994	0.027599243759701554	0.0052737707194851925	0.8215655313547293	1.324544667498458	2.094694104583068	0.9230102833332038	0.04191488795700446	60.3072178478555	0.03204537107954989
2.5897485990023	0.01	0.007	0.007	0.007	0.01	0.02877653503113305	0.032340948346449454	0.044369510965225116	0.027328579281769638	0.005281302573618455	0.830449006931809	1.3367391791813017	2.1162017331170215	0.932405412812392	0.043060243502137996	59.7706697773963	0.03199546629565198
2.635105002883334	0.01	0.007	0.007	0.007	0.01	0.028517697263949326	0.03205005157590369	0.04393033249757295	0.02705825208438127	0.0052859489597880905	0.8392464347808916	1.3487479452551334	2.137444321512128	0.9416471768707013	0.04420579105189052	59.234342826554034	0.03194521107005589
2.680862560644675	0.01	0.007	0.007	0.007	0.01	0.028258930708652603	0.031759234815806225	0.04349170462874345	0.02678822630939519	0.005287788225054614	0.8479593182338346	1.3605726131068698	2.1584254960996434	0.9507369747019079	0.04535107915407811	58.69814875112929	0.03189459134877617
2.7270357225806823	0.01	0.007	0.007	0.007	0.01	0.028000195294596908	0.03146845303193801	0.04305356246112097	0.026518467860101622	0.005286896159776869	0.8565890237016579	1.3722145883933805	2.1791485103487265	0.9596760167684205	0.046495662739501425	58.16200442659849	0.03184359316822218
2.773639023934771	0.01	0.007	0.007	0.007	0.01	0.027741453064454625	0.031177663565248617	0.04261584498650537	0.026248944162912694	0.005283346110504788	0.8651367964754152	1.3836750584343573	2.199616285143714	0.9684653430809418	0.047639103580776845	57.625831097266776	0.03179220258605329
2.820687202209293	0.01	0.007	0.007	0.007	0.01	0.027482667542568073	0.030886825421938355	0.04217849400862324	0.025979623629941297	0.005277209069178489	0.8736037845784936	1.3949550256772618	2.2198314677170115	0.9771058491446221	0.048780972030752524	57.08955306764161	0.031740405554680336
2.8681952466947767	0.01	0.007	0.007	0.007	0.01	0.027223803507253005	0.030595899017535715	0.04174145375345169	0.025710475527002525	0.005268553746555356	0.8819910483732741	1.4060553212673021	2.239796455799727	0.9855982965769412	0.04992084704123751	56.55309723074725	0.03168818787055567
2.916178501470244	0.01	0.007	0.007	0.007	0.01	0.026964826491232205	0.03030484561543851	0.04130467002344394	0.02544146954535298	0.005257446625793624	0.8902995783961138	1.4169766289653045	2.259513440907236	0.993943331607157	0.05105831742977129	56.016392032939414	0.03163553506548223
2.964652763672857	0.01	0.007	0.007	0.007	0.01	0.026705702339122537	0.03001362682958013	0.040868089452984126	0.025172575422534475	0.005243951997391747	0.8985303104195602	1.427719504525769	2.2789844443165674	1.0021415000209717	0.05219298291763165	55.47936655679314	0.03158243230435461
3.0136343637849947	0.01	0.007	0.007	0.007	0.01	0.026446396890098364	0.02972220426777978	0.04043165897915162	0.024903762684515784	0.005228131984787247	0.9066841357358629	1.438284388041434	2.2982113411040936	1.0101932566679843	0.05332445462626113	54.94194986326788	0.03152886430378895
3.063140283236938	0.01	0.007	0.007	0.007	0.01	0.02618687549081053	0.02943053898432614	0.039995325030822794	0.024635000204658024	0.005210046547357138	0.9147619160712327	1.4486716215531195	2.317195894529124	1.0180989789232318	0.05445235630815975	54.4040699819395	0.031474815211123996
3.113188258306727	0.01	0.007	0.007	0.007	0.01	0.025927102615635696	0.029138591053186887	0.03955903290348719	0.024366255868729023	0.005189753474311435	0.9227644942566382	1.4588814602500426	2.335939779709019	1.0258589751854272	0.055576325079199705	53.86565312350727	0.031420268499879264
3.1637969000452517	0.01	0.007	0.007	0.007	0.01	0.02566704143741528	0.028846319085576454	0.039122726055631704	0.024097496184454475	0.005167308362754064	0.9306927056465631	1.4689140837584913	2.3544446083938353	1.0334734933742387	0.05669601232352716	53.32662278952569	0.031365206849224204
3.2149858520565506	0.01	0.007	0.007	0.007	0.01	0.025406653244169637	0.02855367957442219	0.038686345152449945	0.023828685729267777	0.0051427645678261726	0.9385473933047151	1.4787696111442559	2.3727119617471053	1.0409427321590967	0.05781108519516401	52.78689856269642	0.031309611984038074
3.266775923082391	0.01	0.007	0.007	0.007	0.01	0.025145897031577012	0.02826062643636581	0.03824982741085994	0.023559786778368428	0.005116173152814933	0.9463294168132326	1.4884481066694595	2.390743407376732	1.0482668450765047	0.05892122727365522	52.24639526125355	0.0312534645444324
3.319189291148028	0.01	0.007	0.007	0.007	0.01	0.024884728782730646	0.027967110202309377	0.03781310542743821	0.023290758609708098	0.005087582794797571	0.9540396694331252	1.497949594735908	2.4085405348493985	1.055445951509961	0.06002614044753148	51.70502144491562	0.031196743879858598
3.3722496888259283	0.01	0.007	0.007	0.007	0.01	0.024623100905216085	0.027673077384767188	0.037376106278316085	0.023021556972591405	0.005057039687795304	0.9616790892492504	1.5072740657512658	2.426104976111868	1.06248014067343	0.061125545980427964	51.162678246647765	0.031139427866481932
3.425982687459657	0.01	0.007	0.007	0.007	0.01	0.02436096124730389	0.027378469372202216	0.03693874992520598	0.02275213312547716	0.005024587379766258	0.9692486812414207	1.516421493603595	2.443438449801136	1.0693694842201236	0.06221918717395987	50.61925733164399	0.031081492620734084
3.4804159607983385	0.01	0.007	0.007	0.007	0.01	0.024098252303967747	0.027083221536699075	0.03650094795076323	0.022482433073766312	0.004990266607144356	0.976749531969225	1.52539184181019	2.460542786919687	1.0761140401220253	0.06330683099583237	50.074639249399695	0.03102291223910689
3.5355796492090255	0.01	0.007	0.007	0.007	0.01	0.02383491003085321	0.026787261901028328	0.036062601653301114	0.02221239641045804	0.004954115057028278	0.9841828336032264	1.534185078402573	2.4774199761051783	1.0827138629343542	0.06438827106754887	49.528690972609816	0.03096365843404364
3.5915067773707925	0.01	0.007	0.007	0.007	0.01	0.02357086252544004	0.026490509656454105	0.035623599937613624	0.021941955029076633	0.0049161670801678315	0.9915499091840013	1.5428011889404405	2.49407220933709	1.0891690123882705	0.06546333083895932	48.98126316016699	0.030903700118019965
3.648233803673255	0.01	0.007	0.007	0.007	0.01	0.023306028233628043	0.02619287314718364	0.03518381643740777	0.02167103136142624	0.004876453300534645	0.9988522481252846	1.5512401974751795	2.510501947962237	1.0954795676175613	0.06653186825135472	48.432186435572916	0.03084300285324729
3.7058012529017397	0.01	0.007	0.007	0.007	0.01	0.023040313954879467	0.025894247628421352	0.034743106329830215	0.02139953642411497	0.00483500014937622	1.006091543411733	1.5595021842258134	2.5267119888434335	1.1016456384984004	0.06759378063339244	47.881267246814524	0.03078152822093554
3.764254568171391	0.01	0.007	0.007	0.007	0.01	0.02277361206323226	0.025594512143170274	0.034301301881756625	0.02112736708247996	0.00479182922532585	1.0132697455258628	1.5675873159137006	2.542705563466142	1.107667385916424	0.06864901201119848	47.32828209939022	0.030719232967058436
3.8236451709058095	0.01	0.007	0.007	0.007	0.01	0.022505797080427773	0.02529352567089904	0.033858206966278157	0.020854402679001273	0.004746956479414298	1.0203891275703383	1.5754958799709187	2.558486455869782	1.1135450441906358	0.0696975620091095	46.77297044455173	0.030656067940430184
3.884031848853024	0.01	0.007	0.007	0.007	0.01	0.022236721153911638	0.024991122045437266	0.033413589822923	0.020580500578856176	0.004700391130531766	1.0274523715711705	1.5832283309804331	2.5740591596398823	1.1192789516435688	0.07073949777697186	46.21502529496339	0.03059197669987358
3.9454826560023992	0.01	0.007	0.007	0.007	0.01	0.021966207767834076	0.02468710288700597	0.032967172973356364	0.02030548996236773	0.004652134160057799	1.0344626904527072	1.590785360717281	2.5894291027640453	1.1248695973560767	0.07177497104240585	45.65408017387874	0.030526893602162947
4.008077466808777	0.01	0.007	0.007	0.007	0.01	0.02169404327918891	0.024381228090003936	0.03251861965250338	0.020029163470202473	0.004602176260698085	1.0414239915204122	1.5981679912398536	2.6046029483568383	1.1303176830886927	0.07280424109003755	45.08969155098255	0.030460741230065893
4.071911616430374	0.01	0.007	0.007	0.007	0.01	0.0214199647079359	0.02407320210078822	0.03206751421168226	0.01975126513462737	0.004550494883182609	1.0483411151149788	1.6053777170871582	2.619589037910317	1.1356242187430028	0.07382770853988109	44.52131350525922	0.03039342671855351
4.137101208393231	0.01	0.007	0.007	0.007	0.01	0.02114364178335357	0.02376265374025112	0.03161333328203383	0.019471472618453053	0.004497049889258896	1.0552201879862309	1.6124167215945198	2.634398051434062	1.1407906682864575	0.07484596561282422	43.948260469452066	0.030324836389329087
4.203791232150462	0.01	0.007	0.007	0.007	0.01	0.02086464920114946	0.02344910502464136	0.03115540117190052	0.019189369741390787	0.0044417768488173555	1.0620691746656907	1.619288226109446	2.649044045335577	1.1458191868280059	0.07585987492277073	43.36964966231108	0.030254827528951866
4.272168605141122	0.01	0.007	0.007	0.007	0.01	0.02058242162093772	0.023131920588944935	0.030692817451148713	0.01890440187271416	0.0043845761921247565	1.0688987798612766	1.6259970789071971	2.6635461627087293	1.1507130225654576	0.07687069892586978	42.78430770843624	0.030183215155298433
4.342484692021428	0.01	0.007	0.007	0.007	0.01	0.020296175135747697	0.02281021942946892	0.0302243304555731	0.01861579800938128	0.004325294358908795	1.0757240394678766	1.6325508277367717	2.6779316718331247	1.155477253055637	0.07788032897144717	42.190607691865324	0.030109749123043837
4.415097827613915	0.01	0.007	0.007	0.007	0.01	0.020004757457925074	0.02248270653352356	0.029748095730558588	0.018322421974256313	0.004263687999232076	1.0825673861767078	1.6389618491362543	2.692241863176911	1.1601202544883664	0.07889172803922909	41.58615830796965	0.030034070810523825
4.490564723997528	0.01	0.007	0.007	0.007	0.01	0.01970632251984443	0.02214730717569564	0.029261150833233853	0.01802244888520597	0.004199346638633607	1.0894653768089673	1.6452521596158598	2.7065450838518523	1.164657038019957	0.07990990513148812	40.967128712549204	0.029955619837533965
4.56988274095865	0.01	0.007	0.007	0.007	0.01	0.019397458335191804	0.021800186754897824	0.028758006127592564	0.017712497056875786	0.004131486825431971	1.0964869280047747	1.6514668593604742	2.7209723432481776	1.169118620046602	0.08094456408661388	40.3264390265965	0.02987338632659074
4.65539131235851	0.01	0.007	0.007	0.007	0.01	0.019069911250958967	0.021432069308826778	0.028225346869410948	0.017384364371144777	0.00405818368243245	1.103802459856404	1.6577263631565424	2.73585317234663	1.1735885724064914	0.082020170195193	39.646964045882406	0.029784987558228334
4.759884988689876	0.01	0.007	0.007	0.007	0.01	0.018677144208170706	0.020990653673008983	0.027587893936887393	0.01699167724275713	0.003968589181903785	1.1123969238745304	1.6647784667244827	2.7531258336864473	1.1785909083328876	0.08327998901253066	38.8321524497004	0.029677317055362012
4.8431735411767525	0.01	0.007	0.007	0.007	0.01	0.018369887053850117	0.020645339129332706	0.02709019979001476	0.01668508618258227	0.0038972631000565514	1.1189849629294073	1.669946780528428	2.766201893206767	1.1822300744197014	0.08424233000520098	38.194702256884106	0.02959177518178327
4.920421796131503	0.01	0.007	0.007	0.007	0.01	0.018089435275256437	0.020330150109196622	0.026636685362461984	0.016405711683962647	0.0038312676545812414	1.1248944056141539	1.6743944973961158	2.777801481726751	1.185340014914636	0.08510263779111443	37.61283857593183	0.029512657429540956
4.996332551296667	0.01	0.007	0.007	0.007	0.01	0.017818012977425683	0.02002510895315126	0.026198472474714102	0.016135764032381428	0.003766640896717697	1.1305190750509944	1.6784516723043488	2.7887212681360265	1.1881559782074647	0.08591858951204666	37.049685531000236	0.029435115619601077
5.071336220458245	0.01	0.007	0.007	0.007	0.01	0.017553836193846598	0.019728210723247874	0.02577262712870201	0.015873435773513474	0.0037030634202106544	1.135904195130345	1.6821648111088288	2.7990589974978484	1.1907123250392446	0.08669682878126761	36.501543510668306	0.029358700484666423
5.145322352207755	0.01	0.007	0.007	0.007	0.01	0.017297083080365462	0.019439655641688126	0.025359389329951857	0.015618874706027953	0.0036406677212515947	1.1410533583914004	1.685548773345119	2.8088304160898723	1.1930212002629148	0.08743796608327953	35.968783752400945	0.029283516397175514
5.218385087162125	0.01	0.007	0.007	0.007	0.01	0.017047221986758246	0.019158846208684684	0.02495785794078913	0.015371525666152852	0.0035794062218526016	1.145984093784999	1.6886271954397236	2.818077395689888	1.195100639511218	0.08814463897757598	35.45030460935342	0.029209459607661616
5.29064838808572	0.01	0.007	0.007	0.007	0.01	0.016803647138724495	0.018885101619365227	0.02456701855653288	0.015130763721771735	0.0035192017950884825	1.150714508978732	1.6914224622613696	2.8268417435356588	1.1969675698271494	0.08881956171541179	34.94485042645567	0.029136397354448063
5.362219949927517	0.01	0.007	0.007	0.007	0.01	0.016565836289891236	0.018617834942546065	0.02418599663478349	0.014896050103737542	0.0034599877160726555	1.155260230621154	1.6939538634885243	2.8351595197965347	1.198636581683966	0.08946508305224381	34.45133868706134	0.02906421462619029
5.4331921870907784	0.01	0.007	0.007	0.007	0.01	0.016333342093211835	0.018356543423360135	0.023814042559581246	0.014666923004155522	0.0034017074616301693	1.1596347323183944	1.6962380910358288	2.8430618594759016	1.2001203114602446	0.0900832349257805	33.96884214367544	0.02899281292773144
5.503643822426023	0.01	0.007	0.007	0.007	0.01	0.01610578222448144	0.018100797383475472	0.02345051488224321	0.014442987251613604	0.003344313808819489	1.1638496590208274	1.6982896840049293	2.8505757514709664	1.201429779998399	0.09067578061285354	33.496568353131615	0.028922108468716193
5.5736421611556315	0.01	0.007	0.007	0.007	0.01	0.0158828281037102	0.017850227545503278	0.023094861501276296	0.014223902717031247	0.0032877672476932735	1.16791515069559	1.7001214205927169	2.8577247791228055	1.202574686973989	0.09124426247264202	33.0338362958092	0.02885202969954955
5.643245006043767	0.01	0.007	0.007	0.007	0.01	0.015664195603645664	0.017604514590683105	0.02274660418860174	0.014009374781031377	0.0032320346188544134	1.1718401044371565	1.7017446298228436	2.86452971591514	1.2035636445510134	0.09179004057238689	32.58005711322641	0.028782515245124898
5.712502270379139	0.01	0.007	0.007	0.007	0.01	0.015449637390002588	0.017363380550377398	0.0224053258569148	0.013799146490008985	0.0031770879527699128	1.1756323871097636	1.703169439961152	2.8710090056108033	1.2044043632157304	0.09231432397216206	32.134718227578006	0.028713512171980572
5.781457293358744	0.01	0.007	0.007	0.007	0.01	0.015238936734285996	0.01712658185255382	0.022070660283599074	0.013592992225563488	0.0031229035212212305	1.1792990058847674	1.7044049760958984	2.87717914618815	1.2051037994586613	0.092818195780266	31.69737051400725	0.02864497457780024
5.850148118031328	0.01	0.007	0.007	0.007	0.01	0.015031901891263279	0.016893903002851197	0.021742282824436247	0.013390711983745373	0.0030694609061880248	1.182846256005604	1.7054595211136698	2.8830550154804064	1.2056682753635355	0.09330263471841123	31.267616641827484	0.0285768622395638
5.918608167484501	0.01	0.007	0.007	0.007	0.01	0.014828362664056592	0.01666515272422765	0.021419904673717006	0.013192127838966351	0.0030167425328288576	1.1862798205166047	1.7063406381755917	2.888650100581845	1.2061035707239376	0.09376852980648737	30.845103954171627	0.028509139876489613
5.986866591978238	0.01	0.007	0.007	0.007	0.01	0.014628168166600161	0.016440161442280863	0.021103269069078893	0.012997081605908602	0.002964733439648566	1.1896048429367374	1.7070552706160906	2.8939766723321703	1.2064149988606678	0.09421669119647313	30.42951983156283	0.028441776748468855
6.054949385839379	0.01	0.007	0.007	0.007	0.01	0.014431182519024305	0.01621877644745855	0.020792144268597698	0.012805430513200789	0.002913420453216075	1.1928260284265173	1.7076098342845831	2.8990459960035175	1.2066074738796646	0.09464786467615982	30.020582763062396	0.028374745503679615
6.122879639233354	0.01	0.007	0.007	0.007	0.01	0.014237283309102428	0.01600086016594322	0.02048632094841778	0.012617045600179136	0.0028627920289675765	1.1959476929158666	1.7080102838635793	2.9038684485008477	1.2066855609867106	0.09506273893757787	29.618039157985717	0.02830802189154029
6.1906780378379365	0.01	0.007	0.007	0.007	0.01	0.014046359457709873	0.015786287760726665	0.020185608685556723	0.012431809550150517	0.00281283790016297	1.1989738182810208	1.7082621713665473	2.9084536389771802	1.2066535199022856	0.09546195354395208	29.221658919483716	0.028241584237278714
6.258363135863153	0.01	0.007	0.007	0.007	0.01	0.013858309856708441	0.015574945600783917	0.01988983368516022	0.012249615290257037	0.0027635488966583637	1.201908091549981	1.708370693746008	2.912810498734479	1.2065153406780256	0.09584610464848728	28.83123262084998	0.02817541314534912
6.3259516837718985	0.01	0.007	0.007	0.007	0.01	0.01367304194622866	0.015366729662137963	0.019598836432315504	0.012070364544891948	0.0027149167226995863	1.2047539423425384	1.7083407334546383	2.916947363728766	1.2062747739084874	0.09621575038524348	28.44656855534847	0.028109491153807974
6.393458837681041	0.01	0.007	0.007	0.007	0.01	0.013490470704994852	0.015161544393126994	0.01931247001131999	0.011893966800281135	0.002666933821805119	1.2075145714747728	1.7081768924508023	2.920872039710337	1.2059353562978854	0.096571415013738	28.067490643007634	0.028043802508578408
6.460898386315145	0.01	0.007	0.007	0.007	0.01	0.01331051765867224	0.014959301599925694	0.019030598467479332	0.011720338295278271	0.002619593229206691	1.2101929773694038	1.7078835211521308	2.92459186071412	1.2055004322882465	0.09691359270682766	27.69383637436271	0.02797833292387643
6.5282828893385165	0.01	0.007	0.007	0.007	0.01	0.013133110184742768	0.014759919665323537	0.018753095646237672	0.011549401306204028	0.0025728884877172097	1.2127919763455415	1.7074647433172114	2.92811373583037	1.2049731728419362	0.09724275048642539	27.325455369485496	0.02791306943172213
6.59562385742114	0.01	0.007	0.007	0.007	0.01	0.012958180752550646	0.014563322694642446	0.01847984394088437	0.011381083375381436	0.00252681353457357	1.2153142225168754	1.7069244772259815	2.931444192884588	1.2043565912516625	0.09755933105587297	26.962207802066203	0.027848000193265336
6.662931845268419	0.01	0.007	0.007	0.007	0.01	0.012785666434170402	0.014369439966021512	0.018210733472875783	0.011215316806164994	0.002481362649266918	1.217762222530234	1.7062664543127193	2.9345894128332	1.2036535572635843	0.09786375492967685	26.603963385553065	0.027783114396533214
6.7302165874641	0.01	0.007	0.007	0.007	0.01	0.012615508336796036	0.014178205292501862	0.017945661156812943	0.011052038086928388	0.0024365303721611106	1.2201383504675494	1.7054942349824758	2.9375552624857995	1.2028668089085395	0.09815642254433679	26.250600196088225	0.027718402114453113
6.797487074967132	0.01	0.007	0.007	0.007	0.01	0.012447651218431336	0.01398955659011676	0.01768453005810237	0.010891187495346863	0.0023923114639483297	1.2224448592612713	1.704611222738199	2.940347320970676	1.201998963215273	0.09843771589702496	25.90200387586585	0.02765385422170603
6.864751630517756	0.01	0.007	0.007	0.007	0.01	0.012282043128957688	0.01380343547450244	0.01742724879530483	0.01073270873021237	0.0023487008654958634	1.224683891064062	1.7036206765880633	2.9429709034967333	1.2010525256035334	0.0987080000268534	25.55806688902082	0.02758946231375384
6.932017983164756	0.01	0.007	0.007	0.007	0.01	0.012118635074731024	0.013619786883952073	0.017173730983859135	0.010576548568740293	0.0023056936584303646	1.2268574866649353	1.702525721882833	2.9454310826515866	1.2000298980749389	0.0989676243521554	25.218687826224144	0.027525218627803393
6.999293337644704	0.01	0.007	0.007	0.007	0.01	0.011957380715667845	0.013438558738983131	0.01692389473464389	0.010422656557660052	0.0022632850295513087	1.2289675938969642	1.7013293598009316	2.947732707304061	1.1989333863828755	0.09921692385981797	24.88377077660827	0.027461115969741216
7.066584407566685	0.01	0.007	0.007	0.007	0.01	0.011798236165676098	0.013259701718049912	0.016677662316400523	0.01027098480524404	0.0022214702582876956	1.231016074203614	1.700034476271248	2.9498804184149257	1.1977652068680689	0.09945622005369734	24.553224914211217	0.02739714767642417
7.133897488265705	0.01	0.007	0.007	0.007	0.01	0.011641159711823735	0.013083168941928281	0.016434959695407047	0.010121487697730113	0.0021802446792366856	1.2330047098539056	1.6986438491719944	2.9518786646395188	1.196527491865811	0.09968582196049328	24.226963915538946	0.027333307540888335
7.201238475826002	0.01	0.007	0.007	0.007	0.01	0.011486111674175506	0.012908915816192195	0.016195716295774154	0.009974121751644388	0.0021396036784539977	1.2349352089621297	1.6971601556180678	2.9537317147537734	1.1952222953228104	0.09990602686029905	23.904905669200343	0.027269589789446828
7.2686129081034725	0.01	0.007	0.007	0.007	0.01	0.011333054222915995	0.012736899825685778	0.01595986469588135	0.009828845426790743	0.0020995426757463745	1.236809210758546	1.6955859781043845	2.955443669675989	1.1938515974763446	0.10011712103327372	23.58697189675129	0.02720598903833749
7.336026010009567	0.01	0.007	0.007	0.007	0.01	0.011181951196585637	0.012567080330245992	0.01572734032895272	0.009685618941793131	0.0020600571048206254	1.2386282905368962	1.693923809800552	2.957018473441571	1.1924173088742953	0.10031938045339836	23.27308777577114	0.027142500246940194
7.403482707377745	0.01	0.007	0.007	0.007	0.01	0.011032768000232712	0.012399418450240153	0.015498081308752333	0.009544404166709491	0.002021142412135854	1.2403939633668324	1.692176059963938	2.9584599224308437	1.1909212745621038	0.1005130713301243	22.963181728877043	0.027079118701107647
7.470987654069203	0.01	0.007	0.007	0.007	0.01	0.010885471479770564	0.01223387692536102	0.015272028220160654	0.009405164494015454	0.001982794047568044	1.2421076878900168	1.6903450585532376	2.959771674180117	1.1893652776217558	0.1006984506497653	22.65718516326064	0.02701583998430973
7.538545250023847	0.01	0.007	0.007	0.007	0.01	0.01074002982269608	0.01207042000304853	0.0150491239517812	0.009267864735478833	0.0019450074601814519	1.2437708696050789	1.6884330606077809	2.9609572552771524	1.1877510425509141	0.10087576665050701	22.355032264935875	0.02695265995761639
7.606159681617409	0.01	0.007	0.007	0.007	0.01	0.010596412416897247	0.01190901327980917	0.01482931346575994	0.009132470980361532	0.0019077780815822906	1.2453848644455616	1.6864422495597902	2.9620200689754435	1.1860802377747763	0.10104525931822407	22.05665970587051	0.026889574719151047
7.673834921674328	0.01	0.007	0.007	0.007	0.01	0.010454589802159282	0.011749623646715914	0.014612543711018337	0.008998950541959844	0.001871101331930603	1.2469509811264083	1.6843747412852346	2.962963401476644	1.1843544788133202	0.10120716074134328	21.76200654365304	0.02682658060160122
7.741574742822212	0.01	0.007	0.007	0.007	0.01	0.010314533595872352	0.011592219205914302	0.01439876349779678	0.008867271880314623	0.0018349726179365707	1.2484704836654308	1.6822325875073925	2.9637904280347303	1.1825753309186366	0.10136169547884068	21.471014067536064	0.026763674157370066
7.809382757765387	0.01	0.007	0.007	0.007	0.01	0.010176216367948528	0.01143676913004642	0.014187923295803944	0.008737404477867578	0.001799387316661584	1.2499445943127045	1.6800177780184404	2.964504218876242	1.1807443107522857	0.10150908096092774	21.183625538915	0.026700852119006798
7.877262396666966	0.01	0.007	0.007	0.007	0.01	0.010039611649446578	0.01128324367194448	0.013979975237362498	0.008609318841386875	0.0017643407926969164	1.251374494911097	1.6777322446200331	2.965107743935709	1.1788628895065714	0.1016495277233509	20.899786209579894	0.02663811141823766
7.945216960909578	0.01	0.007	0.007	0.007	0.01	0.009904693788099378	0.011131614002263441	0.013774872887908768	0.008482986360594849	0.0017298283750775555	1.252761329790428	1.6753778623499038	2.9656038780575016	1.176932493793024	0.10178323978958233	20.619443021845296	0.02657544913436556
8.013249582358332	0.01	0.007	0.007	0.007	0.01	0.009771437997487527	0.010981852264745993	0.01357257131209779	0.00835837934887491	0.0016958453829193287	1.2541062065297561	1.6729564536515553	2.9659954049870687	1.1749545089670759	0.10191041483697734	20.342544711014018	0.026512862530211203
8.081363277155369	0.01	0.007	0.007	0.007	0.01	0.009639820219314131	0.01083393142143831	0.013373026856171694	0.008235470909211704	0.0016623871024796528	1.2554101985787225	1.6704697891387525	2.966285021856731	1.1729302796625454	0.10203124453933456	20.069041519474407	0.026450349000875895
8.149560936470165	0.01	0.007	0.007	0.007	0.01	0.009509817114507529	0.010687825242690996	0.013176197126973701	0.008114234921255823	0.0016294487964201264	1.256674346457074	1.6679195903201252	2.966475342860439	1.1708611119467787	0.10214591476570534	19.798885178460765	0.026387906080868384
8.217845330722996	0.01	0.007	0.007	0.007	0.01	0.00938140602855388	0.010543508268197917	0.01298204093215984	0.00799464600448877	0.001597025705779702	1.2578996591623386	1.6653075317360175	2.966568902843333	1.1687482749966076	0.10225460579644456	19.532028836253787	0.026325531438825992
8.286219136455971	0.01	0.007	0.007	0.007	0.01	0.00925456491657389	0.010400955722792827	0.012790518160118381	0.007876679444252058	0.0015651130412158184	1.2590871158886725	1.662635242068261	2.9665681606720886	1.166593001949991	0.1023574925616282	19.26842690270497	0.02626322285168309
8.354684917937345	0.01	0.007	0.007	0.007	0.01	0.009129272355485132	0.010260143530118448	0.012601589792057562	0.007760311199184899	0.0015337059956331233	1.2602376668505437	1.6599043068407717	2.966475502324429	1.1643964920496523	0.10245474479557318	19.008035074720947	0.026200978220298387
8.423245149521714	0.01	0.007	0.007	0.007	0.01	0.00900550748101317	0.010121048241835682	0.012415217800873431	0.007645517838925548	0.0015027997373671606	1.261352234768648	1.6571162694420274	2.966293243850252	1.1621599114329397	0.10254652724641647	18.750810205559493	0.026138795547928504
8.491902206257326	0.01	0.007	0.007	0.007	0.01	0.008883249984831152	0.009983647034409212	0.012231365141168012	0.0075322765379561545	0.001472389417953172	1.2624317157435507	1.6542726332825208	2.9660236341698525	1.159884394839598	0.10263299982927448	18.49671029907311	0.02607667294769239
8.56065839999426	0.01	0.007	0.007	0.007	0.01	0.008762480031552552	0.009847917615818578	0.012049995619037393	0.007420564995394162	0.001442470159536716	1.2634769807945867	1.6513748619786297	2.965668857557183	1.1575710457410726	0.10271431782965118	18.245694337365595	0.026014608608895325
8.629515947226201	0.01	0.007	0.007	0.007	0.01	0.008643178298949578	0.009713838270758638	0.011871073947569854	0.007310361469169395	0.0014130370724768121	1.2644888762604698	1.6484243822554527	2.9652310362209375	1.1552209386491092	0.10279063201158284	17.997722364547613	0.025952600825225065
8.69847699612735	0.01	0.007	0.007	0.007	0.01	0.008525325913608241	0.009581387788324614	0.0116945656453668	0.007201644713513824	0.0013840852466221272	1.265468225085541	1.6454225843186407	2.964712232531243	1.1528351193999544	0.1028620887939643	17.75275535315918	0.02589064796942089
8.76754362170341	0.01	0.007	0.007	0.007	0.01	0.008408904444285433	0.0094505454545466	0.011520437022105708	0.0070943939700638305	0.00135560975652296	1.2664158275597146	1.6423708234688221	2.964114451250841	1.1504146064342036	0.10292883038032546	17.51075519051102	0.02582874849683742
8.836717834649184	0.01	0.007	0.007	0.007	0.01	0.00829389587239873	0.009321291019224177	0.01134865513006229	0.006988588937995987	0.00132760566069048	1.2673324622177893	1.639270421055982	2.963439641566318	1.147960391551892	0.10299099489782222	17.271684617487278	0.02576690093670879
8.906001581065443	0.01	0.007	0.007	0.007	0.01	0.008180282579044391	0.009193604681336578	0.011179187740638814	0.006884209759565214	0.001300068004598493	1.2682188865678483	1.63612266576127	2.962689699078416	1.1454734409288672	0.10304871652089323	17.03550720169549	0.02570510389167275
8.97539674675942	0.01	0.007	0.007	0.007	0.01	0.0080680473250065	0.009067467066575852	0.011012003310625977	0.0067812369993197645	0.0012729918216850562	1.2690758378468945	1.6329288146142393	2.9618664676566238	1.1429546959237649	0.10310212559425516	16.802187296040227	0.025643356033220054
9.044905152342563	0.01	0.007	0.007	0.007	0.01	0.00795717324629583	0.008942859222333267	0.010847070971801646	0.006679651637690239	0.0012463721378168414	1.2699040336298175	1.6296900943758956	2.9609717413137453	1.140405074173526	0.10315134874407612	16.571690029574103	0.0255816561053605
9.114528562128287	0.01	0.007	0.007	0.007	0.01	0.007847643827842064	0.008819762588133074	0.010684360488159406	0.006579435044641188	0.0012202039702312048	1.2707041725803319	1.6264077022356966	2.960007265838914	1.137825470147537	0.10319650899566092	16.343981252927126	0.025520002916022796
9.184268697716607	0.01	0.007	0.007	0.007	0.01	0.007739442871479892	0.008698158959653231	0.010523842205003837	0.0064805689483137755	0.0011944823249668448	1.2714769352054698	1.6230828062090175	2.9589747402377906	1.1352167554693735	0.10323772588697668	16.119027471862204	0.025458395324435286
9.254127209973088	0.01	0.007	0.007	0.007	0.01	0.0076325545292082785	0.008578030526104641	0.010365487095076282	0.00638303546343145	0.001169202209565256	1.2722229841184343	1.6197165474663968	2.957875818707344	1.1325797807545583	0.10327511555317753	15.896795916529564	0.025396832265303242
9.324105720392103	0.01	0.007	0.007	0.007	0.01	0.007526963229206653	0.008459359787083232	0.010209266645727523	0.006286817021803769	0.0011443586201399462	1.2729429650466535	1.6163100393128094	2.956712111518774	1.1299153748194604	0.1033087908486917	15.677254387754042	0.02533531271170592
9.394205788399209	0.01	0.007	0.007	0.007	0.01	0.007422653716802733	0.008342129598612538	0.010055152916712396	0.006191896407919417	0.001119946555443239	1.2736375070030552	1.6128643696658271	2.9554851869500487	1.1272243466340324	0.10333886142312007	15.460371342308125	0.025273835703396162
9.464428934263902	0.01	0.007	0.007	0.007	0.01	0.0073196110105774705	0.008226323123811606	0.009903118472367979	0.00609825671717021	0.0010959610107365303	1.2743072230328343	1.6093806008200746	2.954196572292199	1.124507485147889	0.10336543382416813	15.24611580174285	0.02521240032609125
9.534776624868604	0.01	0.007	0.007	0.007	0.01	0.007217820414938972	0.00811192384702656	0.009753136397473546	0.00600588136561602	0.0010723969847203124	1.274952710556395	1.605859770981828	2.952847755414591	1.1217655605006223	0.103388611579491	15.034457378622541	0.025151005723434955
9.605250287395988	0.01	0.007	0.007	0.007	0.01	0.007117267491650487	0.00799891554183193	0.009605180252607844	0.0059147540624855605	0.001049249476741046	1.2755745519669306	1.6023028943938518	2.9514401857827623	1.1189993241310474	0.10340849528727221	14.825366217411066	0.025089651084503034
9.675851313763955	0.01	0.007	0.007	0.007	0.01	0.007017938046174899	0.00788728225568378	0.009459224051610524	0.0058248587962916425	0.0010265134873522846	1.2761733151054906	1.5987109618675606	2.9499752755597446	1.1162095092060562	0.10342518269840244	14.61881296615818	0.025028335639510242
9.746581032245462	0.01	0.007	0.007	0.007	0.01	0.006919818159952188	0.007777008346195465	0.009315242306567564	0.005736179862534875	0.0010041840291650846	1.2767495534500253	1.5950849429655536	2.9484544013627856	1.1133968323293058	0.1034387687895817	14.41476884370125	0.024967058683969593
9.817440754043979	0.01	0.007	0.007	0.007	0.01	0.006822894117774245	0.007668078399516567	0.00917320991879218	0.005648701796555315	0.0009822561136513162	1.2773038069192788	1.5914257843363049	2.9468789044098997	1.1105619922614547	0.10344934585104872	14.213205488719819	0.024905819537791682
9.888431735510167	0.01	0.007	0.007	0.007	0.01	0.006727152453740494	0.0075604772819811055	0.009033102244094442	0.005562409413729545	0.0009607247648156733	1.277836601952185	1.5877344123206618	2.945250092388902	1.1077056719567406	0.10345700355285334	14.014095055374627	0.024844617577615205
9.959555196630337	0.01	0.007	0.007	0.007	0.01	0.00663257991876325	0.007454190103587924	0.008894895042932734	0.005477287778766064	0.0009395850149100841	1.2783484520419899	1.5840117326601135	2.9435692401009366	1.104828538349206	0.10346182902112104	13.817410145806091	0.024783452220323923
10.0	0.01	0.007	0.007	0.007	0.01	0.006579395092452023	0.007394417299406878	0.008817254955214628	0.005429469459138479	0.0009277466080499394	1.2786299595017558	1.5818843202691777	2.9425921278178984	1.1031858263853274	0.10346334088875513	13.706797721139845	0.024748737341529183
