0.0	0.01	0.007	0.007	0.007	0.01	0.0	0.0	0.0	0.0	0.0	0.0	0.0	0.0	0.0	0.0	100.0	0.035
0.007000024639002798	0.01	0.007	0.007	0.007	0.01	0.0027252448641589258	0.005737991741089438	0.0038208797375864838	0.0012850554725756058	8.811323549954122e-5	0.00011062354102677965	0.00034218882225414145	0.0002586298226364172	6.819093897521072e-5	2.6563993618571882e-6	99.85978517227315	0.03499150994704596
0.012260965301304137	0.01	0.007	0.007	0.007	0.01	0.004667596517294689	0.009623690507131669	0.006564279265306745	0.0022259696152810656	0.00013988052697040378	0.00033410445579814814	0.0010190023519801737	0.0007827048490924095	0.00020749595296882335	7.626578872953142e-6	99.7545346921586	0.03498513051581191
0.01975841384079502	0.01	0.007	0.007	0.007	0.01	0.007287206925703744	0.014594424694173479	0.010292621465536519	0.0035309505324504333	0.00019714273092579735	0.0008486067301942987	0.00253808278688783	0.0019937044149033164	0.0005325978883136349	1.808868207419732e-5	99.60473225847522	0.03497604109867723
0.027197666459311834	0.01	0.007	0.007	0.007	0.01	0.009723528134535067	0.018938071638362183	0.013791373420988644	0.00478518261643079	0.0002392475012682958	0.0015732742184781808	0.004617896067355372	0.0037064837134118053	0.0009975955458029347	3.1460646324419576e-5	99.45631495406653	0.034967024568558554
0.0358600197166145	0.01	0.007	0.007	0.007	0.01	0.012368987971153876	0.023348143624751374	0.0176273943292579	0.006196233113027752	0.0002747428008390736	0.002667246384765263	0.007665311723092804	0.006303625626291028	0.0017112461837669375	4.975516708612033e-5	99.28377475606649	0.03495652854382101
0.04496071409796592	0.01	0.007	0.007	0.007	0.01	0.014941621070645906	0.027328913589843733	0.02139793748689007	0.00762335067005914	0.00030077614171881783	0.00408500670272165	0.011491902782131073	0.009685519181969316	0.0026527465681047083	7.121038537541587e-5	99.10282592798505	0.034945504782412096
0.05488744421568934	0.01	0.007	0.007	0.007	0.01	0.017524337887906208	0.031017601843638973	0.02522694844758252	0.009117713154483773	0.00032003888495741705	0.005919502748783056	0.016285237641927713	0.014083291388133058	0.003894029905851565	9.638806061738866e-5	98.90582908140708	0.03493348439972538
0.0653803791350774	0.01	0.007	0.007	0.007	0.01	0.020021096104449555	0.034287832240212236	0.028974515972619665	0.01062940574342394	0.0003333765332744235	0.00815691565609819	0.02194067618911963	0.019474782096348738	0.0054379823633712385	0.00012432276771834135	98.69802156522209	0.034920782888809204
0.07655355882714288	0.01	0.007	0.007	0.007	0.01	0.022438551638174146	0.03717421208585121	0.03265105068125013	0.012165573686203818	0.00034234537603536135	0.010844857683776068	0.028511924506143174	0.025986412722715773	0.0073309662511369805	0.00015500136722139895	98.47722210006953	0.03490726303061427
0.08832736414293631	0.01	0.007	0.007	0.007	0.01	0.024740952770689596	0.03966375808952386	0.03620188275979678	0.013705875408984429	0.00034803735779085677	0.013984330101703612	0.03593535473517063	0.03363327832790996	0.00958884397480403	0.00018794050248693492	98.24508781246857	0.03489302206261723
0.10074326435511556	0.01	0.007	0.007	0.007	0.01	0.02692232883142817	0.04178517323421772	0.0396162397776809	0.015247033618685556	0.00035141906596537433	0.017600262689948347	0.04420796313284161	0.042489257083155055	0.012245926259361991	0.0002230352231709056	98.00088662285926	0.03487801074450918
0.1137897076710674	0.01	0.007	0.007	0.007	0.01	0.02896885080410793	0.04356139478914454	0.0428701487632351	0.016778996068769952	0.0003532012200550016	0.02169963502457596	0.05328753206243709	0.05258514271718584	0.015325120965532148	0.00026007912891854964	97.74493763322843	0.03486224403291205
0.12749767936265732	0.01	0.007	0.007	0.007	0.01	0.030876236738586686	0.04502568527092363	0.045953630570680866	0.01829704133071976	0.00035391371946199256	0.026298536751539762	0.0631566601225642	0.06397454210720452	0.01885750650962782	0.00029902499587507484	97.47673071586559	0.034845685538563105
0.14188777830719612	0.01	0.007	0.007	0.007	0.01	0.03263999583680794	0.046210458610854384	0.04885562296571834	0.019795091841009593	0.00035393214676759704	0.03140730767348897	0.07378947120958954	0.07669729900495408	0.02287132152343027	0.000339827092850358	97.19596921184957	0.034828311532579204
0.1569992483278419	0.01	0.007	0.007	0.007	0.01	0.03425925649524441	0.04714925255627908	0.05157028798457189	0.021268865861963946	0.00035352315907873853	0.037040490050145806	0.08517347844107129	0.09080397392577297	0.027399545032735576	0.0003825158150586709	96.90200368047049	0.0348100758980538
0.1728740301185678	0.01	0.007	0.007	0.007	0.01	0.03573411053139301	0.047873839032620734	0.05409287434059081	0.022713945955511072	0.000352881991274392	0.04321193224574041	0.09729900258728438	0.10634363810864836	0.03247618653048754	0.0004271465723151292	96.59414687646193	0.03479092942716482
0.1895658292106197	0.01	0.007	0.007	0.007	0.01	0.03706627826139348	0.048414102906286755	0.05642095549128755	0.024126523221461145	0.00035216645077360524	0.04993842766409753	0.11016637451932491	0.12337290530921743	0.03813927687028639	0.0004738221859908823	96.27150060384096	0.03477080891493578
0.20713549204044862	0.01	0.007	0.007	0.007	0.01	0.03825829738365438	0.048797260669057395	0.05855318065625862	0.025502782734860643	0.0003515272430822344	0.05723821976248728	0.12378256121841627	0.1419521325103552	0.04442978225468372	0.0005226798188327641	95.93304970445485	0.03474964278446856
0.22565402009559674	0.01	0.007	0.007	0.007	0.01	0.03931353568178704	0.0490477244315179	0.0604893918998194	0.026839015378836262	0.0003511356292883446	0.06513229990856068	0.1381632965043228	0.162148629543179	0.05139280512250942	0.0005739034066324874	95.57760836011776	0.03472734750526474
0.24520115735611386	0.01	0.007	0.007	0.007	0.01	0.0402358982837273	0.04918697270850965	0.06223018926331202	0.028131365710004956	0.0003512102624609076	0.07364382184269347	0.15333159152582682	0.1840350778961783	0.05907718633599313	0.0006277287652299464	95.20385267579682	0.03470382935600423
0.2658658186172046	0.01	0.007	0.007	0.007	0.01	0.041029752554368776	0.04923360803057993	0.06377686063043315	0.029375767507298436	0.00035204414710383067	0.08279813577607341	0.16931749240387164	0.20768946502452867	0.06753556529354804	0.0006844604378401053	94.81031828612208	0.03467898397577967
0.28774375095352495	0.01	0.007	0.007	0.007	0.01	0.04169980510305882	0.049203484739764186	0.06513120534425437	0.03056775441121138	0.00035403226236663113	0.09262149697604548	0.18615558386266431	0.2331915262489662	0.07682311292054868	0.0007444895246805505	94.39545119796483	0.034652699248954304
0.31093238469013923	0.01	0.007	0.007	0.007	0.01	0.0422510459241944	0.04910993130553849	0.06629545642482126	0.03170225348838744	0.00035769856051757836	0.10313836210182659	0.20388033071346137	0.26061536170456745	0.08699463519555194	0.0008083147193540539	93.95771110663092	0.03462486155887175
0.33551601763949207	0.01	0.007	0.007	0.007	0.01	0.042688706194807066	0.04896409177542752	0.06727217598390862	0.032773176323685586	0.000363716673860148	0.1143641761730628	0.22251428635880702	0.29001001875866583	0.09809671707421178	0.0008765490264955395	93.4958536953077	0.034595373609186075
0.3615309567326054	0.01	0.007	0.007	0.007	0.01	0.043018344752947184	0.048775487701345877	0.06806429566226183	0.03377275007438186	0.0003729075971347546	0.12628897138902664	0.2420420413791606	0.3213554677133336	0.1101494393008367	0.0009498793336972024	93.00957824635931	0.03456419616311361
0.38890231608612696	0.01	0.007	0.007	0.007	0.01	0.04324633778898271	0.048552880821117486	0.06867584543424075	0.034690910999154584	0.00038617903673279395	0.13884837040632608	0.2623651953732241	0.35448456910841875	0.12311280841520415	0.001028934661676645	92.5006785021265	0.034531423455803366
0.41739712249766575	0.01	0.007	0.007	0.007	0.01	0.04338109343240427	0.04830500024792003	0.06911441425892396	0.035516594292943265	0.00040438530940361075	0.1519034317708578	0.2832730893054951	0.3890275749856616	0.13685918795368143	0.0011141444832131126	91.97384914679593	0.03449733861811214
0.44669956104240893	0.01	0.007	0.007	0.007	0.01	0.04343404441818708	0.04804002226229474	0.06939419641712367	0.03624234476633519	0.00042819934372951093	0.16527832907603313	0.30450476229041573	0.4245104841746373	0.15120684404098877	0.0012058750281584924	91.43521690805443	0.034462322796858486
0.4765500197748307	0.01	0.007	0.007	0.007	0.01	0.04341852845558243	0.04776429789745102	0.0695351699244893	0.03686755125463017	0.0004581035326559868	0.178827099322179	0.32585225630916886	0.46053338879876615	0.16599129358472542	0.0013047510011152943	90.88975441024232	0.034426688647721686
0.506776578349544	0.01	0.007	0.007	0.007	0.01	0.04334759690057157	0.04748216065832494	0.06955901618401215	0.03739675290821897	0.0004944153253725354	0.1924491032579903	0.34718020596343174	0.4968144083198498	0.1810872714105073	0.0014117036218475852	90.34073503969272	0.03439064307227075
0.537275223029987	0.01	0.007	0.007	0.007	0.01	0.04323272273076888	0.047196371900384726	0.06948614840541392	0.03783711544139937	0.0005373087876255596	0.20607957294769524	0.3684077717559073	0.5331667756043671	0.19640354122029718	0.0015278872722323596	89.79013484187556	0.03435431128208297
0.5679878409379782	0.01	0.007	0.007	0.007	0.01	0.04308341260254108	0.04690860918141071	0.06933442048728324	0.03819674883424766	0.0005868347501611641	0.21967863255570255	0.3894900952012785	0.5694708414253842	0.2118742494090485	0.0016545969563483299	89.23906282347362	0.03431776338160527
0.5988879312645666	0.01	0.007	0.007	0.007	0.01	0.04290727305055395	0.046619826515098856	0.06911881806456692	0.03848379020596693	0.0006429431043553897	0.23322377283150186	0.41040625551650417	0.6056545843025826	0.22745266121556343	0.0017932156924833577	88.68804011507274	0.034281031627848825
0.6299713755882532	0.01	0.007	0.007	0.007	0.01	0.04271025129517187	0.04633050027610596	0.06885160216115999	0.03870593216989206	0.0007055047199224091	0.24670473186663752	0.4311514792173351	0.6416801360229886	0.24310664587188036	0.0019451835038443118	88.13718045583903	0.03424412158244378
0.6612503165243654	0.01	0.007	0.007	0.007	0.01	0.04249691821796601	0.046040791902753696	0.06854263204786024	0.03887020346071555	0.0007743311563091768	0.26011994265023863	0.4517319775416205	0.67753426986961	0.2588153262106419	0.0021119810661606514	87.58631001695663	0.03420701951081901
0.6927489950099515	0.01	0.007	0.007	0.007	0.01	0.042270736047968584	0.04575065416140565	0.06819973360252946	0.03898289112661883	0.0008491912532469476	0.27347402330039206	0.4721614436490349	0.7132215631743791	0.27456653222130506	0.0022951232187255854	87.03504899776274	0.03416969741662269
0.7245009710645256	0.01	0.007	0.007	0.007	0.01	0.04203428879063558	0.045459899363609925	0.06782905036025892	0.03904954061778364	0.0009298246193626444	0.286776024058735	0.4924586963650404	0.7487595347803585	0.2903548861265401	0.002496159694079068	86.48286649204793	0.03413211640891225
0.7565473858544257	0.01	0.007	0.007	0.007	0.01	0.04178947037717051	0.04516824195765178	0.06743535103111084	0.039074995824496424	0.0010159524723430914	0.3000382430650369	0.5126461515047784	0.7841752905639431	0.3061804046524096	0.002716681650737384	85.92911561124068	0.034094228818810926
0.7889360214176574	0.01	0.007	0.007	0.007	0.01	0.04153763323789628	0.04487532389960413	0.06702228621091527	0.03906345649753082	0.0011072863663834892	0.3132754681919412	0.532748892828148	0.8195033132768696	0.32204751884898786	0.0029583332925463023	85.3730538643925	0.03405597936272315
0.8217210727905686	0.01	0.007	0.007	0.007	0.01	0.04127970215754687	0.044580727571107065	0.0665925949086261	0.039018539918751066	0.001203535558321562	0.32650457293577456	0.5527942323651198	0.8547842111593221	0.3379644697082891	0.0032228291192881293	84.81385088799863	0.03401730546011944
0.8549635524778703	0.01	0.007	0.007	0.007	0.01	0.04101625910864139	0.04428397953729085	0.0661482657379803	0.038943339113230134	0.0013044135780130395	0.3397443997012748	0.5728116614726598	0.8900642476249	0.35394302686226925	0.003511977768018885	84.25058546111242	0.03397813680710689
0.8887323724053215	0.01	0.007	0.007	0.007	0.01	0.04074760360058248	0.0439845464188444	0.06569065759354803	0.038840473144884535	0.0014096446989761426	0.3530159166432637	0.5928331746326808	0.9253956114066483	0.36999852910188474	0.0038277147857347462	83.68223158217255	0.03393839415918895
0.9231062692089014	0.01	0.007	0.007	0.007	0.01	0.040473791522164265	0.04368182257939639	0.06522058315986776	0.03871212635278809	0.001518971171867453	0.36634267941832027	0.6128940145581698	0.9608375039892676	0.3861502923264167	0.00417214856039839	83.10763143653061	0.033897987135731215
0.9581768712632389	0.01	0.007	0.007	0.007	0.01	0.04019465375855124	0.04337510794067598	0.06473835642464637	0.03856007353088855	0.0016321622763202511	0.3797516725254687	0.6330339491634455	0.9964582332727147	0.40242247741064346	0.004547626281997002	82.52545108178427	0.03385681070563885
0.9940535018375465	0.01	0.007	0.007	0.007	0.01	0.03990979300074928	0.04306357165594876	0.06424380086954364	0.038385686727249756	0.0017490268946808423	0.3932747018459025	0.6532993315282668	1.0323387555065247	0.4188456230714683	0.004956832130416816	81.93411016081511	0.033814739671365
1.0308709406656245	0.01	0.007	0.007	0.007	0.01	0.039618551932315636	0.04274619221643585	0.06373620614366862	0.03818991529589905	0.001869432889797299	0.40695071274309863	0.6737464889335549	1.0685786372499506	0.4354592892199363	0.005402941187305278	81.3316673961327	0.03377161974225356
1.068802515896643	0.01	0.007	0.007	0.007	0.01	0.039319937103677205	0.04242165543484533	0.06321420560411704	0.037973222411921574	0.0019933394480781967	0.4208297648918104	0.6944475034326882	1.105306337706511	0.4523166799337643	0.00588987481030362	80.7156264230941	0.03372725246247947
1.1080841266684665	0.01	0.007	0.007	0.007	0.01	0.03901245853118405	0.04208816589255223	0.06267550460362306	0.037735438360008144	0.0021208571469490687	0.43498042694437017	0.7155009502358093	1.142698406134001	0.4694933475034836	0.0064227620178068864	80.08257751090777	0.03368136752683702
1.1490633388792943	0.01	0.007	0.007	0.007	0.01	0.03869378168840429	0.04174305934961517	0.06211627811151335	0.037475428868533854	0.0022523732978201923	0.4495050624681914	0.7370541023871771	1.1810192539443132	0.48710531310752136	0.007008869961564835	79.42746150000418	0.033633566147991116
1.1923223104825957	0.01	0.007	0.007	0.007	0.01	0.03835983049445301	0.041381825248107906	0.06152960285456912	0.03719022955704176	0.002388875921996838	0.46457866102149203	0.7593594446005336	1.2207223894279688	0.5053553329761026	0.007659886405479527	78.74171381699391	0.03358317908339721
1.2390711382505821	0.01	0.007	0.007	0.007	0.01	0.038001882822441733	0.040994964721519464	0.06090036100143618	0.03687222721352448	0.0025330140611881306	0.48057419492341835	0.7829573577564183	1.2627775816884141	0.5246826603251139	0.008399138852692646	78.00729906626405	0.033528811976420526
1.2938139595424476	0.01	0.007	0.007	0.007	0.01	0.03758671092635725	0.04054654876683806	0.06017034209489372	0.03649004063219111	0.002696508795924185	0.49892390165660166	0.8099342326027077	1.310921988960358	0.546794838126994	0.009309433987581925	77.15600254351808	0.03346526002491393
1.3467655929349616	0.01	0.007	0.007	0.007	0.01	0.037189267904697225	0.04011747502449897	0.059471594116243136	0.03611309246015193	0.0028484996118051747	0.5162899886194672	0.835368840219856	1.3563832311739563	0.5676531265691523	0.010232796873883385	76.34140077950964	0.03340390211030702
1.3956624749661788	0.01	0.007	0.007	0.007	0.01	0.036825896428403386	0.039725293171741755	0.05883301047551949	0.035760672937595925	0.002982986833154866	0.5319984860017233	0.8582919294872511	1.3974163273724347	0.5864554187716461	0.01112014436331428	75.59681669984002	0.03334734256614203
1.4443974012188987	0.01	0.007	0.007	0.007	0.01	0.03646720223874567	0.03933822739235543	0.0582030119653976	0.03540677065112858	0.003111084492548315	0.5473479847848369	0.8806112822549402	1.4374273983570116	0.6047621138147444	0.01203512869847553	74.86192504756193	0.03329106564957477
1.4914823874903789	0.01	0.007	0.007	0.007	0.01	0.03612393379124579	0.03896785034473902	0.0576005260861015	0.03506344404469838	0.0032289994604404585	0.5618923043988701	0.901684287892506	1.4752603904060082	0.6220433660635396	0.012945768154700114	74.15869951171138	0.03323678421597846
1.5380394221274658	0.01	0.007	0.007	0.007	0.01	0.0357876683200359	0.038605057044994	0.05701078527813275	0.03472346978883264	0.0033398114478701522	0.5760028336345173	0.9220559247393786	1.5118890856163534	0.638744272168742	0.013869697318250504	73.46985444270756	0.033183198449842605
1.5836970600783502	0.01	0.007	0.007	0.007	0.01	0.03546092454030825	0.03825255468870564	0.05643821366446747	0.034390250009328216	0.003442836429628197	0.5895841562310294	0.9415933132882209	1.547071378016125	0.6547546643942966	0.01479638759892672	72.80053129553234	0.0331307317694376
1.6288731005256583	0.01	0.007	0.007	0.007	0.01	0.035140554372479295	0.03790694037358085	0.05587728990829376	0.034061253763886794	0.0035392551943159525	0.6027766619255418	0.960503059173669	1.5811762509560243	0.6702430911922745	0.015731424686679343	72.14426988470137	0.03307890015717505
1.673520253783861	0.01	0.007	0.007	0.007	0.01	0.03482677309436636	0.03756844211590716	0.055328383812737185	0.03373721885729158	0.0036291733144292555	0.6155790376640694	0.9787869687123055	1.6142045835558794	0.6852105421906779	0.01667137868426149	71.50150409018303	0.033027755020944224
1.7178299041003533	0.01	0.007	0.007	0.007	0.01	0.034518130722015504	0.03723549293640863	0.054788948642669415	0.03341705754754742	0.003713183079512701	0.6280571063269215	0.9965423404295837	1.6463300211266136	0.6997364014472536	0.017618076046313356	70.86925922584497	0.032977074692355134
1.7618395223509462	0.01	0.007	0.007	0.007	0.01	0.03421428406280884	0.036907720789996816	0.05425837438397021	0.033100735876452334	0.0037915423313503362	0.6402302652804546	1.013799499705299	1.6776057230864232	0.7138453439533472	0.018570373419202615	70.24682947231399	0.03292681451330355
1.8056561130607764	0.01	0.007	0.007	0.007	0.01	0.033914426405671785	0.03658425422470421	0.05373524200545916	0.032787672099644026	0.003864619006511324	0.6521356270468129	1.0306134257078714	1.7081298699855618	0.7275822906883996	0.019528826023996814	69.63256054106853	0.03287685087515186
1.8493318589470777	0.01	0.007	0.007	0.007	0.01	0.03361814788897777	0.036264650291195986	0.05321882695036563	0.03247764565707739	0.003932663019976916	0.6637935259886777	1.0470148263733692	1.73795702294746	0.7409723667524831	0.020492979402117254	69.02561174121007	0.03282712329152945
1.8929372199586518	0.01	0.007	0.007	0.007	0.01	0.03332492928090607	0.03594834832559858	0.052708215442343546	0.03217028160983883	0.003995936684405941	0.6752279047267832	1.0630390910490428	1.7671505601155852	0.7540445512317056	0.02146292145169188	68.42491874145963	0.03277755087886235
1.9365201462685027	0.01	0.007	0.007	0.007	0.01	0.03303441771619568	0.03563496730658512	0.05220278528260943	0.03186534751143284	0.004054651168702739	0.6864555352898172	1.0787111608959505	1.7957551390209376	0.7668193098649445	0.022438360472207524	67.82975827900634	0.03272807877272983
1.9801311127693666	0.01	0.007	0.007	0.007	0.01	0.032746255133664595	0.03532412072770555	0.05170190673900184	0.031562580522722435	0.004109007345370365	0.6974928663347275	1.094055214432621	1.8238142720713921	0.779316494823828	0.02341915677050908	67.23939660229506	0.032678649579185495
2.023810419134995	0.01	0.007	0.007	0.007	0.01	0.03246016160940701	0.03501550645210876	0.0512050874456512	0.03126177990322289	0.004159180127672734	0.70835287701691	1.109090317198851	1.8513623557986643	0.7915517934516381	0.024405022276726158	66.65326012902148	0.032629217756800145
2.067596737045198	0.01	0.007	0.007	0.007	0.01	0.03217587700258875	0.03470884373870641	0.050711870731541084	0.03096274969886795	0.004205331730578904	0.7190474049353724	1.1238337123026159	1.8784306455234827	0.8035394081734926	0.025395698078194265	66.07081585834608	0.032579739878233684
2.1115233087588345	0.01	0.007	0.007	0.007	0.01	0.031893184709397095	0.03440389884853656	0.05022187672788667	0.03066532677935097	0.00424760879307965	0.7295863048348903	1.1382996907106888	1.9050451583759869	0.8152911360335894	0.02639085770777451	65.49162001185033	0.03253017890236657
2.1556210801783178	0.01	0.007	0.007	0.007	0.01	0.031611890111887184	0.03410046178528186	0.04973476479736987	0.030369360597425746	0.0042861473604371555	0.739978319754545	1.152500828335508	1.9312289157487463	0.8268173752064332	0.0273901689302594	64.91527386500367	0.03248050060159395
2.199917733803943	0.01	0.007	0.007	0.007	0.01	0.031331825927399616	0.033798352057677346	0.04925024267018744	0.03007472073401348	0.004321073143028896	0.75023092682165	1.1664478014727861	1.957001582212361	0.8381269754228123	0.02839326466125772	64.3414346980603	0.03243067463007113
2.244438945196678	0.01	0.007	0.007	0.007	0.01	0.031052843379786685	0.03349740915020644	0.048768051018096385	0.029781289143523012	0.004352503742784398	0.7603507046613984	1.1801499141015201	1.9823804173322013	0.8492276669000026	0.029399765598811467	63.769797701788384	0.032380673086811994
2.289208280109357	0.01	0.007	0.007	0.007	0.01	0.030774812214040485	0.033197492535050326	0.048287963366972546	0.02948896140467084	0.004380549448037605	0.7703433659043458	1.1936151624275981	2.0073803784522477	0.8601261135138262	0.030409273155774647	63.20009600466087	0.03233047061502042
2.334247775735107	0.01	0.007	0.007	0.007	0.01	0.03049761649691782	0.03289847713950678	0.04780977873454279	0.029197643305408166	0.004405314415409941	0.7802139384657726	1.2068504983883932	2.0320145939232805	0.8708281272675683	0.03142137872687819	62.632092067238986	0.03228004373503021
2.37957807466539	0.01	0.007	0.007	0.007	0.01	0.03022115333699341	0.032600251963455965	0.04733331933227535	0.028907250315474378	0.004426897375810784	0.7899668354826224	1.2198619389057623	2.0562945535626147	0.88133875762767	0.03243566349862001	62.06557505927169	0.03222937068294614
2.42521873260288	0.01	0.007	0.007	0.007	0.01	0.029945330611201235	0.03230271762567014	0.046858426565301876	0.028617705868886234	0.004445392335227248	0.7996059569112249	1.2326547151826748	2.080230375662417	0.8916624131615374	0.03345170268968305	61.50035620153777	0.03217843105690807
2.4711883963940218	0.01	0.007	0.007	0.007	0.01	0.029670065572197254	0.032005784860667574	0.046384958565614226	0.028328940456190225	0.00446088909652157	0.8091347560013714	1.2452333724051632	2.1038309838404783	0.9018029429222519	0.03446906726225569	60.936265912794696	0.03212720561098154
2.5175050059055484	0.01	0.007	0.007	0.007	0.01	0.029395283378174	0.03170937293218358	0.04591278760312761	0.028040890541790913	0.004473473707747202	0.8185563054553323	1.2576018669633557	2.1271042810547307	0.9117637157014248	0.0354873264620925	60.37315079789938	0.0320756760244192
2.564185941091407	0.01	0.007	0.007	0.007	0.01	0.029120916013370243	0.031413408468277754	0.04544179817968296	0.02775349781566612	0.004483228817186891	0.8278733473209049	1.2697636402839765	2.15005728144835	0.9215476802855627	0.03650604935971381	59.81087143652916	0.0320238247339024
2.61124818799263	0.01	0.007	0.007	0.007	0.01	0.028846901149896565	0.031117824233268598	0.044971885031654925	0.027466708321996547	0.0044902339728907234	0.8370883425964053	1.2817216906437783	2.1726962398840004	0.9311574239620831	0.037524806964605154	59.2493000515556	0.03197163474638657
2.658708462022834	0.01	0.007	0.007	0.007	0.01	0.028573181311352554	0.030822558225306006	0.04450295165960496	0.02718047185376402	0.0044945658594391594	0.8462035084968684	1.2934786273453711	2.1950267496095477	0.9405952167096221	0.03854317350639973	58.68831879576598	0.03191908950100948
2.706583334920654	0.01	0.007	0.007	0.007	0.01	0.028299703057570576	0.030527552796797107	0.04403490890162665	0.02689474132796524	0.004496298493804421	0.8552208533057455	1.305036720484301	2.2170538327751106	0.9498630517432147	0.03956072786458129	58.1278180817504	0.03186617272832255
2.7548893499194795	0.01	0.007	0.007	0.007	0.01	0.02802641627847634	0.030232753892581826	0.043567673700808655	0.026609472240909093	0.004495503383085538	0.8641422060188166	1.3163979427852124	2.2387820170527455	0.9589626795897794	0.040577054773306344	57.5676951352673	0.03181286832395212
2.8036431509641613	0.01	0.007	0.007	0.007	0.01	0.027753273448214322	0.02993811024527645	0.04310116781166353	0.026324622054117175	0.004492249649569509	0.8729692458288844	1.3275640100641053	2.26021541078854	0.9678956409586762	0.041591746314582276	57.007852467003396	0.03175916020813726
2.8528615679090574	0.01	0.007	0.007	0.007	0.01	0.027480229165226487	0.029643572879100914	0.04263531700165338	0.026040149855555143	0.004486604129864068	0.8817035210036513	1.3385364071381012	2.2813577513717087	0.976663287866852	0.04260440245507206	56.44819693025926	0.03170503223516267
2.902561735160718	0.01	0.007	0.007	0.007	0.01	0.027207239537828994	0.02934909444705686	0.04217004999417582	0.025756015840340093	0.004478631451599257	0.8903464716919748	1.3493164177987866	2.3022124623311	0.9852668079420637	0.04361463223698331	55.888638461820904	0.03165046806717186
2.952761205724576	0.01	0.007	0.007	0.007	0.01	0.026934261633826704	0.029054628637194817	0.04170529752702359	0.025472180842787056	0.004468394088291752	0.8988994494956938	1.3599051496780314	2.322782701688266	0.9937072445523102	0.044622054783797625	55.32908895391438	0.03159545105449038
3.0034780741891893	0.01	0.007	0.007	0.007	0.01	0.02666125291983638	0.02876012956778646	0.04124099139937618	0.025188605845243704	0.00445595239346688	0.9073637362479994	1.3703035570997706	2.3430714075168293	1.0019855152397503	0.045626300372587136	54.769461104891164	0.03153996410764644
3.0547310751414987	0.01	0.007	0.007	0.007	0.01	0.0263881708713238	0.028465551366654008	0.040777063815002686	0.024905251654108604	0.004441364624942225	0.9157405564518107	1.3805124551349333	2.363081327456693	1.0101024230671662	0.046627010886922046	54.20966761968076	0.03148398959781568
3.1065397492484275	0.01	0.007	0.007	0.007	0.01	0.02611497226007212	0.02817084740254227	0.040313446183029344	0.02462207823290542	0.004424686937435304	0.9240310986573664	1.3905325435876943	2.3828150687881657	1.0180586757862815	0.04762384144384215	53.649619748843115	0.031427509184943345
3.1589245695122985	0.01	0.007	0.007	0.007	0.01	0.02584161270312479	0.027875969798549727	0.039850068370178376	0.02433904430118947	0.0044059733697525034	0.9322365275976044	1.400364418477014	2.402275125419337	1.0258548949605806	0.04861646102337167	53.08922636340408	0.03137050369139432
3.211907106846091	0.01	0.007	0.007	0.007	0.01	0.025568046051521326	0.027580868772742833	0.039386857687701726	0.02405610676300086	0.00438527580806815	0.9403580001273315	1.4100085869786874	2.4214639130252915	1.0334916277537627	0.04960455363071164	52.528392701076356	0.03131295293476161
3.265510223627157	0.01	0.007	0.007	0.007	0.01	0.025294223691755408	0.02728549188462324	0.03892373773867361	0.023773220042855467	0.004362643924773149	0.9483966824602	1.4194654824815267	2.4403838061300123	1.0409693586976034	0.050587819690666155	51.967018933311145	0.03125483553274075
3.3197582757801865	0.01	0.007	0.007	0.007	0.01	0.025020093868751613	0.026989783304807682	0.03846062731083714	0.02349033544346344	0.004338125100504555	0.9563537653511874	1.4287354756090318	2.459037169095363	1.048288518146837	0.051565977253352574	51.404998776192336	0.03119612870158725
3.3746773649263253	0.01	0.007	0.007	0.007	0.01	0.02474560082756842	0.02669368288916488	0.03799743897309337	0.023207400317236004	0.004311764312100103	0.964230483046297	1.4378188878682703	2.477426394591878	1.0554494926818991	0.052538763709434326	50.84221772938902	0.031136808003567912
3.430295633745761	0.01	0.007	0.007	0.007	0.01	0.024470683827366568	0.026397125115162786	0.037534077468744736	0.02292435710922369	0.004283603985968908	0.9720281340515651	1.4467160051904584	2.495553944633984	1.062452635263308	0.053505937773478666	50.278551052851846	0.031076847051640436
3.4866436010828106	0.01	0.007	0.007	0.007	0.01	0.024195276061963568	0.026100037917448034	0.037070437965567235	0.02264114230884371	0.0042536838177235905	0.9797481024440329	1.4554270895063994	2.513422390921584	1.0692982736525556	0.054467281565927624	49.713861551555894	0.03101621717589
3.5437545792382	0.01	0.007	0.007	0.007	0.01	0.023919303299453007	0.025802341220375186	0.03660640384958014	0.0223576851196848	0.004222040535000893	0.9873918846383113	1.4639523934376266	2.5310344655281893	1.075986721066611	0.05542260339249168	49.14799678372493	0.030954887006979088
3.601665204883108	0.01	0.007	0.007	0.007	0.01	0.023642682124895644	0.02550394504236157	0.03614184387265324	0.02207390573189155	0.004188707580985776	0.9949611240655606	1.4722921798973798	2.5483931268866353	1.082518290399983	0.05637174152566022	48.58078545454569	0.030892821944434976
3.660416043904988	0.01	0.007	0.007	0.007	0.01	0.023365318018537227	0.025204747422820594	0.03567660905042236	0.0217897134397281	0.004153714737213188	1.002457646533598	1.4804467375095876	2.56550162365338	1.0888933048109768	0.05731456807315162	48.01203347184038	0.03082998355423105
3.720052403513121	0.01	0.007	0.007	0.007	0.01	0.023087102682877014	0.02490463153881571	0.0352105283321157	0.021505004007017384	0.00411708760580393	1.0098835113636178	1.4884164072060975	2.582363590137351	1.095112116617494	0.05825099480914477	47.441518460513954	0.030766328755059497
3.7806253582645257	0.01	0.007	0.007	0.007	0.01	0.022807910673068192	0.02460346207020386	0.03474340314629101	0.021219656344289194	0.00407884693691338	1.0172410749973997	1.496201614050206	2.598983163983088	1.1011751296631622	0.05918098054682035	46.86898284711764	0.030701808789972605
3.8421930618688322	0.01	0.007	0.007	0.007	0.01	0.022527595095250763	0.024301080559338255	0.03427500044235545	0.020933528265700715	0.004039007750533183	1.0245330713522594	1.5038029061888347	2.615365133835108	1.1070828264427277	0.06010454056627014	46.29412503138936	0.030636367911219816
3.9048225339946354	0.01	0.007	0.007	0.007	0.01	0.02224598164840811	0.02399729898389696	0.03380504303737438	0.020646450598741404	0.003997578122078123	1.031762724955228	1.5112210137824567	2.6315151501447347	1.1128358096790751	0.061021760093837495	45.7165871585942	0.030569941583396654
3.9685920291750056	0.01	0.007	0.007	0.007	0.01	0.021962860738147242	0.023691891249855594	0.03333319684622327	0.020358219389185923	0.003954557547174607	1.0389338993931578	1.5184569243952688	2.647440000246305	1.1184348551360836	0.061932812109721055	45.1359389347314	0.030502454100827137
4.033594443617064	0.01	0.007	0.007	0.007	0.01	0.02167797592928275	0.023384580735054145	0.03285905214986357	0.02006858446347009	0.003909934564899673	1.0460513189288296	1.525512004491822	2.6631480254477595	1.1238809979335762	0.06283798421112477	44.55165392889586	0.030433815150097583
4.099942168699754	0.01	0.007	0.007	0.007	0.01	0.021391007428268185	0.023075022471359476	0.03238209679665503	0.019777233062785754	0.0038636833333569056	1.0531208856240462	1.532388174468863	2.6786497185403544	1.1291756568826496	0.06373771725249143	43.96307567600273	0.030363914908052906
4.1677744479810785	0.01	0.007	0.007	0.007	0.01	0.021101546752898343	0.022762775820359953	0.03190167506107506	0.01948376471561161	0.003815758394177711	1.0601501711352284	1.539088191718421	2.6939586587097644	1.1343208369456035	0.06463266561817109	43.36936569537641	0.030292616595283837
4.237269044896451	0.01	0.007	0.007	0.007	0.01	0.020809056146859697	0.022447260693022775	0.03141692166359535	0.01918765093728307	0.003766086303779888	1.0671492121732913	1.5456161243139535	2.7090930349724793	1.1393194698118625	0.06552379516451569	42.76942020537793	0.03021974464382032
4.308661954910215	0.01	0.007	0.007	0.007	0.01	0.020512799299255043	0.022127682815455605	0.03092664903268169	0.0188881663677117	0.0037145513970193856	1.0741318817127106	1.5519781950661948	2.7240782918734543	1.1441760238079448	0.06641255272704227	42.161727956161556	0.030145064668523593
4.382283680796503	0.01	0.007	0.007	0.007	0.01	0.020211712479741715	0.021802894719811446	0.03042913739457347	0.01858426055230121	0.0036609694311820393	1.0811184661175326	1.5581844213167526	2.7389521401567896	1.148897694659412	0.06730118584050296	41.54410579832289	0.03006824653715101
4.458634348799155	0.01	0.007	0.007	0.007	0.01	0.01990413480001947	0.021471104772016105	0.029921694937149457	0.018274289274952494	0.0036050327255819923	1.0881411171555815	1.5642521969273748	2.753775237996881	1.1534970188153253	0.06819342129785372	40.913145191470136	0.029988787748556223
4.538569477765705	0.01	0.007	0.007	0.007	0.01	0.01958713384581632	0.021129149717758783	0.029399557026428616	0.01795534215805247	0.0035461738901850855	1.0952576309720707	1.5702156294522793	2.7686583902605166	1.157998715975427	0.06909618513851486	40.26282846516713	0.029905823568976676
4.623925267529411	0.01	0.007	0.007	0.007	0.01	0.01925421056209034	0.020770018897682246	0.028852135778517377	0.01762095175197719	0.0034831055271190474	1.1025988715953339	1.576158663921249	2.7838568734715343	1.1624640677781968	0.07002553872417652	39.579819581610494	0.029817486698515583
4.721619519476971	0.01	0.007	0.007	0.007	0.01	0.01888010456950095	0.02036646345559398	0.02823816752417893	0.01724591258271962	0.0034107951268885638	1.1106857498487859	1.5824420067730423	2.8004048963113775	1.167158506663976	0.07104644368280735	38.812287564148356	0.029716700631892915
4.815530042020574	0.01	0.007	0.007	0.007	0.01	0.01852734482437303	0.019985934536055433	0.02766038269626234	0.016892977150152737	0.0033413021956253653	1.118153446629077	1.5879801055303657	2.8154921086098095	1.1712691101562251	0.0719859396346023	38.08851629091311	0.029620139186879592
4.895673525234217	0.01	0.007	0.007	0.007	0.01	0.018231518546519814	0.019666820813526154	0.027176723295882704	0.01659753850478851	0.003282078467680502	1.124297669091604	1.5923320027013852	2.827755988198088	1.17447786932099	0.07275616112373202	37.48153178979365	0.029537981581213447
4.973088472885792	0.01	0.007	0.007	0.007	0.01	0.017950251801933843	0.01936341272969745	0.026717617820222767	0.016317099224360105	0.003225030384952028	1.1300393236278312	1.5962199397225978	2.8390862974122424	1.1773254070985733	0.0734733119255341	36.90439874784226	0.029458837465705278
5.049748388500891	0.01	0.007	0.007	0.007	0.01	0.017676006488030905	0.019067578775783422	0.02627068627463502	0.016044097051531904	0.0031687546489817787	1.135543491900402	1.599774206590944	2.849822718218475	1.1799096023668019	0.07415813515237214	36.34165194829544	0.02938067421534432
5.125464703822388	0.01	0.007	0.007	0.007	0.01	0.017409251946209924	0.01877982523771733	0.025836646310536365	0.01577897030526538	0.003113431987143833	1.140807998640019	1.6030051706552901	2.8599699564991217	1.182239702819471	0.07481041926779443	35.7942558900879	0.029303676649351337
5.200230992021616	0.01	0.007	0.007	0.007	0.01	0.01714979677728066	0.018499945650600917	0.025415138551778047	0.015521499414545155	0.003059101952012447	1.1458438231632948	1.6059317068250267	2.8695583228805006	1.184331095127414	0.07543161718762417	35.261819247574515	0.029227843193411596
5.274167215009509	0.01	0.007	0.007	0.007	0.01	0.016897026698777212	0.01822727737734821	0.025005120504083003	0.015271047540533954	0.003005706570473997	1.150669519680002	1.6085760539640885	2.8786317438038376	1.1862013962220102	0.07602412280562865	34.74308276467181	0.029153044641794138
5.347385205586974	0.01	0.007	0.007	0.007	0.01	0.016650385440722382	0.017961220359963	0.024605649966626644	0.015027039113225598	0.0029531900650204505	1.155301627576314	1.6109577012943537	2.887229123647495	1.1878660255731288	0.07659007426890668	34.23690605410199	0.02907916134178395
5.419981603073003	0.01	0.007	0.007	0.007	0.01	0.016409394324297902	0.0177012582394087	0.02421591580320888	0.014788978626530598	0.002901504740499879	1.1597544453474633	1.6130935272639841	2.8953841179139306	1.1893383448958494	0.07713132671968985	33.74230780641956	0.029006090151035085
5.492038966707079	0.01	0.007	0.007	0.007	0.01	0.016173643577714735	0.017446948987886447	0.023835222867649088	0.014556441429238783	0.002850610682760904	1.1640403391883518	1.6149982298405197	2.9031259083167296	1.1906300020000171	0.07764949162341644	33.2584479978408	0.02893374309664923
5.563627859696158	0.01	0.007	0.007	0.007	0.01	0.015942781224683983	0.017197912922632997	0.023462973182295566	0.014329062227437307	0.0028004746171903278	1.1681700696118908	1.616684716082926	2.910479973685725	1.191751237917671	0.078145978159833	32.7846051108474	0.028862045089517823
5.634808836205205	0.01	0.007	0.007	0.007	0.01	0.015716503152051496	0.016953821991701718	0.02309864920185761	0.01410652486087745	0.002751068749515499	1.1721530705909877	1.6181644201121486	2.9174687375989605	1.1927111364854626	0.07862202852233806	32.32015576953091	0.02879093177391337
5.705634147051032	0.01	0.007	0.007	0.007	0.01	0.015494544822097923	0.016714390833872463	0.022741799881938436	0.013888553792678652	0.0027023697502154722	1.1759976776832208	1.619447557033131	2.924112093245166	1.1935178232242152	0.07907874671334202	31.86455774605231	0.028720347691957308
5.776149118122725	0.01	0.007	0.007	0.007	0.01	0.01527667462110056	0.016479369603626403	0.022392029505109316	0.013674907283531343	0.002654357931668876	1.1797113101333994	1.620543324396683	2.930427821505417	1.1941786230468618	0.07951712150327274	31.417336321970254	0.02865024480219241
5.846393487657632	0.01	0.007	0.007	0.007	0.01	0.015062687831135816	0.01624853746841879	0.02204898761020356	0.013465371239878609	0.0026070164343461595	1.1833006281884562	1.6214600658404943	2.936431944540806	1.1947001877045316	0.07993804613676296	30.978071925847065	0.02858058106208552
5.916402236943791	0.01	0.007	0.007	0.007	0.01	0.014852402564251327	0.016021698222798263	0.021712362153259335	0.013259755036140315	0.002560330746011229	1.1867716458218172	1.622205397458586	2.942138985915004	1.1950885948875394	0.08034233251035174	30.546391796594303	0.028511319532779245
5.98620579572776	0.01	0.007	0.007	0.007	0.01	0.01464565782956468	0.015798678203357095	0.021381876138392087	0.013057889456486367	0.0025142886202189534	1.1901298004928709	1.6227863077766833	2.9475621474815807	1.195349427952166	0.08073072017088741	30.121966023706577	0.028442428113937965
6.055831344150889	0.01	0.007	0.007	0.007	0.01	0.014442308540633705	0.015579320903084991	0.021057279399964723	0.012859621674999596	0.00246887925653995	1.1933800666438563	1.6232092519387562	2.952713547099624	1.1954878477042232	0.08110389023815258	29.70449730492681	0.028373878204650316
6.125303011818371	0.01	0.007	0.007	0.007	0.01	0.014242224052887137	0.015363485393672289	0.020738346079821363	0.012664813714524192	0.0024240932137542365	1.1965270049937882	1.6234802185814576	2.9576043409570296	1.1955086456019761	0.08146247168594746	29.293717949223	0.02830564446590601
6.194642417717344	0.01	0.007	0.007	0.007	0.01	0.014045285831181604	0.015151043809460446	0.020424870743914688	0.01247334007446972	0.0023799220928089854	1.1995748218501125	1.623604789055867	2.9622448552182954	1.1954162898014953	0.081807048679628	28.889385093116545	0.028237704253148393
6.263868991525902	0.01	0.007	0.007	0.007	0.01	0.013851385890488361	0.014941879665383143	0.02011666576099473	0.012285086129529834	0.0023363583609418716	1.2025274123100946	1.6235881856657728	2.9666446856891993	1.195214963037455	0.08213816595660636	28.49127750339054	0.028170037270553897
6.33300024982416	0.01	0.007	0.007	0.007	0.01	0.01366042546538544	0.01473588642172379	0.01981355906720006	0.012099946764138444	0.0022933952021308222	1.205388396990541	1.6234353124683076	2.970812782421973	1.194908594664348	0.08245633338970014	28.099192848915102	0.028102625274284233
6.402052074828307	0.01	0.007	0.007	0.007	0.01	0.013472313761486021	0.014532966137258553	0.01951539207987513	0.011917825098096142	0.002251026365237641	1.2081611549762112	1.6231507897190485	2.974757524072163	1.1945008876036414	0.08276203004735957	27.712945140139187	0.028035451777587067
6.471038905665448	0.01	0.007	0.007	0.007	0.01	0.013286967024525987	0.014333028465064563	0.019222018131808776	0.01173863153009157	0.0022092460663540275	1.2108488498617538	1.6227389831480483	2.97848677819481	1.1939953413904953	0.08305570741594338	27.332362820329408	0.027968501844912376
6.539973930325169	0.01	0.007	0.007	0.007	0.01	0.013104307668116306	0.014135989711610666	0.01893330101158029	0.011562282846048958	0.0021680488901842866	1.2134544531853584	1.6222040289289772	2.9820079545264955	1.193395271771554	0.08333779227759872	26.95728697687682	0.027901761888318923
6.608869228899322	0.01	0.007	0.007	0.007	0.01	0.012924263585247798	0.013941772094065379	0.018649113806177665	0.011388701512117476	0.0021274297208634	1.215980763692603	1.6215498552360417	2.985328049562427	1.1927038276994775	0.08360868908125353	26.587569929575146	0.027835219513768546
6.677735900782985	0.01	0.007	0.007	0.007	0.01	0.012746767544754924	0.013750303089251669	0.018369337887255716	0.011217815055406845	0.0020873836819015295	1.218430424151032	1.6207802009173495	2.988453685382764	1.1919240060596492	0.08386878200633532	26.223073993079133	0.027768863385029183
6.746584176338586	0.01	0.007	0.007	0.007	0.01	0.012571756665258262	0.013561514866179259	0.018093862027814545	0.011049555524393129	0.0020479060850701796	1.2208059360085177	1.619898631730024	2.9913911434887264	1.1910586644847967	0.08411843675764229	25.86367039822398	0.02770268310440931
6.815423513422426	0.01	0.007	0.007	0.007	0.01	0.01239917195988605	0.013375343794927746	0.017822581637467503	0.010883859021766836	0.002008992387970106	1.2231096721542354	1.6189085545316908	2.994146394320269	1.1901105325719536	0.08435800212549177	25.50923835848561	0.02763666910966137
6.884262683645472	0.01	0.007	0.007	0.007	0.01	0.012228957934545627	0.013191730013294788	0.01755539808809219	0.010720665292493855	0.001970638157434655	1.22534388815727	1.6178132297030325	2.996725123215501	1.1890822217096597	0.08458781135641147	25.15966424623162	0.027570812582131416
6.953109844054197	0.01	0.007	0.007	0.007	0.01	0.012061062246386181	0.01301061705837387	0.01729221813937115	0.010559917372894571	0.0019328390411201778	1.2275107320145189	1.6166157821496685	2.9991327531084155	1.1879762338030648	0.084808183342837	24.81484089242986	0.027505105370082893
7.021972589855469	0.01	0.007	0.007	0.007	0.01	0.011895435428315159	0.012831951569385356	0.017032953472410607	0.010401561305741514	0.0018955907492963493	1.2296122524549284	1.6153192112552177	3.001374464299269	1.186794969200899	0.08501942364265823	24.47466702188393	0.02743953993110658
7.090858024815276	0.01	0.007	0.007	0.007	0.01	0.01173203058793956	0.012655682962919098	0.016777520187247943	0.010245545833305196	0.0018588890268447158	1.2316504070568468	1.6139263993191302	3.0034552128576557	1.185540733372884	0.08522182545950681	24.139046635825494	0.027374109258550446
7.159772799283045	0.01	0.007	0.007	0.007	0.01	0.011570803200471005	0.012481763209537507	0.01652583845106377	0.010091822182453027	0.0018227296428178423	1.2336270687076853	1.6124401195190163	3.0053797461858793	1.1842157432763993	0.08541567043742095	23.80788858738816	0.02730880683960681
7.228723156979835	0.01	0.007	0.007	0.007	0.01	0.011411710893224906	0.01231014660131108	0.01627783213616921	0.00994034384350652	0.0017871083749994136	1.2355440317864659	1.6108630428213415	3.007152617409963	1.1828221328626753	0.08560122941288949	23.481106139730603	0.027243626605691126
7.297714967806641	0.01	0.007	0.007	0.007	0.01	0.011254713274518524	0.012140789567247718	0.016033428530009816	0.00979106639308845	0.0017520210016592971	1.2374030174517634	1.609197744392251	3.008778198061214	1.181361958210839	0.08577876306459543	23.15861661527432	0.027178562896666616
7.366753769569861	0.01	0.007	0.007	0.007	0.01	0.011099771752316417	0.011973650477662441	0.01579255803158948	0.009643947308678413	0.0017174632885982462	1.239205678743104	1.6074467090996059	3.0102606898261866	1.1798372019179844	0.08594852253193164	22.84034102381138	0.027113610417171082
7.435844786672992	0.01	0.007	0.007	0.007	0.01	0.01094684941434536	0.011808689514855301	0.015555153945712979	0.00949894584291687	0.0016834309877466088	1.240953604680021	1.6056123369517088	3.0116041347335822	1.1782497774811842	0.0861107499259144	22.52620381681439	0.027048764215132727
7.504992953214818	0.01	0.007	0.007	0.007	0.01	0.010795910904831462	0.011645868540145701	0.015321152273642643	0.009356022895720973	0.0016499198330491443	1.2426483241780373	1.6036969479344096	3.01281242463175	1.1766015331871897	0.08626567881372983	22.216132634758683	0.026984019656445566
7.574202963492462	0.01	0.007	0.007	0.007	0.01	0.01064692224935452	0.011485150904939397	0.015090491425161785	0.00921514083839963	0.0016169255231642053	1.2442913103148718	1.6017027855712587	3.013889310289173	1.174894254935861	0.08641353472402562	21.910057947808294	0.026919372374413626
7.643479258263784	0.01	0.007	0.007	0.007	0.01	0.010499850826411855	0.0113265014200544	0.014863112159624967	0.009076263477630396	0.001584443735129226	1.2458839827518517	1.599632021825552	3.014838408649941	1.173129670244713	0.08655453547436992	21.607912997840348	0.026854818279685742
7.712826061346937	0.01	0.007	0.007	0.007	0.01	0.010354665233873177	0.011169886211663317	0.014638957365275884	0.0089393559206554	0.0015524701133390064	1.2474277111735343	1.5974867602548486	3.015663210387923	1.1713094507688235	0.08668889158481795	21.309633524509213	0.026790353523287805
7.782247402459035	0.01	0.007	0.007	0.007	0.01	0.010211335191926189	0.011015272616599011	0.014417971896556388	0.008804384475898593	0.0015210002653924784	1.2489238181418718	1.5952690391507982	3.0163670865628784	1.1694352148342793	0.08681680662939004	21.015157566231665	0.02672597447290911
7.851747121627148	0.01	0.007	0.007	0.007	0.01	0.01006983148885821	0.010862629123868527	0.014200102478615919	0.008671316594628473	0.0014900297662186535	1.2503735813565195	1.5929808349503773	3.01695329456431	1.16750853021525	0.08693847752916091	20.72442534914612	0.026661677706536966
7.921328873515381	0.01	0.007	0.007	0.007	0.01	0.009930125929248032	0.010711925318766918	0.013985297616263704	0.008540120815335197	0.001459554161627188	1.2517782357861942	1.5906240654348436	3.017424983704416	1.165530916736977	0.08705409482989512	20.43737918100203	0.026597460006240838
7.990996164013798	0.01	0.007	0.007	0.007	0.01	0.00979219122087252	0.010563131760881096	0.013773507409589473	0.008410766651104937	0.0014295689575769797	1.2531389763000955	1.5882005915898603	3.017785200623377	1.1635038477638515	0.08716384301464059	20.153963219103243	0.026533318322359282
8.060752340716395	0.01	0.007	0.007	0.007	0.01	0.009656000958369642	0.010416219966467214	0.013564683519315278	0.008283224568446306	0.0014000696296902367	1.2544569592078259	1.5857122207715137	3.0180368939557285	1.1614287527943423	0.08726790071974089	19.87412343702379	0.02646924978048571
8.130600606420638	0.01	0.007	0.007	0.007	0.01	0.009521529562467136	0.01027116234289558	0.013358779064397698	0.0081574659247382	0.0013710516222718901	1.2557333041654266	1.5831607089264388	3.0181829188816507	1.1593070192654369	0.0873664409772341	19.597807500009665	0.026405251667268734
8.20054404656321	0.01	0.007	0.007	0.007	0.01	0.009388752196232898	0.01012793209830828	0.013155748485319255	0.008033462884722975	0.001342510341730105	1.2569690961944024	1.5805477620793422	3.018226041333181	1.1571399937565097	0.08745963145931775	19.32496459313867	0.0263413214036783
8.270585610336669	0.01	0.007	0.007	0.007	0.01	0.009257644772781981	0.009986503249933287	0.012955547548024198	0.007911188422900653	0.0013144411690235531	1.2581653867537967	1.5778750393486278	3.018168941832447	1.1549289844678885	0.08754763464520579	19.055545437390414	0.02627745656082722
8.34072813813686	0.01	0.007	0.007	0.007	0.01	0.0091281838759858	0.009846850538551817	0.01275813321521096	0.007790616244910251	0.0012868394527953489	1.2593231955643687	1.5751441541161801	3.0180142191724335	1.1526752621684224	0.08763060804180778	18.789502126933726	0.026213654833457414
8.410974356549001	0.01	0.007	0.007	0.007	0.01	0.009000346744993719	0.00970894941180178	0.012563463615753823	0.007671720768845281	0.0012597005156322438	1.2604435117683737	1.5723566762632588	3.017764393834105	1.1503800620309885	0.08770870435002912	18.52678809752544	0.026149914043215948
8.481326901250524	0.01	0.007	0.007	0.007	0.01	0.008874111209017519	0.009572775953828435	0.01237149793875703	0.0075544770605385295	0.0012330196492447048	1.2615272954722994	1.5695141331929594	3.017421911131953	1.1480445844687959	0.0877820716546281	18.26735799268491	0.026086232116631195
8.551788297989164	0.01	0.007	0.007	0.007	0.01	0.008749455699968602	0.009438306898916726	0.01218219644659326	0.007438860841517716	0.0012067921256494422	1.2625754785508503	1.5666180124016411	3.0169891443188406	1.145669997248624	0.08785085355892876	18.011167689848563	0.026022607101208205
8.62236099018785	0.01	0.007	0.007	0.007	0.01	0.008626359182154545	0.0093055195556535	0.01199552036210686	0.007324848420107173	0.0011810131903909212	1.2635889661197917	1.5636697620810154	3.01646839732555	1.1432574359852172	0.08791518936221668	17.758174156062182	0.025959037139328133
8.693047324538748	0.01	0.007	0.007	0.007	0.01	0.008504801158458043	0.009174391813593186	0.011811431872460825	0.007212416693770541	0.0011556780714471328	1.2645686373062912	1.5606707933255737	3.015861907553479	1.1408080059550731	0.08797521418658541	17.508335460844187	0.025895520480220386
8.763849578721143	0.01	0.007	0.007	0.007	0.01	0.008384761604078852	0.009044902071783684	0.011629894023447707	0.007101543084554675	0.00113078197262566	1.2655153465730828	1.5576224804955225	3.0151718482167764	1.1383227824009954	0.08803105913597212	17.261610640163983	0.025832055454036003
8.834769937572755	0.01	0.007	0.007	0.007	0.01	0.008266220990388635	0.008917029264499521	0.011450870750640278	0.006992205558108678	0.0011063200853524697	1.2664299242700434	1.5545261636737675	3.0144003309710787	1.1358028125482609	0.08808285140428859	17.01795974561878	0.025768640492325176
8.905810511450865	0.01	0.007	0.007	0.007	0.01	0.008149160236865276	0.008790752809392406	0.011274326801863037	0.006884382576327613	0.0010822875851708542	1.2673131777312008	1.5513831492656212	3.0135494080708476	1.1332491161030882	0.08813071441456384	16.777343745784815	0.02570527411061772
8.976973345286078	0.01	0.007	0.007	0.007	0.01	0.008033560681155159	0.008666052575196787	0.011100227687558577	0.006778053067033487	0.0010586796317689333	1.268165892175691	1.5481947108918737	3.0126210744320185	1.130662685993998	0.08817476794193851	16.539724464814324	0.025641954899519873
9.048260408778711	0.01	0.007	0.007	0.007	0.01	0.007919404080826259	0.008542908883621221	0.010928539679166247	0.0066731964229797035	0.0010354913751933323	1.2689888313389133	1.5449620910562551	3.0116172698225534	1.12804448974158	0.08821512821960355	16.30506458616587	0.02557868153264977
9.119673605442207	0.01	0.007	0.007	0.007	0.01	0.007806672584662683	0.008421302478383186	0.01075922976177334	0.006569792472928022	0.0010127179555512237	1.26978273830436	1.5416865019220902	3.010539880734066	1.1253954701037745	0.08825190805326494	16.07332759372158	0.02551545275777991
9.191214781710679	0.01	0.007	0.007	0.007	0.01	0.007695348705515897	0.008301214495923257	0.010592265589465535	0.006467821454374532	0.000990354502840714	1.2705483362838288	1.5383691260069878	3.009390742116029	1.1227165456566437	0.08828521692921011	15.844477716093989	0.025452267388044302
9.262885707583688	0.01	0.007	0.007	0.007	0.01	0.007585415338099806	0.008182626484601222	0.010427615508289495	0.006367264027569047	0.0009683961455474684	1.271286329061147	1.535011118144505	3.008171639479782	1.1200086123976845	0.08831516110514827	15.61847996331856	0.02538912431831225
9.334688109483384	0.01	0.007	0.007	0.007	0.01	0.007476855696225461	0.008065520336989748	0.010265248458593597	0.006268101215866618	0.0009468380028981115	1.2719974019633613	1.5316136049734548	3.0068843100786404	1.1172725433522057	0.08834184372144764	15.395299997931211	0.0253260224954814
9.406623641355752	0.01	0.007	0.007	0.007	0.01	0.007369653346064195	0.007949878325756329	0.010105134021481858	0.006170314434094323	0.0009256751960696794	1.27268222215449	1.5281776872578423	3.005530445029818	1.114509190463463	0.08836536488143724	15.174904203449948	0.025262960943273963
9.478693903309697	0.01	0.007	0.007	0.007	0.01	0.007263792166673331	0.007835683061081507	0.009947242356446598	0.0060738854504572785	0.000904902844710253	1.2733414393987446	1.5247044399431107	3.0041116905701166	1.1117193846558842	0.08838582174896725	14.957259603321527	0.025199938745137762
9.550900450838917	0.01	0.007	0.007	0.007	0.01	0.007159256326784775	0.007722917465620216	0.00979154416370247	0.005978796363531113	0.0008845160666006813	1.2739756866787497	1.5211949125853526	3.002629649349611	1.1089039362015762	0.08840330863617023	14.742333813290974	0.02513695503559727
9.623244775321288	0.01	0.007	0.007	0.007	0.01	0.007056030303723541	0.007611564794909876	0.009638010709431545	0.00588502961767609	0.000864509985341874	1.2745855805371282	1.517650131136885	3.0010858822485225	1.1060636361743843	0.0884179170811752	14.53009508038565	0.02507400901668656
9.69572831798929	0.01	0.007	0.007	0.007	0.01	0.006954098853456688	0.007501608605061528	0.009486613778262546	0.005792567974011199	0.0008448797283188058	1.275171721704735	1.5140710980848657	2.99948190948037	1.1031992565800544	0.08842973593276156	14.32051222142246	0.02501109994511496
9.768352459932387	0.01	0.007	0.007	0.007	0.01	0.00685344701563497	0.007393032758198514	0.009337325677991073	0.005701394513293395	0.0008256204312913245	1.275734695499359	1.5104587937217864	2.997819212133762	1.100311551393458	0.08843885142668842	14.11355463345667	0.024948227140340538
9.841118540965253	0.01	0.007	0.007	0.007	0.01	0.006754060078559097	0.007285821384664769	0.009190119184924522	0.0056114926025351095	0.0008067272351639229	1.2762750724361547	1.5068141759555884	2.996099233016576	1.0974012564265976	0.08844534726392381	13.909192221826649	0.024885389967618344
9.91402784964671	0.01	0.007	0.007	0.007	0.01	0.006655923585216822	0.0071799588895373094	0.009044967550368791	0.005522845898962705	0.0007881952905014122	1.2767934085841919	1.5031381815111409	2.9943233780827483	1.0944690903097398	0.08844930468149748	13.707395412640924	0.024822587846114973
9.987081613194134	0.01	0.007	0.007	0.007	0.01	0.006559023338506549	0.007075429958261197	0.008901844505842122	0.005435438353197425	0.0007700197616587245	1.277290245925778	1.4994317271299362	2.9924930178611553	1.0915157554675254	0.08845080252335154	13.508135163594321	0.024759820256983388
10.0	0.01	0.007	0.007	0.007	0.01	0.006542035517690586	0.0070571047325226404	0.0088767739144468	0.005420127367120541	0.0007668424200387884	1.277375807002985	1.4987739689784407	2.992164163818622	1.090991968302152	0.08845081741113482	13.473201789380253	0.02474873734152919
