0.0	0.01	0.007	0.007	0.007	0.01	0.0	0.0	0.0	0.0	0.0	0.0	0.0	0.0	0.0	0.0	100.0	0.035
0.007000389907201111	0.01	0.007	0.007	0.007	0.01	0.0029423728187076927	0.005715350030106866	0.0032918427447171266	0.001204705524794982	0.00015246424074008747	0.00015590115698552843	0.00035375542322533344	0.0002403088115096809	6.857943821920204e-5	4.711642317752178e-6	99.87712556636117	0.03499150950408035
0.011997004301158324	0.01	0.007	0.007	0.007	0.01	0.004932304090781247	0.009416767501868987	0.005527983427636078	0.00204273382767145	0.00023478020043916388	0.000450891413277066	0.0010113127010389217	0.000695845710933805	0.00019985777312680434	1.2876314332306605e-5	99.78951478052028	0.03498545056793727
0.01934241497528314	0.01	0.007	0.007	0.007	0.01	0.007700144412505857	0.014342413422809416	0.008652363283195562	0.003242523027734383	0.00032597214706228347	0.0011460795616609512	0.0025281869391338796	0.001771765560205993	0.0005136353042622427	3.025508791395718e-5	99.66085964221323	0.034976545366658056
0.02652910974843478	0.01	0.007	0.007	0.007	0.01	0.01023680022203816	0.01862602148358061	0.011531098310760433	0.004380292894248134	0.0003896575533082848	0.0021096632654081836	0.004580992601609012	0.0032667960612516676	0.0009555744340711129	5.1834791641510705e-5	99.53514495347403	0.034967834778239275
0.03503152091455438	0.01	0.007	0.007	0.007	0.01	0.013033240038919315	0.023088597889306336	0.014722939463260162	0.0056816846137486094	0.0004420475469255681	0.003586387836724174	0.007648393816063826	0.005564083882517136	0.001644629122569115	8.14407554814158e-5	99.38661960364236	0.034957532285325596
0.04396602036179927	0.01	0.007	0.007	0.007	0.01	0.015749440663241694	0.02715776131023683	0.017843079350613883	0.006998757231519704	0.0004786676960927251	0.005502071325587334	0.011521595729812645	0.008552792199125353	0.0025553937741762166	0.00011577891987061919	99.23078507258575	0.034946709495566504
0.05380175783422387	0.01	0.007	0.007	0.007	0.01	0.01849635358037092	0.03100160684631049	0.021020270474523046	0.008391076278070881	0.0005045670603172683	0.008006605170904332	0.016445959981119893	0.01247189586241943	0.0037698882550948358	0.00015604918253391987	99.05951379146765	0.03493479886746598
0.06423309441479465	0.01	0.007	0.007	0.007	0.01	0.021153851463627273	0.03445482208883551	0.024116957307870772	0.009804312702317112	0.0005214541637129463	0.01107568767407902	0.022309343081336138	0.017289411443907856	0.0052894890398972605	0.0002005043329317337	98.87819424130423	0.03492217143164102
0.07539597723959811	0.01	0.007	0.007	0.007	0.01	0.023731749337183413	0.03754878594987407	0.027144760545236974	0.011247410281096257	0.0005320534910596422	0.014785805921658653	0.029194207305214406	0.023131818291956277	0.007166713446261011	0.0002492329756258276	98.68452641250701	0.034908663493441836
0.087187999083682	0.01	0.007	0.007	0.007	0.01	0.026184092877816336	0.04025160283958276	0.030049456199091547	0.012697542061202367	0.0005382060167245366	0.01913450319981582	0.03703182903476605	0.030002173805442543	0.009416881777366487	0.00030139865578677246	98.4803554663998	0.03489439992397953
0.09965115670502298	0.01	0.007	0.007	0.007	0.01	0.028503340060611365	0.04258508944604205	0.032821088802008944	0.014151146228791864	0.0005414263394659235	0.02415834081720756	0.04582752036118817	0.03796532088573867	0.012076803863632345	0.00035687933755406136	98.26502339744647	0.034879330887094384
0.11276130386687278	0.01	0.007	0.007	0.007	0.01	0.030671923122510394	0.044564038755713915	0.03543717949982931	0.015596884341204844	0.0005427553027730404	0.029862723841018037	0.055533531904778846	0.04703707082609278	0.015168728768785365	0.0004153388494793516	98.03902108601801	0.03486348660678596
0.12654485807231663	0.01	0.007	0.007	0.007	0.01	0.03268483259329808	0.046218028348534654	0.037889704079782434	0.017029572437596435	0.0005429050599385594	0.03626761110858187	0.06613166703815267	0.05725637592573962	0.01872406687318751	0.000476726054892326	97.80197059209311	0.034846836241182885
0.14101419700609089	0.01	0.007	0.007	0.007	0.01	0.03453698417756703	0.04757674623838876	0.04017013269186487	0.018442541338037972	0.0005423326768374604	0.043382453295213716	0.07759036878023201	0.06864545660983913	0.022769923795458346	0.0005409701875891816	97.55374255602118	0.03482936601122597
0.15620284975742343	0.01	0.007	0.007	0.007	0.01	0.03622807296663416	0.04867280332126001	0.04227543430355956	0.019831252223076523	0.0005413219364061993	0.051222965856956355	0.08989318479179521	0.08123642762871583	0.0273382454284423	0.0006081223962748424	97.2938521167476	0.03481103670669622
0.17214578862500762	0.01	0.007	0.007	0.007	0.01	0.03775911794378772	0.04953783925910411	0.04420397491141348	0.021191091944632222	0.0005400440651295726	0.05980280255683393	0.10302502056815395	0.09505793569700718	0.03246117415811783	0.000678256286746134	97.02179998081395	0.03479180752397054
0.18889013823350764	0.01	0.007	0.007	0.007	0.01	0.03913325400669154	0.05020237075320503	0.04595659008124963	0.022518228121607007	0.0005386018884546157	0.06913959626571338	0.11698154276952633	0.11014478432638354	0.03817456031326136	0.0007515068809173862	96.73689147079936	0.0347716231756173
0.20648926208529012	0.01	0.007	0.007	0.007	0.01	0.04035466943596572	0.05069466688155504	0.04753533871345304	0.023808922740866698	0.0005370618705431344	0.07925237715111001	0.13176480612357477	0.1265337296706342	0.044516508867889534	0.0008280389000009092	96.43834055827787	0.03475042106785265
0.2250061496683261	0.01	0.007	0.007	0.007	0.01	0.04142858917455636	0.05104050049368831	0.048943547657006675	0.025059678213870677	0.00053547665632571	0.09016372019616894	0.14738611879757277	0.14426688369471996	0.05152873528128844	0.0009080585434953529	96.12521539985892	0.03472812726375212
0.24451166734387125	0.01	0.007	0.007	0.007	0.01	0.04236088789088715	0.05126287535231595	0.050185372895944845	0.02626698510696104	0.0005339028816514922	0.10189890352741295	0.16386438109105253	0.1633902815253148	0.059256089001342896	0.0009918051587491858	95.79647175379688	0.034704658645249076
0.2650854862238097	0.01	0.007	0.007	0.007	0.01	0.04315797679976765	0.05138200062677229	0.051265701397372	0.027427298846420888	0.0005324166079264283	0.11448643033928368	0.18122645220286682	0.18395463821239763	0.06774687854643931	0.0010795572457552448	95.45094135002431	0.03467992185591813
0.2868150674102757	0.01	0.007	0.007	0.007	0.01	0.04382664103423203	0.05141533681118541	0.05218998114011344	0.02853691935808505	0.0005311290402934222	0.12795727353818137	0.19950572660611016	0.20601400549175047	0.07705229278808608	0.0011716334659023426	95.08735350032453	0.03465381458894321
0.30979461403815317	0.01	0.007	0.007	0.007	0.01	0.04437395875617952	0.051377732646703214	0.05296415393803287	0.02959193030670057	0.0005302039262349846	0.14234395899373295	0.21874058196759966	0.22962412922813238	0.08722555958406596	0.0012683982431355067	94.70435738773205	0.03462622691769402
0.33412120521003663	0.01	0.007	0.007	0.007	0.01	0.04480722494752856	0.0512816235280427	0.05359458977709199	0.030588088630762088	0.000529877552163435	0.1576777908940494	0.23897044303307843	0.254837719718547	0.09831957042146156	0.0013702620534073074	94.30059112371275	0.03459704600778994
0.35988414798583784	0.01	0.007	0.007	0.007	0.01	0.045133900679052895	0.05113731893326164	0.05408804551195512	0.031520616809280595	0.0005304805989969258	0.17398173047888624	0.26022637531170945	0.2816925099685476	0.11038089387557273	0.0014776624454980135	93.874861416996	0.03456616893779327
0.3871348013880683	0.01	0.007	0.007	0.007	0.01	0.04536162362253777	0.05095347772886263	0.05445167988309625	0.032383710691343055	0.0005324566609354894	0.19125098499828141	0.2825062843884083	0.31017895516252963	0.1234336421420907	0.0015909752020048732	93.42663896623337	0.034533538825518656
0.4158146746722044	0.01	0.007	0.007	0.007	0.01	0.045498504001147556	0.05073797106839376	0.05469341379350939	0.03316970444862562	0.0005363590839935255	0.20940776809819733	0.3057181854335556	0.34016513041306773	0.137441397159115	0.001710261777857419	92.95721974656838	0.034499230623488183
0.4456597267346945	0.01	0.007	0.007	0.007	0.01	0.04555412364122636	0.05049899309793775	0.05482330176028951	0.03386920427436832	0.0005427912520790799	0.2282430403157398	0.3296088377884839	0.3712999873066578	0.15225504286945857	0.0018349090708562313	92.47123349803928	0.03446356476935688
0.4762463622235842	0.01	0.007	0.007	0.007	0.01	0.045540630364830845	0.05024491551048839	0.05485538737911852	0.03447522989495779	0.0005523032018351275	0.24745084617940483	0.35380996289988476	0.4030700968931153	0.16763163397217104	0.001963812604494288	91.97580770353382	0.03442705095502451
0.5072158371316335	0.01	0.007	0.007	0.007	0.01	0.04547164380857466	0.04998241112427723	0.0548067277770999	0.03498804988742154	0.0005653495968206521	0.2667745403318503	0.37802092478316585	0.4350425272739984	0.1833500896720861	0.0020962616264451773	91.4768851679756	0.03439011952860501
0.5383415444102801	0.01	0.007	0.007	0.007	0.01	0.04535987203918639	0.049715910920429415	0.05469408375540188	0.03541355373577819	0.0005822946457443193	0.28604965267150084	0.4020575086486207	0.46693712625226924	0.19925310611883873	0.002232174639220223	90.97817260040084	0.03435304171163677
0.5694905511009367	0.01	0.007	0.007	0.007	0.01	0.04521592668012479	0.049448157969511415	0.054531976395517524	0.03576007512538271	0.0006034169376657514	0.3051779867939725	0.4258161545573482	0.4985844199482809	0.21523311038263038	0.0023719079220676695	90.48180864231318	0.034315976160207394
0.6005884348659445	0.01	0.007	0.007	0.007	0.01	0.04504817880931317	0.049180780559628635	0.05433221726818171	0.03603651148223972	0.0006289150662569647	0.3241035517999311	0.44924277526195633	0.5298859996397558	0.23121664974374204	0.0025160864406119383	89.98896077137387	0.0342790113360229
0.6315986438788171	0.01	0.007	0.007	0.007	0.01	0.04486302141342642	0.04891468720296505	0.05410408472400872	0.03625142083893189	0.0006589165223812962	0.3427978855195744	0.4723144203028518	0.5607901797180788	0.24715442923998493	0.0026655024440665693	89.50017557256737	0.03424219037729299
0.6625099812040219	0.01	0.007	0.007	0.007	0.01	0.044665234676877816	0.04865032460532044	0.053854709863297226	0.03641262330089998	0.0006934883071097876	0.3612508392429057	0.4950281658459124	0.5912765843242177	0.2630146875633793	0.002821054003338907	89.01559102021234	0.03420552617950167
0.6933284485603977	0.01	0.007	0.007	0.007	0.01	0.04445833753158767	0.048387844968539574	0.053589491302612945	0.036527060531185325	0.0007326475732531634	0.37946444298331233	0.5173939489788355	0.6213458027345081	0.27877846369553566	0.002983706415093174	88.5350742613444	0.034169011216382404
0.7240716605291819	0.01	0.007	0.007	0.007	0.01	0.044244886684724975	0.04812721464974129	0.05331246921771077	0.03660078754261931	0.0007763712170226329	0.39744867407518797	0.5394297529178339	0.6510122035538026	0.2944360778916538	0.00315446758351595	88.05831527758927	0.034132624256578065
0.7547650223699753	0.01	0.007	0.007	0.007	0.01	0.04402671547983505	0.04786828410565072	0.053026636498730725	0.03663902962804331	0.0008246040873804943	0.4152185545118787	0.5611583815544007	0.6802989722332586	0.3099845305465983	0.0033343729505053645	87.58489045936878	0.03409633495294475
0.7854390901855008	0.01	0.007	0.007	0.007	0.01	0.0438051184083708	0.04761083299778848	0.05273418696847348	0.03664626684625391	0.000877265702600029	0.43279215343494626	0.5826052872628396	0.7092346747995062	0.32542557185397447	0.0035244766825458813	87.11430609933288	0.03406010700686824
0.8161278187617677	0.01	0.007	0.007	0.007	0.01	0.04358099031039221	0.04735459871416172	0.05243670791184223	0.03662632588029137	0.0009342556961004656	0.4501892579484654	0.6037971622093116	0.7378509538700367	0.34076430666426294	0.0037258474381826005	86.64602703295807	0.034023900265952874
0.846867426961127	0.01	0.007	0.007	0.007	0.01	0.043354930041191606	0.047099294190655706	0.052135327100827744	0.03658246862431111	0.0009954581794140405	0.4674305056251555	0.6247610467737543	0.7661810109920019	0.35600819402414435	0.003939567277715757	86.17949506402994	0.033987672081374896
0.8776956998337453	0.01	0.007	0.007	0.007	0.01	0.043127317014072436	0.04684461876442954	0.05183082394807083	0.036517472624279804	0.0010607452272724878	0.48453683807644055	0.6455237912684214	0.7942586381392592	0.37116633909465824	0.004166732803544916	85.71414027412472	0.03395137814328626
0.9086516619201834	0.01	0.007	0.007	0.007	0.01	0.042898366929084886	0.04659026396681748	0.05152371238525035	0.03643370144901995	0.0011299798084289058	0.5015292102212834	0.6661117983682887	0.8221176855525814	0.38624903011589823	0.004408458436279954	85.24938645962206	0.03391497287522855
0.9397754557181347	0.01	0.007	0.007	0.007	0.01	0.04266817248285323	0.04633591646446202	0.05121430282902276	0.03633316495512687	0.0012030181731093308	0.5184284417892046	0.6865509142407411	0.849791775026656	0.4012674237617218	0.004665881007532975	84.78465338721303	0.03387840958582579
0.9711084768565411	0.01	0.007	0.007	0.007	0.01	0.04243673216924522	0.04608125823815468	0.05090274726496083	0.03621756983496661	0.0012797120751229486	0.5352552240332282	0.7068664886788713	0.8773142761613275	0.4162333904699336	0.0049401664481031815	84.3193552253209	0.033841640319166595
1.0026936342239154	0.01	0.007	0.007	0.007	0.01	0.042203970768362686	0.04582596540785371	0.050589072272678635	0.0360883616412114	0.001359910735385786	0.5520301970776392	0.7270835051004084	0.9047184037634409	0.4311594428862792	0.005232517977990694	83.85289724134613	0.03380461556058345
1.0345758283032862	0.01	0.007	0.007	0.007	0.01	0.04196975279570278	0.04556970515681932	0.05027320176548363	0.03594675893619299	0.0014434629082151636	0.5687741382821637	0.7472268315311189	0.9320374998428465	0.4460587805312456	0.005544187062608818	83.38466947418412	0.03376728368991834
1.0668025706621447	0.01	0.007	0.007	0.007	0.01	0.04173389094649249	0.04531213153696989	0.04995497227554849	0.035793780736358964	0.0015302189618525512	0.585508210451762	0.7673215320675821	0.9593054140448655	0.4609454020029672	0.005876487063766271	82.9140386353583	0.03372959027447871
1.0994248517635719	0.01	0.007	0.007	0.007	0.01	0.0414961498503451	0.045052879414427656	0.04963414131134113	0.03563026762780188	0.001620033297559739	0.6022543168708321	0.787393295880015	0.986557056921399	0.47583432307610485	0.006230811299784602	82.44033677826515	0.0336914770780874
1.132498268054593	0.01	0.007	0.007	0.007	0.01	0.04125624590597648	0.044791556591872304	0.04931038992630878	0.03545689715798914	0.0017127671549669406	0.6190355567230473	0.8074689754219461	1.0138291129174963	0.4907418913103701	0.006608656608967975	81.96284673751755	0.033652880776111366
1.1660845787181742	0.01	0.007	0.007	0.007	0.01	0.04101384263005626	0.04452773289131961	0.048983318833192215	0.035274193206845175	0.001808292237273641	0.6358768533206736	0.8275773190498396	1.041161027890733	0.5056862574717436	0.007011655550130097	81.48078207600244	0.03361373118095519
1.2002538051273908	0.01	0.007	0.007	0.007	0.01	0.04076854127919098	0.0442609254904162	0.04865243783438956	0.03508252913783421	0.0019064953839637649	0.6528057907623053	0.847749937427594	1.0685963248854669	0.5206880304632087	0.007441620437127565	80.99326022327251	0.033573948851398715
1.235087282986491	0.01	0.007	0.007	0.007	0.01	0.04051986433509633	0.04399057755846118	0.04831714541541084	0.034882122769472904	0.002007285273163417	0.6698538326969935	0.868022705606722	1.096184524090564	0.5357712633479427	0.007900606949402382	80.49926339236777	0.0335334416158107
1.2706821400594113	0.01	0.007	0.007	0.007	0.01	0.04026722907769216	0.04371602692968597	0.047976694870861425	0.03467302058666542	0.0021106021835461653	0.6870581054430688	0.8884378082836334	1.123983952753592	0.5509649222424668	0.0083910079028507	79.99758130323042	0.03349209947167998
1.307158296375394	0.01	0.007	0.007	0.007	0.01	0.040009904229288025	0.043436457005464134	0.047630137649204485	0.03445506480351588	0.0022164333686967696	0.7044641969160181	0.9090469485820875	1.152066159935017	0.566305221962784	0.008915699224090067	79.48672143692028	0.03344978660745165
1.3446700615005553	0.01	0.007	0.007	0.007	0.01	0.03974693624048057	0.04315081516323903	0.04727622604578158	0.034227830720653246	0.002324838873001519	0.7221308190194263	0.9299166954560075	1.18052327711212	0.5818395491934065	0.009478280503541306	78.96475991129611	0.033406328176344494
1.3834269537573967	0.01	0.007	0.007	0.007	0.01	0.039477014963004105	0.04285766571753243	0.04691323490641979	0.033990505980107374	0.002435998729477097	0.7401382387602843	0.9511381646495559	1.2094813422417028	0.597633597781467	0.010083503443207523	78.42907274959903	0.03336148653381889
1.4237353394322527	0.01	0.007	0.007	0.007	0.01	0.039198202448427845	0.04255489455729666	0.04653860057126315	0.03374163998560747	0.002550309354096037	0.7586052828510949	0.9728465743287213	1.239127202828655	0.6137858203250904	0.010738120390435925	77.87579608140787	0.033314913669465276
1.4660978611043778	0.01	0.007	0.007	0.007	0.01	0.03890728042268178	0.042239000005471254	0.04614805056186413	0.033478533984286254	0.002668619675420652	0.777730381900447	0.9952685462443024	1.2697735431220112	0.6304624413735709	0.01145288154788655	77.29853014992426	0.03326603749674438
1.5115166375779776	0.01	0.007	0.007	0.007	0.01	0.0385977500464525	0.041902920682584964	0.04573293302755807	0.03319536342919109	0.002792966869323608	0.7979178350272923	1.0188678700305525	1.302059151321779	0.6480054556413107	0.01224855355637368	76.68436965118403	0.03321371478993357
1.5631714904237541	0.01	0.007	0.007	0.007	0.01	0.03824869797854773	0.041523947334813065	0.045265338829250754	0.03287273391372128	0.002930748799584488	0.8204842792803504	1.045162814830487	1.338070990396456	0.6675386344990003	0.013188683741866705	75.99181237018531	0.033154308098927596
1.6188210559063947	0.01	0.007	0.007	0.007	0.01	0.03787617300412944	0.04111950230789046	0.04476693138046851	0.03252529453287723	0.003074311810086063	0.8443364141779949	1.0728544297171334	1.3760421875237265	0.6880910027420373	0.014241104693122496	75.25269367603724	0.03309042610331092
1.665533990515179	0.01	0.007	0.007	0.007	0.01	0.03756626854556193	0.04078305027742019	0.0443528114663424	0.0322343036230675	0.0031905853818066893	0.863996832174025	1.0955984597616184	1.407267196828996	0.7049553768797294	0.015154239529987927	74.63782109773202	0.03303689780046216
1.7140062656782729	0.01	0.007	0.007	0.007	0.01	0.037247370032320766	0.04043683793175298	0.043927160623163826	0.03193339477870174	0.003306867559778424	0.8840551392115699	1.1187246411747644	1.4390542130228434	0.7220868063492767	0.016128526300217102	74.00510151485348	0.03298144501183861
1.7596531188427444	0.01	0.007	0.007	0.007	0.01	0.036949534123102555	0.040113494799348136	0.04353007527007416	0.03165128301846301	0.0034121405947204557	0.9026304767599284	1.1400683930394928	1.4684266330643787	0.737882081503331	0.017069247064649323	73.41416744603362	0.03292930963626316
1.8052028645408977	0.01	0.007	0.007	0.007	0.01	0.03665470532850258	0.03979341797127587	0.04313743366984687	0.031371210761727004	0.0035129680799456655	0.920867825006862	1.1609536640365223	1.4972028441901568	0.75332241026716	0.01802879383043111	72.82919412414175	0.03287736732182335
1.8494624881194717	0.01	0.007	0.007	0.007	0.01	0.03637048077779192	0.039484854555037564	0.04275932740738415	0.031100616711585805	0.0036068245779294498	0.9383075149053132	1.1808584773304476	1.524661896654533	0.7680226499363406	0.018979585231377338	72.26525453416984	0.03282697467487385
1.8932954270035067	0.01	0.007	0.007	0.007	0.01	0.0360911688065401	0.03918162508682228	0.042388154632898176	0.030834263646267093	0.0036957297252674217	0.9553102328057371	1.20019958786822	1.5513765613622952	0.7822916009440007	0.019937676328031406	71.71105552818806	0.03277714396414979
1.9364192083983156	0.01	0.007	0.007	0.007	0.01	0.03581846954776005	0.038885575031564375	0.042026153115927486	0.030573905971612105	0.0037792472484427415	0.9717807641858013	1.218872333747172	1.5772007957355938	0.7960528203331815	0.020894913261351077	71.1699704238751	0.0327281932636046
1.9791561828821547	0.01	0.007	0.007	0.007	0.01	0.03555024980357876	0.038594388364338074	0.04167047052635872	0.030317612303267176	0.0038581507000012777	0.987855762415001	1.2370351268383326	1.6023522374471981	0.8094238479839838	0.02185662084150798	70.63776668665612	0.03267975376023181
2.0214728752038282	0.01	0.007	0.007	0.007	0.01	0.03528664747825365	0.038308214691391396	0.04132127338649618	0.03006559576871455	0.0039325043852692105	1.0035332416864764	1.2546885129311822	1.6268305220825536	0.8224057625828625	0.022820468887441554	70.1147180870828	0.03263186125793492
2.063515533214677	0.01	0.007	0.007	0.007	0.01	0.03502668857785284	0.03802599654848772	0.04097725682882076	0.02981698973079234	0.0040026880552260944	1.0188767385306512	1.2719065390284203	1.6507373218084298	0.8350536590345986	0.023788353174800183	69.59889216230249	0.03258434840461542
2.105313604528119	0.01	0.007	0.007	0.007	0.01	0.0347701412268309	0.0377474821586687	0.04063810187452398	0.029571623706010873	0.004068860508114123	1.033904655110497	1.2887119474205506	1.6741034042337093	0.8473848134253322	0.02475966505902709	69.08982897276789	0.03253718053895978
2.1469480920471757	0.01	0.007	0.007	0.007	0.01	0.03451646670673204	0.03747208664386808	0.04030308577782199	0.02932902364853813	0.004131253250921808	1.048652693349875	1.3051464966056443	1.6969861370444725	0.8594303944598466	0.025735106274444513	68.58645970511844	0.03249026515092749
2.1884588387596544	0.01	0.007	0.007	0.007	0.01	0.03426538939898673	0.03719951076431533	0.0399718356189584	0.029088959284940718	0.004190020631276878	1.0631404404214337	1.3212335750935442	1.7194175223406603	0.8712080226495014	0.02671452539488024	68.08823758981738	0.03244355654508566
2.2298990535116032	0.01	0.007	0.007	0.007	0.01	0.03401656118391714	0.03692937657805147	0.03964388443744014	0.028851124896521353	0.004245326614875431	1.0773911060517474	1.3370003096176157	1.741434920055312	0.8827379985059635	0.027698168493722964	67.59447197093185	0.03239699428118291
2.271304775319713	0.01	0.007	0.007	0.007	0.01	0.03376974552565342	0.03666142728593574	0.039318913959312675	0.028615316644375194	0.004297301853688322	1.0914209548013045	1.3524658561317928	1.763064710564482	0.8940347343519401	0.02868594666869594	67.10469359155016	0.032350537515316156
2.312714118235586	0.01	0.007	0.007	0.007	0.01	0.033524700103929404	0.03639539981225759	0.03899659955048472	0.02838132135453819	0.004346072007657205	1.1052461513190777	1.3676490363478928	1.7843329257282408	0.9051123522758	0.029677878391081	66.61842169699774	0.032304143313593686
2.3541574331821	0.01	0.007	0.007	0.007	0.01	0.03328123472329339	0.03613108767143601	0.0386766863067911	0.028148972618057613	0.004391746239257309	1.118879525127599	1.3825647995279442	1.805260286783879	0.9159821053779859	0.03067384574409239	66.13527895060378	0.03225777766650776
2.3956638823764216	0.01	0.007	0.007	0.007	0.01	0.033039171347147976	0.03586829757929376	0.03835893627202496	0.02791811320313418	0.004434426459069598	1.1323328991571613	1.3972268179274827	1.8258658198273352	0.9266542796714441	0.03167374338873958	65.6549121276679	0.032211408086558674
2.4372585134885685	0.01	0.007	0.007	0.007	0.01	0.03279836064408075	0.035606867415714095	0.03804315004518029	0.02768861131186697	0.004474204938442827	1.1456162104654255	1.4116465491083359	1.8461655277105715	0.9371375159986814	0.032677401949760994	65.17702495254417	0.03216500686016592
2.4789646512126438	0.01	0.007	0.007	0.007	0.01	0.03255866735876579	0.035346650342612494	0.03772914743718789	0.027460346985053778	0.004511167714151367	1.1587383714053947	1.4258341998075876	1.8661737310852873	0.9474395171949933	0.03368464026266903	64.70134906989503	0.03211854835257538
2.520803131529082	0.01	0.007	0.007	0.007	0.01	0.032319974251264996	0.035087519080328956	0.03741677253263672	0.027233216146486088	0.0045453945166135535	1.1717070883320415	1.4397985481041515	1.8859028079797722	0.9575669230183992	0.03469524264475178	64.22765186389243	0.03207200984549312
2.5627932468442287	0.01	0.007	0.007	0.007	0.01	0.03208217620091381	0.034829359506511934	0.03710588586848067	0.027007125215760937	0.00457696023888288	1.1845292176592812	1.4535473462010393	1.9053637521442242	0.9675256066165978	0.0357089781980633	63.75572475893256	0.0320253704685024
2.6049526599284922	0.01	0.007	0.007	0.007	0.01	0.03184518033222561	0.03457207079270265	0.036796364520802226	0.026781991414159562	0.004605935352342372	1.1972107857667749	1.467087356242089	1.9245662158307824	0.9773207037632772	0.036725595848816975	63.28538347086467	0.03197861128258405
2.6472978270089165	0.01	0.007	0.007	0.007	0.01	0.031608903295625206	0.034315562452161864	0.03648809848038064	0.026557740328609945	0.004632386654793482	1.209757159278426	1.4804245457603746	1.9435187793457678	0.9869567573671564	0.03774483217338003	62.81646261166351	0.031931714799375954
2.6898440738210905	0.01	0.007	0.007	0.007	0.01	0.03137327057406283	0.034059753587064416	0.036180989689018	0.026334305375517165	0.0046563776719147675	1.2221731019845032	1.4935641592925664	1.9622290466039232	0.9964377717833255	0.03876641123896995	62.3488143144022	0.031884664888065295
2.732605831248069	0.01	0.007	0.007	0.007	0.01	0.0311382149388018	0.03380457121203042	0.03587494997407853	0.026111626434990945	0.004677969104235763	1.2344628741114383	1.5065108334309318	1.9807038032876059	1.0057672981584789	0.0397900486022454	61.882305169518595	0.03183744650694093
2.7755967476123735	0.01	0.007	0.007	0.007	0.01	0.03090367563741002	0.03354994937256548	0.0355698999471404	0.025889649163430416	0.004697219137084822	1.246630289771587	1.5192686657448455	1.9989491104213368	1.014948486080492	0.04081545258096318	61.4168146140742	0.03179004557315175
2.8188298271487895	0.01	0.007	0.007	0.007	0.01	0.030669597470926634	0.03329582814319369	0.035265767765104004	0.025668324187314517	0.004714183720196666	1.2586787779504574	1.531841286124209	2.0169704021619608	1.0239841366858953	0.04184232634822975	60.95223310094174	0.03174244880476223
2.8623175296611105	0.01	0.007	0.007	0.007	0.01	0.030435930115062813	0.033042152890525346	0.0349624882151683	0.02544760651723656	0.004728916788365844	1.2706114287043961	1.544231911358157	2.034772560365776	1.0328767434278137	0.04287036924903938	60.48846075220908	0.031694643606805725
2.9060718771978755	0.01	0.007	0.007	0.007	0.01	0.030202627430306005	0.03278887352428105	0.034660001790769744	0.025227454942635574	0.004741470451548253	1.2824310381648552	1.5564433974133882	2.0523599864965703	1.0416285309608435	0.04389927840045394	60.02540599045981	0.031646617950621084
2.950104533270455	0.01	0.007	0.007	0.007	0.01	0.02996964694427477	0.03253594393531812	0.034358253995966793	0.02500783158221506	0.004751895146261763	1.2941401431633013	1.5684782799708232	2.069736657258931	1.0502414853910003	0.04492874972947787	59.562984511837506	0.03159836028431683
2.9944268893756414	0.01	0.007	0.007	0.007	0.01	0.029736949316337993	0.032283321414404015	0.03405719463098212	0.02478870141184882	0.004760239765152474	1.3057410554155453	1.5803388136792318	2.0869061789017693	1.058717383428815	0.04595847924877577	59.101118223830184	0.031549859436040203
3.0390501207480214	0.01	0.007	0.007	0.007	0.01	0.029504497983911516	0.03203096626822463	0.03375677731669607	0.024570031959044017	0.004766551759169222	1.3172358854085346	1.59202700009094	2.1038718256473197	1.0670578132869446	0.046988163661321324	58.6397345435801	0.03150110455171319
3.083985255249481	0.01	0.007	0.007	0.007	0.01	0.029272258755395818	0.031778841377465755	0.03345695895309617	0.02435179294316179	0.00477087722676135	1.328626567994172	1.6035446167346559	2.1206365801570524	1.0752641962623615	0.048017501308623645	58.178765590227805	0.03145208501901987
3.1292432320031507	0.01	0.007	0.007	0.007	0.01	0.029040199472832283	0.0315269118305829	0.03315769927087324	0.024133955978234933	0.004773260986199488	1.3399148835856873	1.6148932410945889	2.1372031670162643	1.0833378045557824	0.04904619290000694	57.718147515579645	0.031402790403268266
3.174834964700471	0.01	0.007	0.007	0.007	0.01	0.028808289665587104	0.031275144547831014	0.03285896037420788	0.023916494264983507	0.004773746635063555	1.3511024789402395	1.6260742735990015	2.153574085164037	1.0912797782700865	0.050073942354428816	57.25781981691265	0.03135321037879263
3.220771382353484	0.01	0.007	0.007	0.007	0.01	0.028576500333131395	0.031023508045444678	0.03256070645243895	0.02369938240205251	0.0047723765979588535	1.3621908809303598	1.6370889530592776	2.1697516296474344	1.0990911369390808	0.05110045712869415	56.79772490597853	0.03130333468550208
3.267063502171089	0.01	0.007	0.007	0.007	0.01	0.028344803577840322	0.030771972036995037	0.03226290330086426	0.023482596055165582	0.004769192164798782	1.3731815168540238	1.6479383781535264	2.185737922572327	1.10677279525591	0.05212544925656341	56.33780738025902	0.031253153051088084
3.3137224458746433	0.01	0.007	0.007	0.007	0.01	0.028113172535373713	0.030520507357809087	0.03196551822651	0.02326611190384498	0.004764233523032002	1.384075719903295	1.6586235137302106	2.201534922073921	1.114325567954762	0.05314863510659129	55.878013884872246	0.031202655175196464
3.3607595161141237	0.01	0.007	0.007	0.007	0.01	0.02788158101443574	0.030269085573883282	0.03166851958200563	0.02304990731514368	0.004757539780490389	1.3948747479418522	1.6691452098946256	2.2171444503829525	1.1217501836796426	0.05416973645428635	55.418292397565565	0.03115183064893136
3.408186244207163	0.01	0.007	0.007	0.007	0.01	0.027650003294705964	0.030017678762512122	0.03137187650510897	0.02283396016514723	0.004749148981734061	1.4055797941171855	1.6795042125339175	2.2325682096544295	1.1290472927045279	0.055188480871852644	54.958591827633384	0.031100668906132008
3.4560144270018025	0.01	0.007	0.007	0.007	0.01	0.02741841398890633	0.029766259362544473	0.03107555874207129	0.022618248719865192	0.004739098121914733	1.416191994044198	1.6897011701522202	2.2478077925930022	1.1362174719929496	0.05620460184834356	54.49886174211784	0.031049159186928906
3.504256210357867	0.01	0.007	0.007	0.007	0.01	0.027186787691005812	0.029514799792465126	0.030779536199138327	0.022402751316811145	0.004727423146406793	1.4267124423118838	1.6997366492699517	2.2628647061929343	1.1432612362171035	0.05721783985362201	54.03905166743571	0.030997290451690654
3.552924117750229	0.01	0.007	0.007	0.007	0.01	0.02695509890497995	0.029263272373054233	0.03048377885522385	0.02218744630831032	0.004714158956153541	1.437142195551306	1.7096111364235174	2.2777403758468293	1.1501790392795483	0.05822794216669204	53.5791109478956	0.03094505135481705
3.602031142503033	0.01	0.007	0.007	0.007	0.01	0.026723321681546945	0.029011648933018348	0.030188256303260348	0.021972311733473627	0.004699339393769262	1.4474822882847542	1.7193250519340282	2.2924361674648175	1.1569712840352824	0.0592346639726096	53.11898802447293	0.030892430150822037
3.6515907880070664	0.01	0.007	0.007	0.007	0.01	0.02649142951982996	0.02875990070223209	0.029892937632213176	0.021757325237296475	0.004682997238229043	1.4577337362193596	1.7288787512335388	2.306953391318291	1.163638323217067	0.06023776828419864	52.65863023946052	0.03083941465714294
3.7016171767938197	0.01	0.007	0.007	0.007	0.01	0.026259394960953208	0.028507997870535123	0.02959779091861563	0.021542463704754496	0.004665164174614618	1.4678975527152485	1.7382725380433364	2.321293324268466	1.1701804685781698	0.06123702717653681	52.197983029504464	0.030785992144066066
3.7521250940831856	0.01	0.007	0.007	0.007	0.01	0.02602718950837185	0.028255909501239965	0.02930278313698351	0.02132770319920233	0.004645870780459703	1.4779747501314693	1.7475066628265263	2.3354572101734736	1.1765979896745333	0.0622322215718808	51.736989767227456	0.03073214929581713
3.803130122347439	0.01	0.007	0.007	0.007	0.01	0.02579478314617989	0.02800360300819376	0.029007879561517052	0.021113018529899285	0.004625146475983842	1.4879663581550726	1.7565813363251843	2.349446283872488	1.1828911230771941	0.06322314271458154	51.27559080468729	0.030677872075556407
3.854648720892499	0.01	0.007	0.007	0.007	0.01	0.025562144137832508	0.027751043937265546	0.028713043527893868	0.020898383081215024	0.00460301948873091	1.4978734290424678	1.7654967302207953	2.3632617762147703	1.1890600725199123	0.06420959238108617	50.813723073465404	0.030623145650461224
3.9066983691013357	0.01	0.007	0.007	0.007	0.01	0.025329238561207248	0.02749819546159573	0.028418235863961194	0.02068376840040889	0.004579516788341029	1.5076970534008676	1.7742529865595615	2.376904933347864	1.1951050150294764	0.06519138414873088	50.351319161241285	0.030567954250522004
3.9592976860367144	0.01	0.007	0.007	0.007	0.01	0.02509602998371541	0.027245018028887617	0.028123414502407993	0.020469143917555225	0.004554664025700601	1.5174383689687632	1.7828502198259388	2.3903770255926142	1.2010261018398638	0.0661683439834138	49.88830666633119	0.030512281054272738
4.012466603402527	0.01	0.007	0.007	0.007	0.01	0.02486247893426345	0.026991468788154012	0.027828533840973703	0.02025447648139815	0.0045284854433369276	1.5270985769092913	1.7912885246053374	2.403679366077872	1.2068234630355323	0.06714031158549216	49.424607148811624	0.03045610801992576
4.066226570516648	0.01	0.007	0.007	0.007	0.01	0.024628542280154833	0.026737500913264198	0.02753354398886498	0.020039729812130244	0.004501003763144136	1.536678960617114	1.7995679839478673	2.4168133319205842	1.2124972124907547	0.06810714199934365	48.96013489279289	0.0303994156851989
4.120600753847806	0.01	0.007	0.007	0.007	0.01	0.02439417267920749	0.0264830630081469	0.027238390115000715	0.01982486402809993	0.004472240070500724	1.5461808998787236	1.8076886720268919	2.4297803780099105	1.2180474486938535	0.06906870675735713	48.494795817901185	0.03034218297574876
4.17561435286827	0.01	0.007	0.007	0.007	0.01	0.024159317588794027	0.026228098030976484	0.026943011246072523	0.01960983477182817	0.004442213631120654	1.5556059012722192	1.8156506687706349	2.4425820718064073	1.2234742635279259	0.07002489666201024	48.028485510889325	0.030284386894457813
4.231294873458242	0.01	0.007	0.007	0.007	0.01	0.023923918534065378	0.025972542499735397	0.026647339401379623	0.019394592581051147	0.004410941721680432	1.5649556157511229	1.8234540610138916	2.4552201091251544	1.2287777415315986	0.0709756232655652	47.561087771662464	0.030226002259657134
4.287672587187516	0.01	0.007	0.007	0.007	0.01	0.02368790967293212	0.02571632493431745	0.026351297855445408	0.01917908162469366	0.004378439350066074	1.5742318817494478	1.8310989621975904	2.467696362774393	1.2339579714382811	0.07192082292350054	47.09247176277261	0.03016700125314551
4.34478099301917	0.01	0.007	0.007	0.007	0.01	0.02345121646961771	0.025459364416499146	0.026054799553506213	0.01896323855004012	0.00434471896148132	1.5834367603142314	1.8385855213277842	2.480012917952463	1.2390150499046093	0.07286046002033619	46.62248937418336	0.030107352972304605
4.402657462178642	0.01	0.007	0.007	0.007	0.01	0.023213753741510253	0.02520156846954676	0.025757744760195527	0.01874699077162098	0.004309790027022904	1.5925725906413932	1.8459139439229972	2.4921721321954697	1.243949092765672	0.07379453223893086	46.15097134330759	0.03004702279842642
4.461344036847743	0.01	0.007	0.007	0.007	0.01	0.022975423253837467	0.024942830446926963	0.025460018167803314	0.018530254366635638	0.004273658524954342	1.6016420574821404	1.8530845160603195	2.5041767072724466	1.2487602475501822	0.07472307699622656	45.67772247671355	0.02998597161479375
4.520888468075149	0.01	0.007	0.007	0.007	0.01	0.022736110569449585	0.02468302611234185	0.02516148510607627	0.01831293131629383	0.004236326258777255	1.6106482799073103	1.8600976370640048	2.5160297844205846	1.253448710724874	0.07564617999416957	45.20251539211887	0.02992415478874325
4.581345585705649	0.01	0.007	0.007	0.007	0.01	0.022495680862171092	0.024422009094584893	0.02486198650167014	0.018094905836934697	0.004197789947767435	1.6195949298224945	1.866953864316887	2.5277350721362035	1.2580147515867899	0.07656398671788632	44.72508220154053	0.029861520825943476
4.642779173684422	0.01	0.007	0.007	0.007	0.01	0.022253973121127948	0.024159604595594523	0.024561331891057154	0.017876039294142006	0.004158039971246526	1.6284863978144808	1.8736539792006517	2.539297026848454	1.2624587481941554	0.07747671864223994	44.2451029982579	0.029798009523864792
4.705264572634731	0.01	0.007	0.007	0.007	0.01	0.02201079204901218	0.023895600594981126	0.02425928964588284	0.017656163087668406	0.004117058611042809	1.6373280262894139	1.8801990823259	2.5507211083101167	1.2667812397933276	0.07838469613058428	43.762189762941574	0.02973354940494476
4.768892392136068	0.01	0.007	0.007	0.007	0.01	0.021765896426279782	0.02362973521787163	0.02395557292418276	0.0174350684250335	0.004074817526309594	1.646126446154746	1.8865907345605744	2.5620141503743077	1.2709830051924362	0.07928837164174861	43.27586324964228	0.02966805404965543
4.833774166530326	0.01	0.007	0.007	0.007	0.01	0.021518981149818445	0.02336167723558119	0.023649817948200605	0.017212490509336487	0.004031273884337681	1.6548901037293637	1.89283118989512	2.57318494830074	1.275065194914963	0.08018838197114997	42.78551730704768	0.02960141649481891
4.9000511327016065	0.01	0.007	0.007	0.007	0.01	0.021269649179191046	0.023090995609665405	0.023341550053235082	0.016988083825129535	0.003986364319055883	1.6636300879305155	1.8989237687369445	2.5842451850748156	1.2790295445440998	0.08108563051492093	42.2903631523681	0.02953350052746745
4.967909040635119	0.01	0.007	0.007	0.007	0.01	0.021017363681567064	0.022817107539113552	0.023030125693194233	0.01676137992221851	0.00393999469060193	1.6723615571141162	1.9048735279500537	2.5952110443498184	1.2828787631404286	0.0819814297047293	41.78933431324695	0.02946412596201971
5.0376050290272705	0.01	0.007	0.007	0.007	0.01	0.020761360403087212	0.022539183328244936	0.022714626127876794	0.016531710026655513	0.00389202142349311	1.6811063749373383	1.9106885368535464	2.6061062120824667	1.2866172805358957	0.08287776493386938	41.280912566607775	0.029393041873291822
5.109522367874886	0.01	0.007	0.007	0.007	0.01	0.02050046748704409	0.022255950776283336	0.022393638565672468	0.016298045725910662	0.0038422133626557432	1.6898985815997638	1.9163826085580569	2.616968154856346	1.2902528632043904	0.08377784396191044	40.762770039157864	0.029319871968809738
5.184301719261044	0.01	0.007	0.007	0.007	0.01	0.02023266954990085	0.021965221926110653	0.022064726074269087	0.016058613095211557	0.0037901600614321674	1.6987977505519227	1.9219821573921556	2.6278635567386295	1.2938007075557874	0.08468744159098188	40.230903331926434	0.029243983362053562
5.263256326967405	0.01	0.007	0.007	0.007	0.01	0.01995371642697895	0.02166238267984323	0.02172273386983869	0.01580965977367568	0.003734981143825225	1.7079320090486894	1.9275488933265619	2.638938393365706	1.2972971016912342	0.08561924106487846	39.67687010814364	0.02916407073343482
5.350633754975977	0.01	0.007	0.007	0.007	0.01	0.019649487517372582	0.0213321033199465	0.02135048479946391	0.015538681799215203	0.00367374197925152	1.7177359701223607	1.93330810958958	2.6506964923821137	1.3008771685678187	0.08661689060974684	39.07262275341276	0.029075887615473067
5.4458709863452945	0.01	0.007	0.007	0.007	0.01	0.019323175106117006	0.020977849474266043	0.02095207275651468	0.015248659533237546	0.003606917581160761	1.7280681586225746	1.9391205347378835	2.662935420451881	1.304444969740677	0.08766501477593852	38.42449821680834	0.028980075887213026
5.5173786739226	0.01	0.007	0.007	0.007	0.01	0.019081735583028267	0.020715735967416767	0.02065786490052789	0.015034492960828738	0.0035566875444785957	1.7355906015092857	1.9431760269935017	2.6717418681589957	1.306902305626104	0.08842566778579179	37.94493830639655	0.028908344425641042
5.584104881524436	0.01	0.007	0.007	0.007	0.01	0.018859162953269597	0.020474104881034114	0.020387088053324547	0.014837383341934634	0.0035098393593849995	1.7424328955582755	1.9467284484032137	2.679671780820355	1.3090292788058833	0.08911552568051308	37.502844721272815	0.02884156955426003
5.651028357774573	0.01	0.007	0.007	0.007	0.01	0.018638540859405053	0.020234591341297025	0.020119105373947743	0.014642308205037214	0.0034629248394282258	1.7491277176390025	1.950072236474647	2.687353304967202	1.3110059142479238	0.08978845942081723	37.06461773865084	0.028774752196771825
5.718475448233716	0.01	0.007	0.007	0.007	0.01	0.01841880474309489	0.01999603963221608	0.019852619614581075	0.014448323230523575	0.0034157416294402906	1.7557089521850118	1.9532257010333414	2.6948263929335368	1.3128435624039188	0.09044780787937928	36.62814288719392	0.028707568671837873
5.785694868242494	0.01	0.007	0.007	0.007	0.01	0.0182023887418439	0.019761092321470154	0.019590574659335724	0.014257571374831617	0.003368841128604715	1.7621060677797118	1.9561577232634169	2.7020127722974787	1.3145248861331464	0.091086467587844	36.198255397144884	0.028640767995386642
5.852415187643714	0.01	0.007	0.007	0.007	0.01	0.017990095155447406	0.019530620408681233	0.019333924560798518	0.014070747107591739	0.0033224362464799413	1.7682995773504668	1.958865103708188	2.7088941317155295	1.3160495127916354	0.09170251739423763	35.77654928026656	0.02857461702525648
5.918658518908533	0.01	0.007	0.007	0.007	0.01	0.0177817696795064	0.019304456377196844	0.019082463589525044	0.013887700649451952	0.0032765325469066176	1.7742985130276363	1.961358180906718	2.715484444946943	1.3174249115294432	0.09229690293701324	35.36271838171188	0.02850909012673319
5.984476163139034	0.01	0.007	0.007	0.007	0.01	0.017577173027729272	0.019082340451588003	0.018835884918650972	0.013708208630555104	0.003231113288938178	1.780113996303898	1.963647647741094	2.7217996595646126	1.318658606817169	0.09287077838090871	34.956287705418134	0.028444133132104907
6.049913079177077	0.01	0.007	0.007	0.007	0.01	0.017376094446284067	0.01886404383202015	0.018593917878277123	0.01353207400276508	0.00318616443718406	1.7857559295036525	1.9657430998426033	2.7278540209356246	1.3197573625206844	0.09342517568908525	34.556838901992364	0.02837969860839287
6.1150088792145985	0.01	0.007	0.007	0.007	0.01	0.017178347238880214	0.01864936383616288	0.018356322290756347	0.013359121915872445	0.003141674187569985	1.7912331843142753	1.9676532037845504	2.7336603340273733	1.3207272979299574	0.09396102359768972	34.164001384344374	0.02831574480011755
6.1797984477533205	0.01	0.007	0.007	0.007	0.01	0.016983765700610397	0.018438120570488437	0.018122884551593908	0.013189196864523883	0.003097632712337003	1.7965537394029376	1.9693858286988244	2.739230159857009	1.3215739795824206	0.09447916150759002	33.77744624092837	0.028252234956426585
6.244312635736756	0.01	0.007	0.007	0.007	0.01	0.01679220201835783	0.018230153565271565	0.017893413709759252	0.01302215983476026	0.003054031822832021	1.8017248100105698	1.9709481610142272	2.744573994897784	1.32230250028118	0.09498035252413065	33.396880081828975	0.028189136594781516
6.308579156939892	0.01	0.007	0.007	0.007	0.01	0.016603522771411614	0.01802531797556256	0.017667737108485262	0.01285788513066478	0.003010864476168398	1.806752979689875	1.9723468055011215	2.7497014441141046	1.3229175469212722	0.09546529658895866	33.02203808988002	0.028126420578050162
6.372622267933265	0.01	0.007	0.007	0.007	0.01	0.016417609161818086	0.01782348483126744	0.01744570051849129	0.012696260471174593	0.0029681250819054766	1.8116442257776875	1.9735878451837112	2.7546212787111473	1.3234234460497667	0.09593463326739611	32.65268448093057	0.028064061387543318
6.436463816376152	0.01	0.007	0.007	0.007	0.01	0.016234353309555763	0.017624537015087684	0.017227163582442983	0.012537183673862832	0.0029258088731882437	1.8164040455773844	1.9746769225359369	2.759341592483867	1.3238242162851324	0.09638895422348961	32.28860514590698	0.028002036064886052
6.50012342462572	0.01	0.007	0.007	0.007	0.01	0.016053657220194615	0.017428368141784324	0.01701199848120534	0.012380561683960671	0.0028839118507556797	1.82103750591881	1.9756192900774359	2.763869874527362	1.3241236039752329	0.09682880820818618	31.929605601733986	0.027940324005491637
6.563618828263345	0.01	0.007	0.007	0.007	0.01	0.015875431377207164	0.01723488102995328	0.016800088166940518	0.012226309288094558	0.0028424306146919162	1.8255492992476448	1.9764198569479845	2.768213085109784	1.3243251149754005	0.09725470663252163	31.575508196273695	0.027878906605285008
6.62696610506631	0.01	0.007	0.007	0.007	0.01	0.015699593719184557	0.01704398659166377	0.016591325069218295	0.012074348172353965	0.00280136226229101	1.829943786671056	1.9770832271804863	2.772377715442463	1.3244320410829957	0.09766712784888315	31.22615007770678	0.027817767017849
6.690179876611703	0.01	0.007	0.007	0.007	0.01	0.01552606874988808	0.016855602866306583	0.01638560997046714	0.011924606103637873	0.002760704298280421	1.8342250351587233	1.9776137324797654	2.7763698391713976	1.3244474826550492	0.09806652084081979	30.88138142761964	0.027756889941197162
6.753273471309343	0.01	0.007	0.007	0.007	0.01	0.01535478680260097	0.016669654221954943	0.016182851074273818	0.011777016251389435	0.0027204545655080082	1.8383968487917814	1.978015460273958	2.780195155953259	1.3243743680302458	0.09845330831909307	30.541064000480432	0.027696261444443194
6.8162591125115295	0.01	0.007	0.007	0.007	0.01	0.015185683278289607	0.016486070528291725	0.015982963051254913	0.011631516493015243	0.00268061115629448	1.842462798806498	1.978292278155037	2.783859031859388	1.3242154701968014	0.09882788967089316	30.205069610919367	0.027635868772774602
6.879148015680002	0.01	0.007	0.007	0.007	0.01	0.015018698167078924	0.016304786637110626	0.015785866427689418	0.011488048968812153	0.0026411723790711696	1.8464262451580673	1.978447854496853	2.787366530228761	1.3239734212244196	0.09919064309233203	29.873279183785815	0.027575700241924662
6.9419505038903315	0.01	0.007	0.007	0.007	0.01	0.014853775547145086	0.016125741838300664	0.015591486953087924	0.011346559621568563	0.0026021367105216304	1.8502903574033935	1.9784856766902617	2.7907224405212516	1.323650724863606	0.099541927637028	29.54558175923136	0.027515745116557914
7.004676104555839	0.01	0.007	0.007	0.007	0.01	0.014690863159368198	0.015948879398077955	0.015399755062516523	0.011206997805144597	0.00256350275751944	1.8540581326464822	1.9784090670258068	2.793931303252309	1.3232497675522386	0.09988208497296916	29.221873648225998	0.02745599350812397
7.0673336402604985	0.01	0.007	0.007	0.007	0.01	0.014529912019847085	0.015774146138321267	0.015210605388169481	0.011069315928906144	0.002525269221105934	1.8577324116122225	1.9782211965901493	2.7969974321436077	1.3227728280215547	0.1002114409488139	28.90205766322016	0.027396436279639964
7.129931293293921	0.01	0.007	0.007	0.007	0.01	0.014370876119656498	0.015601492110620618	0.015023976377567302	0.010933469179776455	0.0024874348751874596	1.8613158918614028	1.9779250975137392	2.7999249328346387	1.322222085856692	0.10053030688449982	28.58604252208561	0.027337064976626645
7.192476673207763	0.01	0.007	0.007	0.007	0.01	0.014213712132573704	0.015430870278977481	0.01483980992445393	0.01079941525353545	0.002449998542021103	1.864811140111494	1.9775236737997952	2.802717719986092	1.3215996290151928	0.10083898076693872	28.27374226783033	0.02727787175608169
7.254976871002194	0.01	0.007	0.007	0.007	0.01	0.014058379171189194	0.015262236255032036	0.014658051059502318	0.010667114129657072	0.0024129590747151626	1.8682206028254928	1.9770197109479328	2.8053795321770143	1.3209074605478612	0.10113774827739246	27.965075784400387	0.027218849328980402
7.317438500137968	0.01	0.007	0.007	0.007	0.01	0.01390483858774272	0.015095548081845652	0.014478647695940084	0.010536527886125809	0.0023763153464871414	1.8715466152695728	1.976415884615859	2.807913944909622	1.3201475046935578	0.10142688367221331	27.659966401309234	0.027159990915914423
7.379867753453858	0.01	0.007	0.007	0.007	0.01	0.013753053746382108	0.014930765986658866	0.01430155034406673	0.010407620491612394	0.002340066229701179	1.8747914107056636	1.975714768191585	2.81032438309303	1.3193216121042974	0.1017066506640606	27.358341441437492	0.027101290188355852
7.442270434735684	0.01	0.007	0.007	0.007	0.01	0.01360298986803445	0.014767852212479489	0.014126711912776242	0.010280357660982706	0.002304210589172933	1.8779571275594205	1.9749188397284048	2.812614131397733	1.3184315647438571	0.10197730311596123	27.060131913085577	0.027042741234428007
7.504651989858458	0.01	0.007	0.007	0.007	0.01	0.013454613883821827	0.01460677085894695	0.013954087522722081	0.010154706719283068	0.0022687472748793413	1.8810458160471937	1.9740304882008046	2.8147863437409426	1.317479080296302	0.10223908568088884	26.765272218974932	0.026984338525506975
7.567017545821845	0.01	0.007	0.007	0.007	0.01	0.01330789427717378	0.014447487710925234	0.013783634307961218	0.010030636457341632	0.0022336751096177386	1.8840594446961008	1.9730520189956426	2.8168440522327285	1.316465815983299	0.10249223442360096	26.473699842757238	0.026926076875877225
7.629371932955934	0.01	0.007	0.007	0.007	0.01	0.01316280097297563	0.014289970118159499	0.013615311273819035	0.009908117028294007	0.002198992885788439	1.8869999055728204	1.9719856590446165	2.818790174788865	1.3153933722076192	0.10273697732495986	26.185355128967835	0.0268679514185681
7.6917197068755625	0.01	0.007	0.007	0.007	0.01	0.013019305232517134	0.014134186881229574	0.013449079162676405	0.009787119849876786	0.002164699361707029	1.8898690191405167	1.9708335614866876	2.820627522143914	1.314263295856951	0.10297353474913963	25.90018107448438	0.02680995758172446
7.754065178477375	0.01	0.007	0.007	0.007	0.01	0.012877379535217687	0.01398010812314763	0.013284900305606783	0.00966761749642298	0.0021307932530961553	1.8926685391359908	1.969597809723959	2.822358804529225	1.3130770831315615	0.10320211990591141	25.61812309368464	0.026752091057813808
7.816412423112518	0.01	0.007	0.007	0.007	0.01	0.012736997512969642	0.013827705218079692	0.01312273853600524	0.00954958363598155	0.0020972732356303618	1.8954001561778309	1.9682804214556868	2.823986637229029	1.311836182455894	0.10342293920257842	25.33912888815513	0.02669434779248552
7.8787653102534785	0.01	0.007	0.007	0.007	0.01	0.012598133841798632	0.013676950673729106	0.012962559054739925	0.009432992932152181	0.0020641379359686023	1.8980655020272457	1.9668833519549591	2.8255135462668135	1.3105419967461662	0.10363619264430561	25.0631482315566	0.02663672395464327
7.941127504127761	0.01	0.007	0.007	0.007	0.01	0.012460764202706366	0.013527818088826601	0.012804328376069127	0.009317821004708593	0.002031385938054653	1.9006661523255133	1.9654084976301613	2.8269419729225773	1.3091958860186075	0.10384207410641066	24.79013289196675	0.026579215933637487
8.003502497283508	0.01	0.007	0.007	0.007	0.01	0.012324865172364986	0.013380282034465014	0.012648014193373528	0.009204044331858214	0.001999015771628104	1.9032036305238087	1.9638576985660443	2.8282742787031685	1.3077991691095896	0.10404077169792113	24.520036414795022	0.02652182030621302
8.0658936110248	0.01	0.007	0.007	0.007	0.01	0.012190414190653961	0.013234318018856658	0.01249358533421214	0.009091640217519183	0.001967025918031442	1.9056794101949424	1.9622327415431717	2.8295127491708887	1.306353125892772	0.10423246799175077	24.252814058403395	0.026464533834260486
8.128304012292464	0.01	0.007	0.007	0.007	0.01	0.012057389494310941	0.013089902415302885	0.012341011676905062	0.00898058673059447	0.001935414807062506	1.9080949178668771	1.9605353624519632	2.830659597878068	1.3048589989836596	0.10441734029318654	23.988422662369945	0.02640735344753586
8.19073672221724	0.01	0.007	0.007	0.007	0.01	0.011925770071268445	0.012947012412620825	0.012190264091483216	0.008870862661982764	0.0019041808179214553	1.910451535350641	1.95876724869596	2.8317169698507896	1.3033179954733192	0.10459556086535003	23.72682055685475	0.026350276234198982
8.253194620477174	0.01	0.007	0.007	0.007	0.01	0.01179553562565768	0.012805625977150658	0.012041314393313853	0.008762447490816132	0.0018733222819305659	1.9127506017785694	1.9569300415399247	2.8326869447840295	1.301731288638524	0.10476729713002376	23.467967493158913	0.02629329943528866
8.315680466157005	0.01	0.007	0.007	0.007	0.01	0.011666666510292995	0.012665721779458895	0.011894135259988732	0.00865532132395855	0.0018428374768798773	1.914993416120677	1.9550253378025715	2.8335715402802117	1.3001000191092082	0.10493271190126056	23.211824509639975	0.026236420424255183
8.378196902028968	0.01	0.007	0.007	0.007	0.01	0.011539143696291072	0.012527279161356179	0.01174870019122154	0.008549464866809938	0.0018127246295474814	1.9171812389390652	1.9530546918426952	2.83437271458551	1.2984252963186491	0.10509196355819299	22.958353871426322	0.02617963670179129
8.44074646293781	0.01	0.007	0.007	0.007	0.01	0.011412948735626663	0.012390278095246881	0.011604983461030297	0.008444859388495192	0.001782981915980268	1.919315294189609	1.951019617287918	2.8350923692185224	1.2967081997498189	0.10524520621916923	22.707518996085714	0.026122945887006453
8.503331571720821	0.01	0.007	0.007	0.007	0.01	0.011288063750098202	0.012254699172149924	0.01146296010032159	0.008341486709181847	0.0017536074674516019	1.921396770507101	1.9489215890480374	2.835732351304073	1.2949497804353818	0.10539258987666539	22.459284431782038	0.026066345719968614
8.565954568270637	0.01	0.007	0.007	0.007	0.01	0.011164471355233274	0.01212052351908839	0.011322605805774428	0.008239329133754822	0.001724599360658155	1.9234268235119953	1.9467620441098226	2.8362944561114154	1.293151061447456	0.1055342606026335	22.213615706106477	0.026009834034329334
8.628617697125895	0.01	0.007	0.007	0.007	0.01	0.011042154668973417	0.011987732808518161	0.011183896945553738	0.00813836945596977	0.0016959556273877868	1.9254065766237052	1.9445423835774818	2.836780428985219	1.2913130394500938	0.10567036064480469	21.970479343417516	0.025953408767600262
8.691323107454147	0.01	0.007	0.007	0.007	0.01	0.010921097295391032	0.011856309240650599	0.011046810536705838	0.008038590941995058	0.001667674257870706	1.9273371222619033	1.9422639742571641	2.837191967354881	1.2894366858694672	0.1058010285506273	21.72984283255038	0.025897067960167428
8.754072873794485	0.01	0.007	0.007	0.007	0.01	0.010801283269422512	0.011726235483453291	0.010911324178677968	0.007939977282018944	0.0016397531946596763	1.9292195236134586	1.9399281493909015	2.8375307227591224	1.2875229473729306	0.10592639932738944	21.491674517030315	0.025840809735719318
8.816869000199665	0.01	0.007	0.007	0.007	0.01	0.010682697035799462	0.011597494649777197	0.010777416025975336	0.00784251257034355	0.0016121903341780256	1.9310548157783318	1.9375362098576192	2.8377983025878977	1.2855727467497773	0.10604660455666544	21.255943553256827	0.02578463229675751
8.879713420204867	0.01	0.007	0.007	0.007	0.01	0.010565323436592665	0.011470070283834155	0.010645064770740509	0.00774618129270107	0.001584983529939322	1.9328440067395067	1.9350894254614586	2.837996271716458	1.2835869838688725	0.1061617724957622	21.02261988580528	0.025728533923881445
8.942607996773875	0.01	0.007	0.007	0.007	0.01	0.01044914769911943	0.01134394634806878	0.010514249625875141	0.007650968313964877	0.0015581305955248708	1.934588078294922	1.9325890361685754	2.838126154074383	1.2815665365970466	0.10627202817584659	20.7916742234483	0.02567251297509711
9.005554526395745	0.01	0.007	0.007	0.007	0.01	0.010334155416621228	0.01121910720218163	0.010384950300167351	0.007556858860042133	0.0015316293055946432	1.9362879870642127	1.9300362531237496	2.8381894341544376	1.2795122615427421	0.10637749350368597	20.563078000802545	0.025616567881444237
9.06855475153058	0.01	0.007	0.007	0.007	0.01	0.010220332514741307	0.011095537566736374	0.01025714695768314	0.0074638384883134925	0.00150547739338983	1.9379446656602313	1.927432259251345	2.8381875584318275	1.2774249944721758	0.10647828737148204	20.336803311742628	0.0255606971352788
9.131610352194219	0.01	0.007	0.007	0.007	0.01	0.01010766525683828	0.010973222528928451	0.010130820221002564	0.007371893089984975	0.001479672556920311	1.9395590232500035	1.9247782106409785	2.8381219366849058	1.2753055513617861	0.10657452572727788	20.11282292001499	0.025504899297143203
9.19472295003978	0.01	0.007	0.007	0.007	0.01	0.00999614022659225	0.010852147523701802	0.010005951149009129	0.007281008873918816	0.0014542124596827871	1.9411319464285526	1.9220752373904115	2.837993943284337	1.273154729014785	0.10666632166419161	19.89111022470933	0.02544917299151968
9.257894129192472	0.01	0.007	0.007	0.007	0.01	0.009885744282233544	0.010732298284058264	0.0098825211831495	0.007191172327516132	0.0014290947247435812	1.942664300448441	1.9193244436549768	2.837804918350524	1.2709733050536365	0.10675378552792822	19.671639169311213	0.025393516887889985
9.321125406871277	0.01	0.007	0.007	0.007	0.01	0.009776464599716844	0.010613660887928872	0.009760512193372546	0.007102370250149923	0.0014043169488480824	1.944156929172476	1.9165269098117883	2.8375561689685758	1.2687620395964485	0.10683702494899926	19.454384327577138	0.025337929726133232
9.384418262596546	0.01	0.007	0.007	0.007	0.01	0.009668288613144168	0.010496221693495187	0.00963990640919071	0.007014589702986216	0.0013798766929889017	1.9456106564430238	1.913683692060052	2.8372489702143455	1.2665216748977337	0.10691614495595698	19.23932078513644	0.02528241029025238
9.447774138129748	0.01	0.007	0.007	0.007	0.01	0.009561204007938784	0.010379967331778806	0.009520686410001492	0.006927818001937061	0.001355771484827151	1.9470262866712817	1.91079582321325	2.836884566160004	1.2642529359435941	0.10699124804112096	19.026424125959018	0.02522695740802936
9.511194416381928	0.01	0.007	0.007	0.007	0.01	0.009455198749137743	0.010264884737356633	0.009402835154495678	0.0068420427390620125	0.0013319988287834228	1.9484046049559156	1.9078643144420855	2.836464170993191	1.26195653179102	0.10706243420161571	18.815670488643008	0.025171569969028713
9.57468045912679	0.01	0.007	0.007	0.007	0.01	0.009350261010855034	0.01015096107178399	0.00928633590016521	0.006757251723981094	0.0013085561938123214	1.9497463784826867	1.904890154295199	2.835988969744394	1.259633154771353	0.10712980104697506	18.607036426215807	0.025116246891173123
9.638233560635852	0.01	0.007	0.007	0.007	0.01	0.00924637924676148	0.010038183800109818	0.009171172279703791	0.00667343303947871	0.0012854410325545667	1.951052356066858	1.9018743115677283	2.8354601195226175	1.2572834827102537	0.10719344380950727	18.40049904629452	0.02506098716078054
9.701855002288193	0.01	0.007	0.007	0.007	0.01	0.009143542093340612	0.009926540585848307	0.009057328191758073	0.00659057496198723	0.0012626507630811696	1.9523232698270565	1.8988177334302174	2.834878749985835	1.2549081774429562	0.10725345546174501	18.196035818776426	0.02500578978456215
9.765546023016196	0.01	0.007	0.007	0.007	0.01	0.009041738413019487	0.009816019337803109	0.00894478784711258	0.006508665995199371	0.001240182781664032	1.953559835043764	1.8957213474562045	2.8342459643837636	1.252507886378793	0.10730992674104399	17.993624661622132	0.024950653815027687
9.829307819174158	0.01	0.007	0.007	0.007	0.01	0.008940957287992672	0.009706608203362499	0.008833535760082657	0.006427694863801463	0.0012180344643966676	1.9547627506490752	1.8925860622749768	2.833562840388602	1.2500832429877378	0.10736294620651272	17.79324392860901	0.024895578350166637
9.893141552863083	0.01	0.007	0.007	0.007	0.01	0.008841188001047759	0.009598295547683046	0.008723556725652205	0.0063476504968317075	0.001196203165853072	1.9559326998526994	1.889412767778412	2.8328304307968737	1.2476348669435	0.10741260030072815	17.59487237123847	0.024840562525849565
9.957048360296323	0.01	0.007	0.007	0.007	0.01	0.008742420017350334	0.009491069933914789	0.008614835797851455	0.006268522011941206	0.0011746862179060386	1.9570703507263354	1.8862023352770656	2.8320497641658977	1.2451633642320752	0.10745897340733775	17.398489102547707	0.0247856055082912
10.0	0.01	0.007	0.007	0.007	0.01	0.00867665917557662	0.009419677903692926	0.008542534007504902	0.0062158999619435365	0.001160406191586784	1.9578164268052087	1.8840262850509764	2.8314990113002865	1.2434911987117319	0.1074883108936661	17.267733451409228	0.0247487373415292
