0.0	0.01	0.007	0.007	0.007	0.01	0.0	0.0	0.0	0.0	0.0	0.0	0.0	0.0	0.0	0.0	100.0	0.035
0.006500817619058696	0.01	0.007	0.007	0.007	0.01	0.002511191135121885	0.006294123178764084	0.0034287856144477823	0.0011474280615299188	0.00016779762428299988	0.00010183152561390419	0.00041110656626525225	0.0004610888372516524	7.377463478046553e-5	4.042624697323625e-6	99.8832578138728	0.03499211534728713
0.011540516887134868	0.01	0.007	0.007	0.007	0.01	0.00436238428427517	0.010723231314425846	0.005962887785232359	0.0020117942043273366	0.0002778378023195092	0.0003161112817761878	0.0012595090227003813	0.001432312232132932	0.00023042236538455913	1.2154498383168923e-5	99.79284829444104	0.03498600406482114
0.01863200988835792	0.01	0.007	0.007	0.007	0.01	0.006833151985339001	0.016354416362215993	0.009354185220380333	0.0031919255457287	0.00040786328486196817	0.0008067858426584657	0.003157111389119138	0.0036590122908815755	0.0005931075476371346	2.970676570276142e-5	99.66576926352624	0.034977406526533576
0.025734686169133013	0.01	0.007	0.007	0.007	0.01	0.00915901838850836	0.021360734169922818	0.01255660149502069	0.004332831281469757	0.0005138762700762109	0.0015072992248953449	0.0057959672162823505	0.006842337266337441	0.0011174042499106228	5.324813285201913e-5	99.53865203798595	0.03496879754771236
0.03397153320312938	0.01	0.007	0.007	0.007	0.01	0.01168131118192496	0.026464519516552616	0.016041139778475533	0.005606207985017006	0.0006123116282737043	0.0025643336422055897	0.009668763582918608	0.011652819311310498	0.001919225613899215	8.654159852146469e-5	99.39143947503918	0.034958816521918484
0.0426442078747622	0.01	0.007	0.007	0.007	0.01	0.014147360346928924	0.031124483094785823	0.019460456774791454	0.006891377036314478	0.0006933275955724897	0.003941131486430414	0.014566763935739012	0.017928287249246035	0.0029788254822564635	0.00012708385222940456	99.23667290677297	0.034948310459518066
0.05208578220999663	0.01	0.007	0.007	0.007	0.01	0.01662676103079742	0.03547751299519647	0.022911485702526702	0.0082282361167564	0.0007610003869449222	0.005723725709338276	0.020719031411456822	0.026066462241611497	0.004371731246710595	0.00017614141342937222	99.06845906254928	0.034936876543073
0.06206345391595266	0.01	0.007	0.007	0.007	0.01	0.019032209290233686	0.03937884178636617	0.026272896890130328	0.00957341933326058	0.000814725066476909	0.007902259839198754	0.028007979270819716	0.03602861568897929	0.006101283607780915	0.0002321844000661322	98.89100382148227	0.03492479746846933
0.07267137109280015	0.01	0.007	0.007	0.007	0.01	0.021367374800120745	0.042859021684117614	0.029549110038225974	0.01093074102789102	0.0008567863494922744	0.010520984807825822	0.03649961187221974	0.04802343259796243	0.008214684664714452	0.00029524656019780507	98.70268811908626	0.0349119599922581
0.08383626771320676	0.01	0.007	0.007	0.007	0.01	0.02359910376578781	0.04589801138222568	0.03269232117479805	0.012281939437175229	0.00088867590590798	0.013582230955347272	0.04611971971934505	0.0620679081127338	0.010727162940566961	0.0003643952661397973	98.50487203958704	0.034898453568193856
0.09559023072231258	0.01	0.007	0.007	0.007	0.01	0.025720838843242323	0.048522523795420575	0.0356912310973801	0.01362269633283533	0.0009122898983204174	0.017109159295479678	0.05686372919146618	0.07827407311835675	0.013671918184609595	0.00043932900726868416	98.29704743736204	0.03488424018340978
0.10792013757590205	0.01	0.007	0.007	0.007	0.01	0.027719417633496838	0.05075383706057478	0.03852446867191667	0.014943409728380137	0.0009292331927219093	0.02110871484327105	0.06867960628357551	0.09667874100771782	0.017069831117569472	0.0005195084852975782	98.0795106393615	0.03486933656437489
0.12084957997152228	0.01	0.007	0.007	0.007	0.01	0.02959032289669967	0.052625636027711316	0.04118209511130195	0.016238719072751574	0.0009409835927733671	0.025595596227955212	0.08154341808216763	0.11735300734169954	0.020949101557575848	0.000604681937216117	97.85191330836777	0.0348537151035056
0.13439343376607255	0.01	0.007	0.007	0.007	0.01	0.03132904853839606	0.05417147890923154	0.043653400179430826	0.017502181164199025	0.000948790485594822	0.030579200752559814	0.09542049389033902	0.1403416165242063	0.025334134606684145	0.0006946012506309359	97.61406684724808	0.034837358810737594
0.14858233904849727	0.01	0.007	0.007	0.007	0.01	0.032934429158805706	0.05542701140203613	0.04593160895149104	0.018728636179673658	0.0009537240171275066	0.03607237512040333	0.11029120214933147	0.16570250329785716	0.03025288224651815	0.000789182190302301	97.36551256295401	0.03482023175154004
0.1634490135092035	0.01	0.007	0.007	0.007	0.01	0.03440627057787676	0.05642661468953412	0.048010494340528134	0.019912665770931526	0.0009566987658573877	0.042087129709008436	0.12613868289881044	0.19348613761265154	0.03573296771977404	0.0008884133995407232	97.10576438540348	0.034802295607775265
0.1790356250443513	0.01	0.007	0.007	0.007	0.01	0.03574591219865047	0.05720322415634796	0.04988514478121997	0.021049088219046344	0.0009585230332999331	0.0486377765477824	0.1429572628676782	0.2237488959038107	0.04180428691660305	0.0009924056465839565	96.83418164391526	0.034783500804994094
0.19538965441739878	0.01	0.007	0.007	0.007	0.01	0.03695549261379069	0.057787348710533135	0.051550893676753945	0.02213244830577544	0.0009599452650544102	0.05573957720553631	0.16074848558687785	0.2565454616032541	0.04849756536808907	0.0011013679536890893	96.55004386831277	0.03476379153867099
0.2125660505131119	0.01	0.007	0.007	0.007	0.01	0.03803794721859591	0.05820684695301341	0.05300329505651793	0.023157049241187236	0.0009616996530680856	0.06340977101480853	0.17952343686048647	0.2919319173873617	0.0558449986764674	0.0012156307423530936	96.25251578332816	0.03474310321081051
0.2306256622377045	0.01	0.007	0.007	0.007	0.01	0.03899673876712257	0.05848669418762256	0.05423775162179924	0.024116739805460037	0.0009645443312048644	0.07166694670562147	0.19930080796941313	0.32996084370221	0.0638792568991407	0.0013356504925969934	95.94067745035628	0.034721364360317496
0.24963516187065363	0.01	0.007	0.007	0.007	0.01	0.03983578600316496	0.0586489740115975	0.05524946614587477	0.025004859712144487	0.0009692898402689416	0.08053093352651819	0.22010637444335032	0.37067845115962567	0.07263282302799823	0.0014620315078419444	95.61352857963456	0.03469849679752587
0.2696650687366	0.01	0.007	0.007	0.007	0.01	0.04055935974636761	0.058712943096552984	0.05603343111618115	0.025814154760616086	0.0009768150031593706	0.0900217299983714	0.2419702816182896	0.4141169395982751	0.0821362098026017	0.0015955424395680139	95.27002565118991	0.03467441802606424
0.29078702190263783	0.01	0.007	0.007	0.007	0.01	0.04117205404317077	0.058695188876845134	0.05658464684818166	0.026536785909578867	0.0009880683741807664	0.10015796829116921	0.26492348390906695	0.4602845239612878	0.09241546716413161	0.0017371345300509124	94.90913141837538	0.03464904456141659
0.3130688516102885	0.01	0.007	0.007	0.007	0.01	0.041678790906498064	0.058609848403734954	0.05689857477708781	0.027164427595375233	0.0010040532988683818	0.11095425732001292	0.2889918921033125	0.5091504446401895	0.10348828931281871	0.0018879496161720928	94.5299009633158	0.03462229788011089
0.33656781492806287	0.01	0.007	0.007	0.007	0.01	0.0420848929998879	0.05846887786490496	0.05697192536618838	0.027688544727518968	0.001025795604435293	0.12241762378950671	0.31418881895689554	0.5606265907307222	0.1153589429494365	0.002049315472964928	94.131596836711	0.03459411254375188
0.36132282802565935	0.01	0.007	0.007	0.007	0.01	0.0423962158941752	0.058282344959059894	0.05680377522259035	0.02810090564221534	0.0010542954439764322	0.13454356600189443	0.34050682253036374	0.6145489667593232	0.1280126669241965	0.0022227262617169376	93.71381792643314	0.034564445482172565
0.3873494539832341	0.01	0.007	0.007	0.007	0.01	0.042619310844289215	0.05805869271525937	0.05639682826564508	0.028394348283570604	0.0010904726203535314	0.14731370538206942	0.36791305849074424	0.6706687914544424	0.14141188635389224	0.002409824885716092	93.27657796228098	0.03453328192139315
0.4146412249343087	0.01	0.007	0.007	0.007	0.01	0.04276150572250664	0.057804924112669354	0.05575838085976412	0.02856363627617255	0.0011351232318165979	0.16069689725170322	0.3963517148842987	0.7286616432745399	0.15549659095975468	0.0026124081554481865	92.82027493921264	0.034500633689804806
0.4431786220264035	0.01	0.007	0.007	0.007	0.01	0.0428307909810608	0.05752669765434494	0.05490053176569687	0.028606119124947094	0.0011889077182704354	0.17465438740672612	0.42575437154995677	0.7881560958770139	0.17018979229076764	0.0028324713498155845	92.34553292189366	0.034466528368275455
0.47294095023489563	0.01	0.007	0.007	0.007	0.01	0.04283548639747555	0.05722839838045309	0.05383956347734583	0.028521962356986206	0.0012523754981389554	0.18914643597468428	0.45605273528887724	0.8487686515702997	0.1854053183580465	0.003072274350556428	91.8529997304246	0.03443099503544404
0.5039151537598573	0.01	0.007	0.007	0.007	0.01	0.04278380864030281	0.056913258327800524	0.05259487366203034	0.02831397339603161	0.0013260132002293613	0.2041372388385326	0.4871874358645961	0.9101300093517828	0.20105428944147546	0.003334399490330317	91.34320075472615	0.03439405374148908
0.5360987804640184	0.01	0.007	0.007	0.007	0.01	0.04268349456728496	0.05658354762431298	0.051187925085780205	0.027987229719949352	0.001410296551814572	0.21959669322122727	0.5191103338786947	0.9718965810269208	0.21704842410893999	0.0036217828675690123	90.81649322167637	0.03435571201809815
0.5694975742741297	0.01	0.007	0.007	0.007	0.01	0.04254156679562659	0.056240810095109964	0.049641476545477216	0.02754870979903734	0.0015057301711963642	0.23549932762920373	0.5517813350109976	1.0337497135774878	0.2333003933518577	0.003937714852701333	90.27310969831635	0.03431596780754075
0.6041188600207082	0.01	0.007	0.007	0.007	0.01	0.042364251144585204	0.05588611225336808	0.047979152753228865	0.02700703660865882	0.0016128648220553538	0.25182114160645336	0.5851613644479247	1.0953871695663413	0.24972210445684181	0.004285803677265037	89.71326844240608	0.03427481737690156
0.6399617685383449	0.01	0.007	0.007	0.007	0.01	0.04215701568304596	0.055520285459308	0.046225283922003986	0.026372358726512463	0.0017322857770025472	0.2685350650029509	0.619202947466296	1.1565111704600552	0.26622190098643744	0.004669890074901795	89.13733060470751	0.034232266928431614
0.6770061104318394	0.01	0.007	0.007	0.007	0.01	0.04192468431561486	0.0551441419719504	0.04440483961575119	0.025656315923047807	0.0018645720314504058	0.28560607133076765	0.6538404464081753	1.2168179980846305	0.2827020113357974	0.005093906931815913	88.54597274988511	0.034188345722847034
0.7152011411979649	0.01	0.007	0.007	0.007	0.01	0.04167158273214697	0.05475865668070818	0.042543298653551595	0.024872004840962043	0.002010227815066971	0.3029866368822519	0.6889812804701522	1.2759919161345783	0.29905711129472073	0.0055616750428166785	87.94035347043919	0.03414311922052455
0.7544634065129499	0.01	0.007	0.007	0.007	0.01	0.04140162967460728	0.054365029077041105	0.04066596292089879	0.024033685263943835	0.0021696239632402704	0.3206166986891374	0.7245064206435053	1.3337163007923631	0.3151777730410547	0.006076738901922938	87.3221292983458	0.03409669137092454
0.7946834807749218	0.01	0.007	0.007	0.007	0.01	0.04111835494091554	0.05396463801078264	0.038796814101660394	0.02315617525393246	0.002342964791735885	0.3384276520318373	0.7602790182768865	1.3896960027805014	0.3309574615583205	0.006642281474426014	86.6933296661069	0.034049196367752936
0.8357419880400895	0.01	0.007	0.007	0.007	0.01	0.040824842087485234	0.05355889546769377	0.036957099210701054	0.022253973130159494	0.0025303011158658434	0.3563501331746054	0.7961604853144224	1.4436859637517345	0.34630177100396	0.0072611837653238625	86.0560922635604	0.03400077951806102
0.8775259145705472	0.01	0.007	0.007	0.007	0.01	0.040523667635656416	0.05314909637260937	0.03516426242277934	0.02134041376082205	0.0027315664228043032	0.37432129212096416	0.8320252989557689	1.4955104391419034	0.3611353264449844	0.00793616118657106	85.41240484536274	0.03395157792426804
0.9199400930780108	0.01	0.007	0.007	0.007	0.01	0.040216881213899686	0.052736317372147616	0.03343150344172956	0.02042707997243619	0.002946614907490211	0.39228936428850536	0.8677701831928799	1.5450679416831739	0.3754046038124803	0.008669911831488115	84.76393229197639	0.033901707010115384
0.9629123819177254	0.01	0.007	0.007	0.007	0.01	0.039906036659033015	0.05232137831978291	0.031767931492638284	0.019523540559754127	0.0031752475362402137	0.41021515285465326	0.9033169885023788	1.5923242161734168	0.3890770338078385	0.009465230577810676	84.11194756399225	0.033851254571897665
1.0063949642990293	0.01	0.007	0.007	0.007	0.01	0.039592250859080975	0.051904841260812504	0.030179062629356088	0.01863733805045959	0.0034172293988458005	0.4280717157604372	0.9386119348423172	1.637299933145915	0.40213818612514346	0.01032509740266939	83.45732499627157	0.033800279439233236
1.0503638306711551	0.01	0.007	0.007	0.007	0.01	0.03927626976954315	0.05148702610502578	0.028667451904129025	0.017774131867882414	0.003672302934909872	0.44584327993045186	0.9736232956007136	1.6800575378291627	0.41458833261310685	0.01125275479623888	82.80056190885193	0.033748812283517594
1.09481808426681	0.01	0.007	0.007	0.007	0.01	0.03895852672006803	0.051068027096284455	0.027233318732585648	0.016937914234820453	0.003940202411941875	0.46352412381778646	1.0083390070169673	1.720689770620059	0.4264391997231388	0.012251795440678153	82.14180269950873	0.033696856634680264
1.13977974089416	0.01	0.007	0.007	0.007	0.01	0.038639187671054905	0.05064772402646744	0.025875103533228215	0.016131249695432785	0.0042206716898547944	0.48111770136591836	1.0427647410412142	1.759310495920455	0.4377111870646648	0.013326273137663566	81.48085536458872	0.03364438932040005
1.1852946403041937	0.01	0.007	0.007	0.007	0.01	0.03831818009168234	0.05022578294390138	0.024589925149002503	0.015355504642080384	0.004513487968371622	0.4986362206471175	1.0769228504947206	1.796048018029464	0.4484311816279838	0.014480855804246556	80.81719186800535	0.033591359615086955
1.2314349122882078	0.01	0.007	0.007	0.007	0.01	0.03799520421836253	0.04980164303365953	0.023373934551206958	0.014611049385033346	0.0048184937492863214	0.5161007906785802	1.1108523889288622	1.8310406716940617	0.45863096244984797	0.015721042226090654	80.14992693324936	0.03353768659857073
1.2783039363293043	0.01	0.007	0.007	0.007	0.01	0.03766972237283341	0.049374482121981894	0.022222560578325903	0.013897417800273667	0.0051356426728519575	0.5335424082850831	1.1446107032940889	1.8644347122335183	0.46834623866862246	0.0170534850177437	79.47776325206021	0.03348325365743615
1.3260452209496987	0.01	0.007	0.007	0.007	0.01	0.03734091903535078	0.048943149509949296	0.021130646142491622	0.013213413565591059	0.005465068281569051	0.5510041831374836	1.1782773181164636	1.8963846232951052	0.4776163710873306	0.018486490252663662	78.7988852241815	0.033427898514096895
1.3748582340676432	0.01	0.007	0.007	0.007	0.01	0.037007614023431244	0.04850604156376814	0.02009245488635335	0.012557142689743976	0.0058071953483124494	0.5685456923256242	1.2119617398899492	1.9270566255279122	0.4864849997301131	0.020030836571650636	78.11076242186155	0.03337139533884084
1.4250270957720619	0.01	0.007	0.007	0.007	0.01	0.036668093195709045	0.04806087229540117	0.019101502131666726	0.011925936997188765	0.006162932166598558	0.5862511930855698	1.245818331265496	1.9566370848454375	0.4950020360993353	0.0217011980478707	77.40978737388922	0.03331342223203638
1.4769736679170928	0.01	0.007	0.007	0.007	0.01	0.03631978685930225	0.04760424656226755	0.018150118817568468	0.01131610554887508	0.006534017426010165	0.6042450070824615	1.280074257524263	1.9853490861769048	0.5032278816688294	0.023518743227292794	76.69060183385288	0.03325350100044928
1.5313459268047627	0.01	0.007	0.007	0.007	0.01	0.03595873748023651	0.04713095872050709	0.01722877224837025	0.010722526681962743	0.006923576779674699	0.6227164570420106	1.315074414056836	2.0134772609061224	0.5112397451337829	0.025515634926909916	75.94498929240687	0.03319089714367289
1.5889706912565988	0.01	0.007	0.007	0.007	0.01	0.03557999616387523	0.04663450982427118	0.016327981741577388	0.010139922099463208	0.00733561321757868	0.6418959828862858	1.3512326030340054	2.041313548697808	0.5191152082410944	0.027735186176681362	75.16268578658166	0.03312467701464507
1.648534167399222	0.01	0.007	0.007	0.007	0.01	0.03519270223004999	0.04612687064105098	0.015471027402266958	0.009584155761752668	0.007758332684323612	0.6613003561865787	1.387616749509004	2.0681287736697365	0.5266438696515552	0.030137807668242245	74.3625313797578	0.03305636785062656
1.7058370247716357	0.01	0.007	0.007	0.007	0.01	0.034824089749102394	0.04564372968352053	0.014710928452275038	0.009090441086809642	0.008159859032208398	0.6795733463618842	1.42169014480155	2.0922045928612087	0.53334812145472	0.032549487756447684	73.60078575174904	0.03299078418287897
1.7618291711285372	0.01	0.007	0.007	0.007	0.01	0.03446764451611187	0.045176543139101966	0.014023402692352353	0.008643622885524567	0.008545495186100208	0.6970620182697387	1.454122147489368	2.114231036925819	0.5394300203544822	0.03499694298989448	72.86400181617161	0.03292682632566969
1.8161811411197004	0.01	0.007	0.007	0.007	0.01	0.03412513815707891	0.04472762995123134	0.013403443199788201	0.0082408072292776	0.008911967780969662	0.7136989967605362	1.484806038363109	2.13430482401227	0.5449248278484122	0.037454601563075215	72.15585585552813	0.03286486058388333
1.8692938254701088	0.01	0.007	0.007	0.007	0.01	0.03379373765688346	0.044293275177946685	0.012838781778735512	0.00787422247369076	0.00926132247022681	0.7296399599600846	1.5140461292463578	2.1527686775408044	0.5499343621249534	0.03993008184382479	71.47050559298195	0.03280442038848327
1.9211738587389369	0.01	0.007	0.007	0.007	0.01	0.03347314404101636	0.0438730859353439	0.012323167851225536	0.007539906807163576	0.009593157095258795	0.7449145290416497	1.5419114401264022	2.169782325381359	0.5545089286151198	0.0424145783263118	70.80734628417136	0.03274549021733775
1.9720371856187846	0.01	0.007	0.007	0.007	0.01	0.033161794157938726	0.04346501285703342	0.011849304969181775	0.007233159601128788	0.009908597757484658	0.7596106794840749	1.5685756625197744	2.1855490760142704	0.5587094354956375	0.04491022566697947	70.16315705310934	0.032687817688274536
2.0219760094070276	0.01	0.007	0.007	0.007	0.01	0.03285892919066079	0.04306806103432391	0.01141211048114521	0.006950681284462859	0.010208079738147621	0.7737758057437053	1.594136227382836	2.2002069842444256	0.5625781279291564	0.047414337208058786	69.53637893155043	0.03263129225125283
2.071137176467228	0.01	0.007	0.007	0.007	0.01	0.032563490254486904	0.04268084241733636	0.011006777012310169	0.006689332199011418	0.010492443465750942	0.7874695399541123	1.6187108329380364	2.2138911873509644	0.5661555120181513	0.04992784913551737	68.92483036803043	0.03257574251511119
2.1196216807611856	0.01	0.007	0.007	0.007	0.01	0.03227472728376578	0.04230237379753624	0.010629539051208744	0.006446637685607366	0.010762293995803794	0.8007353814138028	1.6423863358237765	2.2267069682018406	0.5694733728875176	0.05245021878318121	68.32696730323899	0.03252104999721942
2.1675393583398304	0.01	0.007	0.007	0.007	0.01	0.0319918636697318	0.04193163722889558	0.010277074163214849	0.006220406661617125	0.01101831001211935	0.8136166180198595	1.6652477113107813	2.2387487372230135	0.5725599321620419	0.05498204726052601	67.74118931384983	0.03246708710492171
2.214978884153519	0.01	0.007	0.007	0.007	0.01	0.03171427207017788	0.041567810433437956	0.009946645159232286	0.006008826101792198	0.01126106263607444	0.8261484375028811	1.687364161829685	2.2500943377325946	0.5754384998295099	0.05752342140138067	67.16620376508861	0.03241375089372539
2.262025338942802	0.01	0.007	0.007	0.007	0.01	0.03144136645388276	0.04121012529663645	0.009635883751777952	0.005810323328622955	0.01149110647935345	0.8383630843476101	1.708798523182902	2.2608116986188147	0.5781293097724628	0.06007472995054323	66.60080247706976	0.032360943145845394
2.308751717840564	0.01	0.007	0.007	0.007	0.01	0.031172648979975577	0.040857929302757216	0.009342786983740367	0.005623564234804444	0.011708932037887846	0.8502879092744907	1.7296039969197423	2.270958399089179	0.5806495080464593	0.06263612773894088	66.04395898552657	0.03230857982775709
2.355225056020016	0.01	0.007	0.007	0.007	0.01	0.03090767154882763	0.04051063513688639	0.00906562292043381	0.005447392928057723	0.01191499559645573	0.8619472537653466	1.749827634527684	2.28058446808661	0.5830139455608253	0.06520779311645634	65.49474904778795	0.03225658411894474
2.4015044018494205	0.01	0.007	0.007	0.007	0.01	0.03064604522144486	0.04016773302775293	0.00880290194329396	0.00528081311276014	0.012109709555239972	0.8733621593254457	1.7695099691041865	2.289733024851878	0.5852354097231733	0.06778975813253303	64.95237029056513	0.03220488861045161
2.447643411335308	0.01	0.007	0.007	0.007	0.01	0.03038742338444396	0.03982876868110888	0.008553327028953334	0.0051229559877952685	0.012293455014366347	0.8845512220728227	1.7886866242332555	2.298441722747924	0.587325042137037	0.07038200192587458	64.41610743432318	0.032153432334806054
2.4936905107827103	0.01	0.007	0.007	0.007	0.01	0.030131499223259927	0.03949333996690671	0.00831576588668983	0.00497306205112799	0.012466583228498276	0.8955307937314871	1.8073887622692235	2.306743495343922	0.589292571664302	0.0729844195955251	63.88532714924883	0.03210216053163627
2.5396888880922814	0.01	0.007	0.007	0.007	0.01	0.02987800426073576	0.039161095003231346	0.00808922832122233	0.004830466215271334	0.012629417209405426	0.9063151279789934	1.8256434301751072	2.3146671656990905	0.5911465064310808	0.07559678736551141	63.35947511307242	0.03205102460708151
2.5856779832124905	0.01	0.007	0.007	0.007	0.01	0.029626698802164564	0.038831719632619256	0.007872840105386308	0.0046945807790413924	0.012782258866015762	0.9169168603426234	1.8434744579048432	2.322238214604271	0.592894354810256	0.0782188186838449	62.83805626905606	0.03199998043183652
2.631693537857838	0.01	0.007	0.007	0.007	0.01	0.02937737062048715	0.03850493569854541	0.007665827819952444	0.004564885383490603	0.012925390427730993	0.9273471218928698	1.8609027183122573	2.3294791943448505	0.5945427550720149	0.08085014413530832	62.32063216045683	0.031948988251301505
2.6777683399696257	0.01	0.007	0.007	0.007	0.01	0.029129829978197738	0.03818049452069059	0.0074675029318048616	0.004440916546878951	0.013059078169618224	0.937615799515803	1.8779466244009446	2.336410191363729	0.5960976107417313	0.08349033481414286	61.80681065609619	0.03189801182895189
2.7239324570466756	0.01	0.007	0.007	0.007	0.01	0.028883907596605012	0.0378581742332427	0.007277250493412106	0.004322260160998694	0.01318357420387379	0.9477316634379733	1.894622393332491	2.3430491448227047	0.597564187685981	0.08613889991972913	61.29624178221521	0.03184701816229907
2.770213698396905	0.01	0.007	0.007	0.007	0.01	0.028639451509733394	0.037537775661382895	0.007094518574084878	0.00420854449987909	0.013299118787158948	0.9577025345906184	1.9109443688216934	2.3494121533846486	0.5989472043698747	0.08879530013057783	60.78861123231096	0.03179597694946414
2.8166378522202615	0.01	0.007	0.007	0.007	0.01	0.02839632523763086	0.03721911992708646	0.006918810109222378	0.004099434789722978	0.013405941775696673	0.9675353913368118	1.9269252356914326	2.355513708421665	0.6002509020472835	0.09145895027981392	60.28363660924534	0.031744860308681004
2.8632289819013006	0.01	0.007	0.007	0.007	0.01	0.028154405733339327	0.03690204575828797	0.006749675670563656	0.003994628397396181	0.013504264079704165	0.9772364806953238	1.9425762359123455	2.3613669037545924	0.6014791067837976	0.09412922720622083	59.78106319219192	0.03169364243549658
2.9100096490270517	0.01	0.007	0.007	0.007	0.01	0.027913581797648374	0.03658640741115997	0.0065867075000601094	0.0038938508452859726	0.013594298770852824	0.9868114062105482	1.957907341054308	2.366983608250186	0.6026352808008352	0.09680547484951148	59.28066067024181	0.03164229934363604
2.9570011169779113	0.01	0.007	0.007	0.007	0.01	0.027673752662296977	0.03627207281317486	0.006429534411460115	0.0037968524001611415	0.013676252012140257	0.9962652054754639	1.9729274034398954	2.3723746137573634	0.6037225663391137	0.09948700940634994	58.78222022195687	0.03159080862962899
3.0042235051351667	0.01	0.007	0.007	0.007	0.01	0.027434826884270513	0.03595892211390993	0.00627781752128661	0.003703405206896638	0.013750323778762386	1.0056024122662697	1.9876442787406006	2.3775497587336125	0.6047438225374804	0.10217312262148324	58.28555223797153	0.0315391492936726
3.0516959633106477	0.01	0.007	0.007	0.007	0.01	0.02719672118659168	0.03564684616572527	0.006131246461802495	0.003613300747937992	0.01381670851324309	1.0148271181753972	2.0020649443377003	2.382518038725679	0.6057016579333456	0.1048630870128136	57.790483929457295	0.031487301540137916
3.0994367889245518	0.01	0.007	0.007	0.007	0.01	0.02695935963388333	0.03533574544321475	0.0059895362441162595	0.0035263477283515353	0.013875595596099962	1.0239430188377816	2.0161955902850406	2.387287697329987	0.6065984575806764	0.10755615846611949	57.296857629855076	0.03143524664236817
3.1474635500033816	0.01	0.007	0.007	0.007	0.01	0.026722672814528056	0.035025528971302636	0.005852424485294814	0.00344237020652251	0.013927169757503603	1.032953458032629	2.030041704426833	2.3918663069657455	0.6074364069019299	0.11025157968290752	56.80452910820892	0.031382966802442416
3.1957931893104097	0.01	0.007	0.007	0.007	0.01	0.026486597150340702	0.03471611342046644	0.005719669020979501	0.0033612059809424843	0.013971611399579316	1.0418614651764395	2.0436081449126804	2.396260838333859	0.6082175122372402	0.1129485829772981	56.31336614571587	0.03133044503278231
3.2444421128501943	0.01	0.007	0.007	0.007	0.01	0.026251074311614706	0.03440742234006825	0.005591045838893918	0.003282705190724013	0.014009096850780936	1.0506697873657018	2.0568992023309347	2.4004777204831873	0.6089436186485915	0.11564639253721992	55.82324732980934	0.031277665055850105
3.2934262659626685	0.01	0.007	0.007	0.007	0.01	0.026016050716819568	0.034099385502634534	0.005466347279618175	0.0032067290946905377	0.014039798569343667	1.0593809170084214	2.0699186534067566	2.404522893080708	0.6096164254365022	0.1183442262775601	55.33406102296238	0.031224611218261363
3.3427612166965197	0.01	0.007	0.007	0.007	0.01	0.025781477019493813	0.033791938231352854	0.005345380420399793	0.003133148975725932	0.014063885315586746	1.0679971188280384	2.0826698121606637	2.408401853472108	0.6102374999407382	0.1210412983184311	54.84570430355664	0.031171268397885827
3.3924622040893486	0.01	0.007	0.007	0.007	0.01	0.025547307782843514	0.03348502097358641	0.005227965720749831	0.0030618452166356644	0.014081522273785615	1.0765204489632347	2.0951555678727174	2.4121196958644964	0.6108082893029083	0.12373681971439796	54.3580822963442	0.031117621949733387
3.442544223601528	0.01	0.007	0.007	0.007	0.01	0.025313500995374185	0.03317857866603642	0.005113935726333381	0.002992706422175322	0.014092871167793288	1.084952779061188	2.107378429179621	2.4156811490896897	0.6113301313420884	0.12643000135673685	53.87110717096227	0.03106365761239551
3.493022054038144	0.01	0.007	0.007	0.007	0.01	0.025080017878912505	0.03287256048312829	0.005003134042164925	0.0029256287142250784	0.01409809033349766	1.0932958089527174	2.119340550268557	2.419090606145678	0.6118042635609867	0.12912005380656028	53.384697748380695	0.031009361478347385
3.5439103286661338	0.01	0.007	0.007	0.007	0.01	0.024846822502702908	0.032566919331226706	0.00489541431353628	0.002860515040078196	0.01409733479121173	1.1015510857346975	2.131043765465053	2.4223521537646966	0.6122318316375965	0.1318061896118756	52.89877870275362	0.030954719917164728
3.595223584392842	0.01	0.007	0.007	0.007	0.01	0.024613881515476044	0.032261611497471414	0.00479063935938516	0.0027972745808102	0.014090756293496211	1.1097200179305002	2.142489615637542	2.425469597344819	0.6126138967353055	0.13448762448148424	52.413280008164755	0.030899719523069538
3.646976315723299	0.01	0.007	0.007	0.007	0.01	0.024381163869144958	0.03195659628763926	0.004688680383388951	0.0027358222135071496	0.014078503359585442	1.117803889377193	2.1536793732925785	2.428446483559966	0.6129514420388026	0.1371635787358686	51.92813636722315	0.030844347057964287
3.6991829641407747	0.01	0.007	0.007	0.007	0.01	0.024148640842831342	0.03165183605763833	0.004589416385193579	0.0026760781002523595	0.014060721320898093	1.1258038622556004	2.1646140519427073	2.431286117128648	0.6132453782060994	0.13983327546234145	51.44328726523927	0.030788589464035267
3.7518580190161606	0.01	0.007	0.007	0.007	0.01	0.0239162855746925	0.03134729559989232	0.004492733416429125	0.0026179671890341	0.014037552336886756	1.1337209968374937	2.1752944379813615	2.4339915821069904	0.6134965489596991	0.14249594446746672	50.9586759978554	0.030732433757487347
3.8050160231369525	0.01	0.007	0.007	0.007	0.01	0.02368407303427928	0.031042942107114117	0.0043985240861725275	0.0025614188699774644	0.014009135424823188	1.1415562554933532	2.1857211000220103	2.4365657558103178	0.6137057354756096	0.14515082127711612	50.47424961648579	0.030675867024910056
3.8586716246473194	0.01	0.007	0.007	0.007	0.01	0.02345197979645616	0.030738744875992593	0.004306687028207969	0.002506366612952642	0.013975606473695347	1.1493105132283723	2.195894406639226	2.439011323782789	0.6138736605759935	0.1477971485146564	49.98995845960596	0.030618876370520555
3.9128396165561043	0.01	0.007	0.007	0.007	0.01	0.02321998388145293	0.030434675097555697	0.004217126440649643	0.002452747652735687	0.013937098256820888	1.1569845655805795	2.20581453985349	2.4413307925760024	0.6140009923883402	0.15043417659866765	49.50575582145724	0.0305614488772568
3.9675349777872064	0.01	0.007	0.007	0.007	0.01	0.02298806459829325	0.030130705651959265	0.004129751665783336	0.0024005027019388995	0.013893740440319439	1.1645791360809645	2.215481507427244	2.4435265012643748	0.6140883476022495	0.15306116446696497	49.021597627359775	0.030503571566789466
4.022772919614599	0.01	0.007	0.007	0.007	0.01	0.02275620237594545	0.029826810887182965	0.004044476800597025	0.002349575685643625	0.013845659583929209	1.172094883789636	2.2248951546145346	2.445600631929199	0.614136294356343	0.15567738048892318	48.537442082941745	0.03044523135443394
4.078568926663765	0.01	0.007	0.007	0.007	0.01	0.022524378628458245	0.029522966442269122	0.0039612203519059225	0.002299913505710477	0.01379297914301785	1.1795324094038697	2.234055173455687	2.447555218763466	0.6141453547664891	0.15828210302871876	48.05324939386668	0.030386415010447098
4.134938803500613	0.01	0.007	0.007	0.007	0.01	0.0222925756073143	0.029219149053808017	0.0038799049149109374	0.0022514658217988844	0.01373581946420526	1.1868922614947572	2.2429611116330403	2.449392156344104	0.614116007146045	0.16087462117910645	47.5689814584525	0.030327109116064975
4.191898711949671	0.01	0.007	0.007	0.007	0.01	0.02206077630276737	0.028915336426623847	0.0038004568943286916	0.0022041848602318698	0.013674297789530974	1.1941749409127855	2.251612378504068	2.4511132066396053	0.6140486879439386	0.1634542349634561	47.08460166220864	0.030267300029965607
4.2494652448101204	0.01	0.007	0.007	0.007	0.01	0.021828964208417	0.028611506925209924	0.003722806201632009	0.002158025210896275	0.01360852822083931	1.2013809092195462	2.26000825529838	2.4527200062143857	0.6139437933726898	0.16602025706525245	46.60007438616752	0.030206973817231576
4.3076554487887595	0.01	0.007	0.007	0.007	0.01	0.021597123305334823	0.028307639552923612	0.0036468860490013865	0.0021129436837478066	0.013538621737640607	1.2085105899285857	2.268147896088586	2.4542140709953877	0.6138016808324968	0.1685720121050879	46.11536497353308	0.03014611623245291
4.366486927224503	0.01	0.007	0.007	0.007	0.01	0.021365237738651777	0.028003713528097586	0.0035726326597375953	0.0020688991175163754	0.013464686123015265	1.2155643790125312	2.276030338843782	2.455596802404314	0.613622669940864	0.1711088393004968	45.630439053033314	0.030084712620102854
4.42597785672186	0.01	0.007	0.007	0.007	0.01	0.021133291853619278	0.027699708331303415	0.0034999851155478327	0.002025852271422007	0.013386825990137833	1.2225426440019684	2.2836545025865638	2.4568694903537747	0.6134070435085536	0.17363009112693467	45.14526261322835	0.030022747906003042
4.486147105238106	0.01	0.007	0.007	0.007	0.01	0.020901269846185164	0.02739560324736992	0.003428885095694118	0.0019837656542600795	0.013305142683530696	1.2294457345538814	2.291019196675744	2.4580333178978013	0.6131550480002096	0.17613513616078924	44.65980127021834	0.02996020648388551
4.547014275257484	0.01	0.007	0.007	0.007	0.01	0.020669155727179145	0.027091377318439795	0.0033592767322517605	0.0019426034237763922	0.013219734273972503	1.2362739831385343	2.298123118139234	2.459089363272613	0.6128668939863858	0.17862335842944288	44.17402019056513	0.029897072181363296
4.608599815305016	0.01	0.007	0.007	0.007	0.01	0.020436933040580602	0.026787008974708745	0.003291106403075392	0.0019023312504293205	0.013130695463736314	1.2430277127557254	2.3049648556755695	2.460038602535745	0.6125427561106277	0.18109415935453266	43.687883499127	0.029833328156096694
4.670925117065158	0.01	0.007	0.007	0.007	0.01	0.020204584662957357	0.026482475771551953	0.0032243225652191197	0.0018629162063365338	0.013038117508659077	1.2497072417540551	2.3115428892460703	2.4608819109121174	0.6121827728415019	0.18354695870206486	43.201353855834704	0.029768956808611448
4.734012609776902	0.01	0.007	0.007	0.007	0.01	0.01997209263700406	0.026177754171343506	0.003158875610771356	0.0018243266685454111	0.012942088146832417	1.2563128872700455	2.3178555871068376	2.4616200632655842	0.6117870460170145	0.18598119506261307	42.714392103083426	0.0297039396995906
4.797885928827935	0.01	0.007	0.007	0.007	0.01	0.019739437759825063	0.025872819003824776	0.0030947176663649527	0.0017865321901195052	0.012842691416572393	1.2628449751605149	2.3239012076011294	2.4622537345120428	0.6113556396797386	0.18839632875889822	42.2269563984843	0.02963825739264466
4.8625700038030395	0.01	0.007	0.007	0.007	0.01	0.019506599501934428	0.025567643359934437	0.003031802498907729	0.0017495034348205469	0.012740007598690659	1.2693038399663565	2.3296778896830674	2.462783498028362	0.6108885791407769	0.19079184111183353	41.739002039167495	0.02957188938241449
4.928091288317932	0.01	0.007	0.007	0.007	0.01	0.01927355544684903	0.02526219785729065	0.002970085301154959	0.0017132120418798277	0.012634112942331957	1.275689837744961	2.33518365347633	2.4632098244002174	0.6103858488128829	0.19316723848346376	41.25048028045461	0.029504813879456342
4.994477911431799	0.01	0.007	0.007	0.007	0.01	0.019040281062957076	0.0249564503411769	0.002909522582596736	0.0016776305536611881	0.012525079515646239	1.2820033488025098	2.34041638907341	2.46353307806623	0.6098473902356195	0.19552205260603767	40.761337849098496	0.029437007678970305
5.061759929562742	0.01	0.007	0.007	0.007	0.01	0.018806749167048695	0.02465036518139534	0.0028500719906389836	0.0016427323030922833	0.012412974901878331	1.2882447881161376	2.3453738494402665	2.4637535133497668	0.6092730990139956	0.1978558437729411	40.271515808538126	0.029368445930107595
5.129969600465472	0.01	0.007	0.007	0.007	0.01	0.018572929377104905	0.024343902555039394	0.002791692145361169	0.0016084913098935345	0.012297861863702455	1.2944146149035793	2.3500536389175912	2.463871268825067	0.6086628211340409	0.20016820372531996	39.780948399258335	0.02929910188732113
5.19914166288845	0.01	0.007	0.007	0.007	0.01	0.018338787616375734	0.024037017796487634	0.0027343425016635977	0.0015748821936031915	0.012179798009278415	1.300513339695949	2.3544531959128596	2.463886359974022	0.6080163488062895	0.20245875759344995	39.2895619842934	0.02922894666092218
5.2693137642177295	0.01	0.007	0.007	0.007	0.01	0.018104285198331287	0.023729660198054826	0.0026779831237191323	0.001541880035903232	0.012058835221316276	1.306541541032458	2.3585697779828214	2.463798669978265	0.6073334144672825	0.20472716942732325	38.79727311228146	0.029157948823355633
5.340526911164843	0.01	0.007	0.007	0.007	0.01	0.01786937794715249	0.023421771857220407	0.002622574489705248	0.001509460261493911	0.011935019060895847	1.312499879300621	2.3624004382742543	2.463607937781631	0.6066136838974988	0.20697314663542793	38.303986650986516	0.029086073999967453
5.4128260096964285	0.01	0.007	0.007	0.007	0.01	0.01763401514748356	0.023113286300070195	0.0025680772762396767	0.0014775985078141637	0.01180838804117786	1.3183891129033811	2.3659419962434414	2.4633137431633267	0.6058567477800201	0.20919644524640987	37.80959355785811	0.02901328437847404
5.486260582864144	0.01	0.007	0.007	0.007	0.01	0.017398138068728523	0.022804126547097597	0.002514452068216881	0.0014462704519180858	0.011678972621372838	1.3242101225487297	2.3691910040608835	2.4629154877197905	0.6050621105954512	0.2113968781632226	37.313967751309306	0.02893953805022779
5.560885615399961	0.01	0.007	0.007	0.007	0.01	0.017161678280430345	0.02249420290517445	0.002461659051838386	0.0014154516284173942	0.011546794017519813	1.3299639373546719	2.3721437017629894	2.4624123708294476	0.6042291771158445	0.21357432400668397	36.816962535644834	0.028864788238187923
5.636762647827176	0.01	0.007	0.007	0.007	0.01	0.016924555418733746	0.022183410040061538	0.0024096576197653167	0.0013851171970451423	0.01141186262715843	1.3356517702907504	2.374795962079492	2.461803358831618	0.6033572349127653	0.21572873934808515	36.31840586325123	0.028788982292178435
5.713961196998061	0.01	0.007	0.007	0.007	0.01	0.016686674248156737	0.021871623125284137	0.0023584058666816796	0.001355241647396296	0.011274175947331587	1.3412750651828067	2.3771432203480516	2.4610871449736793	0.6024454315617461	0.21786017512641906	35.818094103211486	0.028712060380472134
5.792560560743224	0.01	0.007	0.007	0.007	0.01	0.016447920949740936	0.02155869297702554	0.0023078599751412553	0.0013257984410266046	0.011133715908484615	1.346835555017304	2.379180382141906	2.4602620973343234	0.6014927453329993	0.2199687970741968	35.315784167133366	0.028633953827889285
5.872652286994865	0.01	0.007	0.007	0.007	0.01	0.01620815792813754	0.021244439247802067	0.002257973360362784	0.001296759514726116	0.010990445161229278	1.35233534555216	2.38090170402394	2.459326188882778	0.6004979452983747	0.22205491534982516	34.81118249820906	0.02855458283207626
5.954343501802618	0.01	0.007	0.007	0.007	0.01	0.015967216785302413	0.02092864121712569	0.0022086955330465436	0.0012680946217596381	0.010844302023661673	1.3577770281818702	2.382300632396076	2.4582769026633233	0.5994595373308378	0.2241190247099351	34.30393017276414	0.02847385338148335
6.037761580591795	0.01	0.007	0.007	0.007	0.01	0.015724888349563957	0.020611024722671626	0.0021599704947132484	0.0012397704039490008	0.01069519330994084	1.3631638415548673	2.383369582804403	2.457111099571042	0.5983756883802532	0.2261618623567145	33.79358176210019	0.02839165291904102
6.123060960080363	0.01	0.007	0.007	0.007	0.01	0.015480907946343079	0.02029124285472952	0.0021117343688195267	0.001211749023406779	0.010542983753235015	1.3684999132045366	2.3840996288081824	2.4558248275701935	0.5972441163511291	0.22818449489868028	33.279574114374526	0.028307844001610915
6.210433353144904	0.01	0.007	0.007	0.007	0.01	0.01523493310899159	0.019968846742006968	0.0020639118228918847	0.001183986097683834	0.010387480001263088	1.373790627758194	2.384480045480697	2.4544130373882083	0.5960619251651523	0.2301884513725481	32.76117912092251	0.02822225477284068
6.300124002814738	0.01	0.007	0.007	0.007	0.01	0.014986507656754864	0.019643238469011077	0.0020164102809666715	0.0011564273609184629	0.010228404893621298	1.3790432277004592	2.384497610402031	2.4528691358968877	0.5948253433324032	0.23217594122894034	32.237427611788945	0.028134663763936172
6.392459104608018	0.01	0.007	0.007	0.007	0.01	0.014735000389644627	0.01931359072421618	0.0019691100090996456	0.001129002945243829	0.010065353671187407	1.38426784966957	2.384135466177633	2.4511842415295075	0.593529284479894	0.2341502317388571	31.706979503568125	0.02804477419011106
6.4878959926895945	0.01	0.007	0.007	0.007	0.01	0.014479491592573925	0.018978698042805494	0.0019218456696610084	0.001101616741680515	0.00989771314340739	1.3894794640743924	2.383371118913689	2.4493458391384175	0.5921665463473099	0.23611635678972942	31.16788345529167	0.027952166799662663
6.5871262752557325	0.01	0.007	0.007	0.007	0.01	0.014218536961908446	0.018636667389718836	0.0018743677127837151	0.0010741241289745408	0.009724494162967218	1.3947019573932928	2.382172506841265	2.4473350562404077	0.5907261726242327	0.23808261363635053	30.617077070567255	0.02785620274170007
6.691329570582256	0.01	0.007	0.007	0.007	0.01	0.013949579141609117	0.018284146874362566	0.001826245388051766	0.001046276013933122	0.009543915898672506	1.3999784428665578	2.380488840049116	2.4451200778688036	0.5891894462207602	0.24006435601825366	30.049141382243796	0.027755783980050144
6.802969466096024	0.01	0.007	0.007	0.007	0.01	0.01366708482799556	0.01791388411591429	0.0017765581828049976	0.0010175407730820367	0.00935209363642088	1.4054041847045333	2.3782229680950833	2.442635737183209	0.5875173698069603	0.24209613414391137	29.45235865831206	0.02764860034481563
6.929630156565785	0.01	0.007	0.007	0.007	0.01	0.013353521464497977	0.01750289991401567	0.0017223976093433402	0.000986239624864599	0.009136693861748958	1.41128677546957	2.3751009745147185	2.4396857613198577	0.5855904417564299	0.24429082731392854	28.789619408549466	0.027527496592549033
7.049443547490716	0.01	0.007	0.007	0.007	0.01	0.0130635512511	0.01712283720405607	0.001673206057616323	0.0009578292423269226	0.008935269581213547	1.4165954240290568	2.371635369819	2.4367744162491656	0.58374063911025	0.2462628325941674	28.176439061316504	0.027413427977418307
7.1573878658882215	0.01	0.007	0.007	0.007	0.01	0.012807716743558262	0.01678751548607743	0.0016304932132107663	0.0009331751121101809	0.008755833726471337	1.421174067631949	2.3681077705144236	2.4340568090506816	0.5820532554016151	0.2479561031364368	27.635193473215622	0.027311064155785755
7.262486650092056	0.01	0.007	0.007	0.007	0.01	0.012563454028038077	0.016467361136382853	0.0015902943691916555	0.0009099842412033713	0.008583071134929053	1.4254534624257615	2.3643214628042974	2.4313293912056753	0.5803927369159587	0.24953149390658869	27.118206797853123	0.027211766025109125
7.36566289179392	0.01	0.007	0.007	0.007	0.01	0.01232820372351849	0.016159019247121233	0.0015520998102900594	0.0008879604745836055	0.008415397946553708	1.4294896496648761	2.3602821367705107	2.4285777931201014	0.578746847792812	0.251010168653734	26.62008608475943	0.02711463551926536
7.4670824635147195	0.01	0.007	0.007	0.007	0.01	0.012101263991373994	0.01586156984740548	0.0015157248723216936	0.0008669956521027443	0.008252494200785318	1.433303722727284	2.356014266610286	2.425805183695734	0.5771148134002638	0.25240031403530866	26.13936464831707	0.02701949665255805
7.5670180636607025	0.01	0.007	0.007	0.007	0.01	0.011881742507126052	0.015573843369800966	0.0014809660416507987	0.0008469710476576287	0.008093873928962325	1.43691861600398	2.3515332569192724	2.4230106458154053	0.5754938541475548	0.2537107340101738	25.674169431682532	0.026926076392636868
7.665682279884493	0.01	0.007	0.007	0.007	0.01	0.011668931105570197	0.015294911631003527	0.0014476596593549038	0.0008277911623252311	0.007939157254846268	1.4403528881714451	2.3468526674521617	2.42019381488321	0.573881897284774	0.25494857445983	25.22301469529089	0.026834161496960204
7.76325479371492	0.01	0.007	0.007	0.007	0.01	0.011462233312777917	0.015023992842301893	0.0014156679195623852	0.0008093755945093927	0.007788024433790266	1.4436222349145413	2.341984079494682	2.417354387328255	0.5722771992501529	0.25611988912781664	24.784649155962054	0.02674357219997953
7.859885620763687	0.01	0.007	0.007	0.007	0.01	0.011261148763272064	0.01476043118362901	0.0013848746576660272	0.0007916565694191523	0.007640208989114194	1.446739962764997	2.3369376864642843	2.4144922133169464	0.5706783367452447	0.2572298228252127	24.358023442696105	0.026654158603874902
7.9557014680360085	0.01	0.007	0.007	0.007	0.01	0.011065252795667519	0.014503670059475273	0.0013551808149506795	0.0007745762933736722	0.007495486260249805	1.4497174888192637	2.3317225644066486	2.411607257036278	0.5690841363657826	0.2582828013866848	23.942247218384974	0.026565794291805504
8.050809582682097	0.01	0.007	0.007	0.007	0.01	0.010874183011854223	0.014253234482054017	0.0013265013188965712	0.0007580851316746766	0.007353666188541302	1.4525646874462197	2.3263469257140175	2.4086995947564818	0.5674936371421355	0.25928266424141394	23.5365609745987	0.02647837238393866
8.145301249348863	0.01	0.007	0.007	0.007	0.01	0.010687627773300394	0.01400871599350462	0.0012987625060811145	0.0007421401050229843	0.00721458690822256	1.4552901754099248	2.320818287859696	2.4057693977239687	0.5659060528447353	0.26023277304795694	23.140311865807206	0.026391802001974485
8.239254442900352	0.01	0.007	0.007	0.007	0.01	0.010505317375397219	0.013769761098193755	0.0012719001380255414	0.0007267037318001798	0.007078109845519714	1.4579015317186679	2.3151436082702572	2.4028169208526156	0.5643207437430117	0.26113609553285233	22.752935172106035	0.026306005579298228
8.33273607947692	0.01	0.007	0.007	0.007	0.01	0.010327016769685156	0.01353606172381706	0.0012458577916144992	0.000711743089381767	0.006944115609898635	1.4604054753851181	2.3093293806378723	2.399842488695381	0.5627371915918477	0.2619952731248857	22.373939005130108	0.02622091659280521
8.425803793704565	0.01	0.007	0.007	0.007	0.01	0.0101525198071829	0.013307347676196882	0.001220585585299839	0.0006972290712764315	0.0068125007447346975	1.4628080060403115	2.3033817113213293	2.396846484496557	0.5611549798983754	0.2628126744452635	22.002892210525268	0.026136477770780438
8.518507657029064	0.01	0.007	0.007	0.007	0.01	0.009981644085641159	0.01308337988563471	0.0011960390811291829	0.0006831357475165477	0.00668317471372333	1.4651145237374943	2.297306360756949	2.3938293317616712	0.5595737730627924	0.26359044054195974	21.639413525250397	0.026052639390433195
8.610891320092223	0.01	0.007	0.007	0.007	0.01	0.009814227276453126	0.012863945592636405	0.001172178470034073	0.0006694398894915371	0.006556057831741212	1.4673299184959185	2.291108790945444	2.3907914869587708	0.5579933036487001	0.2643305188782286	21.28316385777622	0.025969358127783514
8.702992287154645	0.01	0.007	0.007	0.007	0.01	0.00965012529104071	0.012648855944635889	0.0011489680703747856	0.0006561206759259174	0.006431080464537122	1.4694586283795423	2.284794249574129	2.3877334555020986	0.5564133732901612	0.26503468611049985	20.9338424659281	0.025886596709085
8.7948436255518	0.01	0.007	0.007	0.007	0.01	0.009489208083206784	0.01243794049417777	0.0011263755316530365	0.0006431592307134016	0.006308180330244398	1.4715047228169926	2.2783677394963	2.3846557561090735	0.5548338280469408	0.2657045786794104	20.591178089924664	0.025804322286065693
8.886474244490971	0.01	0.007	0.007	0.007	0.01	0.009331358263489981	0.012231045382774025	0.0011043714742248372	0.0006305384119107528	0.006187301847656819	1.4734719434583419	2.2718340681426605	2.381558928362405	0.5532545573969895	0.26634170864803774	20.254926056391078	0.025722506117768412
8.977909653800094	0.01	0.007	0.007	0.007	0.01	0.009176469005955144	0.012028030597359015	0.0010829290552472077	0.0006182425590855965	0.006068394881230155	1.4753637504361328	2.2651978526619345	2.378443521583855	0.5516754843768045	0.2669474809281971	19.92486386720069	0.02564112283208808
9.069172373755494	0.01	0.007	0.007	0.007	0.01	0.009024442703305314	0.011828768207563583	0.0010620236621356346	0.0006062573143968362	0.005951414002067925	1.4771833557692657	2.258463539484029	2.375310092999275	0.5500965611985916	0.2675232059137268	19.60078837368347	0.025560150010445436
9.160282388213556	0.01	0.007	0.007	0.007	0.01	0.008875189654780636	0.01163314064596088	0.0010416326286108463	0.0005945694571000805	0.005836317729866772	1.4789337536949168	2.2516354129197342	2.37215920254051	0.5485177637050159	0.26807011080609006	19.282513014193754	0.025479567742073404
9.251257462236602	0.01	0.007	0.007	0.007	0.01	0.008728627073884105	0.01144103940750629	0.0010217350099657678	0.0005831667724014255	0.005723067983681967	1.4806177448678017	2.2447176070762698	2.368991410691786	0.5469390878226477	0.2685893487038011	18.9698657277568	0.02539935830595394
9.342113459170752	0.01	0.007	0.007	0.007	0.01	0.008584678172226684	0.011252363848745185	0.00100231138119548	0.0005720379337429027	0.005611629561040768	1.4822379577959943	2.2377141124440776	2.3658072750576373	0.5453605457449181	0.26908200658255854	18.66268702541463	0.02531950585916184
9.432864556344178	0.01	0.007	0.007	0.007	0.01	0.008443271470481968	0.011067020284691616	0.0009833436764195532	0.0005611724090262265	0.005501969767068008	1.4837968660886312	2.2306287857065823	2.3626073493758226	0.5437821636421175	0.26954911176851065	18.360828542116497	0.025239996219672007
9.523523486922958	0.01	0.007	0.007	0.007	0.01	0.008304340120204185	0.010884921099943854	0.0009648150384905886	0.0005505603729032776	0.00539405803091648	1.4852968042725752	2.223465353851283	2.359392180719252	0.5422039787253168	0.2699916377929114	18.0641516085358	0.025160816630349123
9.61410173657334	0.01	0.007	0.007	0.007	0.01	0.008167821344693026	0.01070598401583322	0.0009467096921520455	0.0005401926327560814	0.005287865596305149	1.4867399811290263	2.2162274185624504	2.356162307505119	0.5406260369334362	0.27041050933011423	17.77252607405463	0.025081955566560073
9.704609665801437	0.01	0.007	0.007	0.007	0.01	0.008033656030879171	0.010530131555515286	0.0009290128435788102	0.0005300605699534532	0.005183365314276436	1.488128490466299	2.2089184639132213	2.3529182595105063	0.5390483917803974	0.27080660623992114	17.485829449906166	0.02500340261170834
9.795056654480158	0.01	0.007	0.007	0.007	0.01	0.007901788317657782	0.010357290504404645	0.000911710584711108	0.0005201560839937971	0.005080531420517595	1.4894643211561773	2.201541860168993	2.349660556575866	0.537471102703531	0.27118076727883217	17.203946042806173	0.0249251483158467
9.885451208969762	0.01	0.007	0.007	0.007	0.01	0.0077721652674799585	0.010187391479734919	0.0008947898132024155	0.0005104715457113066	0.004979339366437634	1.490749365613243	2.1941008687342034	2.3463897081875813	0.5358942339674684	0.27153379325589877	16.926766264742326	0.024847184089063896
9.975801103985441	0.01	0.007	0.007	0.007	0.01	0.007644736512447241	0.010020368466698975	0.0008782381530688886	0.0005009997509918023	0.0048797656208318255	1.491985427918002	2.186598642627649	2.343106211405596	0.5343178528797573	0.27186644998610393	16.654185886691696	0.024769502066957494
10.0	0.01	0.007	0.007	0.007	0.01	0.0076109636619814906	0.009976101766155385	0.0008738649852270694	0.000498497420832096	0.004853356360801773	1.4923084838894207	2.1845787221626827	2.3422244472528297	0.5338956178728067	0.2719522072301256	16.581927448541958	0.024748737341529183
