0.0	0.01	0.007	0.007	0.007	0.01	0.0	0.0	0.0	0.0	0.0	0.0	0.0	0.0	0.0	0.0	100.0	0.035
0.0069078051326278795	0.01	0.007	0.007	0.007	0.01	0.0027625814187565373	0.006016872888601195	0.0035222615242394895	0.001206311764380091	8.06407608682015e-5	0.00011295411541536307	0.0003602786405720533	0.0002534568273570874	6.508034223413619e-5	2.453662969549851e-6	99.8562097060984	0.03499162178304872
0.012009969118629943	0.01	0.007	0.007	0.007	0.01	0.004703828944558671	0.010012050164248828	0.006015506061376891	0.002074286766512893	0.00012730920806511457	0.00033646150752992177	0.001056721376663	0.0007564994485112438	0.00019512386215536097	6.949377914628849e-6	99.7501377344363	0.034985434848056565
0.01931201917178109	0.01	0.007	0.007	0.007	0.01	0.007342847291652852	0.015136720800221897	0.009430527289887455	0.003283372964536889	0.00017937401939544347	0.0008520430840584283	0.0026190129256978716	0.0019211500053148527	0.0004986889207204251	1.6431857141154585e-5	99.59852699191036	0.03497658221230908
0.026515385714382188	0.01	0.007	0.007	0.007	0.01	0.009793831927003435	0.019581504396818373	0.012630343242529317	0.004438912201742689	0.00021764113026340393	0.001573840754849814	0.004739182379003058	0.0035583360839165157	0.0009294101363559769	2.8478978446234e-5	99.44919097706496	0.03496785141030135
0.03490184295743208	0.01	0.007	0.007	0.007	0.01	0.012468101955817611	0.024087392661358897	0.016154889241345633	0.005739114549074295	0.0002501161451183659	0.0026636041499222022	0.007837264252539214	0.00604098867270278	0.0015891189073574056	4.496416585181687e-5	99.27560988393	0.03495768939515932
0.04369104383369697	0.01	0.007	0.007	0.007	0.01	0.015076947839528974	0.02813925532329981	0.01962929025105093	0.007051349074288248	0.00027406774050688743	0.004073731533531419	0.011709897913330611	0.009268604651320383	0.0024561007847950763	6.42662969254434e-5	99.09401802702948	0.03494704253790611
0.053270400898572115	0.01	0.007	0.007	0.007	0.01	0.017710072531261216	0.0318864439892379	0.023175302123005895	0.008424877595733796	0.0002919431266685755	0.005899264904749206	0.016548588239080467	0.013467562990567878	0.0035969112111238323	8.692268891765721e-5	98.8964791931424	0.03493544221266612
0.06338382731670147	0.01	0.007	0.007	0.007	0.01	0.020269571013091896	0.03520084773580138	0.026663434874771175	0.009813222999259517	0.0003044400945257639	0.008126735892938813	0.022242311018562364	0.018617207770762725	0.005012868326093977	0.00011205719031486992	98.68835446384834	0.03492319932342777
0.07414597828947919	0.01	0.007	0.007	0.007	0.01	0.022764157023516723	0.03812137505669832	0.030106004984607228	0.011223697296215156	0.0003129456766510867	0.010806194279980011	0.028845757685599573	0.024844249895157988	0.0067465186874623275	0.00013967190784341105	98.46736061237596	0.034910175827534674
0.08547955063550863	0.01	0.007	0.007	0.007	0.01	0.025157039989349296	0.04063633827058129	0.03345193575025209	0.012637527373217038	0.00031842465991054693	0.013940597593840419	0.03629335605464918	0.03216747749794206	0.00881182065543232	0.00016933077839531948	98.23516795384515	0.03489646609342855
0.09742676462336564	0.01	0.007	0.007	0.007	0.01	0.027442181715427345	0.04277655422664479	0.03669116807310332	0.014051856962907503	0.00032174708010652704	0.017557874449840884	0.04458286540339916	0.040664459711507416	0.011240187438291185	0.00020094391997376078	97.9909962944378	0.034882019892598065
0.10997715336898264	0.01	0.007	0.007	0.007	0.01	0.02960449938344203	0.04456622646202054	0.03979978482558132	0.015457254956143762	0.0003235579181714754	0.021667922986757897	0.05367212218820546	0.050371156540212764	0.014052375382027912	0.00023432468473035727	97.73515084323803	0.0348668507923542
0.12316208276187651	0.01	0.007	0.007	0.007	0.01	0.031638622712181756	0.04603981354168173	0.042766466344180874	0.0168491164320543	0.0003243452771194023	0.026290314390433122	0.06354481224761142	0.061346541845401684	0.017276822927265175	0.0002694316725130847	97.46708945956388	0.03485092185609685
0.13700248666724868	0.01	0.007	0.007	0.007	0.01	0.03353850764106865	0.04723058971787014	0.04557785305972285	0.018221343785891162	0.00032446023911522284	0.03143895690265646	0.07417606896356033	0.07363627012933342	0.020939262222731563	0.0003062236979616386	97.1864926132755	0.0348342088587297
0.1515376659504329	0.01	0.007	0.007	0.007	0.01	0.035301715756145095	0.04817279864228402	0.04822479997188899	0.019569300065751877	0.0003241569803291447	0.03713234564872377	0.08555490655131069	0.08729666559327039	0.025069784520077548	0.0003447298084710416	96.89267967635298	0.034816665512836784
0.16680961651027992	0.01	0.007	0.007	0.007	0.01	0.036926590911170815	0.048898744532647635	0.05069830058330177	0.02088796283647832	0.0003236264509285422	0.04338850212154722	0.09767331940353985	0.10238237466686313	0.02969930108804016	0.00038500273085948216	96.58493058479473	0.03479824243350551
0.18287216718181018	0.01	0.007	0.007	0.007	0.01	0.03841307768086093	0.04943872563276651	0.05299071933478125	0.022172594520920377	0.00032302862943384543	0.05022879721586957	0.11053375263498144	0.1189551202178141	0.034862298060181006	0.00042714070185516145	96.26230452504377	0.03477887614450814
0.19978659670148438	0.01	0.007	0.007	0.007	0.01	0.03976187235311897	0.049820265768049	0.05509450413061334	0.0234181237571368	0.00032252299983132364	0.05767646741437776	0.12414573720689638	0.13707963781842616	0.04059575504071472	0.00047127674787397295	95.9237328208466	0.03475849441298726
0.2176248885884918	0.01	0.007	0.007	0.007	0.01	0.04097448626417458	0.050067998769989956	0.05700224793890676	0.024619201500411223	0.0003222984919187457	0.06575808485383529	0.13852825856928197	0.15682657288407514	0.046940207109147807	0.0005175924741268111	95.56795847965213	0.034737012376584414
0.23646864906398102	0.01	0.007	0.007	0.007	0.01	0.04205294313467246	0.05020354954090109	0.05870616955585973	0.025769905270820435	0.0003226048842299402	0.07450308193172997	0.15370843940496323	0.17827046529168172	0.05393928328540368	0.000566326321170556	95.19356375663251	0.034714333909366714
0.2564098284004739	0.01	0.007	0.007	0.007	0.01	0.04299971117381055	0.05024560094273141	0.06019795076024166	0.026863606591839242	0.00032378703202935575	0.08394390556609366	0.16972147996613066	0.20148898683925984	0.061639607473815576	0.0006177946120310632	94.79896232760532	0.034690350822665764
0.27754839860173147	0.01	0.007	0.007	0.007	0.01	0.043817559120064443	0.05021003178650505	0.061468473423638294	0.02789270952283118	0.0003263228413886264	0.09411459837674092	0.18660802278950825	0.22655797837100985	0.07008924932062792	0.0006724157954000881	94.38245245718522	0.03466494573534659
0.2999859147570633	0.01	0.007	0.007	0.007	0.01	0.044509461635140246	0.050110162476871695	0.06250771418667844	0.028848357310060753	0.00033086357219278776	0.1050471661212028	0.20440823184918633	0.2535406182081774	0.07933397832640629	0.000730738744049069	93.94235036686709	0.03463799988332137
0.32380509433187665	0.01	0.007	0.007	0.007	0.01	0.045078475168092255	0.04995716781107398	0.06330484089615421	0.029719953347979684	0.0003382676719195199	0.11676085375897939	0.2231451404157545	0.2824587234927883	0.08940685118993896	0.0007934516957725285	93.47739296234893	0.03460941767201846
0.34901917243004177	0.01	0.007	0.007	0.007	0.01	0.045527762347515995	0.04976083048569575	0.06384923845457127	0.03049460568147159	0.0003495984963861754	0.12923627893966194	0.24278560384412423	0.3132267854431947	0.10030343325940785	0.0008613217581614695	92.98771383623266	0.03457918732656289
0.375486570044847	0.01	0.007	0.007	0.007	0.01	0.04586138596938625	0.04953069696814844	0.06413418354119144	0.031157502795738628	0.00036602432035813824	0.14237264619774978	0.2631776294677718	0.34554615031913744	0.11194010439249762	0.0009350154121024198	92.47645352783887	0.034547482723686615
0.40288846414959695	0.01	0.007	0.007	0.007	0.01	0.04608666561965222	0.0492766232723102	0.0641638542596272	0.03169584412609731	0.00038861637785164515	0.1559779117668359	0.28404074179361394	0.3788851899788082	0.1241402430573346	0.0010149977037683972	91.95010333704333	0.034514689338223666
0.43088388172168524	0.01	0.007	0.007	0.007	0.01	0.046215857360432815	0.0490073413420985	0.06395669191344051	0.03210476714581167	0.00041823697415520745	0.16984960687349288	0.30509105683279036	0.412686112447904	0.13670487396872352	0.001101848199239114	91.41544617957332	0.03448121779668623
0.45923752178827504	0.01	0.007	0.007	0.007	0.01	0.04626398620459795	0.04872912045251593	0.06353992213845895	0.032387683627330376	0.0004555718732325788	0.1838418793647263	0.3261372289795347	0.4465350860205815	0.14947704745998897	0.0011965458369346618	90.8771163673271	0.03444735104698097
0.4877995608747026	0.01	0.007	0.007	0.007	0.01	0.046245825373675505	0.04844611043113159	0.06294321640199688	0.03255266937856175	0.0005011442694293946	0.19785674436198908	0.3470605957759858	0.480142808289879	0.16233901790989955	0.0013003762351789948	90.33803495690846	0.03441326900772156
0.5164807169808284	0.01	0.007	0.007	0.007	0.01	0.04617446417740345	0.04816091000918886	0.06219516888281319	0.03260992236458789	0.000555338741594269	0.21183144508560017	0.3677927663648987	0.5133138495931301	0.17520416486937126	0.0014148390756341031	89.79992315268579	0.03437907876226219
0.5452275730852303	0.01	0.007	0.007	0.007	0.01	0.04606089406801279	0.04787511716312242	0.06132186741621617	0.03257025579488952	0.0006184166658235929	0.225725410202836	0.3882948502510298	0.5459144569313351	0.18800705312156069	0.001541556556930743	89.26379504403177	0.03434484428256805
0.5740122840677309	0.01	0.007	0.007	0.007	0.01	0.04591406930544809	0.0475896612698791	0.060346340059782046	0.03244431826223919	0.0006905437842317338	0.2395142068965353	0.4085482684038667	0.5778569827459504	0.2006989456967444	0.0016822339393352036	88.73016807922761	0.03431059887953952
0.6028233712434943	0.01	0.007	0.007	0.007	0.01	0.04574115385368984	0.04730505076080073	0.05928857048470018	0.03224218291501902	0.000771810716014529	0.25318413500112463	0.42854700810067387	0.6090858407631655	0.21324332283455086	0.0018386257832948747	88.19924658792264	0.03427635628972822
0.6316609371567741	0.01	0.007	0.007	0.007	0.01	0.045547810024644475	0.04702152158509302	0.058165694316352434	0.031973157082924766	0.0008622539583574498	0.2667291341095819	0.44829348681811104	0.6395690356391971	0.22561318020166143	0.002012521823863096	87.6710183257093	0.03424211645120604
0.6605324892753122	0.01	0.007	0.007	0.007	0.01	0.04533848050869066	0.04673914200315287	0.056992324257256394	0.031645722882231074	0.0009618702088827558	0.28014815998312514	0.4677951487399578	0.6692909786967121	0.2377885624885542	0.0022057352312470665	87.14533668992546	0.0342078705235229
0.6894505309047659	0.01	0.007	0.007	0.007	0.01	0.04511663204067714	0.04645787554439117	0.05578087316070505	0.031267545140552244	0.0010706284091002332	0.2934435587697427	0.4870624988450262	0.6982478065497485	0.2497549136180294	0.002420098851451972	86.62196822317941	0.03417360378489888
0.7184306215616948	0.01	0.007	0.007	0.007	0.01	0.04488496039013201	0.046177624005193686	0.054541872712994106	0.030845518883785446	0.0011884773418690874	0.30661979146439555	0.5061075981012041	0.726443695957641	0.26150170713232895	0.0026574623483417545	86.10063007464773	0.03413929795686553
0.7474902524387498	0.01	0.007	0.007	0.007	0.01	0.0446455547713476	0.04589825297378609	0.053284249055837965	0.03038583037030552	0.0013153513213331439	0.3196826390890711	0.5249432020779512	0.753888427031122	0.27302150683982007	0.0029196927262339126	85.58101164408932	0.0341049325517689
0.7766480390498509	0.01	0.007	0.007	0.007	0.01	0.04440002911816829	0.04561960846113345	0.05201556413324815	0.02989402355268306	0.0014511735081039184	0.3326386298806362	0.5435821688444576	0.7805955794691475	0.2843092382034691	0.0032086754011534263	85.06278986899635	0.034070485837875336
0.80592329588374	0.01	0.007	0.007	0.007	0.01	0.04414962462738819	0.04534152631255127	0.050742216460936025	0.02937506324755659	0.0015958581254480535	0.3454946960179717	0.5620371529256248	0.8065813389946939	0.29536168256922146	0.0035263169230693213	84.54563726407447	0.034035935348258495
0.8353358250030227	0.01	0.007	0.007	0.007	0.01	0.04389528966581889	0.04506383745153462	0.0494696088462015	0.028833393072888718	0.0017493117417336445	0.3582579654788206	0.5803204555475242	0.8318636765515947	0.306177109635394	0.0038745487081119807	84.02922594908252	0.03400125813470135
0.8649058647023307	0.01	0.007	0.007	0.007	0.01	0.04363774170343624	0.044786370343229936	0.04820228771475576	0.02827298703998296	0.001911433995899204	0.37093565169150045	0.5984439839680082	0.8564617954151148	0.31675501284443575	0.004255331890560256	83.51322876631576	0.033966430831838514
0.8946541922956066	0.01	0.007	0.007	0.007	0.01	0.043377514814772915	0.04450895127872745	0.04694405733110192	0.027697394074965086	0.002082118247900025	0.38353502745201856	0.6164193059428378	0.8803957943466614	0.32709593148706106	0.004670663990219264	82.99731771182661	0.03393142953986316
0.9246023130706517	0.01	0.007	0.007	0.007	0.01	0.043114996166871325	0.04423140346108968	0.045698075008301864	0.027109776676951892	0.002261252177586224	0.39606344520563674	0.6342577495707648	0.9036864525787229	0.3372013226811088	0.00512258732286774	82.48116096455807	0.03389622960695829
0.9547727482449482	0.01	0.007	0.007	0.007	0.01	0.042850453638198484	0.0439535449860281	0.044466929722100326	0.02651294386572416	0.00244871866798145	0.40852840273442786	0.6519705508085419	0.9263551203971199	0.3470734781104982	0.005613200012591194	81.96441835985071	0.0338608052971599
0.9851894001588022	0.01	0.007	0.007	0.007	0.01	0.04258405653510237	0.04367518606284514	0.04325270774187936	0.02590937941361586	0.0026443970469268827	0.4209376394707028	0.6695690303358357	0.9484236749914896	0.3567154691054374	0.006144670072985324	81.44673575267223	0.033825129370071455
1.015878007766899	0.01	0.007	0.007	0.007	0.01	0.042315890688281024	0.04339612545440087	0.04205704712737482	0.02530126577974563	0.00284816489704963	0.43329926405603914	0.6870648027105957	0.969914532709279	0.3661311165940845	0.006719253576192004	80.92773811150143	0.03378917255788752
1.0468667097520536	0.01	0.007	0.007	0.007	0.01	0.04204596887816107	0.04311614605835473	0.04088118259108931	0.02469050411492485	0.003059900635554002	0.44562191532234585	0.7044700222526784	0.9908507116768723	0.37532498336286685	0.007339318205705388	80.40702112570027	0.03375290292036973
1.0781867377021737	0.01	0.007	0.007	0.007	0.01	0.04177423726843391	0.04283500950049619	0.03972598192629452	0.024078730648012255	0.0032794870615929033	0.45791496044352753	0.7217976716964952	1.0112559411731485	0.38430238686279716	0.008007373831007015	79.884141041951	0.03371628505266876
1.1098732787273464	0.01	0.007	0.007	0.007	0.01	0.041500578211793863	0.042552449463933884	0.03859197456630878	0.023467329498675735	0.003506816146550576	0.4701887397814573	0.739061907205745	1.0311548228258476	0.39306943440273934	0.008726112420039745	79.35860218902245	0.0336792791014223
1.141966637741026	0.01	0.007	0.007	0.007	0.01	0.04122480889271934	0.04226816269205689	0.037479369882076674	0.022857440361189047	0.0037417959714737955	0.48245490089261184	0.7562785188785963	1.0505730979551866	0.40163310410816006	0.009498462324600334	78.82984019879672	0.033641839439148814
1.1745137234955036	0.01	0.007	0.007	0.007	0.01	0.04094667612594873	0.04198179759736452	0.03638806731598992	0.02224996186890091	0.003984359936495354	0.4947268190018509	0.7734655012300531	1.0695379943994234	0.4100013590924056	0.01032766070755179	78.2972007866506	0.033603912972081
1.207570152316648	0.01	0.007	0.007	0.007	0.01	0.04066584528505535	0.041692938075957246	0.035317651912692184	0.021645546775168858	0.004234480262236914	0.5070201996839931	0.79064386509318	1.0880787747217324	0.4181833472809023	0.011217355704864472	77.75990961982095	0.03356543674318232
1.241203230438231	0.01	0.007	0.007	0.007	0.01	0.040381881688461095	0.04140108056706546	0.03426737232023929	0.021044586759080143	0.004492187543101492	0.5193539347803939	0.8078387848938241	1.1062275446792091	0.42618971082619383	0.012171752466845178	77.21702962148876	0.03352633453403148
1.2754964510877762	0.01	0.007	0.007	0.007	0.01	0.04009421973027707	0.04110559932570185	0.03323608944246091	0.02044717943205869	0.004757600784487822	0.531751405328462	0.8250813429065521	1.1240205359392799	0.4340330959663152	0.013195832011764256	76.66739634582092	0.03348651173732307
1.3105565723234938	0.01	0.007	0.007	0.007	0.01	0.03980211177522239	0.04080569157019052	0.032222177295223746	0.01985306574278094	0.005030975385532172	0.5442425485176122	0.8424112959914134	1.1415001935217217	0.44172900264013487	0.014295693625095886	76.10951590756133	0.03344584728179768
1.346525527033632	0.01	0.007	0.007	0.007	0.01	0.039504539632274176	0.040500284759532525	0.031223334772446078	0.01926151173957253	0.005312785039160128	0.5568673690016981	0.8598817805174702	1.1587187994783794	0.44929728380590106	0.015479125175251497	75.54139244777284	0.03340418003360338
1.3836022292660168	0.01	0.007	0.007	0.007	0.01	0.03920004966999671	0.040187865980183875	0.03023621390216368	0.018671075262112532	0.0056038738593658195	0.5696824329331515	0.8775680278682628	1.1757452975993226	0.45676500110134044	0.016756634298918577	74.9602106711872	0.03336128387720766
1.422087343713929	0.01	0.007	0.007	0.007	0.01	0.038886410638024574	0.03986612987676533	0.029255616941905916	0.0180791019520776	0.005905773316425714	0.5827743373117975	0.8955854750161055	1.1926796746490218	0.46417248910611286	0.01814353604369306	74.36168075738443	0.03331681651107247
1.4624929315537414	0.01	0.007	0.007	0.007	0.01	0.038559769018366524	0.03953111166570137	0.02827245115075164	0.017480441938588307	0.006221490435578892	0.5962930592635964	0.914134699587703	1.2096891359855546	0.4715886980938872	0.01966498283581638	73.73842520414868	0.03327019392654651
1.5059030776022844	0.01	0.007	0.007	0.007	0.01	0.038211853276214444	0.039174319916438244	0.027266779652757978	0.016863093985721347	0.006558139858393191	0.6105628451261546	0.9336511526961181	1.227130258309531	0.47916323241456926	0.021372220461268684	73.07464403520268	0.03322017718540309
1.5562500187369597	0.01	0.007	0.007	0.007	0.01	0.03781223441638593	0.03876454779091767	0.026162742378789253	0.01617999159038802	0.006943783733092466	0.6267891907167412	0.9557616803039403	1.2463389029963765	0.487464033846682	0.023443436551647802	72.31227305128829	0.03316226210597392
1.604608462612231	0.01	0.007	0.007	0.007	0.01	0.03743230935797375	0.03837499868079405	0.02516183742096517	0.015556261536118356	0.007307859957662821	0.6420537185254596	0.9764790229774583	1.2638197279390122	0.4949741477944558	0.02552136134650724	71.58750226018337	0.033106729500843736
1.649143679065486	0.01	0.007	0.007	0.007	0.01	0.03708578468949543	0.03801971301515522	0.024288665580252708	0.015009014973659222	0.0076364816952479405	0.6558387372203096	0.9951168758877391	1.2791290631289596	0.5015116634256018	0.027508231103963724	70.92645914432687	0.03305566957315028
1.6931155457911198	0.01	0.007	0.007	0.007	0.01	0.036746782249934475	0.037672150788176616	0.02346965930406228	0.014493347717953487	0.00795370802791831	0.6691976804934713	1.0131115388187746	1.2935445593897805	0.5076291882456485	0.02953550669773038	70.27976692677281	0.033005332791169135
1.7353391147864743	0.01	0.007	0.007	0.007	0.01	0.03642417006266309	0.037341399909629376	0.022721307988975085	0.014020381717355137	0.008250792138718245	0.6817943323100015	1.0300167180086666	1.3067676773767019	0.5132042965501719	0.03154032971082188	69.66433692025025	0.03295706951533928
1.7767562255858835	0.01	0.007	0.007	0.007	0.01	0.03611046852918503	0.037019789358422366	0.022021520182912667	0.01357675125866777	0.008534406797368216	0.6939342445841914	1.0462493812271139	1.319179866541247	0.5184025031842128	0.03355919071929726	69.0658975624166	0.032909796620738355
1.8170950212958492	0.01	0.007	0.007	0.007	0.01	0.0358075300992178	0.0367092165886191	0.02137082343528164	0.013163220666161048	0.008802711309567383	0.7055558258765036	1.0617323582421503	1.3307643001104157	0.5232205562517324	0.035572443064485725	68.48798100723192	0.03286381968237277
1.8567145628547823	0.01	0.007	0.007	0.007	0.01	0.03551246641892362	0.036406719311986906	0.020759811795834065	0.012774147366286945	0.009058207964129771	0.716779150925726	1.0766304594443394	1.3416813660166453	0.5277288302480008	0.03759216008460164	67.92507634531461	0.032818725053427825
1.895602056064312	0.01	0.007	0.007	0.007	0.01	0.03522521904385839	0.036112236855533254	0.020185742742786145	0.01240803794346993	0.009300923743456495	0.727614011658461	1.0909606585711549	1.3519738808811108	0.5319481898788825	0.03961277035533332	67.37707176669754	0.032774523809205314
1.9339290712641637	0.01	0.007	0.007	0.007	0.01	0.03494438551633415	0.03582433092023854	0.019643536967375603	0.012061849168216813	0.00953206866489826	0.7381199951422411	1.1048053149225576	1.3617272851548634	0.5359166021188997	0.041638797916316715	66.84129169857985	0.032731017880168044
1.9717453082385066	0.01	0.007	0.007	0.007	0.01	0.034669489612016824	0.03554251293527488	0.019130346944182277	0.0117339138234223	0.009752077653745198	0.7483205811064584	1.118198391658001	1.3709877985451422	0.5396554935815756	0.04366903763675047	66.31682775036077	0.03268814835007693
2.009150957153673	0.01	0.007	0.007	0.007	0.01	0.034399706566322144	0.03526593712170299	0.018642957444562982	0.011422294460458842	0.009961674968794252	0.7582513336963065	1.131189246395249	1.3798089242375382	0.5431888606996508	0.045705436645884515	65.80210664031637	0.03264579951154165
2.0462024345956547	0.01	0.007	0.007	0.007	0.01	0.03413454841994492	0.034994103061507166	0.01817903767975633	0.011125591577496367	0.010161313277925391	0.7679344995935404	1.1438092888999551	1.388228789627487	0.5465341413436458	0.04774799800099805	65.29619768076803	0.0326039057366728
2.082966996174673	0.01	0.007	0.007	0.007	0.01	0.033873464721504744	0.03472644632219394	0.017736354001478973	0.010842446908114612	0.010351490036767979	0.777393941044951	1.1560916504095002	1.39628426138799	0.5497079647363681	0.04979764692465462	64.79805094622134	0.03256238951386442
2.119493876881454	0.01	0.007	0.007	0.007	0.01	0.03361604751774101	0.03446254859254712	0.01731309816448072	0.010571758058643571	0.010532590337118121	0.7866477312899853	1.1680615775416905	1.404004915062465	0.552723795316883	0.051854592468852434	64.3068883675555	0.03252119404448686
2.1558320775570623	0.01	0.007	0.007	0.007	0.01	0.0333619020957442	0.03420200515986583	0.016907631471138756	0.010312518462276855	0.010704984309932329	0.7957129677489813	1.1797427577104649	1.4114176099312843	0.5555937927673313	0.053919260440136535	63.821957108385014	0.03248026308516687
2.1920217909411286	0.01	0.007	0.007	0.007	0.01	0.03311070584390111	0.03394448524546741	0.01651855809385243	0.010063866979386665	0.010868985992814646	0.8046037303287978	1.1911547209014919	1.4185450943850713	0.55832830359267	0.055991773215824873	63.342641871673514	0.03243955058053272
2.2281006081858883	0.01	0.007	0.007	0.007	0.01	0.032862163047750435	0.03368968565745668	0.01614463054818426	0.009825029520490589	0.0110248860658017	0.8133327739193211	1.2023150681825017	1.4254076815307002	0.5609365478483361	0.05807226697269342	62.86837864911298	0.03239901362820721
2.2641011952045407	0.01	0.007	0.007	0.007	0.01	0.03261601980963364	0.03343734608242733	0.01578475634748825	0.009595324893579798	0.011172943056335748	0.8219110563171148	1.2132388989876541	1.4320230862256644	0.5634265849674406	0.060160732565012934	62.39868319164623	0.03235861506374385
2.300052979969813	0.01	0.007	0.007	0.007	0.01	0.0323720511861005	0.03318723589655757	0.015437963768941796	0.009374144159642514	0.011313393075400146	0.8303482450528493	1.2239394926208371	1.438407017432942	0.5658055663036583	0.062257089777211165	61.93312646919174	0.03231832153432289
2.335982307915245	0.01	0.007	0.007	0.007	0.01	0.03213005916935098	0.032939152094456324	0.015103387127787084	0.009160942192052664	0.01144645222214942	0.8386528308741871	1.2344284791700384	1.4445734195726154	0.5680798483124504	0.06436117822051646	61.47133082210334	0.032278103300975955
2.371913052674039	0.01	0.007	0.007	0.007	0.01	0.03188986771831757	0.032692914193883496	0.014780249836508622	0.008955227623858275	0.011572320557381827	0.8468323366253206	1.244716127377298	1.45053475967491	0.5702551190801723	0.06647277799217816	61.01296048250177	0.032237933533854235
2.407866854830557	0.01	0.007	0.007	0.007	0.01	0.031651320460614155	0.03244836187892779	0.014467853024093185	0.008756556191167674	0.011691184309448979	0.8548934272104494	1.2548115029947209	1.456302216394114	0.5723364848389838	0.06859161141715886	60.55771719198071	0.032197788028057256
2.443863497764059	0.01	0.007	0.007	0.007	0.01	0.03141427758833285	0.032205351816991815	0.014165564443116107	0.008564524144362642	0.011803218333542326	0.8628420419753802	1.2647226521674513	1.4618858671077581	0.5743285529411216	0.07071735500735184	60.105334280586085	0.032157644768929176
2.4799211216736667	0.01	0.007	0.007	0.007	0.01	0.031178613936662027	0.03196375568855508	0.013872810129716126	0.008378763322731624	0.011908587771555165	0.8706834823295999	1.2744567256735697	1.4672948270118051	0.5762354948684211	0.07284964369297653	59.65557300267854	0.03211748368080785
2.5160564688562195	0.01	0.007	0.007	0.007	0.01	0.03094421693759939	0.03172345808901794	0.01358906683993449	0.008198936653086653	0.012007449624613364	0.8784224999324094	1.2840201015212278	1.4725373761460265	0.5780611028368984	0.07498807832138867	59.20821863410079	0.032077286342957784
2.5522850619626447	0.01	0.007	0.007	0.007	0.01	0.030710985086714982	0.03148435495660535	0.013313855925485039	0.008024734508252702	0.012099953944983225	0.8860633645295093	1.2934184801215454	1.4776210616921077	0.5798088357982029	0.07713223035786113	58.763077548155074	0.03203703578207042
2.5886213667020073	0.01	0.007	0.007	0.007	0.01	0.030478826569941053	0.03124635216439462	0.01304673804847049	0.007855871554461203	0.012186244844472893	0.8936099238938723	1.3026569679681868	1.482552786298629	0.581481859017002	0.07928164660221503	58.31997459671503	0.031996716283575935
2.6250789304613127	0.01	0.007	0.007	0.007	0.01	0.03024765809707177	0.031009364324307	0.012787308683147789	0.007692084063056796	0.0122664613159677	0.9010656547363086	1.3117401486867981	1.4873388831253065	0.5830830777206928	0.0814358532421863	57.878750885596446	0.031956313231044836
2.661670502375244	0.01	0.007	0.007	0.007	0.01	0.03001740389757806	0.03077331375753766	0.012535194257537352	0.007533127599543844	0.012340737905502726	0.9084337064313864	1.3206721439867266	1.4919851801114854	0.5846151659192007	0.08359435942921521	57.43926185949274	0.031915812967309054
2.698408137799918	0.01	0.007	0.007	0.007	0.01	0.029787994852873242	0.03053812960489844	0.01229004882902071	0.007378775027908782	0.012409205260576496	0.915716938714006	1.3294566661419622	1.4964970552514136	0.5860805911951779	0.0857566604374586	57.00137564714127	0.031875202673848205
2.7353032777423327	0.01	0.007	0.007	0.007	0.01	0.029559367817122657	0.03030374713047138	0.012051551283334693	0.007228814827102887	0.01247199055667547	0.9229179519929973	1.3380970605808493	1.500879482940241	0.5874816356760024	0.08792223976137688	56.56497176618897	0.03183447027870621
2.772366842617528	0.01	0.007	0.007	0.007	0.01	0.029331464876269284	0.030070106961937675	0.011819402739703978	0.007083049522935056	0.012529217887305731	0.9300391184351656	1.3465963485616252	1.5051370771193544	0.5888204151877996	0.09009057239480867	56.12993970996435	0.03179360434930402
2.80960927928638	0.01	0.007	0.007	0.007	0.01	0.029104232920435374	0.02983715465218279	0.011593324514559944	0.006941294459454948	0.01258100852167372	0.9370826021554519	1.3549572560429308	1.5092741246535666	0.590098894602552	0.09226112564637139	55.69617813227896	0.03175259403746867
2.8470406400942885	0.01	0.007	0.007	0.007	0.01	0.02887762303892076	0.02960484005904057	0.011373056098173906	0.00680337656868217	0.012627481171999872	0.9440503841107645	1.363182247562057	1.5132946188921883	0.5913189026572732	0.09443336206077839	55.26359369347375	0.031711428989697484
2.884670615071542	0.01	0.007	0.007	0.007	0.01	0.028651590219700873	0.02937311703720869	0.01115835360656621	0.00666913343056396	0.01266875215650239	0.9509442767669966	1.371273547392575	1.5172022848774653	0.5924821436473754	0.0966067397966206	54.832100487606844	0.03167009930951079
2.9225085890989746	0.01	0.007	0.007	0.007	0.01	0.028426092911339053	0.029141942989119374	0.010948988239845638	0.006538412330262961	0.012704935569481456	0.9577659424015585	1.3792331645561045	1.5210006047409068	0.5935902087295906	0.09878071462071704	54.40161920691197	0.03162859549271682
2.960563676940445	0.01	0.007	0.007	0.007	0.01	0.02820109273264103	0.02891127856727501	0.010744745010797406	0.006411069479249278	0.012736143398493825	0.96451690628781	1.3870629113631983	1.5246928384208234	0.5946445853932265	0.10095474074860454	53.97207658820108	0.03158690838739998
2.9988447559524865	0.01	0.007	0.007	0.007	0.01	0.027976554206776787	0.028681087401669716	0.01054542160243793	0.006286969312430233	0.012762485622646652	0.9711985686798159	1.3947644202075302	1.528282042258045	0.5956466659506641	0.10312827166928135	53.54340490590689	0.03154502915675318
3.037360511926404	0.01	0.007	0.007	0.007	0.01	0.027752444429346015	0.02845133575949338	0.010350827264039547	0.00616598380582053	0.012784070301780262	0.9778122183073803	1.402339161744343	1.5317710870638406	0.5965977555226689	0.10530076180352384	53.11554133894461	0.03150294922785776
3.07611944961796	0.01	0.007	0.007	0.007	0.01	0.027528732953003177	0.028221992426848523	0.010160781983372991	0.006047991963306447	0.012801003627354176	0.984359039038041	1.409788454888106	1.5351626713611632	0.5974990783672339	0.10747166623212898	52.688427750951625	0.03146066027936894
3.1151299317037116	0.01	0.007	0.007	0.007	0.01	0.027305391513506527	0.027993028427900198	0.009975115591179176	0.005932879258792817	0.012813389982092771	0.9908401209242585	1.4171134816027695	1.5384593359781036	0.5983517843178577	0.10964044210238641	52.262010167733685	0.03141815419834365
3.154400197637686	0.01	0.007	0.007	0.007	0.01	0.027082393880797574	0.027764416872204406	0.009793667040423804	0.005820537185145575	0.01282133197760731	0.9972564672416792	1.4243152968442578	1.54166347561229	0.5991569541420261	0.1118065489482461	51.83623849336405	0.03137542305927196
3.1939383774884806	0.01	0.007	0.007	0.007	0.01	0.02685971574385904	0.027536132836666304	0.009616283767309915	0.005710862852196416	0.01282493048729923	1.0036090003292644	1.4313948369752738	1.544777349046414	0.5999156043408318	0.11396944879009174	51.411066290741125	0.03133245910873156
3.2337525298073104	0.01	0.007	0.007	0.007	0.01	0.026637334466047307	0.027308153114712314	0.009442820999681285	0.005603758551100094	0.012824284676097062	1.009898570890853	1.438352931842484	1.5478030903562172	0.600628691973868	0.11612860758798356	50.98645031479826	0.03128925472411194
3.2738506484531293	0.01	0.007	0.007	0.007	0.01	0.02641522902241714	0.027080456152036483	0.009273141258969863	0.005499131437613427	0.012819492018979941	1.016125961842499	1.4451903105492037	1.5507427167630137	0.601297118449799	0.11828349500966256	50.562350393157544	0.031245802406302002
3.314240699040519	0.01	0.007	0.007	0.007	0.01	0.02619337977706357	0.026853021818336684	0.009107113778118403	0.005396893162856084	0.012810648314858149	1.022291896482574	1.451907611835097	1.5535981379949846	0.6019217334887453	0.12043358582253175	50.138729001278115	0.031202094740414816
3.3549305995023757	0.01	0.007	0.007	0.007	0.01	0.02597176857376449	0.026625831500239006	0.00894461419313806	0.005296959672273973	0.01279784770657274	1.0283970377319516	1.458505384526195	1.5563711609561748	0.6025033378637393	0.12257835831038598	49.7155514358142	0.03115812441720242
3.3959282626212337	0.01	0.007	0.007	0.007	0.01	0.025750378488060156	0.02639886784713587	0.008785524009046468	0.005199250865196261	0.012781182690602902	1.0344419967010718	1.4649840980782907	1.559063498334392	0.6030426868832258	0.12471729603095884	49.292785341475096	0.031113884187482423
3.4372415986513967	0.01	0.007	0.007	0.007	0.01	0.02552919380388832	0.02617211474723301	0.00862973026542199	0.005103690377243048	0.012760744131276716	1.0404273348366238	1.4713441459616112	1.561676773787389	0.6035404929675382	0.12684988744542228	48.87040066664351	0.031069366859941407
3.478878540105205	0.01	0.007	0.007	0.007	0.01	0.025308199873776742	0.0259455571842224	0.008477125143420531	0.005010205326701311	0.012736621266242254	1.0463535691356494	1.4775858522298915	1.564212528141985	0.6039974283021419	0.12897562671706822	48.448369396616776	0.031024565275146413
3.520847044961007	0.01	0.007	0.007	0.007	0.01	0.025087383098864977	0.02571918121680125	0.008327605682038894	0.004918726128019485	0.012708901720775196	1.0522211739795657	1.4837094743655235	1.5666722237615363	0.6044141270061689	0.13109401339146257	48.02666551565587	0.030979472302971958
3.5631551309284775	0.01	0.007	0.007	0.007	0.01	0.024866730748445712	0.02549297379367049	0.00818107340624186	0.004829186251498121	0.012677671502404897	1.0580305871394855	1.48971521038699	1.5690572503706774	0.6047911874333661	0.13320455365084596	47.60526466254216	0.030934080806779722
3.605810865427892	0.01	0.007	0.007	0.007	0.01	0.024646231016754516	0.025266922811754283	0.008037434136444364	0.00474152209419333	0.012643015023440975	1.063782209353451	1.495603199121947	1.5713689278843939	0.6051291738415692	0.13530675931903435	47.184144239196016	0.03088838365535162
3.6488224067287196	0.01	0.007	0.007	0.007	0.01	0.024425872815897098	0.025041016903914352	0.007896597639705015	0.0046556727543234765	0.012605015086762376	1.0694764107690842	1.5013735274930688	1.5736085118130478	0.6054286183695237	0.13740014941600007	46.76328301535799	0.030842373680066645
3.6921979945798364	0.01	0.007	0.007	0.007	0.01	0.024205645835229828	0.024815245499825625	0.007758477473510773	0.00457157992363283	0.012563752909858943	1.0751135302919657	1.5070262303862254	1.5757771955296702	0.6056900224239131	0.13948424918645236	46.34266124212739	0.030796043686405296
3.735945981239254	0.01	0.007	0.007	0.007	0.01	0.023985540395602488	0.024589598676549577	0.00762299071099982	0.0044891877077341885	0.012519308116106732	1.080693880193667	1.5125612958025583	1.5778761144294398	0.6059138582448802	0.14155859110077623	45.92226037370254	0.030749386422339833
3.780074840175149	0.01	0.007	0.007	0.007	0.01	0.023765547422723007	0.02436406713122857	0.0074900577575253546	0.004408442502551412	0.01247175874448776	1.08621774752724	1.5179786666460977	1.5799063486028206	0.6061005701634798	0.14362271473415428	45.50206301660952	0.030702394570816003
3.824593183978751	0.01	0.007	0.007	0.007	0.01	0.023545658377365206	0.024138642109536607	0.007359602152579168	0.004329292862225922	0.012421181251170312	1.0916853965690483	1.5232782434478416	1.5818689257175758	0.6062505757956024	0.14567616706544545	45.08205279648875	0.03065506073256841
3.8695097889902774	0.01	0.007	0.007	0.007	0.01	0.023325865157529137	0.023913315305376628	0.007231550368295343	0.004251689365427998	0.012367650502350766	1.0970970718432829	1.5284598875139546	1.583764823900335	0.6063642671203893	0.14771850303977807	44.66221417128473	0.030607377402029623
3.9148335967250425	0.01	0.007	0.007	0.007	0.01	0.02310616011900054	0.023688078881957605	0.007105831688698846	0.004175584531068616	0.012311239794352904	1.1024529981292006	1.5335234210548636	1.5855949733728545	0.6064420113764681	0.1497492850313941	44.24253247057575	0.030559336968097504
3.960573751957611	0.01	0.007	0.007	0.007	0.01	0.022886535920790544	0.023462925313343035	0.006982377996908307	0.004100932678656578	0.012252020830657871	1.1077533847012273	1.5384686312621196	1.58736025941278	0.6064841519478477	0.15176808393552932	43.82299360038173	0.030510931676200274
4.006739605467072	0.01	0.007	0.007	0.007	0.01	0.02266698554795256	0.023237847407842405	0.006861123674901867	0.00402768985729715	0.012190063741810538	1.1129984251248135	1.5432952700242413	1.5890615236088252	0.6064910090621171	0.15377447861170124	43.40358408677316	0.030462153628104477
4.0533407510893715	0.01	0.007	0.007	0.007	0.01	0.022447502173976012	0.023012838166940393	0.0067420054211873096	0.00395581372545842	0.012125437062234271	1.1181883008572815	1.548003057094072	1.5906995662507069	0.6064628804340639	0.15576805680019604	42.984290813016166	0.0304129947456468
4.100387036147994	0.01	0.007	0.007	0.007	0.01	0.022228079156521436	0.022787890780924636	0.006624962151874781	0.003885263481610703	0.012058207741977018	1.123323181540789	1.552591680039234	1.5922751474716776	0.6064000417858972	0.15774841480415278	42.56510101141371	0.030363446762920725
4.147888600884783	0.01	0.007	0.007	0.007	0.01	0.022008709902329397	0.022562998490393414	0.006509934838482812	0.0038159997571225496	0.011988441119015989	1.1284032283003211	1.5570607967827121	1.5937889892009556	0.6063027472569161	0.1597151583483294	42.14600200520099	0.030313501188172137
4.195855887661258	0.01	0.007	0.007	0.007	0.01	0.021789387880043757	0.022338154599401704	0.0063968664326914835	0.00374798456202206	0.011916200934964549	1.133428593470079	1.5614100347825384	1.5952417758680397	0.6061712297499431	0.16166790208391923	41.72698123299331	0.030263149297885584
4.24429969588213	0.01	0.007	0.007	0.007	0.01	0.021570106429166336	0.02211335227960572	0.006285701691554458	0.0036811811712559725	0.011841549284201374	1.1383994249324698	1.5656389940951838	1.5966341563365605	0.6060057010853755	0.16360627089923616	41.30802588372273	0.03021238208317521
4.293231187229462	0.01	0.007	0.007	0.007	0.01	0.021350858805107523	0.021888584616447635	0.006176387132389232	0.0036155540894198925	0.011764546637793713	1.1433158649084696	1.5697472454147958	1.5979667440673402	0.60580635217715	0.16552989909626933	40.88912298260915	0.030161190248787825
4.342661943972891	0.01	0.007	0.007	0.007	0.01	0.021131637990966585	0.02166384441619686	0.006068870874717575	0.0035510689479821295	0.011685251787810028	1.1481780539560174	1.5737343323936408	1.5992401186277037	0.6055733529522974	0.1674384316093543	40.47025903142798	0.03010956415687823
4.392603996790688	0.01	0.007	0.007	0.007	0.01	0.02091243665789641	0.021439124165316518	0.005963102564885749	0.003487692452633096	0.01160372183902269	1.1529861314473253	1.5775997707099518	1.6004548260451503	0.6053068522573384	0.16933152386854114	40.05141993262273	0.03005749380328322
4.443069864081595	0.01	0.007	0.007	0.007	0.01	0.02069324708287699	0.02121441594616648	0.005859033284475332	0.0034253923212596783	0.011520012184955127	1.157740236902227	1.5813430476597499	1.6016113792715692	0.6050069776355278	0.17120884200648548	39.63259083201394	0.03000496878227377
4.4940726274045	0.01	0.007	0.007	0.007	0.01	0.020474060922236987	0.020989711204822292	0.005756615397358906	0.003364137185624074	0.0114341764250317	1.1624405142714787	1.5849636237494122	1.602710259176771	0.6046738347670433	0.1730700642451728	39.213755685824346	0.029951978214372205
4.545625945337007	0.01	0.007	0.007	0.007	0.01	0.020254869265675598	0.020765000806456782	0.005655802536147233	0.003303896576880378	0.011346266385962483	1.1670871099692623	1.5884609290517204	1.60375191384687	0.6043075071610152	0.1749148798244899	38.794897363641205	0.029898510738967495
4.5977441726671975	0.01	0.007	0.007	0.007	0.01	0.02003566225280011	0.02054027464222231	0.005556549390686816	0.0032446407930914888	0.011256331968088562	1.1716801800917127	1.5918343662641319	1.6047367598343112	0.6039080550331523	0.1767429915771954	38.3759969153524	0.029844554398309867
4.650442362648282	0.01	0.007	0.007	0.007	0.01	0.019816429205518963	0.02031552176497661	0.005458811741623148	0.003186340913617626	0.011164421193135416	1.1762198864439828	1.5950833048611985	1.6056651806523754	0.6034755148579385	0.17855411407212607	37.95703382377386	0.029790096643769973
4.703736397775391	0.01	0.007	0.007	0.007	0.01	0.01959715823448594	0.020090729985817308	0.005362546259513962	0.00312896867381536	0.011070580035460915	1.1807064034505321	1.598207082923221	1.6065375274574267	0.6030098978470736	0.1803479760859546	37.53798525215635	0.029735124209899013
4.757643070261714	0.01	0.007	0.007	0.007	0.01	0.019377836084246428	0.01986588571532845	0.005267710422233192	0.0030724964108462547	0.010974852342146733	1.1851399196778114	1.6012050042800021	1.6073541182234965	0.6025111885930455	0.18212432094326875	37.11882574774374	0.029679623041970506
4.812180167189526	0.01	0.007	0.007	0.007	0.01	0.01915844798105845	0.019640973807568934	0.005174262438911771	0.0030168970136967522	0.01087727975106995	1.1895206390621866	1.604076334921399	1.608115236626073	0.6019793435357327	0.18388290673498575	36.6995269503716	0.029623578219939092
4.867366619895797	0.01	0.007	0.007	0.007	0.01	0.018938977249390716	0.019415977166913533	0.005082161082404549	0.0029621438191384623	0.010777901500564164	1.1938487864309544	1.6068203015160651	1.60882113135918	0.6014142886296916	0.18562350825809412	36.28005685886239	0.029566973817893902
4.92322261756059	0.01	0.007	0.007	0.007	0.01	0.01871940510867352	0.01919087653968486	0.004991365608673644	0.0029082105598507934	0.010676754309755522	1.1981246089488775	1.6094360862700328	1.6094720143046213	0.600815917114642	0.18734591732057776	35.860379441788574	0.0295097928022533
4.979769788600432	0.01	0.007	0.007	0.007	0.01	0.018499710238722468	0.018965650068633703	0.004901835588040984	0.002855071260543302	0.010573872145980915	1.2023483816597922	1.6119228233590832	1.6100680589312975	0.6001840863561398	0.1890499446859398	35.440453805968296	0.0294520168625308
5.037031378397349	0.01	0.007	0.007	0.007	0.01	0.018279868408446785	0.0187402729122969	0.004813530774714664	0.0028027001572923757	0.010469286009206661	1.206520411162147	1.6142795928494094	1.610609397821042	0.5995186144157647	0.19073542125987825	35.02023348573669	0.02939362624851045
5.095032489452727	0.01	0.007	0.007	0.007	0.01	0.01805985191762029	0.018514716672710707	0.00472641091264168	0.002751071579556528	0.010363023616172973	1.2106410421764024	1.6165054147588456	1.6110961199438905	0.5988192755899011	0.19240220043070647	34.59966537469868	0.029334599546697412
5.153800337998233	0.01	0.007	0.007	0.007	0.01	0.017839629043200834	0.018288948827786648	0.00464043555831523	0.002700159842780778	0.010255109070761406	1.2147106631549593	1.6185992406230274	1.6115282669889155	0.5980857953538279	0.1940501600062223	34.178688665921094	0.029274913443701974
5.213364600816128	0.01	0.007	0.007	0.007	0.01	0.017619163224521242	0.018062931895983667	0.0045555638175585125	0.002649939090601099	0.010145562389512306	1.2187297157406276	1.620559944762312	1.6119058291608535	0.5973178437480019	0.1956792056832645	33.757233292662065	0.029214542402280667
5.273757803697583	0.01	0.007	0.007	0.007	0.01	0.017398412193303507	0.017836622544413226	0.004471754082409984	0.002600383137793324	0.01003439897626149	1.222698703924099	1.6223863123532896	1.612228739683825	0.5965150276632397	0.19728927436430474	33.33521826323584	0.029153458300626853
5.335015793069888	0.01	0.007	0.007	0.007	0.01	0.017177326913680534	0.017609970502167734	0.004388963718271124	0.0025514652844957205	0.009921628976576422	1.2266182051555858	1.6240770248825285	1.6124968680263803	0.5956768814060746	0.1988803382206774	32.91254963222512	0.02909162999390834
5.397178382979404	0.01	0.007	0.007	0.007	0.01	0.01695585003374549	0.01738291697287589	0.00430714859680846	0.002503158040134762	0.009807256351010128	1.2304888882278913	1.6256306439360628	1.6127100117164805	0.5948028540891658	0.200452411445242	32.489117537270296	0.02902902270686408
5.460290102106946	0.01	0.007	0.007	0.007	0.01	0.016733914169984293	0.017155392875932277	0.004226262605748446	0.0024554328348099274	0.009691277818292827	1.2343115315361066	1.6270455889235813	1.6128678856342367	0.5938922945923142	0.20200555708070203	32.064792915594715	0.028965597336150145
5.524401178240971	0.01	0.007	0.007	0.007	0.01	0.016511439585506674	0.016927316466259907	0.0041462569814668376	0.002408259627319976	0.00957368143235971	1.238087048759514	1.628320109973938	1.6129701085412784	0.5929444319152094	0.20353989675484668	31.63942306060433	0.02890130952687492
5.589568831772434	0.01	0.007	0.007	0.007	0.01	0.01628833109912452	0.01669859016555114	0.004067079423900091	0.002361606386432489	0.009454444685746098	1.2418165235166798	1.629452253514765	1.6130161856594645	0.5919583493967749	0.20505562391617224	31.21282570663906	0.02883610845622482
5.655859001604143	0.01	0.007	0.007	0.007	0.01	0.016064473917114585	0.016469096289063696	0.003988672907410379	0.0023154383950853698	0.009333531947838475	1.245501256543975	1.6304398175415618	1.613005485693051	0.5909329503336515	0.20655302195608946	30.784781052167148	0.028769935207030323
5.723348670169448	0.01	0.007	0.007	0.007	0.01	0.01583972798552825	0.01623869125570756	0.0039109740784753185	0.0022697173140608477	0.009210890984024217	1.2491428297654525	1.6312802919056915	1.612937209923008	0.5898669115938779	0.20803248890740308	30.355020951801887	0.028702720573794024
5.7921291659335985	0.01	0.007	0.007	0.007	0.01	0.01561391983855792	0.016007197231134425	0.0038339109321824222	0.0022243998250504487	0.009086447943352843	1.2527432005381591	1.6319707779292842	1.6128103495941093	0.5887586180591367	0.2094945739848846	29.923213317098693	0.02863438193747074
5.862310900423755	0.01	0.007	0.007	0.007	0.01	0.01538683081716622	0.015774390049685248	0.003757399458471301	0.0021794356733074254	0.008960100107585882	1.2563048386429576	1.6325078753676907	1.6126236253446895	0.5876060686354612	0.2109400308608006	29.48893957167265	0.028564818775738514
5.934030605774826	0.01	0.007	0.007	0.007	0.01	0.015158178794425861	0.015539980479535854	0.0036813384088443405	0.0021347646137636353	0.008831704675680506	1.2598309425148786	1.632887519237705	1.6123753975162307	0.5864067334276747	0.21236990213428505	29.05165968195592	0.028493905784941726
6.007462744668571	0.01	0.007	0.007	0.007	0.01	0.014927589092905364	0.015303584407724427	0.00360560095131203	0.002090311542218294	0.008701060928112113	1.263325786427844	1.6331047309723048	1.6120635271589583	0.5851573291130701	0.2137856553373193	28.610656507602904	0.028421482017477698
6.082839024721504	0.01	0.007	0.007	0.007	0.01	0.014694544051341844	0.015064671136820765	0.0035300201086295997	0.002045977998571598	0.008567879389196847	1.2667953319490037	1.633153217270183	1.6116851457454888	0.5838534368681786	0.21518942330792099	28.164939300397325	0.028347332258027984
6.16048442302533	0.01	0.007	0.007	0.007	0.01	0.014458288861404772	0.01482246685050221	0.0034543614425144916	0.00200162622656364	0.008431724377626609	1.2702483832365814	1.6330246660643277	1.611236241091738	0.5824888000918811	0.21658445960372852	27.713063533235132	0.028271152572983606
6.240892536387983	0.01	0.007	0.007	0.007	0.01	0.014217632184741735	0.014575750209842107	0.0033782648725970135	0.001957045215058777	0.008291892718059012	1.2736990661558714	1.6327073612071223	1.6107108180421594	0.5810538633294625	0.21797611844401124	27.25274941359427	0.028192478096588845
6.324913682224083	0.01	0.007	0.007	0.007	0.01	0.013970442638078256	0.01432233615928254	0.0033010968931131484	0.0019118644212741422	0.008147108355308075	1.2771731681983676	1.6321829358042663	1.6100988685039084	0.5795321444018117	0.21937436689847517	26.779918516578658	0.028110502393859767
6.414403347698857	0.01	0.007	0.007	0.007	0.01	0.013711891561246244	0.014057274446022668	0.003221431345567042	0.001865250554846013	0.007994460421848825	1.2807305696471987	1.6314159920830162	1.6093796261414972	0.5778878061412946	0.2208026951266534	26.285331800443814	0.02802345342026403
6.516624930464507	0.01	0.007	0.007	0.007	0.01	0.013422407996688639	0.013760501305137125	0.0031334716622597077	0.0018138177721552478	0.00782214710247989	1.2846206245749408	1.6302879859606303	1.6084771268711087	0.57598169777882	0.22235995111822318	25.731545269108533	0.027924349541286416
6.613105638377966	0.01	0.007	0.007	0.007	0.01	0.013154793351308964	0.013486147669358595	0.003053285331232469	0.0017669612332702458	0.007661591897409924	1.288129178993704	1.628987728795671	1.6075502200067366	0.5741572814263632	0.22375968157114692	25.21956708520333	0.027831132969901057
6.694345136166887	0.01	0.007	0.007	0.007	0.01	0.012933598461799941	0.013259382663116286	0.002987803592388803	0.0017287189101173525	0.007527975694874613	1.290965391928512	1.627723087607566	1.6067160057397303	0.5726032621016145	0.2248873799207731	24.796375285519606	0.02775288333192462
6.771766921955656	0.01	0.007	0.007	0.007	0.01	0.012726262068619248	0.0130468251253428	0.002927062102321893	0.0016932621934023348	0.007402025564730783	1.2935713552001633	1.6263791296930041	1.605877352777261	0.5711080647958063	0.22592016447828556	24.399680964987887	0.027678515651964494
6.84883701848303	0.01	0.007	0.007	0.007	0.01	0.012523170295211106	0.01283861907443281	0.0028681488448883572	0.0016588883732536444	0.0072780223535748425	1.2960745228967696	1.6249117272426417	1.605001977455939	0.5696066941642826	0.22690884709099907	24.011091955044513	0.027604683711440387
6.9256596178861605	0.01	0.007	0.007	0.007	0.01	0.012323957719089007	0.01263438988141923	0.002810910871300462	0.0016255066977610133	0.007155798984898276	1.29848219698806	1.6233250585960957	1.604090815389751	0.5680980197129272	0.22785638583198503	23.62990982094884	0.027531284867529184
7.001876236520146	0.01	0.007	0.007	0.007	0.01	0.012129449713779708	0.012434983704230174	0.002755539015955446	0.001593226998816867	0.007035917046843827	1.300787312736256	1.6216330090869966	1.6031503060790238	0.5665899843651706	0.22876010361817364	23.257714672983287	0.027458657858048453
7.077445517031339	0.01	0.007	0.007	0.007	0.01	0.011939626189158075	0.01224037994821759	0.002701980597815729	0.0015620171121682345	0.006918420418390296	1.3029932438082081	1.6198435755165455	1.6021833034429738	0.5650843379483204	0.2296214645425638	22.894468961817864	0.027386836854853883
7.152435938519255	0.01	0.007	0.007	0.007	0.01	0.01175419484001731	0.012050278948748962	0.0026501098705534153	0.0015318024335978868	0.006803180051012793	1.305106351962252	1.6179618005940901	1.6011911195233437	0.5635805801430488	0.23044310113498032	22.539614186535207	0.027315751702637277
7.226916096622245	0.01	0.007	0.007	0.007	0.01	0.01157287721219909	0.011864395240864127	0.002599809974764272	0.0015025137012756428	0.006690069568759369	1.307132525233397	1.6159920135278227	1.6001748223537977	0.5620781172497384	0.23122744908911214	22.192618262428898	0.02724533287132201
7.3009459440305395	0.01	0.007	0.007	0.007	0.01	0.011395428850707108	0.01168247821480101	0.0025509778977606443	0.0014740898611130585	0.006578978582350019	1.309076987021508	1.6139381348708708	1.599135381863135	0.5605764497569178	0.23197667402530006	21.853014088572493	0.027175519690317562
7.3745773803399315	0.01	0.007	0.007	0.007	0.01	0.011221635697285017	0.011504308422887563	0.0025035227783066077	0.0014464770564440838	0.006469811256229822	1.3109443816886481	1.611803763654353	1.5980736965052764	0.55907517314839	0.2326927067164033	21.520392667029622	0.027106259675243893
7.447855277296237	0.01	0.007	0.007	0.007	0.01	0.011051309754768064	0.01132969313473197	0.0024573641321269267	0.001419627575837892	0.006362484272932702	1.3127388607096055	1.6095922360449846	1.5969906081188263	0.5575739676901317	0.23337727823533613	21.194394816670993	0.027037507459009666
7.520818582669417	0.01	0.007	0.007	0.007	0.01	0.010884284910511358	0.011158462055489968	0.002412430232038568	0.0013934988946149314	0.006256924768349909	1.3144641597357156	1.607306665336656	1.5958869101477149	0.556072584593734	0.2340319512326734	20.874703189263034	0.026969223667149336
7.593501555352126	0.01	0.007	0.007	0.007	0.01	0.010720412793074115	0.010990463078221106	0.0023686565931451205	0.0013680527806354502	0.006153068178000981	1.316123668566402	1.604949962937139	1.594763348947234	0.5545708277367132	0.23465814809456964	20.561034347160238	0.02690137368890316
7.665933996458843	0.01	0.007	0.007	0.007	0.01	0.01055956117056869	0.010825560641914447	0.0023259852142038673	0.0013432548422069514	0.006050857605009631	1.3177204698529275	1.6025248797750846	1.5936206366115095	0.5530685547336462	0.23525716692652432	20.2531357043219	0.026833927401272856
7.738142046644522	0.01	0.007	0.007	0.007	0.01	0.01040161122687707	0.010663632939120888	0.002284363571991404	0.0013190739342073053	0.005950242415901947	1.3192573856763827	1.6000340218401372	1.5924594525162947	0.5515656653673632	0.2358302003060985	19.950780318415283	0.0267668583724845
7.810148906741485	0.01	0.007	0.007	0.007	0.01	0.010246455210876481	0.010504569505986308	0.002243743766674434	0.001295481653658533	0.005851177014505937	1.3207370165569072	1.5974798598201594	1.5912804433048333	0.5500620906745655	0.2363783509082402	19.653762395718832	0.02670014314869976
7.881975212292907	0.01	0.007	0.007	0.007	0.01	0.010093994995312473	0.010348269744838655	0.0022040819471242316	0.0012724519992649294	0.0057536201494635866	1.3221617686510065	1.5948647442656918	1.5900842263364605	0.5485577885202303	0.23690264250260665	19.36189453639503	0.026633760871093703
7.953639382434371	0.01	0.007	0.007	0.007	0.01	0.009944140792854928	0.010194641607915207	0.002165337807414055	0.0012499610733083199	0.005657534287746431	1.3235338773307108	1.5921909171584006	1.5888713920580586	0.5470527391807495	0.23740402945587655	19.075005280012814	0.026567692922420387
8.025157917017737	0.01	0.007	0.007	0.007	0.01	0.009796810070561488	0.010043600484493192	0.002127474160170338	0.0012279868290182776	0.005562885086354213	1.324855427098131	1.589460521537113	1.5876425059700114	0.5455469415714482	0.23788340474538924	18.792937030339537	0.026501922626477433
8.096545662980178	0.01	0.007	0.007	0.007	0.01	0.009651926603749337	0.009895068230938648	0.0020904565670303594	0.001206508851802432	0.005469640929508138	1.3261283686990566	1.5866756090726264	1.5863981100541362	0.5440404097563427	0.2383416068257575	18.515544246550874	0.026436434980272934
8.167816023200848	0.01	0.007	0.007	0.007	0.01	0.009509419711296135	0.009748972386752952	0.0020542530332945575	0.0011855081783259931	0.0053777725624993755	1.3273545333323753	1.583838147181217	1.585138724310087	0.5425331703683468	0.23877942533459076	18.242691981393417	0.026371216442759155
8.238981123414788	0.01	0.007	0.007	0.007	0.01	0.009369223626171338	0.009605245529254782	0.0020188337515877073	0.0011649671445195671	0.005287252796160034	1.3285356446319216	1.5809500256341784	1.5838648483110067	0.5410252606693671	0.23919760590742722	17.974254677935633	0.026306254764945997
8.310051975816025	0.01	0.007	0.007	0.007	0.01	0.00923127691523314	0.009463824678768062	0.001984170870285683	0.001144869248371369	0.005198056229267784	1.3296733293403957	1.5780130614935441	1.582576962216651	0.5395167264745158	0.2395968544470683	17.71011506037	0.02624153882553617
8.381038607046	0.01	0.007	0.007	0.007	0.01	0.009095522006518546	0.00932465081400963	0.0019502382996147533	0.0011251990349265102	0.005110159028515028	1.3307691263118229	1.5750290039402508	1.581275527907378	0.538007620656096	0.2399778407299356	17.450163230395457	0.026177058501286377
8.451950160620237	0.01	0.007	0.007	0.007	0.01	0.008961904796047181	0.009187668468992966	0.001917011546533636	0.0011059419982783804	0.0050235387499478305	1.331824494226785	1.5719995388915584	1.5799609901573461	0.5364980020446933	0.24034120150121493	17.1942959156552	0.026112804562396764
8.522795011768277	0.01	0.007	0.007	0.007	0.01	0.008830374257503812	0.009052825332882675	0.0018844675579881751	0.0010870844886771986	0.004938174153718006	1.3328408187297907	1.568926291991675	1.578633777210596	0.5349879339413844	0.24068754331438236	16.942415723512827	0.026048768558213878
8.593580838686183	0.01	0.007	0.007	0.007	0.01	0.008700882157451241	0.008920071958036976	0.0018525845970561033	0.0010686136389296969	0.004854045079795081	1.3338194182486571	1.5658108325068387	1.577294301844638	0.5334774834505412	0.24101744486722979	16.69443059675888	0.025984942743844743
8.664314706793368	0.01	0.007	0.007	0.007	0.01	0.008573382765292549	0.008789361462667039	0.0018213421234404155	0.0010505172935151004	0.004771132313968836	1.3347615494503307	1.5626546758652968	1.5759429619238967	0.5319667204447	0.24133145917200277	16.450253259135874	0.02592131999614294
8.73500311932488	0.01	0.007	0.007	0.007	0.01	0.008447832641707814	0.008660649313946923	0.0017907206982523951	0.001032783951945703	0.00468941749926708	1.335668411745582	1.5594592869834347	1.5745801413557583	0.5304557171688743	0.2416301153660849	16.20980081103409	0.02585789376107208
8.805652071925426	0.01	0.007	0.007	0.007	0.01	0.008324190433058503	0.0085338931172414	0.001760701894486118	0.0010154027155728819	0.004608883046502726	1.336541151453723	1.556226082844258	1.5732062107765439	0.5289445476920461	0.24191392037725148	15.972994336524287	0.02579465799823964
8.876267125359366	0.01	0.007	0.007	0.007	0.01	0.008202416647657458	0.008409052386742494	0.001731268206983856	0.0009983632342338794	0.004529512028754322	1.3373808658100295	1.552956433705684	1.5718215277024834	0.5274332869111144	0.2421833605029111	15.73975847556783	0.025731607110063486
8.946853412282078	0.01	0.007	0.007	0.007	0.01	0.00808247355821276	0.00828608844545737	0.0017024029963694314	0.000981655672683535	0.004451288154252307	1.3381886058459427	1.5496516668782554	1.570426437810326	0.5259220109134806	0.2424389025948011	15.510021237807905	0.025668735930611877
9.01741572310451	0.01	0.007	0.007	0.007	0.01	0.007964324977252819	0.008164964194978554	0.0016740904052205477	0.0009652706610584213	0.0043741956533113555	1.3389653799375616	1.5463130664506168	1.5690212745336254	0.524410795601702	0.24268099543279822	15.283713573014095	0.025606039644394386
9.087958493392458	0.01	0.007	0.007	0.007	0.01	0.007847936209586891	0.008045644066747957	0.0016463153195681098	0.000949199271671477	0.004298219277659169	1.3397121559613785	1.5429418772513097	1.5676063604782369	0.5228997173858142	0.24291007063173867	15.060769280553867	0.025543513793487165
9.158485861108531	0.01	0.007	0.007	0.007	0.01	0.007733273892889165	0.007928093858626863	0.0016190633057618334	0.0009334329816294972	0.004223344224344746	1.3404298640460275	1.5395393052473685	1.5661820073561297	0.5213888523451342	0.2431265437174245	14.841124704529076	0.02548115422285551
9.229001700266366	0.01	0.007	0.007	0.007	0.01	0.007620305886499713	0.007812280620897031	0.0015923205611212661	0.0009179636435052102	0.004149556088718999	1.3411193988376968	1.5361065187467526	1.5647485162830623	0.5198782758635471	0.2433308150274216	14.624718521214344	0.02541895704723503
9.299509626395563	0.01	0.007	0.007	0.007	0.01	0.007509001211292076	0.007698172594614501	0.0015660738785568812	0.0009027834641568562	0.004076840848700333	1.3417816213208813	1.532644650732935	1.5633061785662294	0.518368062841009	0.24352327046064406	14.41149162427913	0.025356918643251795
9.370013029883484	0.01	0.007	0.007	0.007	0.01	0.007399329949187387	0.007585739108593495	0.0015403106032681334	0.0008878849790230509	0.004005184820889692	1.3424173607767402	1.5291547996453838	1.5618552758561428	0.5168582872830475	0.24370428225256352	14.20138693267407	0.02529503561720204
9.440515090518982	0.01	0.007	0.007	0.007	0.01	0.0072912631776223084	0.007474950512224567	0.0015150185992481068	0.0008732610321441747	0.003934574637825901	1.3430274164202178	1.5256380308806923	1.5603960806131423	0.5153490222707064	0.24387420963949447	13.994349265442496	0.025233304789725266
9.511018796607326	0.01	0.007	0.007	0.007	0.01	0.0071847729007056835	0.007365778104897861	0.0014901862163657462	0.0008589047565659758	0.0038649972215942276	1.3436125589640442	1.5220953779028754	1.5589288564221222	0.5138403398125927	0.24403339948789834	13.79032521016001	0.0251717231766981
9.581526964004198	0.01	0.007	0.007	0.007	0.01	0.007079831984478856	0.007258194069633419	0.0014658022596725083	0.0008448095560737968	0.0037964397587618675	1.344173532070061	1.518527843200156	1.5574538582539403	0.5123323106807895	0.24418218687758445	13.589262999207957	0.025110287970463156
9.65204225508496	0.01	0.007	0.007	0.007	0.01	0.006976414096061501	0.007152171410694815	0.0014418559607735583	0.0008309690881609346	0.003728889676629764	1.3447110536961064	1.514936399100345	1.555971332677619	0.5108250042322262	0.2443208956421699	13.391112393464917	0.025048996521374788
9.722567183649847	0.01	0.007	0.007	0.007	0.01	0.0068744936665826924	0.007047683915587034	0.00141833695574824	0.0008173772508190707	0.003662334633901081	1.3452258172460132	1.5113219891764207	1.5544815183238405	0.5093184885162206	0.24444983884524898	13.195824611548435	0.02498784633178176
9.793104129122966	0.01	0.007	0.007	0.007	0.01	0.006774045842649275	0.006944706105302946	0.0013952352613288278	0.0008040281683546386	0.0035967625028621316	1.3457184927196126	1.5076855290748805	1.5529846461159915	0.5078128301698087	0.2445693192461605	13.003352237076204	0.024926835042057317
9.863655350716646	0.01	0.007	0.007	0.007	0.01	0.006675046440621185	0.006843213187447373	0.0013725412526063333	0.0007909161781184355	0.003532161352474085	1.3461897277860024	1.5040279072394722	1.5514809394644142	0.5063080943019639	0.24467962973445645	12.813649131286205	0.02486596041685208
9.934222987546562	0.01	0.007	0.007	0.007	0.01	0.006577471922800977	0.006743181031827287	0.0013502456465512226	0.0007780358206228156	0.003468519444909673	1.3466401486979385	1.5003499862710297	1.5499706147273113	0.5048043446664707	0.2447810537159611	12.626670387632258	0.0248052203436155
10.0	0.01	0.007	0.007	0.007	0.01	0.006487806759705754	0.00665125743583803	0.001329819585488409	0.0007662367597208496	0.0034100629437062257	1.3470416837580386	1.4969050766263552	1.548557403100309	0.5034039756159542	0.24486781096567067	12.454842755542643	0.024748737341529194
