0.0	0.01	0.007	0.007	0.007	0.01	0.0	0.0	0.0	0.0	0.0	0.0	0.0	0.0	0.0	0.0	100.0	0.035
0.006463788384318594	0.01	0.007	0.007	0.007	0.01	0.0025735255328419413	0.006297757107787687	0.0035725153434785326	0.0012457675046062878	0.0002209550577684875	0.00010347489868776955	0.0003864068575367714	0.000490797335704833	8.259202089705942e-5	5.193881699458623e-6	99.89048825508338	0.034992160253939184
0.0114134482071533	0.01	0.007	0.007	0.007	0.01	0.004448941358624172	0.010663975282732576	0.006185119809327608	0.0021747852927017624	0.00036402803636689253	0.0003179051996897461	0.0011706828631083748	0.0015092967215939532	0.00025539918944850843	1.545365209860941e-5	99.80671048758374	0.0349861581387944
0.01840692476585558	0.01	0.007	0.007	0.007	0.01	0.006965052814846248	0.01622593198975032	0.009703142681657607	0.0034515420934619393	0.000533859528396038	0.0008099552092253264	0.002925838541190052	0.003850409543779321	0.0006566176892276733	3.769287375934031e-5	99.68845891077264	0.03497767938130597
0.025384424348727598	0.01	0.007	0.007	0.007	0.01	0.009327496877662905	0.021139150332262248	0.013020518823345774	0.0046846613690561595	0.0006718746541419312	0.0015092899660455825	0.005351581978477013	0.007184131701067126	0.0012344781076075674	6.737735598226107e-5	99.57061711162865	0.03496922204175583
0.033483184012816795	0.01	0.007	0.007	0.007	0.01	0.011895518797570668	0.026139748244406784	0.016643195049156442	0.006066543580406153	0.0008002670626395015	0.0025651449148735555	0.008907436155742217	0.012227655334717195	0.0021194596394559038	0.000109370940518574	99.43401320858905	0.03495940820116223
0.04200021817464061	0.01	0.007	0.007	0.007	0.01	0.01440745181325095	0.030687472984121313	0.02020458141258045	0.007464445647024096	0.0009059416931988171	0.003938911184359797	0.013391497225725295	0.0188040514002823	0.0032887493802124953	0.00016043671817081537	99.29055633480286	0.034949090478943366
0.05127463344940607	0.01	0.007	0.007	0.007	0.01	0.016938258765064003	0.0349245751607612	0.02381168877699272	0.008924427173772093	0.0009943699436255956	0.005718603537741861	0.01901659878388388	0.027342887620908002	0.004828218010761133	0.00022224467949995424	99.13457787947272	0.034937858711918256
0.061073213338017115	0.01	0.007	0.007	0.007	0.01	0.01939786846555267	0.03870951035088263	0.027336571801392595	0.010399064636670412	0.0010646816237779985	0.007894221191283628	0.025670315498697614	0.037805510815867756	0.006742266989773179	0.00029284950675208835	98.97005013531465	0.03492599607746504
0.07149316059345329	0.01	0.007	0.007	0.007	0.01	0.02179128602727636	0.04207584277571908	0.030785581191841067	0.011893684645219914	0.0011198600894327762	0.010511834741662977	0.033414310185075013	0.05042300756636152	0.00908576183366533	0.0003723390581683777	98.79538859391154	0.03491338560461829
0.08246194415375097	0.01	0.007	0.007	0.007	0.01	0.02408426109266742	0.045005896383815615	0.034107741652391554	0.013388404020343993	0.0011618073823532313	0.013574725223725607	0.04217928336505777	0.06522086690375863	0.011877581168898301	0.0004595457329908569	98.61186034462997	0.03490011583595681
0.09401348046435631	0.01	0.007	0.007	0.007	0.01	0.02627024869670756	0.0475281143543951	0.03729085744807366	0.014878899002787162	0.001192972963746771	0.017107945399578474	0.05196216755866553	0.0823291767920804	0.015157605270577463	0.0005541185144844711	98.41895012461198	0.034886146519677766
0.10613559187336502	0.01	0.007	0.007	0.007	0.01	0.02833537277029553	0.049665065676848474	0.04031101186999789	0.016354564417937204	0.001215417725185684	0.021120033343913873	0.06271578403314675	0.10179727162088877	0.018951984963939406	0.000655390971166805	98.2169171119545	0.03487149321727988
0.11885320428300716	0.01	0.007	0.007	0.007	0.01	0.03027469371616788	0.05145126091516624	0.04315616255384788	0.017809429048055072	0.0012310351713440628	0.025627753857639966	0.07441980104123462	0.12371261774142497	0.023295672961002382	0.000763064681252465	98.00540496607509	0.034856126684425254
0.13218222745262964	0.01	0.007	0.007	0.007	0.01	0.03208307244408804	0.05292075470206419	0.045812824291125764	0.01923604408182987	0.0012414048382865578	0.030642533446865117	0.08704405566247914	0.14813420548762077	0.0282195801214727	0.0008768374041746799	97.78421303461386	0.03484002865908799
0.14615453926119143	0.01	0.007	0.007	0.007	0.01	0.03375879056589158	0.054109385350977146	0.04827133460894661	0.02062823277558128	0.0012478456744255413	0.03617953760433438	0.10057277626742701	0.17513555585503238	0.03375905170775436	0.00099661053169871	97.55288180092292	0.03482316168840972
0.16080407054586637	0.01	0.007	0.007	0.007	0.01	0.035301047774278824	0.05505149861670768	0.05052214274989623	0.021979295617659725	0.0012514301273771117	0.042253190982133614	0.11499295618653362	0.20478162414174342	0.03994933505360723	0.0011223656371123418	97.31092592429468	0.03480548596690734
0.17617438201043642	0.01	0.007	0.007	0.007	0.01	0.036710606449625864	0.05577980360219271	0.05255670722720156	0.0232825890314195	0.0012530306127668312	0.04888045226186627	0.13030227170861292	0.23714313927907746	0.04682858120505256	0.0012542221886214626	97.05771053640021	0.03478695021672955
0.19231443674893667	0.01	0.007	0.007	0.007	0.01	0.037989022613119705	0.056324438824652066	0.05436632848339539	0.02453091484919145	0.0012533612236186214	0.05607938185490491	0.14650528310160527	0.2722876274900105	0.054436091221649795	0.0013923950200758547	96.79252334394768	0.03476749682357563
0.20928077227871414	0.01	0.007	0.007	0.007	0.01	0.039138665366197076	0.05671278174753174	0.05594215834791335	0.025716546979914736	0.0012530194590834242	0.06387018876928699	0.16361556200990715	0.3102820823745231	0.06281296100644729	0.001537208542997878	96.51454116059914	0.03474705925334776
0.22713576817572456	0.01	0.007	0.007	0.007	0.01	0.0401624389394943	0.056969249643406404	0.0572748319047503	0.02683096532332662	0.0012525216650462812	0.07227449253076959	0.1816537108991851	0.35118641702838954	0.0720007175484858	0.0016890801802738752	96.22286098827112	0.03472556418107613
0.24594732174158254	0.01	0.007	0.007	0.007	0.01	0.04106371957886144	0.05711532040198808	0.05835449735783003	0.027864783683790084	0.0012523311724435934	0.08131506626431845	0.2006466144013354	0.395048742991825	0.08204022934265923	0.0018485189947479706	95.91650798701909	0.0347029319235617
0.2657864260641587	0.01	0.007	0.007	0.007	0.01	0.04184625789042896	0.05716962557961555	0.05917094694475103	0.02880765658526319	0.001252878123181767	0.09101448060714322	0.2206244833712579	0.4418948506637855	0.09296913675409595	0.0020161096939076686	95.59447762004625	0.034679079396391255
0.28672393267752094	0.01	0.007	0.007	0.007	0.01	0.04251417133548812	0.05714813292770552	0.059714092212287975	0.02964833216250988	0.0012545708592301033	0.10139322203390844	0.24161707790396258	0.49171496051881486	0.10481833905383368	0.0021924928215511456	95.2557904356405	0.03465392404281355
0.3088253837069231	0.01	0.007	0.007	0.007	0.01	0.043071984815883264	0.05706438242978824	0.059974806095164236	0.03037486643457698	0.0012577993334319166	0.1124667830397568	0.2636481149131156	0.5444458700708336	0.11760695426095275	0.002378331051289459	94.89957695448273	0.0346273900655565
0.3321450931329111	0.01	0.007	0.007	0.007	0.01	0.043524752893502446	0.056929755160544215	0.05994620602797587	0.030975115328874515	0.00126293180640238	0.12424237595957392	0.28672919176924466	0.5999525499047064	0.13133656003017338	0.0025742702627741137	94.52517270030484	0.034599415530790496
0.3567214318576269	0.01	0.007	0.007	0.007	0.01	0.04387823281267122	0.05675373550982161	0.05962523947361711	0.031437538849819244	0.0012703076664184415	0.13671638847711112	0.31085526192015633	0.6580155652731621	0.1459862589393406	0.0027809098469660926	94.13219147530663	0.034569957991218696
0.3825770598224257	0.01	0.007	0.007	0.007	0.01	0.04413903528941836	0.05654411908833232	0.05901416207142362	0.031752230072430436	0.001280231663551711	0.14987461771136326	0.33600527372872135	0.718334495151989	0.16151136321249568	0.0029988117563000565	93.72051756835593	0.03453899414949578
0.40972563127325695	0.01	0.007	0.007	0.007	0.01	0.04431461731379493	0.05630714749434849	0.058121335745423074	0.03191187013450557	0.0012929759362190014	0.16369610531814158	0.3621491177009353	0.7805504546895873	0.1778470790376768	0.0032285608897015213	93.29019493969069	0.03450651177000117
0.4381836082659539	0.01	0.007	0.007	0.007	0.01	0.044413044211763314	0.056047596400704856	0.056960999475086385	0.031912287597879584	0.0013087941930156979	0.17815973879908653	0.3892590752693888	0.844281810893424	0.19491632328480446	0.003470868148883023	92.84123831222988	0.034472495522842934
0.4679826592920772	0.01	0.007	0.007	0.007	0.01	0.044442565814280764	0.05576887383404609	0.05555216996848682	0.03175248052279674	0.001327947401376429	0.19325104921269157	0.41732105606071784	0.9091590292105904	0.2126383476702157	0.0037266832841096223	92.37344027376561	0.03443691220972945
0.4991799459738014	0.01	0.007	0.007	0.007	0.01	0.04441114603096685	0.05547315422039857	0.053917127750597996	0.03143421625171251	0.0013507373480833524	0.2089675937248059	0.4463429841945304	0.974849955002842	0.23093575230159782	0.003997300403139439	91.88621752718329	0.03439969860581911
0.5318663186653944	0.01	0.007	0.007	0.007	0.01	0.044326062382321285	0.055161531484184866	0.05207988854674608	0.030961414389583945	0.0013775450147789888	0.2253228088326076	0.4763604457825311	1.041074512864726	0.24973926729858933	0.004284461514263759	91.37849556221022	0.034360751887919136
0.5661733373916031	0.01	0.007	0.007	0.007	0.01	0.04419362320292408	0.054834163276848286	0.05006490365169964	0.030339486236094927	0.0014088727861930527	0.24234876091570026	0.5074405316008492	1.1076106780263695	0.26899044558062	0.004590471240790493	90.8486171413505	0.034319921552929754
0.6022783890758734	0.01	0.007	0.007	0.007	0.01	0.04401900897912027	0.054490401870876976	0.047896206091525236	0.029574785548766656	0.0014453900141264398	0.2600974441658492	0.539683254368741	1.1742909300689148	0.28864168414865016	0.004918322201380066	90.29428581457088	0.03427700369541104
0.6403988496443596	0.01	0.007	0.007	0.007	0.01	0.04380627772390732	0.05412899472321414	0.04559762302874701	0.02867450937904936	0.0014879724507293173	0.2786363058098809	0.5732127191726446	1.2409754878742107	0.30864904039679986	0.005271752959653189	89.71268175747996	0.03423174837935015
0.6807383746972984	0.01	0.007	0.007	0.007	0.01	0.043558774318662195	0.053748701141353834	0.043196117133568024	0.027648173954010976	0.0015376819393796105	0.2980208260619901	0.6081273433215987	1.3074521376124872	0.3289415161839358	0.005654876479207055	89.10130060325349	0.03418392373187796
0.7232886297226784	0.01	0.007	0.007	0.007	0.01	0.04328064632748021	0.053350210630968085	0.04073281474606435	0.02651348109841161	0.0015955046272076595	0.3182008853869201	0.6443326134376869	1.3731551925289394	0.34933066625353326	0.006070330265506601	88.46092856997693	0.034133550552787585
0.7675218736657575	0.01	0.007	0.007	0.007	0.01	0.04297930450249589	0.05293896427329365	0.03827619510404896	0.02530528764789817	0.0016617406813239572	0.33888483181952433	0.6813020063469378	1.4368600528229991	0.36940483814964065	0.006515926870089568	87.80010647490543	0.03408126365498629
0.812669426227121	0.01	0.007	0.007	0.007	0.01	0.04266370559580669	0.05252243048753352	0.03589781332895378	0.024066493401802565	0.001736071454568472	0.3596854883436324	0.7183442016361161	1.4973136218619467	0.3887189912508138	0.006986687044810207	87.13071540723753	0.03402797857257333
0.8583095684820116	0.01	0.007	0.007	0.007	0.01	0.0423398836389883	0.05210466356136709	0.03363729010398249	0.02282832635878829	0.0018183997593015759	0.3803944575385177	0.7550918133952392	1.554033866743134	0.4070594614088802	0.007480622620512123	86.45920798343856	0.033974196792255475
0.9042232970009245	0.01	0.007	0.007	0.007	0.01	0.04201168927540785	0.05168774307756618	0.03151357858749353	0.021612450497042697	0.0019087636800652003	0.4009063067099376	0.7913621590396228	1.606949955585535	0.424344794812492	0.007997554014550755	85.78889704550416	0.03392017838982191
0.9503000003095288	0.01	0.007	0.007	0.007	0.01	0.04168153701710164	0.05127270250867893	0.029533224531487184	0.020433504062365354	0.002007259166843145	0.4211700282578927	0.8270692023073776	1.656188542745508	0.4405637103886375	0.008538301749563701	85.12143129924569	0.03386605459038443
0.996468656927373	0.01	0.007	0.007	0.007	0.01	0.04135105485029614	0.050860186044425916	0.02769614795787345	0.0193014813890782	0.002113948503504821	0.4411553873748983	0.8621633904758834	1.7019465997542207	0.4557359067607756	0.00910401244530298	84.4578421512539	0.033811909398144
1.0426861968110674	0.01	0.007	0.007	0.007	0.01	0.0410213104042277	0.05045056836807469	0.02599793260780133	0.0182226861680267	0.002228854459368613	0.46084637142566887	0.8966199653104399	1.744455648750063	0.46990056058859325	0.009696058747324132	83.79873180563631	0.033757793582150135
1.088923939283942	0.01	0.007	0.007	0.007	0.01	0.04069301701369124	0.05004408484209105	0.024431690524642457	0.017200700949277472	0.002351942234024534	0.4802344029662285	0.9304269946502302	1.7839545878431415	0.48310681066454997	0.010315892878259566	83.14448042490318	0.03370374077998564
1.1351665738401198	0.01	0.007	0.007	0.007	0.01	0.04036661999334082	0.04964084620566465	0.02298905006434818	0.016236974544634086	0.0024831271798711947	0.49931730396643087	0.963583542997041	1.8206809139158344	0.495409973044695	0.010965043974553116	82.49526864311689	0.03364976882167737
1.181408992182784	0.01	0.007	0.007	0.007	0.01	0.04004237527313673	0.049240870960240886	0.021660956290573758	0.015331380277228707	0.002622276958326235	0.5180974865269461	0.9960964796664591	1.8548631316200304	0.5068680351404496	0.011645088006926874	81.85112906056246	0.03359588354386903
1.2276561989561834	0.01	0.007	0.007	0.007	0.01	0.03972038952643833	0.04884408988142574	0.020438158074410784	0.014482624570793547	0.0027692217701003304	0.5365815285096487	1.0279796929120864	1.8867179355208332	0.5175397463854894	0.012357661061538426	81.2119531277421	0.033542078989148606
1.2739221008438892	0.01	0.007	0.007	0.007	0.01	0.03940065644719314	0.04845035985401218	0.01931157292139471	0.013688603097857292	0.0029237612530495396	0.5547793459653761	1.0592525952262188	1.9164478972138703	0.5274829464662284	0.013104460223888222	80.57751316266591	0.033488338905737554
1.3202290836142105	0.01	0.007	0.007	0.007	0.01	0.03908307922349284	0.04805947047500546	0.01827250794650691	0.012946671827504173	0.00308567303442	0.5727037386099034	1.0899392738458187	1.9442407537487243	0.5367535314064705	0.013887258418615897	79.94747279130323	0.03343463732026649
1.366607148216401	0.01	0.007	0.007	0.007	0.01	0.0387674903089055	0.047671154083735214	0.017312803175516596	0.012253865635312292	0.003254718812303161	0.5903698034696028	1.120067417021526	1.9702690865076173	0.5454046649020642	0.014707914028005344	79.32140295175691	0.03338093961582106
1.4130934630597873	0.01	0.007	0.007	0.007	0.01	0.03845366431430454	0.04728509194187101	0.016424900657544202	0.011607058895506662	0.003430650499385945	0.6077945496916114	1.149667591411586	1.9946907246202823	0.5534863461428764	0.01556838801395249	78.69879172404357	0.03332720311976368
1.4597318996628317	0.01	0.007	0.007	0.007	0.01	0.03814132827907619	0.046900920332962025	0.015601870652156315	0.011003085439731898	0.003613214911525853	0.6249965344186806	1.1787725604039603	2.0176493954396735	0.5610451657167992	0.016470761291911155	78.07905404970242	0.03327337770617535
1.5065729551213587	0.01	0.007	0.007	0.007	0.01	0.03783016748576569	0.046518233308770605	0.014837402413968801	0.010438821020177394	0.0038021584913891823	0.6419956625533351	1.2074168846929252	2.039275697345105	0.5681242613151858	0.017417259656937512	77.4615360564262	0.033219405948553736
1.5536739117554657	0.01	0.007	0.007	0.007	0.01	0.037519828522158086	0.04613658348830279	0.01412577525007048	0.009911239005057063	0.00399723165009503	0.6588130789632125	1.2356366788471818	2.0596881813355328	0.5747633872678269	0.018410284542783022	76.84551624491233	0.03316522300021162
1.6010994438956272	0.01	0.007	0.007	0.007	0.01	0.03720991870847055	0.045755479355532834	0.013461815447246214	0.00941744383205005	0.004198193675367147	0.6754712148451418	1.2634696227134605	2.078994545528224	0.5809990842251304	0.019452455094503166	76.23020102105065	0.03311075596501312
1.6489226963884538	0.01	0.007	0.007	0.007	0.01	0.03690000217133666	0.045374379085820725	0.012840846025734971	0.008954688352647348	0.00440481843389147	0.6919939773139608	1.2909552015118886	2.0972928637052655	0.5868649089329697	0.020546664330209144	75.61471460934646	0.033055922736782185
1.6972270326731256	0.01	0.007	0.007	0.007	0.01	0.03658959166684626	0.04499267958378053	0.012258632073567075	0.008520378404691255	0.004616901737385701	0.7084071290586869	1.318135243529814	2.1146728523445537	0.5923917127044135	0.02169615665547066	74.9980812064011	0.03300063008820069
1.7461087309999648	0.01	0.007	0.007	0.007	0.01	0.036278134778378865	0.04460969889936693	0.011711323107436795	0.00811206706408288	0.0048342715133992365	0.7247389228526511	1.3450548497024195	2.131217194248534	0.5976079624780047	0.02290463751843077	74.37919639356426	0.03294477070133941
1.7956810486764851	0.01	0.007	0.007	0.007	0.01	0.0359649923223835	0.04422464926142083	0.011195392610894124	0.007727440043427292	0.005056802372099841	0.7410210889706345	1.371763857859429	2.147002957758837	0.602540105415458	0.024176431728208717	73.75678331993039	0.032888218676001724
1.8460804800916246	0.01	0.007	0.007	0.007	0.01	0.0356494044482658	0.04383659511362176	0.010707571950332737	0.007364291440269099	0.005284437663608091	0.757290383663657	1.3983191543842493	2.1621032295384177	0.607213002050112	0.02551672095948867	73.12932453777032	0.03283082259822078
1.897476834708044	0.01	0.007	0.007	0.007	0.01	0.0353304353688877	0.043444384964723415	0.010244771596326495	0.007020485811622574	0.005517225168382445	0.773591118984051	1.424788470771764	2.1765892099766213	0.6116504900420081	0.026931919323994406	72.49495133048225	0.03277239435774786
1.950090092493149	0.01	0.007	0.007	0.007	0.01	0.03500688032166502	0.04304653685812552	0.009803977583254018	0.006693898902772314	0.00575537741313925	0.7899794263109853	1.4512567991296865	2.1905331861008324	0.6158761828177141	0.028430296229301773	71.85125774480771	0.032712690425272806
2.004221055491046	0.01	0.007	0.007	0.007	0.01	0.03467709528066702	0.042641028896439205	0.00938209083057105	0.006382314613907991	0.005999383328534873	0.8065310886237517	1.4778382216777333	2.204013463964682	0.6199147907408835	0.03002309877230645	71.19496051587986	0.032651377763578744
2.0603127811862905	0.01	0.007	0.007	0.007	0.01	0.034338653847144705	0.04222487729057574	0.008975632379041226	0.006083223884813075	0.006250236236600119	0.8233573807859064	1.5046999145703923	2.217123839225557	0.6237946512542	0.031726785553817236	70.52121415228842	0.0325879654330623
2.119092436363296	0.01	0.007	0.007	0.007	0.01	0.03398755117913486	0.04179315746185655	0.008580086135637653	0.005793362780632414	0.006509969846532116	0.8406419655756179	1.53211823772789	2.229995255931486	0.627553518052367	0.03356815140241229	69.82202221451915	0.03252164651071974
2.1819804774295766	0.01	0.007	0.007	0.007	0.01	0.03361589729667961	0.04133616767697914	0.00818800640619863	0.005507365927613406	0.006783230509874685	0.8587482323278031	1.5606424227848117	2.2428588808192123	0.6312554783200308	0.035599012674190106	69.08163464789966	0.03245084168411962
2.2520851100188457	0.01	0.007	0.007	0.007	0.01	0.033206401338327855	0.04083264681671838	0.007784999189244172	0.0052149308461105475	0.007080928511269195	0.8784716386509096	1.591474540219331	2.256181763564093	0.6350259568156846	0.03793312040569193	68.26553572118632	0.03237209347870144
2.3199615470869994	0.01	0.007	0.007	0.007	0.01	0.03281469228274151	0.04035099670421347	0.007425470191055708	0.004955484736292366	0.007361011752087381	0.897116007159282	1.620380002526561	2.26814340627833	0.6383498648299641	0.0402591839968818	67.484562965281	0.03229603028301202
2.384228259139962	0.01	0.007	0.007	0.007	0.01	0.03244809021699628	0.03990021823952498	0.007110029534301193	0.004729061367484255	0.007617846247551471	0.9143682695362975	1.6469103372724703	2.2786870117711624	0.6412261399361183	0.04251731084018489	66.75335907927338	0.032224176915773735
2.447159408294523	0.01	0.007	0.007	0.007	0.01	0.032093090863833905	0.03946370644018859	0.006822408642246284	0.004523652084286986	0.007860713338521855	0.9308927859195721	1.6721177614833918	2.2883303668513073	0.6438079781110271	0.04477709821059711	66.04502876250551	0.03215397168959363
2.5081472986431588	0.01	0.007	0.007	0.007	0.01	0.031752773833605905	0.03904524803233112	0.006561915985993549	0.00433851970806372	0.008087353778097809	0.9465658970688983	1.6958345676459252	2.297078824217242	0.6461054478335312	0.047009268678677725	65.36574349774652	0.032086080283647456
2.567897671433998	0.01	0.007	0.007	0.007	0.01	0.031422875359975636	0.03863960024737831	0.006322608483548755	0.004169230152511666	0.008300615275230148	0.961602134236932	1.718405061933197	2.30511868308548	0.6481751996754322	0.0492328886701251	64.70701758277684	0.03201970549339546
2.6263378467073633	0.01	0.007	0.007	0.007	0.01	0.031103539222179143	0.0382469398870279	0.006102502025754663	0.004014210169117357	0.008500455381601426	0.9760095980839754	1.739857412654535	2.312506922715354	0.6500382568511981	0.051439637584080766	64.06915817464689	0.031954918984751446
2.683786857907242	0.01	0.007	0.007	0.007	0.01	0.030792794419063546	0.0378648433917931	0.005898500299328262	0.0038711355405840826	0.008688225923867818	0.9898901959749241	1.7603577355122242	2.319340386582158	0.651724636371522	0.05363659284506957	63.44824614588659	0.03189135904612933
2.7403188719140337	0.01	0.007	0.007	0.007	0.01	0.0304900519061687	0.03749258647331658	0.005708803930343011	0.003738625458851884	0.008864420954366894	1.0032811669711763	1.7799732332423974	2.325674177181691	0.6532527294027659	0.05582229979635996	62.84311949913502	0.03182893706127369
2.7961179913124443	0.01	0.007	0.007	0.007	0.01	0.030194164162901084	0.03712875813187747	0.005531512508379067	0.0036152520313878613	0.00902987010943523	1.0162428061572688	1.7988029851734815	2.331568029911035	0.654641173634866	0.05800007545067142	62.25149763827887	0.0317674441459002
2.8512823898087434	0.01	0.007	0.007	0.007	0.01	0.029904475520890567	0.036772552155108745	0.00536524817233456	0.0034999718934777746	0.0091851072484302	1.0288120197026964	1.8169098973292956	2.3370651013139576	0.6559038407703764	0.060170387988793136	61.672080747176054	0.03170676750357673
2.9059357635970264	0.01	0.007	0.007	0.007	0.01	0.02962022169076237	0.03642302876738091	0.005208738125719475	0.003391830552503552	0.00933071457665621	1.0410291092930046	1.8343601862648242	2.342205648378147	0.6570532772677858	0.06233508404975272	61.10334985377761	0.0316467672387645
2.9601669688721453	0.01	0.007	0.007	0.007	0.01	0.02934084440904141	0.036079501524652786	0.005060965766914838	0.0032900640858853853	0.009467149598866161	1.052924274446429	1.85120410799715	2.347021852379899	0.6580996246269631	0.0644949540900221	60.5441963702413	0.03158734267417566
3.014066237770958	0.01	0.007	0.007	0.007	0.01	0.029065797938882258	0.03574129938484644	0.0049210330732923566	0.0031940011088829622	0.00959484901401456	1.0645261946385596	1.867488539929274	2.351542252755105	0.6590517402661288	0.0666510992395219	59.993535329265875	0.03152839239551966
3.0677069370529195	0.01	0.007	0.007	0.007	0.01	0.02879464041718396	0.03540787902992638	0.004788188533106864	0.00310307991605184	0.00971418472696504	1.075858288908072	1.883251863246256	2.355790763587236	0.6599170703417871	0.06880415950849807	59.4504884185382	0.031469834144189766
3.121157919349073	0.01	0.007	0.007	0.007	0.01	0.02852696765949783	0.03507874347142266	0.00466177518900533	0.003016811012103592	0.00982549799659311	1.08694167321347	1.8985283198331948	2.359788320588615	0.6607020809008238	0.0709547672749084	58.91425169564263	0.03141159118750567
3.174478947239668	0.01	0.007	0.007	0.007	0.01	0.028262434215948422	0.03475346794127921	0.004541227616607839	0.002934773668589141	0.009929091915995508	1.0977943939635832	1.9133470875374232	2.3635529535120603	0.6614123362199573	0.07310333310562922	58.38413792053235	0.03135359723668339
3.2277242105781743	0.01	0.007	0.007	0.007	0.01	0.02800073366722965	0.03443167566356146	0.004426051252797547	0.002856600667131654	0.010025242203255366	1.1084323533274645	1.9277336954585946	2.367100434643997	0.6620526842920812	0.07525016182908598	57.85953724339303	0.0312957925341095
3.280941670915699	0.01	0.007	0.007	0.007	0.01	0.027741600215194628	0.034113039810369096	0.004315814149634586	0.0027819717652801195	0.01011419868397582	1.1188693317585015	1.9417101681120101	2.3704445371635146	0.6626273537886501	0.07739540598769326	57.33992052180206	0.031238124502890756
3.334174997431011	0.01	0.007	0.007	0.007	0.01	0.027484797724003914	0.03379727002670004	0.004210134797818786	0.002710604674128113	0.010196191315829642	1.1291175091171721	1.955295829434999	2.3735974173061107	0.6631400649176052	0.07953912767081789	56.82481746546677	0.031180545589658427
3.387463563806297	0.01	0.007	0.007	0.007	0.01	0.027230118568109994	0.033484111013976726	0.00410867571864169	0.002642250101639891	0.010271432212746978	1.1391875728398033	1.9685075295074455	2.3765698180807906	0.6635940998781653	0.08168128534843078	56.31381441829295	0.03112301322329818
3.4408434071137624	0.01	0.007	0.007	0.007	0.01	0.0269773779901121	0.03317333559240807	0.004011136233120722	0.00257668635525235	0.0103401189474447	1.1490889966071867	1.9813600859331386	2.379371297138972	0.6639923710835751	0.08382176194002015	55.80654312153892	0.031065488738750334
3.4943475024295525	0.01	0.007	0.007	0.007	0.01	0.026726411944333856	0.0328647420494574	0.0039172475699782725	0.0025137156192838973	0.010402436446369614	1.1588301704029091	1.9938665153731048	2.382010382959097	0.6643374720288495	0.0859603672755481	55.30267645446378	0.031007937048266394
3.5480063265464326	0.01	0.007	0.007	0.007	0.01	0.02647707370368408	0.03255814996760915	0.0038267681901518868	0.0024531604542271115	0.010458559017158722	1.1684185719657634	2.006038309137969	2.384494722751898	0.6646317221919046	0.08809685370504289	54.801921682267114	0.030950326006302237
3.6018481383661247	0.01	0.007	0.007	0.007	0.01	0.026229231934795524	0.03225339785755441	0.0037394802580181653	0.0023948611289557223	0.010508651761242986	1.1778608742496242	2.017885616727528	2.3868311952270167	0.6648772028423715	0.09023092154755757	54.30401664115739	0.03089262608483041
3.655899351597355	0.01	0.007	0.007	0.007	0.01	0.025982768444977135	0.03195034038782514	0.0036551864569688685	0.0023386732344029214	0.010552871887205453	1.1871630602933128	2.0294174313819884	2.389026011515059	0.6650757878076013	0.09236222917158021	53.8087252563896	0.03083480995360904
3.71018477797555	0.01	0.007	0.007	0.007	0.01	0.025737576622003527	0.03164884646635097	0.003573707440830032	0.0022844657644409557	0.01059136970674815	1.19633050687141	2.040641729453369	2.3910847964373687	0.6652291688450044	0.09449039865250489	53.31583444471091	0.03077685220320612
3.7647278673109588	0.01	0.007	0.007	0.007	0.01	0.02549355996203243	0.031348797430376586	0.0034948796272642785	0.002232119459361471	0.010624289484374161	1.2053680610794022	2.051565595544418	2.3930126586201608	0.665338877221498	0.09661502189326213	52.82515118814315	0.03071872907445212
3.8195509245005264	0.01	0.007	0.007	0.007	0.01	0.025250630769831833	0.031050085448250633	0.003418553311406422	0.0021815253914286657	0.010651770135912193	1.2142801071084706	2.062195330602148	2.3948142502417418	0.6654063019863181	0.09873566627550223	52.33649994887677	0.030660418215358205
3.8746752788656798	0.01	0.007	0.007	0.007	0.01	0.025008709129990276	0.030752612254419002	0.0033445910841544794	0.0021325837769139086	0.010673945787168243	1.2230706201555115	2.0725365401720017	2.396493817231878	0.6654327054660351	0.10085187879137578	51.8497206246258	0.030601898491291336
3.9301214536046727	0.01	0.007	0.007	0.007	0.01	0.024767721926611634	0.030456287944032965	0.003272866445893244	0.00208520293791544	0.010690946241266942	1.2317432161709627	2.082594214018957	2.3980552429315387	0.6654192365301183	0.1029631904418704	51.36466659774262	0.03054314979713744
3.9859092918945427	0.01	0.007	0.007	0.007	0.01	0.024527602096392976	0.03016103005452879	0.003203262643178104	0.0020392984288050107	0.010702897350434974	1.2403011910612118	2.0923727901088216	2.399502084882026	0.6653669419485745	0.10506911916543096	50.88120325063952	0.030484152917374052
4.0420581025229865	0.01	0.007	0.007	0.007	0.01	0.024288287834547725	0.0298667625892222	0.0031356716189853235	0.00199479225216733	0.010709921328286992	1.2487475598107758	2.101876215664733	2.4008376074663467	0.6652767761500752	0.10716917365199592	50.399206383443044	0.030424889367132384
4.098586739912147	0.01	0.007	0.007	0.007	0.01	0.024049722115974562	0.029573415428535563	0.0030699931621566146	0.0019516122184209375	0.010712136993836888	1.2570850828434192	2.1111079911707993	2.402064808865459	0.665149609691089	0.10926285478447507	49.91856126390482	0.030365341304134045
4.155513745466916	0.01	0.007	0.007	0.007	0.01	0.023811851983995252	0.02928092345542018	0.0030061340825917045	0.0019096913328995903	0.010709659978308453	1.2653162992708118	2.120071219953391	2.4031864460806807	0.6649862364783135	0.11134965944428764	49.439161207032186	0.030305491377246325
4.212857423377489	0.01	0.007	0.007	0.007	0.01	0.023574628146204077	0.028989226058409402	0.002944007552307006	0.0018689673011269836	0.010702602882670118	1.2734435480996218	2.128768642202753	2.404205055392219	0.6647873800839608	0.11342908189071153	48.96090677126919	0.030245322645544637
4.270635933188946	0.01	0.007	0.007	0.007	0.01	0.023338004522412574	0.02869826657576574	0.0028835324995089466	0.001829382076611553	0.010691075405978183	1.281468990136395	2.1372026681082583	2.4051229706968527	0.664553699185273	0.11550061578227162	48.483704856539276	0.03018481848083359
4.32886734195601	0.01	0.007	0.007	0.007	0.01	0.023101937979799054	0.02840799196981924	0.002824633108518218	0.0017908814847096663	0.010675184455132092	1.2893946226368873	2.1453754017547997	2.4059423390014114	0.6642857924278123	0.11756375474368543	48.00746817829181	0.03012396251358419
4.387569744029295	0.01	0.007	0.007	0.007	0.01	0.022866387811898616	0.02811835218632358	0.0027672383047798294	0.0017534148425777847	0.010655034217380784	1.297222301818989	2.1532886717928914	2.4066651350320436	0.6639842023603469	0.11961799532678719	47.53211422352666	0.030062738509132134
4.446761309821258	0.01	0.007	0.007	0.007	0.01	0.02263131552847511	0.027829299896080715	0.0027112813634013267	0.001716934665040803	0.010630726226336764	1.3049537540831604	2.1609440488658014	2.4072931729715092	0.6636494190767919	0.12166283737224913	47.05756483246319	0.030001130319322444
4.506460375783995	0.01	0.007	0.007	0.007	0.01	0.022396684496706624	0.02754079005373506	0.0026566995185612137	0.001681396375426334	0.010602359400612193	1.3125905915727492	2.168342866279209	2.4078281172646783	0.6632818831671335	0.12369778576891535	46.583745479085046	0.0299391217921099
4.5666855216233415	0.01	0.007	0.007	0.007	0.01	0.022162459654156266	0.027252779544836455	0.0026034336251833682	0.0016467580544247435	0.010570030068810304	1.3201343246622534	2.1754862362216483	2.4082714918032706	0.6628819882540375	0.12572235165815612	46.1105846952808	0.02987669669564164
4.627455654555011	0.01	0.007	0.007	0.007	0.01	0.021928607213835702	0.026965226823178763	0.0025514278491750196	0.0016129802109943782	0.010533831976608243	1.327586374076677	2.1823750643469086	2.4086246878756428	0.662450083062947	0.1277360537573411	45.63801347782577	0.029813838636190346
4.688790060165556	0.01	0.007	0.007	0.007	0.01	0.021695094516327024	0.02667809172896573	0.0025006294168182885	0.0015800255947298076	0.010493856302938274	1.3349480777685283	2.189010058320817	2.4088889707859904	0.6619864733609228	0.12973841845263023	45.16596499145821	0.029750531011766453
4.750708521583307	0.01	0.007	0.007	0.007	0.01	0.021461889638267836	0.02639133500739199	0.002450988333597361	0.0015478589910526773	0.01045019162563424	1.3422207050238668	2.195391741877203	2.4090654858123854	0.6614914230702004	0.13172898200845481	44.69437377853752	0.029686756896282973
4.813231381498921	0.01	0.007	0.007	0.007	0.01	0.021228961241449424	0.026104918123089186	0.0024024571779174245	0.0015164470674077133	0.010402923911597632	1.349405462365034	2.2015204600838625	2.4091552628191	0.6609651554664498	0.13370729070565993	44.2231754538243	0.029622498984162287
4.876379678911909	0.01	0.007	0.007	0.007	0.01	0.02099627816281548	0.025818802755973598	0.002354990859117075	0.001485758198440079	0.010352136445399479	1.3565035069838427	2.207396389917481	2.4091592201108796	0.6604078534757959	0.1356729031708315	43.75230587412314	0.029557739459442477
4.940175220240626	0.01	0.007	0.007	0.007	0.01	0.020763809275198233	0.0255329506300005	0.0023085464505317134	0.001455762341673816	0.010297909796718553	1.3635159511967903	2.213019541658132	2.409078167179503	0.6598196602124496	0.13762539035927504	43.28170085422595	0.029492459934066607
5.00464071022732	0.01	0.007	0.007	0.007	0.01	0.020531523150551675	0.025247323099061754	0.002263082997204903	0.0014264308984486542	0.01024032173609982	1.3704438724527315	2.2183897636539016	2.4089128066485155	0.6592006787432044	0.13956433716259237	42.81129548207706	0.029426641326448233
5.06979988994466	0.01	0.007	0.007	0.007	0.01	0.020299387729296105	0.024961880740396323	0.0022185613411138273	0.0013977365877334944	0.010179447134099441	1.3772883224532215	2.223506744556399	2.4086637351908196	0.6585509714825261	0.14148934387249362	42.341023444673276	0.029360263734935523
5.135677678166773	0.01	0.007	0.007	0.007	0.01	0.02006737001080271	0.02467658297399447	0.0021749439649925567	0.001369653333324361	0.010115357849819238	1.3840503349630855	2.228370012706724	2.408331443479029	0.6578705592739423	0.14340002736026938	41.87081639513164	0.029293306310152565
5.20230033885319	0.01	0.007	0.007	0.007	0.01	0.019835435687189838	0.024391387612294316	0.0021321948386338056	0.0013421561538847354	0.010048122588860361	1.3907309345874512	2.232978934270454	2.4079163150811347	0.6571594199357841	0.1452960225961601	41.400603203157466	0.029225747103309475
5.269695685839064	0.01	0.007	0.007	0.007	0.01	0.019603548689890192	0.024106250302617035	0.0020902792624021504	0.0013152210523499808	0.009977806716994173	1.397331147240375	2.2373327101692735	2.407418624094617	0.6564174861179711	0.14717698471289767	40.930309026587544	0.02915756287978912
5.337893291152237	0.01	0.007	0.007	0.007	0.01	0.019371670773068405	0.023821124014912542	0.0020491637306174117	0.00128882491916994	0.009904472063098888	1.4038520086232416	2.2414303689180906	2.406838531634162	0.6556446428068916	0.14904259055861022	40.4598544552423	0.029088728932589795
5.406924771639907	0.01	0.007	0.007	0.007	0.01	0.019139760885596754	0.0235359582695065	0.0020088157698926923	0.0012629454204395392	0.009828176633191613	1.4102945776488207	2.245270759510908	2.406176080503798	0.6548407236288921	0.15089254170497343	39.98915422313209	0.029019218820707047
5.476824080643839	0.01	0.007	0.007	0.007	0.01	0.01890777459563603	0.02325069842952976	0.0019692038007347533	0.0012375609018988195	0.009748974310790859	1.416659947095484	2.2488525386365614	2.4054311884064283	0.6540055067123236	0.15272656670382906	39.51811602397281	0.02894900410743755
5.547627886505492	0.01	0.007	0.007	0.007	0.01	0.018675663303039776	0.022965284732444843	0.001930296975902209	0.0012126502788850932	0.009666914455579816	1.4229492587331458	2.2521741560970994	2.404603638803201	0.6531387091353191	0.15454442465088217	39.04663889219424	0.02887805401704364
5.619376007179235	0.01	0.007	0.007	0.007	0.01	0.018443373363478812	0.022679651213016485	0.0018920650190238921	0.0011881929273012508	0.009582041431393259	1.4291637191010198	2.255233834971207	2.4036930693627356	0.6522399802261564	0.15634590895537126	38.57461139987857	0.028806335042184755
5.692111975104124	0.01	0.007	0.007	0.007	0.01	0.01821084490526358	0.022393724248406896	0.0018544780287580373	0.0011641685533621375	0.009494393976110321	1.435304621447396	2.2580295480445267	2.4026989567470793	0.6513088927115352	0.15813085289751633	38.10190922354692	0.028733810429558547
5.765883665802608	0.01	0.007	0.007	0.007	0.01	0.017978010585445913	0.02210742102860186	0.001817506291924079	0.0011405570699209251	0.009404004490432888	1.4413733666739292	2.2605589851339203	2.401620598073302	0.6503449324189272	0.15989913488714524	37.628392580291965	0.028660439612519815
5.840744159013561	0.01	0.007	0.007	0.007	0.01	0.01774479378216646	0.021820647333615058	0.0017811200271690302	0.0011173384292565442	0.00931089804255282	1.4473714959435235	2.262819514926695	2.400457086185913	0.6493474842349383	0.16165068708072397	37.153902508845704	0.02858617742507327
5.9167527495872	0.01	0.007	0.007	0.007	0.01	0.017511106544328966	0.021533295012284022	0.001745289116746802	0.001094492449217919	0.009215091185516241	1.4533007254342598	2.2648081335525685	2.3992072789454286	0.6483158151449819	0.16338550457272072	36.67825664540508	0.028510973183863024
5.99397631931997	0.01	0.007	0.007	0.007	0.01	0.01727684670796512	0.021245238436384276	0.001709982740148349	0.001071998577771903	0.00911659032605178	1.4591629972394151	2.2665214010104506	2.39786975822287	0.6472490512870622	0.16510365921262868	36.20124328911845	0.028434769433652012
6.0724910493036885	0.01	0.007	0.007	0.007	0.01	0.017041894347749668	0.0209563301372043	0.001675168946499055	0.0010498356197273663	0.009015389667876995	1.4649605401296082	2.26795535640799	2.396442777234251	0.6461461488688016	0.16680531617485683	35.722614094489195	0.028357500384196935
6.152384766684157	0.01	0.007	0.007	0.007	0.01	0.01680610680677519	0.02066639469387257	0.0016408140643874515	0.0010279813613346225	0.00891146835805943	1.47069595664309	2.269105408017827	2.3949241890615873	0.6450058543784329	0.16849075803992447	35.242073842391854	0.028279089758475078
6.233760078467483	0.01	0.007	0.007	0.007	0.01	0.016569312056741402	0.020375220568671297	0.0016068819337652228	0.0010064120834650098	0.008804786641683125	1.4763723386300487	2.269966184430834	2.3933113503234025	0.6438266511337981	0.17016041692350464	34.75926677351331	0.028199447917408606
6.316738798329623	0.01	0.007	0.007	0.007	0.01	0.016331299191956628	0.020082548417936944	0.0015733328146537073	0.0009851018716216678	0.008695280377568605	1.4819934347440455	2.270531331031971	2.391600985866526	0.6426066838369248	0.17181492140705115	34.2737570294555	0.028118467786521186
6.4014683038696125	0.01	0.007	0.007	0.007	0.01	0.016091804671540103	0.019788054174732846	0.0015401218211590934	0.0009640216275842942	0.008582853097548561	1.487563894052766	2.270793222066757	2.3897889947129936	0.6413436501405506	0.17345516514401782	33.78500035050122	0.028036018995455693
6.488131117190978	0.01	0.007	0.007	0.007	0.01	0.01585049134724951	0.01949132326037624	0.0015071965372155573	0.0009431375662021241	0.00846736394237927	1.4930896412925647	2.270742539608702	2.3878701594310314	0.6400346374791898	0.1750824130764897	33.29230094538345	0.027951939024134315
6.576959916232299	0.01	0.007	0.007	0.007	0.01	0.015606915301497845	0.019191809806807597	0.0014744932495418517	0.0009224088420326111	0.008348608623969946	1.4985784747862372	2.270367629352272	2.385837692947669	0.6386758676768266	0.17669847133268696	32.7947433081495	0.027866019301904448
6.668262682229848	0.01	0.007	0.007	0.007	0.01	0.015360469662033284	0.018888767568463274	0.0014419305438176815	0.0009017835158757027	0.008226287309414618	1.5040410904154178	2.2696534577319376	2.383682485290491	0.6372622701595795	0.1783059793023152	32.291076733776734	0.027777981864426145
6.762468155809551	0.01	0.007	0.007	0.007	0.01	0.015110281952921419	0.018581123700529896	0.0014093975567139217	0.0008811911559461927	0.008099946194425384	1.5094929713165561	2.268579790247924	2.381391752686754	0.6357867124804437	0.1799089504359782	31.77950439388975	0.02768743706341509
6.860217165164415	0.01	0.007	0.007	0.007	0.01	0.01485500566645197	0.018267222467546855	0.0013767299993025694	0.0008605277365867473	0.007968859418958179	1.5149582639452215	2.2671176626810885	2.378946346144239	0.6342384587708714	0.18151388482236472	31.25725518383999	0.027593798410022102
6.962577395639152	0.01	0.007	0.007	0.007	0.01	0.01459232476982691	0.017944215968630342	0.0013436528043379685	0.0008396195092541055	0.007831749843723118	1.520479091218282	2.2652214144015694	2.3763144810633725	0.6325995566464412	0.18313244991159827	30.719566196969957	0.02749608186618977
7.071681800392884	0.01	0.007	0.007	0.007	0.01	0.014317466927495465	0.01760623596408468	0.0013096070732115485	0.0008181139682087888	0.007685955239829061	1.526143754473662	2.2628058784421548	2.3734332539078182	0.630834129492395	0.18478961703266383	30.156630357361372	0.027392308064274652
7.193159782671834	0.01	0.007	0.007	0.007	0.01	0.01401754563464754	0.017237437010204467	0.0012730928734429718	0.0007950658138473846	0.007524251151913002	1.532193856733263	2.2596589463910965	2.3701381314820447	0.6288475622568462	0.18655456944399268	29.541980293576795	0.02727722596638756
7.313268679720226	0.01	0.007	0.007	0.007	0.01	0.013727203633558688	0.016880415795140276	0.0012383544960444083	0.0007731544320653604	0.007365214127004757	1.537920040717052	2.256095953778876	2.3667950979242693	0.6268633394629086	0.18821924634887635	28.946575186354934	0.02716391622463093
7.419910134947778	0.01	0.007	0.007	0.007	0.01	0.013474478551851321	0.016569649209599746	0.0012085879603326325	0.0007543912397050714	0.0072248423733675985	1.5427993979737895	2.2525739531410665	2.3637600931701623	0.6250861628927082	0.1896324485349185	28.42799589302904	0.027063706100321803
7.523553354997564	0.01	0.007	0.007	0.007	0.01	0.013233333742763156	0.01627312291656476	0.0011805809322568395	0.0007367472821285192	0.007089291243163114	1.5473638775382392	2.2488424343404647	2.3607534659595233	0.6233460543687497	0.19094932270999485	27.932900255239176	0.026966667645627714
7.6251834404456185	0.01	0.007	0.007	0.007	0.01	0.013001078774237092	0.01598752807200086	0.0011539605873514024	0.0007199859375286941	0.006957302965789551	1.5516755849704187	2.2449007529214207	2.357753516021352	0.62162826712569	0.19218807129188648	27.4557950351681	0.026871851909610382
7.724979759344407	0.01	0.007	0.007	0.007	0.01	0.01277699543693465	0.015711981405503207	0.0011285967578349167	0.0007040238576725416	0.006828671131659532	1.5557567988771486	2.2407693862757907	2.3547603535435417	0.6199311889942658	0.19335534553114284	26.995229217776927	0.02677907139878604
7.823220865554395	0.01	0.007	0.007	0.007	0.01	0.01256019017740407	0.015445384142654334	0.001104347436307488	0.0006887704925252447	0.0067030558324828226	1.5596316177440914	2.23646055975526	2.351770268916119	0.6182513003436142	0.19445829584303964	26.549387702010915	0.026688049666954376
7.920121428871041	0.01	0.007	0.007	0.007	0.01	0.012349960100337096	0.015186871965752302	0.001081099215022621	0.0006741535033724285	0.006580197574340966	1.5633193925879068	2.231985245773277	2.348780690991676	0.6165859704642409	0.19550268299841955	26.11684373024736	0.02659857304925032
8.015863489678543	0.01	0.007	0.007	0.007	0.01	0.012145711700861697	0.014935715072756435	0.0010587564570493004	0.0006601118979464784	0.0064598773819805255	1.5668365025847804	2.227352776520264	2.3457894305602722	0.614932971893211	0.19649339340767738	25.69639267909968	0.02651046080897083
8.110599417479657	0.01	0.007	0.007	0.007	0.01	0.01194694638843281	0.014691300373960593	0.0010372384973934186	0.0006465942334137216	0.00634191326334076	1.570196828525774	2.2225713645568193	2.342794720055304	0.6132904627057582	0.19743457970789657	25.287022889221483	0.026423561826518584
8.20445837119983	0.01	0.007	0.007	0.007	0.01	0.011753240185238488	0.01445310652756873	0.0010164764891969933	0.0006335566053929738	0.006226152085498062	1.573412277647209	2.2176483107911924	2.3397951146867353	0.6116569007300693	0.19832981473071165	24.88787436976535	0.02633774817833026
8.297550120874774	0.01	0.007	0.007	0.007	0.01	0.011564230607887827	0.014220687808542392	0.000996411264335867	0.0006209612816436001	0.006112464739891945	1.5764931423721704	2.2125902144620317	2.3367894510494938	0.6100309970314234	0.1991821972761451	24.498212170441267	0.026252911256494864
8.389968481704912	0.01	0.007	0.007	0.007	0.01	0.011379605484622623	0.013993660357596449	0.00097699156910702	0.0006087755765910864	0.00600074177645336	1.579448395390816	2.2074031119953625	2.3337767999957357	0.6084116715884735	0.1999944389413394	24.117403652560043	0.026168958325016037
8.481793936733299	0.01	0.007	0.007	0.007	0.01	0.011199094331893124	0.013771691577357126	0.0009581727003078783	0.0005969709812337924	0.0058908900496431596	1.5822859181362932	2.202092588277325	2.3307564316211895	0.606798019649504	0.20076893140930788	23.744900965032617	0.02608580988265014
8.573095847863913	0.01	0.007	0.007	0.007	0.01	0.011022461256429026	0.01355449140436696	0.0009399153993336948	0.0005855224580226159	0.005782829888554852	1.585012685687345	2.1966638563703147	2.327727782972633	0.6051892826659397	0.20150780082698105	23.38022661149357	0.02600339745181934
8.663934259429686	0.01	0.007	0.007	0.007	0.01	0.0108494992219547	0.013341805259134866	0.0009221849642764699	0.0005744078748638727	0.0056764927884117005	1.5876349150342546	2.191121817811461	2.3246904307947496	0.6035848243487651	0.20221295136627307	23.022961789146233	0.025921661778799388
8.754361330228047	0.01	0.007	0.007	0.007	0.01	0.010680025478753505	0.013133408426091332	0.0009049505409041785	0.0005636075531340192	0.005571819574446788	1.590158183461027	2.185471111533902	2.3216440701118533	0.6019841117014104	0.20288609999771118	22.67273709330473	0.025840551402864932
8.844422741837477	0.01	0.007	0.007	0.007	0.01	0.010513877405607804	0.012929100940620702	0.0008881845025434041	0.0005531038728841524	0.005468758630480079	1.5925875309767605	2.179716137247549	2.318588488401991	0.6003866952328111	0.20352880636234344	22.3292240448348	0.02576002127503864
8.934158824887303	0.01	0.007	0.007	0.007	0.01	0.010350909196014883	0.012728703514257249	0.0008718619536079254	0.00054288095670617	0.005367264496789639	1.5949275420805091	2.173861074085463	2.31552354499895	0.5987921931695235	0.20414249656814032	21.992128337804086	0.025680031654738183
9.023604468798803	0.01	0.007	0.007	0.007	0.01	0.01019099096634029	0.012532056438047202	0.0008559605038714748	0.0005329245240644852	0.005267297861518596	1.597182386889725	2.1679099628082517	2.312449188984764	0.5972002965492564	0.2047284759202615	21.66118807936584	0.0256005481070412
9.11279078683388	0.01	0.007	0.007	0.007	0.01	0.010034004843087628	0.012339014771245325	0.0008404597625390337	0.0005232215708472628	0.00516882358168146	1.5993559010065341	2.1618666609607606	2.3093654147054146	0.5956107425395601	0.20528795148927767	21.33616576721088	0.025521539947925526
9.201745234685859	0.01	0.007	0.007	0.007	0.01	0.009879844033711423	0.012149447198743328	0.0008253411509108331	0.0005137602490682057	0.005071810481791109	1.6014516181594183	2.155734887040244	2.306272267851034	0.5940233147259708	0.20582204194966605	21.01684642484804	0.025442980082186036
9.290492309531828	0.01	0.007	0.007	0.007	0.01	0.009728410972280836	0.011963233750883172	0.0008105876376145983	0.0005045296985492484	0.004976230516439559	1.603472812826043	2.149518217846293	2.303169830001538	0.5924378326940687	0.206331789786553	20.703033813116406	0.02536484433426704
9.379053893846347	0.01	0.007	0.007	0.007	0.01	0.009579616201429945	0.01178026442864827	0.0007961835593090122	0.0004955199325066897	0.00488205834368687	1.6054225298338722	2.1432201023896984	2.3000582140252703	0.5908541476204398	0.20681816991531515	20.394548157319445	0.025287111102825412
9.467449612967949	0.01	0.007	0.007	0.007	0.01	0.009433377312210462	0.01160043790005428	0.0007821144571390263	0.0004867217333158767	0.004789270894844655	1.6073036109985452	2.13684386913658	2.2969375579007036	0.5892721373643238	0.2072820973675143	20.09122398761901	0.025209761009664298
9.555697143744162	0.01	0.007	0.007	0.007	0.01	0.009289618040509403	0.011423660389059592	0.0007683669370187687	0.00047812656345598407	0.0046978470091988715	1.6091187177790847	2.130392731749485	2.293808019305687	0.587691702220936	0.2077244338059659	19.792908297979075	0.02513277659771391
9.643812446953252	0.01	0.007	0.007	0.007	0.01	0.009148267550300083	0.011249844794216245	0.0007549285550660995	0.00046972649241315356	0.004607767159048643	1.610870349936425	2.1238697962560766	2.29066977211805	0.5861127618640809	0.20814599290427888	19.499459087642197	0.025056142100703564
9.731810018290663	0.01	0.007	0.007	0.007	0.01	0.00900925973826863	0.011078909833603847	0.0007417877111267743	0.00046151412883526554	0.004519013164767743	1.6125608625730286	2.1172780634484	2.287523001603977	0.5845352518110606	0.20854754520028465	19.210743942712238	0.024979843200927762
9.819703030694987	0.01	0.007	0.007	0.007	0.01	0.008872532756348825	0.0109107794577167	0.0007289335681240022	0.00045348256899403527	0.004431568028788116	1.614192479330655	2.110620436466634	2.2843679029275012	0.5829591217134366	0.20892982190999593	18.926639066514156	0.024903866885163484
9.907503526189366	0.01	0.007	0.007	0.007	0.01	0.008738028490953394	0.010745382209100573	0.0007163559715796267	0.0004456253454927168	0.004345415725381893	1.6157673051762105	2.1038997223425993	2.2812046774388	0.5813843326591693	0.20929351854841924	18.647028217062633	0.02482820126054911
9.995222541351593	0.01	0.007	0.007	0.007	0.01	0.008605692178594474	0.010582650749701624	0.0007040453857195781	0.00043793638645733466	0.0042605410632138175	1.617287336707187	2.0971186364790784	2.2780335309433783	0.5798108555788478	0.20963929787657584	18.371801925198387	0.024752835430690567
10.0	0.01	0.007	0.007	0.007	0.01	0.008598542744322988	0.010573859209269771	0.0007033821034131023	0.00043752215373220994	0.004255951708313747	1.6173686231542101	2.0967474693086574	2.277860519415413	0.5797251578845832	0.20965763644990804	18.35692941333	0.02474873734152918
