0.0	0.01	0.007	0.007	0.007	0.01	0.0	0.0	0.0	0.0	0.0	0.0	0.0	0.0	0.0	0.0	100.0	0.035
0.006349902635783577	0.01	0.007	0.007	0.007	0.01	0.0025957127596318696	0.005519781439501138	0.004386551392087333	0.0013855573831125043	0.0004207351235683086	0.00014253189950794442	0.00046104533142220016	0.0004737042776514947	9.114890465252478e-5	1.5866977073832202e-5	99.87120596662788	0.034992298367543063
0.010807572270263292	0.01	0.007	0.007	0.007	0.01	0.004325317009508035	0.008998630107502719	0.007353505382331584	0.002333498187859241	0.0006618241940859026	0.00040683084389951413	0.0012967132324190915	0.0013574957103288999	0.0002620117331016509	4.3582741489238035e-5	99.7808908951145	0.034986892787950745
0.0173012566080097	0.01	0.007	0.007	0.007	0.01	0.006715447746905602	0.013544443049881134	0.011515747182858003	0.003678804760130383	0.0009483475704234722	0.0010205559434629452	0.003185611281330156	0.0034248424083928846	0.0006639743238358544	0.0001036265736727021	99.64947106753601	0.03497901973551182
0.023604313589892345	0.01	0.007	0.007	0.007	0.01	0.00889631728872081	0.01742790738065237	0.015381037860278684	0.004945199499724886	0.0011671214107728644	0.0018610021377392105	0.005696052153112302	0.00627929453156519	0.0012225591391705243	0.00017985786615851688	99.522074721136	0.034971379497311425
0.030972897876509	0.01	0.007	0.007	0.007	0.01	0.011282791631326915	0.021388967941212356	0.019690482231059573	0.006377755916646446	0.0013650870566044473	0.00312902974992203	0.009367106977709023	0.01062365716149625	0.0020785709678027937	0.00028632945755850605	99.37334859379403	0.03496244979806378
0.03865649707457868	0.01	0.007	0.007	0.007	0.01	0.013596216171477016	0.024941397498381264	0.02395416598925295	0.007818023302843627	0.0015205107124861388	0.004756122743581036	0.01392465938155766	0.016250411570346335	0.0031955470374386116	0.00041252035709158475	99.2185009718569	0.03495314077298841
0.04704021901683701	0.01	0.007	0.007	0.007	0.01	0.01593099400261562	0.02824007556108138	0.02835072156822752	0.009328935666457214	0.0016455986414436372	0.006859287713478616	0.019619728324631477	0.023594228479395553	0.004664858429046697	0.0005632623735657474	99.04981902968179	0.03494298634544359
0.0558802211815025	0.01	0.007	0.007	0.007	0.01	0.018194817003727902	0.03116374379277147	0.03271129053626935	0.01085554473109212	0.0017404929974816868	0.009417171300454417	0.02631071170879931	0.03261573074049699	0.006484815623202639	0.0007328558250488905	98.87226725399712	0.03493228246303627
0.06529301037335636	0.01	0.007	0.007	0.007	0.01	0.02039980101893423	0.03375121076903775	0.03705909809979397	0.012408170499700139	0.0018114735941502699	0.012491120009106594	0.03407665082923397	0.04356851157558617	0.008713496718136158	0.0009218495486292485	98.6835608878346	0.03492088862807121
0.0752056547652322	0.01	0.007	0.007	0.007	0.01	0.022512119253103487	0.035988662028958375	0.041325245287776764	0.013964341099345665	0.001862543203960877	0.016082639363539746	0.04283979717235361	0.05649804665891894	0.011368073472778276	0.0011272336383112082	98.48522283631488	0.03490889375434023
0.08566069459677354	0.01	0.007	0.007	0.007	0.01	0.024527669057985615	0.03790268483922886	0.04549558159396609	0.01552054653485705	0.001898187213470753	0.020225720800583255	0.0526060763185696	0.07156760233502643	0.014490798171295179	0.0013484369638062548	98.27646414234704	0.03489624701510357
0.0966475268482462	0.01	0.007	0.007	0.007	0.01	0.026432851307086655	0.03951234007597139	0.04953340596318251	0.017064574084967	0.001921977774998281	0.024931340061392852	0.06332817254995529	0.08885854322216373	0.018108230730922523	0.0015839831418947613	98.05756382291133	0.03488296194042661
0.10819536771067283	0.01	0.007	0.007	0.007	0.01	0.02822330117357099	0.040846624694973174	0.05341783279600573	0.01858965112859889	0.0019369836132681797	0.03022292072527517	0.07499196639539076	0.10849733003502059	0.022257448312282668	0.0018334352313911964	97.82801157332196	0.034869003956091146
0.12032203153015436	0.01	0.007	0.007	0.007	0.01	0.029893722237544672	0.04193339800723884	0.057122997934560674	0.020086703234489287	0.0019456373966711472	0.036116499768887596	0.0875707616880643	0.13058187441437152	0.026970793955744234	0.0020963026833427543	97.58753170349577	0.034854352354991444
0.1330623631673148	0.01	0.007	0.007	0.007	0.01	0.03144220862352184	0.042801828511172826	0.060627533392075585	0.021548047000631506	0.0019498759703331175	0.04263384103001055	0.10105494569518801	0.15522851441876262	0.03228583346982788	0.002372630839789271	97.33551913761232	0.03483896594364969
0.14645287691915115	0.01	0.007	0.007	0.007	0.01	0.03286751411763838	0.04347959267430569	0.06390886606030745	0.022965168578895842	0.0019512224066405074	0.04979588230419918	0.11543751936308161	0.18254603502276764	0.03823996480546983	0.002662646606238823	97.07134695957627	0.0348228016328714
0.16054073932568738	0.01	0.007	0.007	0.007	0.01	0.034169898297803585	0.04399289045708193	0.06694530987392258	0.024329588084190137	0.0019508957915119597	0.05762760648788171	0.13072405330950193	0.21265209363795576	0.04487407850091528	0.0029669334674233424	96.79419118892326	0.034805803615913275
0.17537936958161268	0.01	0.007	0.007	0.007	0.01	0.03535031248825611	0.04436568283566267	0.06971441866722547	0.025632158100135072	0.001949904744005814	0.06615607685089105	0.1469282165471219	0.2456634877854908	0.05223061030212373	0.0032863236071972403	96.50312094814412	0.03478790871585816
0.1910313926397531	0.01	0.007	0.007	0.007	0.01	0.036410470916304075	0.044619570688607765	0.07219335599855481	0.026863187384350614	0.001949127620920822	0.07541219327165498	0.16407480973987076	0.2817000598341718	0.060354561194331635	0.003621958426074783	96.19704394176185	0.03476904286146085
0.20756709504472082	0.01	0.007	0.007	0.007	0.01	0.037352555305676244	0.04477364720879097	0.07435845860481964	0.02801216591097523	0.0019493739970213812	0.08542982171264439	0.1821976750464304	0.32087787612873236	0.06929213772061944	0.003975262313586098	95.87474096455152	0.034749122995544814
0.2250642353951431	0.01	0.007	0.007	0.007	0.01	0.038179146083325816	0.04484453567501343	0.07618543072702277	0.02906771984364779	0.0019514262715786268	0.09624547784616924	0.20133887035971829	0.3633037507680677	0.07908961302694362	0.004347956628958021	95.53487406176083	0.0347280573527028
0.2436045415888399	0.01	0.007	0.007	0.007	0.01	0.038893094078676166	0.04484649522919966	0.07764961456633453	0.030017507290789235	0.0019560608138921845	0.1078957898208891	0.22154411214326467	0.4090602942763705	0.08978987457340012	0.0047420134349014514	95.17605914772238	0.034705749727690464
0.2632672115531134	0.01	0.007	0.007	0.007	0.01	0.039497492501303876	0.044791623593635775	0.07872690275826193	0.030848286949473346	0.001964047460606472	0.12041280687185563	0.24285501739246387	0.4581819306457144	0.101426541861664	0.005159554379914026	94.79699525020746	0.03468210733547495
0.2841167785815044	0.01	0.007	0.007	0.007	0.01	0.03999574727841286	0.0446901432253059	0.07939557723948906	0.03154625799284471	0.0019761250865616563	0.1338155060250942	0.2652956036385512	0.5106163037919444	0.11401405504324263	0.005602633304749192	94.39669896950295	0.034657055411514794
0.30618743674305837	0.01	0.007	0.007	0.007	0.01	0.040391869561093675	0.04455074472467265	0.0796395742261909	0.032097992987644666	0.00199295322916652	0.14809898838401395	0.28885579184617166	0.5661788948287234	0.12753523214188567	0.006072935396266196	93.97480020144296	0.034630555994308344
0.3294734193078161	0.01	0.007	0.007	0.007	0.01	0.0406910065651696	0.04438087410986032	0.0794528209378829	0.032492135947892846	0.002015053635381342	0.16322799991625944	0.3134824783646377	0.6245294601084888	0.14193313174858865	0.006571579665710438	93.5317135935601	0.03460261934829621
0.3539383894668192	0.01	0.007	0.007	0.007	0.01	0.040899917606687625	0.04418681382636819	0.07884260294325847	0.03272136274812407	0.002042776903540339	0.17914367303349776	0.3390913850008137	0.6852057918593519	0.15711662051784686	0.007099292440029903	93.06844345436546	0.03457329252470671
0.3795415380611212	0.01	0.007	0.007	0.007	0.01	0.04102690442860701	0.04397357792020947	0.07782956416169902	0.032783458582003946	0.0020763239583498814	0.1957819252402426	0.3655957510854009	0.7477053139590187	0.17297867904857425	0.007656920965756496	92.58607773665116	0.03454262795222362
0.4062601488579288	0.01	0.007	0.007	0.007	0.01	0.041081123454890914	0.04374485370495814	0.07644458469497226	0.03268098040410479	0.0021158091378442345	0.2130895960648662	0.3929296177973247	0.8115559041847498	0.1894135958972971	0.008245886321826034	92.08536221988908	0.03451065640513886
0.4340981299061375	0.01	0.007	0.007	0.007	0.01	0.04107174225290546	0.04350312081699324	0.07472486784531386	0.03242013860939852	0.0021613306492484978	0.2310308398005903	0.4210552043748905	0.8763456079969509	0.20632492415694878	0.008868366283488022	91.56654959205626	0.03447737689422108
0.46308498966694717	0.01	0.007	0.007	0.007	0.01	0.04100731878851861	0.04324988462749555	0.07271081391806067	0.03200966363004787	0.0022130288848696993	0.24958661233011067	0.44995998753292715	0.9417233532102329	0.22362641756368412	0.009527301839736211	91.0294316787032	0.03444275803747519
0.4932710173347769	0.01	0.007	0.007	0.007	0.01	0.04089547466528554	0.042985930390486635	0.07044400167368309	0.03145997410110761	0.0022711275518761762	0.2687512322944697	0.47965002890829456	1.0073875391531955	0.24123975395933347	0.01022634321977436	90.4734421425312	0.03440674396790408
0.5247205947005303	0.01	0.007	0.007	0.007	0.01	0.040742796035709315	0.04271155600129258	0.06796612654105973	0.030782689691963523	0.002335956451155679	0.2885275496806089	0.5101418247827267	1.0730699390408907	0.25909076059677366	0.01096976696564928	89.8977913336416	0.03436926244791472
0.5575028487495377	0.01	0.007	0.007	0.007	0.01	0.040554890107281825	0.042426784283901495	0.06531872268769867	0.029990468977171465	0.0024079532935763733	0.308920500471206	0.5414521631566351	1.1385160918700987	0.2771043526811556	0.011762331365379587	89.30164571642936	0.03433023610990368
0.5916773398768516	0.01	0.007	0.007	0.007	0.01	0.04033655531404974	0.042131578293103926	0.06254356392276439	0.029097163868006634	0.0024876379152318465	0.3299279303695409	0.5735841658043618	1.2034609615982792	0.29519778632637605	0.012608992130247937	88.68439052431619	0.03428959953003691
0.627272918683697	0.01	0.007	0.007	0.007	0.01	0.04009204152585299	0.04182608116618519	0.05968355246075935	0.02811825379478968	0.0025755499833768057	0.351527978506637	0.606508411574133	1.2676008455979153	0.313272464807326	0.013514392934293426	88.04600369047965	0.03424732429004385
0.664262615794577	0.01	0.007	0.007	0.007	0.01	0.03982535225887125	0.04151086032670131	0.05678347467559649	0.027071346175794857	0.002672150338397888	0.3736652711336802	0.640142595546049	1.3305711884966165	0.3312071142902575	0.014482148026249269	87.38748253112293	0.03420344854126269
0.7025478379396373	0.01	0.007	0.007	0.007	0.01	0.03954046279147756	0.04118704787640161	0.05388932861271885	0.025976189532871913	0.002777717796268742	0.3962440812601438	0.6743420696248474	1.3919526844170695	0.34885911747557286	0.01551422156267417	86.71108395238309	0.03415809528860807
0.7419714279945909	0.01	0.007	0.007	0.007	0.01	0.03924128224217309	0.04085622215658432	0.051045056192188874	0.02485354157000893	0.002892309002393708	0.41913921081824185	0.7089172854311695	1.4513253727627764	0.36608045165127595	0.016610971938333847	86.0200443005429	0.03411145635379851
0.782353913282018	0.01	0.007	0.007	0.007	0.01	0.03893140273571933	0.04052009486561557	0.04828814025670722	0.023723223230014086	0.0030157977644194936	0.44221944304899524	0.7436698940476637	1.5083411794367731	0.382740298884564	0.017771863664996487	85.31790596652219	0.03406374904730497
0.8235319088138014	0.01	0.007	0.007	0.007	0.01	0.0386138288003299	0.040180191187008114	0.045646469490864025	0.022602319565337974	0.0031479563753336035	0.4653701439126374	0.7784270286698877	1.5627733649394528	0.3987418970741783	0.01899639772873714	84.60783728578507	0.034015170642036865
0.8653770332969106	0.01	0.007	0.007	0.007	0.01	0.038290879608676685	0.03983770282154564	0.04313794488723973	0.021504359763113535	0.003288512017661321	0.48850289263864893	0.8130556578715216	1.6145194749045373	0.41402582132415766	0.0202846527141955	83.89231845913389	0.03396587618292247
0.9078000642194386	0.01	0.007	0.007	0.007	0.01	0.037964227412925135	0.039493467470360845	0.04077181126431097	0.020439297920859963	0.0034371753964568034	0.5115559810879947	0.8474630761610663	1.6635790841121911	0.42856518913867553	0.02163748756747907	83.173094635761	0.03391597386082556
0.9507491318884105	0.01	0.007	0.007	0.007	0.01	0.03763498893973241	0.03914799750410144	0.03855054325884657	0.019413898172121406	0.0035936569761387685	0.5344914793168527	0.8815922342263133	1.7100264053089447	0.44235854306306543	0.023056602931157043	82.45123355832834	0.03386552744515415
0.994207195134633	0.01	0.007	0.007	0.007	0.01	0.03730381685704557	0.03880151342701334	0.03647164895874198	0.018432250491898658	0.0037576821999890093	0.5572920393415679	0.9154166941054269	1.7539868198459279	0.4554232369670366	0.024544595864969227	81.72719424211	0.0338145595541246
1.0381905461189462	0.01	0.007	0.007	0.007	0.01	0.03697097248312424	0.03845396811104997	0.03452917842273616	0.017496289555431564	0.003929009262909074	0.5799584033576318	0.9489366418203643	1.7956191215595427	0.4677900682604993	0.026105060238626687	81.00087690344208	0.03376305370529848
1.0827492411223827	0.01	0.007	0.007	0.007	0.01	0.03663637248823486	0.038105055378520034	0.03271488582100904	0.016606254454644476	0.004107451626315256	0.6025080064611469	0.9821765140927365	1.8351032832090912	0.4794992768789816	0.027742769823004807	80.2716404451075	0.033710954109539136
1.1279703499199194	0.01	0.007	0.007	0.007	0.01	0.036299605069253144	0.03775419707326617	0.031019057779530988	0.015761060131108923	0.004292908297345735	0.624974984564276	1.0151846644836529	1.8726331427228184	0.49059785495229374	0.029463991052425826	79.53827509750691	0.033658162191844615
1.1739856620586353	0.01	0.007	0.007	0.007	0.01	0.035959906899761175	0.03740049762059567	0.029431029767430263	0.014958562203136625	0.00448540831757099	0.6474121858921851	1.0480358970716437	1.908413778725854	0.501138167255661	0.03127701327240612	78.79890712753117	0.03360452797013817
1.220987483321358	0.01	0.007	0.007	0.007	0.01	0.03561607867307318	0.037042641026302045	0.02793938182914978	0.014195687823435936	0.004685184325954605	0.6698966007914477	1.080838849139301	1.942664400254228	0.5111781405587505	0.03319308670817947	78.05078316808181	0.033549832132779
1.2692603079555018	0.01	0.007	0.007	0.007	0.01	0.03526628913187867	0.03667867651497906	0.026531742402449866	0.013468378039761614	0.00489280721702394	0.6925412655144045	1.1137525035727922	1.9756293810845076	0.5207837426143355	0.03522817959364152	77.28982158090685	0.033493749900710766
1.319247688973096	0.01	0.007	0.007	0.007	0.01	0.03490763989892996	0.036305558684560986	0.02519394321930383	0.012771193785063232	0.005109461102255477	0.7155213083414175	1.1470225940322913	2.0076050781498447	0.5300358133657995	0.03740657116287076	76.5096502139824	0.033435774536760214
1.37170256173858	0.01	0.007	0.007	0.007	0.01	0.034535172081676425	0.03591810939666686	0.023907870336399527	0.012096229131924539	0.0053375541946854505	0.7391330409809842	1.1810643477628961	2.0390012700397926	0.539046268756713	0.039768862459320285	75.69943421534876	0.033375045276796064
1.4279427349700724	0.01	0.007	0.007	0.007	0.01	0.03414021704180082	0.0355072992491283	0.022648634901098322	0.011431651784399666	0.0055817130483446975	0.7638889938459964	1.2165937740170352	2.070427403402339	0.5479799516680738	0.04238637121117021	74.84027921047338	0.03331005613560976
1.486809945022547	0.01	0.007	0.007	0.007	0.01	0.033731638651424305	0.03508233905990777	0.021448337538789268	0.010795603766030495	0.005835454102615118	0.789194873792375	1.2527335135082185	2.1010706657799374	0.5565965264733723	0.04521697745707677	73.95143522066411	0.03324216683435274
1.541614888952463	0.01	0.007	0.007	0.007	0.01	0.033355647718479486	0.034691283750137566	0.020426932771376357	0.010253047979938142	0.006068805188365386	0.8122096037370832	1.2854371134387363	2.1277175757697506	0.5640033076068056	0.047932335339166104	73.1334193672859	0.03317908676750157
1.5954253620843921	0.01	0.007	0.007	0.007	0.01	0.03299055750021549	0.03431157187573593	0.01950428371104342	0.009762455754184728	0.00629418188001292	0.8343070258925844	1.316683621907051	2.1522692649345396	0.5707484442707055	0.05066996190284261	72.33905123437835	0.03311726779206474
1.6471944777222274	0.01	0.007	0.007	0.007	0.01	0.03264309166917005	0.03395019357635757	0.018683864547762847	0.00932623673385816	0.006506669101086953	0.8551089204779984	1.3459548783117676	2.1745048317269475	0.5767848788318642	0.05336709702775895	71.58296299281542	0.03305790269692509
1.6978154524364895	0.01	0.007	0.007	0.007	0.01	0.03230687425366444	0.03360051598844529	0.01793903861009317	0.008930542622814895	0.006709624020086232	0.8750249713712673	1.3738440047964535	2.1950354629865365	0.5822916316880872	0.05606099489697818	70.8512856327818	0.03299995711073833
1.7470844230552829	0.01	0.007	0.007	0.007	0.01	0.031982966127602416	0.03326364158213532	0.017263417418258868	0.008572134211013997	0.006902004900961823	0.8940142369482111	1.400306823432664	2.213951209106325	0.5873035527004016	0.05873326071343821	70.14633265162247	0.03294365669572277
1.7953614980451407	0.01	0.007	0.007	0.007	0.01	0.031668733168715164	0.03293683028435487	0.016644268429782727	0.008244311002299382	0.007085104959558259	0.9122508958033644	1.4255981371665867	2.2315366941801176	0.5919056735725244	0.06139656718751555	69.46237613777068	0.0328885829078365
1.842675430901942	0.01	0.007	0.007	0.007	0.01	0.03136376890916009	0.03261965906588216	0.01607502832090154	0.007943593295461541	0.007258969589152647	0.9297750032744829	1.4497836637357893	2.247920145899865	0.5961397378647024	0.06404661284549425	68.79853580683552	0.032834697192614504
1.8892156707814645	0.01	0.007	0.007	0.007	0.01	0.0310666606407371	0.03231065849958964	0.015548298142665996	0.007666031226273358	0.007424283040298134	0.9466821956264558	1.473004434207216	2.2632660469703283	0.6000554716026311	0.0666887548070616	68.1517405798168	0.032781778769408396
1.9350612790730373	0.01	0.007	0.007	0.007	0.01	0.03077674254237037	0.03200913601159082	0.015058994486424752	0.00740888568212795	0.007581339661030186	0.9630227244846281	1.4953372638457367	2.2776823402372233	0.6036866809682122	0.069322855128905	67.52054456100488	0.03272973356207152
1.9803326869744515	0.01	0.007	0.007	0.007	0.01	0.030493114299393716	0.031714155189422645	0.014602337944738258	0.007169574072986322	0.007730588705695068	0.9788581425560055	1.5168731586801512	2.2912760840850845	0.6070658552564849	0.07195168603201156	66.90299081030562	0.03267842128596974
2.0251085529668744	0.01	0.007	0.007	0.007	0.01	0.03021516541001986	0.03142508105806329	0.01417461605127522	0.006946076261097784	0.007872338474658418	0.99423191875908	1.5376772504429692	2.304129331055098	0.6102182519461973	0.07457609174520671	66.29775284896874	0.0326277498048951
2.0694741422212037	0.01	0.007	0.007	0.007	0.01	0.029942265749863042	0.031141258249143027	0.013772546268767814	0.006736602065341838	0.00800691807238712	1.0091871470921823	1.5578131707860208	2.31631650295363	0.6131664424507951	0.0771976891376211	65.7034610328309	0.032577620116929266
2.1134959979000794	0.01	0.007	0.007	0.007	0.01	0.02967392016591118	0.030862171776950074	0.013393427989231679	0.006539671621166111	0.008134594273315402	1.023758201712588	1.5773318930643858	2.3278987388209194	0.6159290647289928	0.07981732225296892	65.11903923400891	0.03252795494875001
2.1572380008340426	0.01	0.007	0.007	0.007	0.01	0.02940966595348683	0.03058734040833023	0.01303491277144741	0.00635399543645405	0.008255621770143929	1.03797661331306	1.596279821566911	2.338929935221306	0.6185224265488497	0.08243594715367518	64.54348165281259	0.03247868050381328
2.200753976527565	0.01	0.007	0.007	0.007	0.01	0.029149115595141207	0.030316361110156998	0.012695008518858629	0.006178476180943915	0.008370221615122781	1.0518689177844642	1.614696025574072	2.349455928200527	0.6209604142523407	0.0850541467098813	63.97594594669007	0.03242973473903649
2.24409337814241	0.01	0.007	0.007	0.007	0.01	0.028891920007408357	0.030048870823706705	0.01237198199897972	0.006012157490883056	0.008478598258347186	1.0654588012733885	1.632615215919121	2.3595169278996084	0.6232551597931049	0.08767243050011655	63.415673231530164	0.03238106089437013
2.287299609686767	0.01	0.007	0.007	0.007	0.01	0.028637776818219548	0.029784555072595507	0.01206433332573615	0.005854210079612374	0.008580935800101549	1.07876678394809	1.650067414316642	2.3691478685036205	0.6254171964992191	0.09029110292052292	62.862006150287804	0.032332609329450306
2.3304121964151436	0.01	0.007	0.007	0.007	0.01	0.028386415876900342	0.02952313289230069	0.01177074783094475	0.005703906196289502	0.008677404435114947	1.0918110976263793	1.6670791913666716	2.378379550300589	0.6274557846020242	0.09291036829266101	62.31435734351402	0.03228433504034164
2.3734659782622587	0.01	0.007	0.007	0.007	0.01	0.028137602639983002	0.02926436035119249	0.01149007599976767	0.005560608592522163	0.008768159507235838	1.1046076026749	1.683673626473067	2.387238980635955	0.6293790427001885	0.09553026089571677	61.772216855748255	0.032236198525300894
2.416492807315161	0.01	0.007	0.007	0.007	0.01	0.027891127087359763	0.029008019022846807	0.011221300671427799	0.005423753036064204	0.008853346282633942	1.1171704447999278	1.6998712250133086	2.3957501717498446	0.6311941712290599	0.09815073079313709	61.23512801325565	0.03218816385001369
2.4595213558578357	0.01	0.007	0.007	0.007	0.01	0.02764680388261098	0.028753916152674162	0.010963521232927646	0.0052928396134368245	0.008933100268857602	1.12951211287724	1.7156900428533655	2.403934450466404	0.6329075591510648	0.10077161818248646	60.70268779488918	0.03214019883514462
2.5025778932275338	0.01	0.007	0.007	0.007	0.01	0.027404467082771077	0.028501879155861037	0.010715934517499975	0.005167422425142862	0.00900754947317757	1.1416437665840764	1.7311461529109013	2.4118109073709295	0.6345249141743552	0.10339268919063077	60.174535323365326	0.032092274164952736
2.5456864092174905	0.01	0.007	0.007	0.007	0.01	0.0271639687389643	0.028251754161950155	0.01047782234220262	0.005047102736330678	0.009076815211960274	1.1535753556844859	1.7462538354317279	2.419396664384277	0.6360513482057949	0.10601363393913332	59.65034883177049	0.03204436322975811
2.5888690485449244	0.01	0.007	0.007	0.007	0.01	0.026925175844251924	0.028003402840493068	0.010248539180623737	0.004931522261765427	0.009141013383788416	1.1653158149950753	1.7610258592536594	2.4267071606958157	0.6374914617599972	0.10863408518372754	59.12983902568765	0.03199644162498837
2.632146265802461	0.01	0.007	0.007	0.007	0.01	0.02668796895336649	0.027756700965521897	0.010027503082209325	0.004820358155257726	0.009200255151661636	1.1768731689331693	1.7754736426157638	2.433756353663923	0.6388494067227339	0.11125362125956992	58.61274608684039	0.0319484869642692
2.6755371203290537	0.01	0.007	0.007	0.007	0.01	0.026452240106085337	0.027511536255793733	0.009814187155220264	0.0047133183371359695	0.009254647753557521	1.188254664929155	1.789607445997967	2.440556916444319	0.6401289449027623	0.11387177858113384	58.09883515706732	0.031900478539528994
2.719059406183526	0.01	0.007	0.007	0.007	0.01	0.026217891732462213	0.02726780723619895	0.009608113016489216	0.004610137860344498	0.00930429498778301	1.1994668538313296	1.8034364944585877	2.447120384821116	0.6413334935633341	0.11648805498800832	57.58789396092203	0.03185239716619994
2.762729856666343	0.01	0.007	0.007	0.007	0.01	0.02598483520951448	0.027025421736675572	0.00940884476043569	0.004510575579411601	0.00934929773011793	1.2105156832641468	1.8169691128754926	2.453457297159562	0.6424661670435088	0.11910191828213315	57.07972966711566	0.03180422494763543
2.806564260275431	0.01	0.007	0.007	0.007	0.01	0.025752989951146575	0.026784295945706024	0.009215984112962027	0.004414411450998509	0.009389754277973048	1.221406561773612	1.8302128220366127	2.4595773045025724	0.6435298105222389	0.12171280996687124	56.57416691128819	0.03175594513911328
2.8505775895973624	0.01	0.007	0.007	0.007	0.01	0.025522282470398658	0.026544353435031896	0.009029166138252274	0.00432144414369469	0.00942576066263833	1.2321444214707926	1.8431744305145508	2.465489269561475	0.6445270298468976	0.12432015021516366	56.07104575748346	0.0317075419988351
2.894784111989535	0.01	0.007	0.007	0.007	0.01	0.025292645578032874	0.02630552432616385	0.00884805555367359	0.0042314889806236875	0.009457410896257209	1.2427337716434232	1.8558601132860342	2.4712013517123226	0.645460217165516	0.12692334209601708	55.570219956017525	0.03165900066023536
2.9391974793596125	0.01	0.007	0.007	0.007	0.01	0.02506401772410654	0.02606774460560212	0.008672343573358282	0.00414437617114735	0.009484797163382755	1.253178743512335	1.8682754777373933	2.4767210796378474	0.6463315729532362	0.12952177484336036	55.071555512410285	0.03161030702833166
2.9838308178281134	0.01	0.007	0.007	0.007	0.01	0.024836342369203995	0.02583095547090268	0.008501745124093006	0.004059949250483835	0.00950800998010917	1.2634831317211808	1.8804256240703077	2.482055415843145	0.6471431253758068	0.13211482734151805	54.574929320342505	0.031561447677129914
3.0286967849142696	0.01	0.007	0.007	0.007	0.01	0.024609567547339003	0.025595102876086077	0.008335996503099779	0.003978063758710166	0.009527138307744945	1.2736504254638223	1.8923151919477055	2.4872108102971824	0.6478967467713775	0.1347018698965735	54.08022821211227	0.03151240978342334
3.073807650659497	0.01	0.007	0.007	0.007	0.01	0.024383645328112397	0.02536013697226863	0.008174853211366977	0.0038985860246467116	0.009542269657809632	1.2836838427802304	1.9039484096073545	2.492193251084349	0.6485941686473654	0.13728226754761497	53.58734778885299	0.031463181035083235
3.11917534340068	0.01	0.007	0.007	0.007	0.01	0.02415853147818859	0.025126011755590733	0.008018088151472041	0.0038213921459392484	0.009553490160685994	1.293586354616463	1.915329129792974	2.4970083057741825	0.6492369943760862	0.13985538144127968	53.09619168509921	0.03141374957867586
3.1648115169985034	0.01	0.007	0.007	0.007	0.01	0.023934185032269333	0.024892684621019314	0.00786548994612397	0.003746367042913345	0.009560884626370475	1.3033607118292094	1.926460868086295	2.5016611607849004	0.6498267107880201	0.14242057152238688	52.6066706355291	0.031364103944237554
3.210727579349507	0.01	0.007	0.007	0.007	0.01	0.023710568071768634	0.024660116132165497	0.00771686156238545	0.003673403675667265	0.009564536582170914	1.3130094620847612	1.9373468286941726	2.5061566527889045	0.6503646979572517	0.14497719709230836	52.118701994527534	0.03131423301277103
3.2569347455786364	0.01	0.007	0.007	0.007	0.01	0.02348764539404569	0.02442826967727908	0.007572018997394607	0.0036024023026220583	0.009564528307016018	1.3225349707650143	1.947989934065934	2.510499299468794	0.6508522382655275	0.14752461882415102	51.63220901668161	0.03126412595730606
3.3034440829259486	0.01	0.007	0.007	0.007	0.01	0.02326538423672623	0.024197111182536177	0.007430790125462035	0.003533269828526621	0.009560940852209196	1.331939438646599	1.9583928500144854	2.5146933263452294	0.6512905243568855	0.15006220032382442	51.14712025717717	0.03121377219351091
3.350266556515394	0.01	0.007	0.007	0.007	0.01	0.02304375401092787	0.02396660883458729	0.007293013659131961	0.0034659192174396444	0.009553854051884528	1.341224918452628	1.9685580088110022	2.5187426909744883	0.6516806662208078	0.15258930973607654	50.66336899135153	0.031163161329835615
3.397413022726641	0.01	0.007	0.007	0.007	0.01	0.022822726292026602	0.02373673307095581	0.007158538361518143	0.003400269036650029	0.009543346536997843	1.3503933200519724	1.9784876192670473	2.522651100426713	0.6520236971237774	0.15510531854176982	50.18089319617686	0.031112283174652686
3.44489430418538	0.01	0.007	0.007	0.007	0.01	0.022602274432009836	0.023507456176874556	0.007027222102417521	0.0033362429314119668	0.00952949573463127	1.3594464310469545	1.9881836931796266	2.526422033948302	0.652320579607188	0.1576096047826392	49.69963470561627	0.031061127655484685
3.4927211968768375	0.01	0.007	0.007	0.007	0.01	0.022382373503076213	0.02327875222662926	0.0068989311934326385	0.003273769242572151	0.009512377871985198	1.3683859229560305	1.997648055440401	2.530058757883881	0.6525722103150763	0.16010155260119407	49.219539088792665	0.031009684811998672
3.5409045093163383	0.01	0.007	0.007	0.007	0.01	0.022163000098158053	0.023050596876096795	0.006773539697602403	0.003212780617495282	0.00949206797191049	1.3772133629468135	2.0068823597404353	2.533564341756025	0.6527794245667913	0.16258055349085132	48.74055521569708	0.03095794475470874
3.5894550931765625	0.01	0.007	0.007	0.007	0.01	0.021944132180471032	0.022822967206273102	0.006650928826031848	0.003153213668666373	0.009468639846408907	1.3859302230992616	2.015888101113097	2.5369416721315625	0.6529430003838138	0.16504600705228464	48.26263492974974	0.030905897633279736
3.638383874835015	0.01	0.007	0.007	0.007	0.01	0.021725748937257865	0.022595841571163004	0.006530986387542062	0.0030950086628153636	0.009442166086909195	1.3945378891035176	2.0246666274204626	2.5401934652170532	0.6530636620917227	0.16749732175493035	47.785732729363865	0.03085353360421239
3.6877018846467253	0.01	0.007	0.007	0.007	0.01	0.021507830651954295	0.022369199464829424	0.006413606293761602	0.0030381092412357516	0.009412718053354918	1.4030376678565815	2.03321914925823	2.5433222780822407	0.6531420835271243	0.1699339155331374	47.30980548959117	0.030800842801339035
3.737420280558452	0.01	0.007	0.007	0.007	0.01	0.021290358608694448	0.02214302142207671	0.006298688121333622	0.0029824621716298553	0.009380365865710354	1.4114307934800905	2.041546747873328	2.54633051846421	0.6531788908975953	0.17235521605638596	46.83481225426892	0.03074781531271402
3.787550392598652	0.01	0.007	0.007	0.007	0.01	0.021073314913012533	0.02191728883197506	0.006186136665645626	0.00292801709931681	0.009345178380957636	1.4197184362659907	2.0496503855885435	2.5492204548492228	0.6531746653451234	0.1747606619591469	46.36071384500106	0.03069444113560641
3.8381037387017263	0.01	0.007	0.007	0.007	0.01	0.020856682446346527	0.021691983890543453	0.0060758615982062945	0.002874726351761727	0.00930722318716615	1.4279017061369343	2.057530910356802	2.551994223856099	0.6531299451865893	0.17714970259597562	45.88747276224843	0.030640710162483157
3.889092068315654	0.01	0.007	0.007	0.007	0.01	0.020640444707207606	0.021467089435560943	0.005967777093415121	0.0028225447310855304	0.009266566578571268	1.435981660190987	2.0651890639718706	2.554653838427039	0.6530452279029421	0.17952179906793062	45.41505283875467	0.03058661213778028
3.940527400924935	0.01	0.007	0.007	0.007	0.01	0.02042458568476887	0.02124258881509505	0.005861801500409285	0.002771429330957977	0.00922327353146035	1.4439593086511298	2.0726254882160218	2.5572011947841373	0.6529209718410104	0.18187642488132497	44.943418963627146	0.030532136620614783
3.9924220557881926	0.01	0.007	0.007	0.007	0.01	0.02020908977849432	0.021018465803913377	0.0057578570619272185	0.0027213393784892726	0.009177407686748877	1.4518356188190777	2.0798407287049137	2.55963807815729	0.6527575976946478	0.184213066095307	44.472536906877956	0.030477272957292297
4.04478869693466	0.01	0.007	0.007	0.007	0.01	0.019993941662761614	0.020794704462686726	0.005655869627861242	0.002672236075638135	0.00912903131975894	1.4596115207976312	2.0868352399695236	2.561966168545134	0.6525554897305504	0.18653122205732142	44.002373023656865	0.030422010238155033
4.097640369571295	0.01	0.007	0.007	0.007	0.01	0.019779126197517535	0.020571289045067716	0.0055557684114978	0.0026240824630910293	0.009078205317054073	1.4672879112356445	2.0936093882543574	2.5641870453313675	0.6523149968203449	0.18883040561529366	43.53289405892868	0.030366337264085917
4.150990552408827	0.01	0.007	0.007	0.007	0.01	0.019564628284242602	0.020348203847888893	0.005457485738344708	0.0025768432822888335	0.009024989138552124	1.4748656587655766	2.10016345536306	2.566302191908644	0.6520364332052276	0.19111014388906195	43.06406683249354	0.030310242496823497
4.204853223259079	0.01	0.007	0.007	0.007	0.01	0.019350432682512516	0.02012543302038001	0.005360956795767484	0.002530484839451423	0.00896944076465452	1.4823456104477062	2.106497642718585	2.568313000011525	0.6517200789552762	0.19336997940456033	42.5958578376892	0.030253713996097224
4.259242887811799	0.01	0.007	0.007	0.007	0.01	0.019136523987048456	0.0199029605402989	0.00526611947174099	0.002484974913845544	0.008911616680787705	1.4897285922508599	2.1126120697327515	2.5702207719170147	0.6513661804289946	0.19560946947486343	42.12823319071821	0.03019673939621069
4.3141746686150535	0.01	0.007	0.007	0.007	0.01	0.01892288637866827	0.019680769954911696	0.005172914105951227	0.002440282625236112	0.0088515718009573	1.4970154171336978	2.11850677805345	2.572026724234777	0.6509749501945147	0.1978281879115646	41.661158085584766	0.030139305820240447
4.369664365183362	0.01	0.007	0.007	0.007	0.01	0.018709503508087713	0.019458844260140946	0.005081283316122499	0.002396378338670784	0.008789359420160096	1.5042068880588293	2.1241817307311983	2.5737319897803004	0.6505465668879438	0.20002572524541476	41.194596539196006	0.030081399825577445
4.425728532264557	0.01	0.007	0.007	0.007	0.01	0.018496358325866918	0.019237165723703084	0.004991171813498588	0.0023532335651275573	0.008725031148529775	1.5113038024957692	2.1296368118887203	2.5753376193407114	0.650081174751361	0.20220168942435407	40.728511018521104	0.030023007331503766
4.482384566102829	0.01	0.007	0.007	0.007	0.01	0.018283432901941274	0.019015715697412925	0.004902526226870204	0.0023108208672538576	0.00865863683741118	1.5183069568388297	2.1348718254425814	2.576844582872575	0.6495788828911138	0.20435570651036764	40.26286204472625	0.029964113539648004
4.539650826127096	0.01	0.007	0.007	0.007	0.01	0.018070708135797788	0.018794474315755233	0.004815294894252273	0.002269113750561188	0.008590224464756865	1.525217153902888	2.1398864950515826	2.5782537707401216	0.6490397639837816	0.20648742234608233	39.79760755786013	0.02990470281904571
4.5975467286243665	0.01	0.007	0.007	0.007	0.01	0.017858163599526564	0.018573420332650813	0.004729427722910311	0.0022280865881818238	0.008519840054486758	1.5320352054632358	2.144680459131958	2.5795659932139396	0.6484638529713379	0.20859650271447605	39.33270257178051	0.029844758621983956
4.656092892960926	0.01	0.007	0.007	0.007	0.01	0.01764577721462633	0.018352530785320557	0.004644875992795508	0.002187714519336444	0.00844752753604389	1.5387619396275416	2.149253268124346	2.580781980297996	0.6478511450157743	0.21068263499447493	38.86809846513362	0.029784263347120803
4.715311300501005	0.01	0.007	0.007	0.007	0.01	0.017433524920457553	0.018131780649462144	0.004561592170733108	0.002147973353708575	0.00837332858996721	1.5453982076591444	2.153604379608054	2.58190238056349	0.64720159300054	0.2127455296573005	38.40374225357495	0.029723198191764635
4.775225471354455	0.01	0.007	0.007	0.007	0.01	0.017221380320082524	0.017911142470907998	0.004479529728983741	0.002108839478606908	0.008297282474843003	1.551944890660156	2.157733151396395	2.5829277590261213	0.6465151045129808	0.21478492171758906	37.939575811996995	0.029661542988310478
4.835860680831323	0.01	0.007	0.007	0.007	0.01	0.01700931423283438	0.01769058590027707	0.004398642941125958	0.00207028975596856	0.008219425809088042	1.5584029081808957	2.1616388336251173	2.583858594281524	0.6457915380215237	0.21680057277345488	37.47553489208739	0.02959927600275417
4.897244206559886	0.01	0.007	0.007	0.007	0.01	0.016797294196719284	0.017470077175450748	0.004318886673652941	0.002032301417960437	0.008139792319620821	1.5647732271951	2.1653205583175974	2.5846952744329754	0.6450306982762477	0.21879227314258698	37.01154802938393	0.02953637370525864
4.9594056507652775	0.01	0.007	0.007	0.007	0.01	0.016585283779218172	0.017249578404776384	0.0042402161216638125	0.0019948519365760742	0.008058412501143397	1.5710568754494019	2.1687773281533755	2.5854380920969913	0.644232330306043	0.22075984533658116	36.54753503015502	0.029472810467933354
5.02237729356963	0.01	0.007	0.007	0.007	0.01	0.01637324186712059	0.017029046828462256	0.004162586555996298	0.0019579188993212706	0.007975313244595847	1.5772549536718374	2.17200800033548	2.5860872373755357	0.6433961124365044	0.22270314713807277	36.083405411275436	0.02940855823615418
5.086194523543293	0.01	0.007	0.007	0.007	0.01	0.0161611217924124	0.016808433909461226	0.0040859530295173805	0.0019214798660668452	0.007890517378237377	1.583368650649745	2.175011267128032	2.586642789026119	0.6425216476657514	0.22462207551323818	35.61905648000554	0.02934358612712254
5.150896413950419	0.01	0.007	0.007	0.007	0.01	0.015948870095085603	0.016587684046738372	0.004010269975810183	0.0018855121753795002	0.007804043033100157	1.5893992662966823	2.17778563405178	2.587104703646369	0.6416084522737615	0.2265165729485121	35.15437061736595	0.02927785988771089
5.216526406110271	0.01	0.007	0.007	0.007	0.01	0.01573642509192579	0.01636673308674584	0.0039354907690863266	0.0018499927331581	0.007715902887762713	1.595348236928241	2.1803293906765604	2.587472801401784	0.6406559419204438	0.22838663437188145	34.68921213461321	0.029211341253339972
5.283133152301358	0.01	0.007	0.007	0.007	0.01	0.015523715118742988	0.01614550649526421	0.003861567203083592	0.0018148977635394933	0.00762610323033874	1.6012171657620367	2.182640573398231	2.5877467477089233	0.6396634142735811	0.23023231556154192	34.22342341215181	0.029143987157149196
5.3507716549232285	0.01	0.007	0.007	0.007	0.01	0.015310656068777488	0.015923916797235926	0.0037884487674961576	0.0017802024645388265	0.007534642662987305	1.6070078677984228	2.184716920495955	2.58792602991461	0.6386300257750671	0.2320537458672549	33.756819493929505	0.029075748654927864
5.419504708442387	0.01	0.007	0.007	0.007	0.01	0.015097148300385296	0.01570186036062142	0.003716081764216406	0.0017458805887412463	0.007441510453091167	1.6127224249925063	2.1865558124803823	2.588009926507714	0.637554761859632	0.23385114388211733	33.28918129606848	0.029006569564998853
5.489404871757887	0.01	0.007	0.007	0.007	0.01	0.014883072318923966	0.015479212905371256	0.003644408079373762	0.0017119038620143252	0.007346684243828329	1.6183632652750681	2.1881541955931207	2.5879974663499867	0.6364363964229608	0.23562484021330166	32.82024612478806	0.028936384601032487
5.56055709411923	0.01	0.007	0.007	0.007	0.01	0.014668283033673074	0.015255823530372296	0.0035733635752733983	0.0016782412236871196	0.007250126987807921	1.623933266720617	2.1895084779836096	2.587887373368852	0.6352734375149917	0.23737530758782352	32.34969506477148	0.028865116885300218
5.63306251167142	0.01	0.007	0.007	0.007	0.01	0.014452601275875398	0.015031505891843966	0.003502875708140048	0.0016448577020639111	0.007151782450190021	1.6294359155412044	2.1906143903280246	2.587677989789634	0.6340640494017961	0.23910320704189875	31.877134355951725	0.02879267434010402
5.707043884494116	0.01	0.007	0.007	0.007	0.01	0.014235801592743848	0.01480602550858103	0.0034328601211465275	0.0016117128077292498	0.0070515687211302625	1.6348755337168412	2.1914667875875704	2.5873671662043454	0.632805940770373	0.2408094547236378	31.40206859412516	0.028718944513901324
5.782653918943967	0.01	0.007	0.007	0.007	0.01	0.014017593296565385	0.014579080052216323	0.0033632153415863075	0.0015787580338492745	0.006949368179898229	1.6402576380193181	2.1920593607073178	2.5869520978765554	0.6314961943967535	0.2424953279641078	30.923859126578265	0.028643786641412608
5.860088592838446	0.01	0.007	0.007	0.007	0.01	0.013797589764520642	0.014350267417743423	0.003293814173379712	0.0015459327997769806	0.006845011276121934	1.645589528598405	2.192384194431139	2.586429068525214	0.6301309953978661	0.2441626400734772	30.44165665879293	0.028567018903148885
5.9396098663299055	0.01	0.007	0.007	0.007	0.01	0.013575255532156763	0.014119030698536317	0.00322448882373122	0.0015131574426557118	0.006738248649149646	1.6508813147333732	2.1924310457452476	2.5857930235823137	0.6287051697934767	0.24581404633327095	29.954285122092497	0.028488396666548597
6.021588352961971	0.01	0.007	0.007	0.007	0.01	0.013349805584306023	0.01388455344480755	0.003155002454632474	0.0014803198118961242	0.006628698265312832	1.6561478949373658	2.1921860646404174	2.5850367928284754	0.6272113221467476	0.24745363750001176	29.46002063238668	0.028407571507789206
6.106593591294386	0.01	0.007	0.007	0.007	0.01	0.01311998979787425	0.013645535475544994	0.0030849880167218412	0.0014472464442376045	0.006515732672489715	1.661413247469147	2.1916292350282927	2.584149493147281	0.6256380202543059	0.2490882310002064	28.956118412648113	0.028324004338340068
6.195625589275804	0.01	0.007	0.007	0.007	0.01	0.012883533284155096	0.013399610813062887	0.0030137885922171498	0.0014136273138894411	0.0063981875121988906	1.6667217163039894	2.1907282220160704	2.583112565183424	0.6239651654520424	0.2507307806909413	28.437584632508063	0.028236742094343993
6.290945404658639	0.01	0.007	0.007	0.007	0.01	0.012635104558739873	0.013141234506586708	0.0029398744702424894	0.0013787410407336707	0.006273308156624592	1.6721795229704748	2.18941781680556	2.5818860513139863	0.6221474862036118	0.2524129647348432	27.892717969681375	0.02814361499213444
6.402667726245578	0.01	0.007	0.007	0.007	0.01	0.012350024882930324	0.012844739876586938	0.002856146355300371	0.0013392404669492046	0.006128342024566001	1.678291267670489	2.187447172371718	2.5803030824245874	0.6199842265377825	0.25428752633408286	27.267365650020658	0.028034853595677634
6.500106392910375	0.01	0.007	0.007	0.007	0.01	0.01210665506788003	0.012591624487215746	0.0027855631584110295	0.0013059556903227089	0.006003232727841473	1.683380492882733	2.185363168707955	2.5788010379227932	0.6180706299488341	0.25583993410172806	26.73342157128511	0.0279403404979509
6.586328341381225	0.01	0.007	0.007	0.007	0.01	0.01189530827925824	0.012371814487162536	0.0027249171328800783	0.0012773672855916662	0.005893598740213235	1.6877038783531575	2.183248065070583	2.5773822719363584	0.6163578255101319	0.2571517903894622	26.269668874757723	0.027856973095603553
6.669729295646187	0.01	0.007	0.007	0.007	0.01	0.011694391570467486	0.01216285228183383	0.0026678100747553374	0.001250455718054884	0.005788572455862748	1.6917307470822207	2.180970036799195	2.5759334858870657	0.6146847288205137	0.2583672513639635	25.828744958118108	0.027776569974720743
6.752482938014908	0.01	0.007	0.007	0.007	0.01	0.011498392573082638	0.011959004689782744	0.0026126018696976546	0.0012244467674654986	0.005685395252253551	1.6955807241703216	2.1784929084396167	2.5744248278478143	0.6130096901590394	0.25952290007037754	25.398558328359623	0.027697020271364982
6.834481432591236	0.01	0.007	0.007	0.007	0.01	0.011307426266082629	0.011760391267975453	0.002559276720828023	0.0011993320963628216	0.005584206885236175	1.699257220578391	2.1758336387040074	2.572862996232309	0.6113361414974561	0.2606200143861972	24.97936475151435	0.027618421195573905
6.915602986698174	0.01	0.007	0.007	0.007	0.01	0.011121627038953944	0.011567151785423802	0.0025078259271551365	0.0011751067642845406	0.005485154502953051	1.702763335206837	2.173009991429281	2.571255020281432	0.6096677857702332	0.2616598220763787	24.57146272013824	0.027540882191487634
6.995923728957062	0.01	0.007	0.007	0.007	0.01	0.010940673616128271	0.011378952104697592	0.0024581176285771076	0.0011517079146535225	0.005388137365499635	1.7061105803861931	2.170032520779435	2.5696038569360518	0.6080041979675306	0.2626460635509599	24.17415030410983	0.027464323113857797
7.075542057961898	0.01	0.007	0.007	0.007	0.01	0.01076421189082878	0.011195423942136762	0.0024100162970935985	0.001129071068851974	0.005293028552681915	1.7093104591893218	2.1669094767200727	2.5679114860433163	0.6063443630314461	0.2635824473468123	23.78665310927255	0.02738864359297327
7.154544754322537	0.01	0.007	0.007	0.007	0.01	0.010591931262867752	0.011016244262373732	0.0023634031808506535	0.0011071397371997871	0.00519971673496416	1.712373090675802	2.1636481345845078	2.5661796378201953	0.6046873883344058	0.2644722431635511	23.408291905234474	0.027313755376931894
7.233006836112636	0.01	0.007	0.007	0.007	0.01	0.010423561951801883	0.010841132484084106	0.002318174734969954	0.001085864664121094	0.0051081060408739035	1.7153073585724792	2.16025504191317	2.56440987984683	0.6030325269900667	0.2653183308869463	23.03847678851337	0.02723958228970624
7.310992740683886	0.01	0.007	0.007	0.007	0.01	0.010258869722846857	0.010669844994784223	0.0022742404908136717	0.0010652028120454128	0.005018114300836492	1.7181210918133405	2.1567361784141275	2.5626036633210982	0.6013791701931991	0.26612325842093654	22.676695655414125	0.027166058945506832
7.388557983046014	0.01	0.007	0.007	0.007	0.01	0.010097650058799087	0.010502169089415767	0.0022315209145821633	0.0010451163430390147	0.0049296707731326835	1.720821238302288	2.1530970566728125	2.5607623450980315	0.5997268262047233	0.2668892965957747	22.322501447723674	0.02709312903979705
7.46575060974591	0.01	0.007	0.007	0.007	0.01	0.00993972322833402	0.010337917841186189	0.0021899456240566085	0.0010255717711707528	0.0048427141753874265	1.7234140083139509	2.1493427965467515	2.558887202244721	0.5980751007894041	0.26761848433230456	21.975501357702683	0.027020743861703802
7.542612471979854	0.01	0.007	0.007	0.007	0.01	0.009784930117791763	0.010176925766462229	0.0021494519026490147	0.001006539256492634	0.0047571909889632304	1.7259049928093064	2.1454781791504995	2.5569794409949806	0.5964236792063393	0.2683126657543164	21.635347702341846	0.026948861000752163
7.619180538283897	0.01	0.007	0.007	0.007	0.01	0.009633128321823977	0.010019044758885202	0.0021099833592479757	0.0009879919690302494	0.0046730537885429965	1.7282992671213586	2.1415076746131456	2.555040196466601	0.5947723054776315	0.2689735223252325	21.30172935944794	0.026877443038513665
7.695487058517094	0.01	0.007	0.007	0.007	0.01	0.009484190777131985	0.009864142668412457	0.0020714893102223375	0.0009699057932942377	0.0045902608884964766	1.7306014463108053	2.1374355105395813	2.55307055504772	0.5931207849828214	0.2696025909106151	20.974368787210366	0.026806457329025195
7.771560485994135	0.01	0.007	0.007	0.007	0.01	0.009338003040244593	0.00971210047009815	0.002033923850578649	0.0009522588875426289	0.004508775173502732	1.7328157567053806	2.133265689408942	2.5510715535201	0.591468969720822	0.27020128590031367	20.653016060382246	0.026735875080756092
7.8474261822199765	0.01	0.007	0.007	0.007	0.01	0.009194461189422493	0.009562810081989405	0.001997245128136509	0.0009350313392082116	0.004428563214409154	1.7349460919236745	2.129002004140084	2.5490441792485874	0.5898167472890526	0.27077091651757756	20.337444274238283	0.026665670654354223
7.923106767559846	0.01	0.007	0.007	0.007	0.01	0.00905347054488759	0.009416173034116088	0.0019614148590673384	0.0009182049343020562	0.0043495947936590725	1.7369960522549643	2.124648063483115	2.5469893764112332	0.5881640368247186	0.27131269921707213	20.027446744502434	0.026595821198052847
7.9986225399591495	0.01	0.007	0.007	0.007	0.01	0.008914944358052377	0.009272099105237873	0.0019263978593947457	0.0009017629347774754	0.004271842377546005	1.7389689813235782	2.120207306527727	2.5449080479919233	0.5865107829121534	0.2718277690523691	19.722834136991867	0.026526306226412007
8.073991778670996	0.01	0.007	0.007	0.007	0.01	0.008778802805007006	0.009130505276031913	0.0018921616743457952	0.0008856899022399974	0.004195280728371048	1.7408679955183084	2.115683017609296	2.5428010587725227	0.5848569515308851	0.2723171888419262	19.423432264316784	0.02645710731120552
8.149231005624701	0.01	0.007	0.007	0.007	0.01	0.0086449721278573	0.008991314836051308	0.0018586762616572446	0.0008699715473124857	0.0041198865749249615	1.7426960090704093	2.1110783387930856	2.540669237809809	0.583202526554486	0.2727819569641278	19.12908020617107	0.02638820781594376
8.224355206113307	0.01	0.007	0.007	0.007	0.01	0.008513383908503343	0.008854456628426844	0.0018259137220589595	0.0008545946014174718	0.004045638336906124	1.7444557553970126	2.1063962807075254	2.5385133806468145	0.5815475068299221	0.2732230139850765	18.839628719597634	0.0263195926716801
8.299378025021172	0.01	0.007	0.007	0.007	0.01	0.008383974435829488	0.00871986439172029	0.0017938480648088146	0.0008395467052393641	0.003972515884770079	1.7461498055728062	2.1016397314433273	2.536334251040137	0.5798919035344929	0.2736412483767364	18.554938853612654	0.026251248178575
8.374311924684124	0.01	0.007	0.007	0.007	0.01	0.008256684182244765	0.008587476215506354	0.0017624550103188543	0.0008248163147867993	0.0039005003467993326	1.7477805839886507	2.0968114649653584	2.5341325827994416	0.5782357381603557	0.2740375013729347	18.27488080343691	0.026183161845359272
8.449168305242843	0.01	0.007	0.007	0.007	0.01	0.008131457378679412	0.008457234098353203	0.0017317118254090017	0.0008103926229276606	0.003829573959653513	1.7493503816082518	2.091914149553742	2.531909081906734	0.5765790411462249	0.27441257110073347	17.999332980561547	0.026115322265224353
8.52395767723352	0.01	0.007	0.007	0.007	0.01	0.008008241532637442	0.008329083446577935	0.001701597151775246	0.0007962654778808426	0.003759719876298053	1.7508613689478585	2.0869503507707137	2.529664426375136	0.5749218491980852	0.2747672165181679	17.72818095682902	0.026047718946460185
8.598689703589063	0.01	0.007	0.007	0.007	0.01	0.007886987191154072	0.008202972827714294	0.0016720909007552289	0.0007824253329328034	0.0036909221035944335	1.75231560513544	2.081922541205973	2.5273992693773883	0.573264205368087	0.2751021603059046	17.461316946810914	0.02598034226327668
8.673373314549039	0.01	0.007	0.007	0.007	0.01	0.007767647601751015	0.008078853617892949	0.0016431741281609346	0.0007688631869031489	0.0036231653746788693	1.7537150475692	2.076833104044517	2.5251142397199153	0.5716061574098941	0.27541809181815324	17.198639065278872	0.025913183341881522
8.748016791679538	0.01	0.007	0.007	0.007	0.01	0.007650178445020257	0.007956679723718545	0.0016148289313005488	0.0007555705351101741	0.0035564350552352445	1.7550615600459136	2.0716843373440907	2.522809942780279	0.5699477567204113	0.27571566958708627	16.94005074184722	0.0258462339759602
8.822627811435545	0.01	0.007	0.007	0.007	0.01	0.007534537647188828	0.007836407387330385	0.0015870383692919616	0.0007425393313376226	0.003490717089442931	1.7563569194262187	2.066478460007894	2.520486962312629	0.5682890580975081	0.2759955234245761	16.685460311301153	0.02577948657957968
8.897213537386463	0.01	0.007	0.007	0.007	0.01	0.007420685130133822	0.007717994926408181	0.0015597863717529928	0.0007297619444188987	0.00342599790545565	1.7576028225454665	2.061217613455715	2.518145860421496	0.5666301183447812	0.2762582565102279	16.4347804659061	0.025712934097423687
8.97178064266574	0.01	0.007	0.007	0.007	0.01	0.007308582682783488	0.007601402600424943	0.0015330576797772076	0.0007172311300210424	0.0033622643853889536	1.7588008913336515	2.055903867307416	2.515787179409501	0.5649709963644018	0.2765044470271106	16.187927974654112	0.025646569978404483
9.046335381319123	0.01	0.007	0.007	0.007	0.01	0.007198193767610183	0.007486592409392048	0.0015068377739968324	0.0007049399964265242	0.003299503794645747	1.7599526782983181	2.050539220931775	2.5134114418495197	0.5633117521082996	0.2767346498217946	15.944823259358815	0.025580388106302407
9.12088359505739	0.01	0.007	0.007	0.007	0.01	0.007089483433724508	0.007373528003474641	0.0014811128304509464	0.0006928819833975804	0.0032377037683690517	1.7610596705438886	2.045125608964537	2.5110191524777243	0.5616524469184587	0.2769493977119898	15.70539020526399	0.025514382788567443
9.195430798671909	0.01	0.007	0.007	0.007	0.01	0.006982418121825589	0.007262174480131769	0.0014558696528805548	0.0006810508300317797	0.003176852233494936	1.7621232946331549	2.03966490061159	2.5086107973847898	0.5599931420744179	0.27714920291544715	15.469555733293284	0.02544854867588746
9.269982166440665	0.01	0.007	0.007	0.007	0.01	0.006876965622098611	0.007152498340329227	0.001431095643172417	0.0006694405605369334	0.0031169374149663523	1.763144919616258	2.034158905616081	2.506186846199332	0.5583338995070883	0.27733455807511526	15.237249708969221	0.025382880770071444
9.344542582492943	0.01	0.007	0.007	0.007	0.01	0.006773094944336036	0.007044467353460516	0.0014067787526521763	0.0006580454610618945	0.003057947789749309	1.7641258607442376	2.0286093751765994	2.503747752075561	0.556674781055952	0.2775059373829534	15.008404657865269	0.025317374375667674
9.419116656429294	0.01	0.007	0.007	0.007	0.01	0.006670776244030287	0.006938050480480783	0.0013829074480991486	0.0006468600634570564	0.002999872070469215	1.7650673824188547	2.0230180050152726	2.5012939526636115	0.5550158484700203	0.2776637975235398	14.782955604202783	0.025252025082712307
9.49370876348784	0.01	0.007	0.007	0.007	0.01	0.006569980719492066	0.006833217766905856	0.0013594706723385442	0.0006358791265205109	0.0029426991707113895	1.7659707012320731	2.017386436273842	2.4988258701543375	0.5533571628363854	0.2778085785985786	14.56083984548507	0.02518682872829549
9.568323045072122	0.01	0.007	0.007	0.007	0.01	0.0064706805680699265	0.006729940297279437	0.0013364578198524042	0.0006250976243056543	0.002886418202105575	1.766836988294987	2.011716259071645	2.4963439125180322	0.5516987848670684	0.27794070489956163	14.34199685723962	0.025121781393211782
9.642963453651458	0.01	0.007	0.007	0.007	0.01	0.006372848886321233	0.006628190091346861	0.0013138587004515251	0.0006145107288565123	0.0028310184381175273	1.7676673719238758	2.0060090124445558	2.4938484731788906	0.5500407741780984	0.2780605857085434	14.126368074150944	0.025056879360109433
9.717633738268066	0.01	0.007	0.007	0.007	0.01	0.006276459653114698	0.00652794008648181	0.0012916635231791593	0.0006041138024413832	0.002776489323378636	1.7684629394648776	2.0002661885453494	2.491339932575035	0.5483831898697626	0.27816861593831554	13.913896853866811	0.02499211912371225
9.792337469508205	0.01	0.007	0.007	0.007	0.01	0.0061814876625424925	0.006429164067912427	0.0012698628694441216	0.0005939023847577308	0.002722820453317417	1.7692247394498315	1.9944892336445896	2.488818658334123	0.5467260902118606	0.27826517680200014	13.70452833012327	0.02492749736677236
9.867078074344697	0.01	0.007	0.007	0.007	0.01	0.006087908448731816	0.006331836590522222	0.0012484476651981522	0.0005838721797064093	0.0026700015481033036	1.7699537836818922	1.9886795481334576	2.486285005031497	0.5450695320954575	0.2783506364398797	13.49820924791256	0.024863010927871403
9.941858816488477	0.01	0.007	0.007	0.007	0.01	0.005995698282421368	0.006235932975290257	0.0012274091703321235	0.0005740190502458069	0.0026180224660325873	1.7706510486472393	1.9828384905628855	2.4837393157236183	0.5434135716791318	0.278425350437935	13.294887956792705	0.02479865681653757
10.0	0.01	0.007	0.007	0.007	0.01	0.005924973105052009	0.006162374897366209	0.0012113150505262105	0.000566481981445018	0.002578196827996344	1.7711715480878782	1.9782786368209966	2.481752984267609	0.5421271871196887	0.27847621066458117	13.13892654013244	0.024748737341529145
