0.0	0.01	0.007	0.007	0.007	0.01	0.0	0.0	0.0	0.0	0.0	0.0	0.0	0.0	0.0	0.0	100.0	0.035
0.007184025216094838	0.01	0.007	0.007	0.007	0.01	0.0029978900828444574	0.00521367404733362	0.002753755010506879	0.0010472721976051628	0.00017193030595297296	0.00014872042567164344	0.00032867726767365157	0.00018582907963062107	5.763917478126778e-5	5.183903677692175e-6	99.86616551343592	0.034991286807806124
0.012074808109089966	0.01	0.007	0.007	0.007	0.01	0.004934959599478668	0.008417744999015582	0.004538954216330761	0.0017410208927529488	0.00025926697998965336	0.00041407526984688976	0.0009032840078796842	0.0005178475333104765	0.00016153265665421203	1.361267665895103e-5	99.77515537760466	0.03498535623068895
0.019403437541821094	0.01	0.007	0.007	0.007	0.01	0.007688463164894618	0.012748842673729754	0.007084990706583868	0.0027522298391700842	0.0003570637324102833	0.0010463793844148715	0.00223965101930713	0.0013102961488893061	0.0004121535918168187	3.166916439180021e-5	99.63893580541695	0.03497647139550513
0.02646760804310323	0.01	0.007	0.007	0.007	0.01	0.010182238347913474	0.01644410143234161	0.009399888387316145	0.0036956426164099824	0.0004236405839868998	0.0019072170109079441	0.004010314347436348	0.002391142182503719	0.0007581285115489598	5.358817984089672e-5	99.50780784895927	0.034967909311792854
0.034881931083316844	0.01	0.007	0.007	0.007	0.01	0.012959978449145503	0.020304448601281555	0.011989155483908219	0.004780543768565485	0.00047824243739195705	0.003233020772921829	0.00666045297436719	0.0040590373265734885	0.0012989752963012337	8.368226166450926e-5	99.3518429966343	0.034957713519223346
0.043694674309976395	0.01	0.007	0.007	0.007	0.01	0.015659489107125658	0.023796333694224042	0.014517125955567294	0.005873083870122551	0.0005158265729982167	0.004946847103777229	0.009983092598624649	0.006219598037898673	0.002009534464421895	0.00011831710665171108	99.18875525514014	0.03494703814077444
0.053433075431353824	0.01	0.007	0.007	0.007	0.01	0.01841117103445082	0.02709027390181533	0.017106588064346055	0.007030263582254307	0.0005421460608051236	0.007197090891251649	0.014209934029414064	0.009062594261591542	0.002958609806698416	0.00015894839993810673	99.00884873085369	0.034935245251750666
0.06376756916794231	0.01	0.007	0.007	0.007	0.01	0.021086332032660714	0.030033497736495735	0.01963711318154329	0.008202973976218803	0.00055902272656553	0.009959573973170372	0.019232445517317683	0.012560653227379646	0.004144989735584405	0.00020371064366574287	98.81828690363743	0.034922734866156345
0.07485563090288658	0.01	0.007	0.007	0.007	0.01	0.02369960952170296	0.032659401348639344	0.02212232999710267	0.009400497376349983	0.0005694070191673686	0.013312964978404918	0.025131080687747765	0.01681670079385347	0.005612479618941556	0.0002528021986290761	98.61423758312948	0.034909317233301124
0.08658630855764161	0.01	0.007	0.007	0.007	0.01	0.026200561927108897	0.03493887957377685	0.02451358083619033	0.010601985301175445	0.0005752478831699413	0.01725661726157247	0.031841210573182656	0.021833390560674223	0.007372174449314695	0.0003053519017521556	98.3988211080475	0.03489512758464805
0.09900924799179828	0.01	0.007	0.007	0.007	0.01	0.028581321808340554	0.03689334193105975	0.026801904406523656	0.011804333511124634	0.0005781358021637906	0.021830400749240152	0.039370592873366396	0.02766479711290224	0.009454141450003633	0.0003612833429546823	98.17120528818342	0.03488010685134259
0.11209865142973521	0.01	0.007	0.007	0.007	0.01	0.03082142917918375	0.03853683184679952	0.02896557272576078	0.012996873608057445	0.0005791467939637817	0.027042697764897455	0.047676032601431016	0.03432474500859258	0.01187547549437586	0.0004202593297674016	97.93194799299438	0.03486428728326284
0.1258854466419449	0.01	0.007	0.007	0.007	0.01	0.03291427241263223	0.03989701108404137	0.030995437126661095	0.014174469954241351	0.0005790052001229806	0.032917418979266595	0.056743500925777984	0.04184644934354	0.01466130742405859	0.00048225585890299995	97.68057378744241	0.03484763262101536
0.14038415556416833	0.01	0.007	0.007	0.007	0.01	0.034852528952219936	0.041001272125358264	0.03288095516845626	0.015330319613968408	0.000578167876416013	0.039467890196764874	0.0665461486977393	0.05024895161933198	0.017832718780380282	0.0005472154681832202	97.41691532188506	0.034830126538674316
0.15563316235419258	0.01	0.007	0.007	0.007	0.01	0.03663405940298252	0.041879454082033474	0.03461589602984874	0.01645932364072646	0.0005769134853631385	0.046714289317062674	0.07707196089376667	0.05955912364442325	0.021414815238655592	0.0006152131788007452	97.1403805421083	0.03481172401774666
0.17167228534796614	0.01	0.007	0.007	0.007	0.01	0.038257931828724806	0.0425602314674735	0.03619447875957954	0.017555981695443028	0.0005754088498005464	0.05467483934329507	0.08831018925997765	0.06980003105387829	0.0254324349648616	0.0006863442073999834	96.85036432841007	0.03479237847519664
0.1885552474915473	0.01	0.007	0.007	0.007	0.01	0.039725487164867526	0.04307101380072556	0.03761238740538075	0.018615151487130773	0.0005737562285348227	0.06337217106601331	0.10026052090667922	0.08099865789538657	0.029913153051114406	0.0007607716652856969	96.546025318058	0.03477202675232377
0.20634298976320783	0.01	0.007	0.007	0.007	0.01	0.04103914347253165	0.04343694762378037	0.03886557914486425	0.01963136081175593	0.0005720281813100504	0.07283056046659878	0.11292873862986737	0.09318180379012925	0.034885773230024966	0.0008386918582843057	96.2264109166418	0.03475059723251401
0.22510770215093462	0.01	0.007	0.007	0.007	0.01	0.04220244903103798	0.043680724493377926	0.03995030520079486	0.020598888599022848	0.0005702928909589719	0.08307819757382147	0.12632950365317738	0.10637830937144965	0.04038128645118013	0.0009203500972951883	95.89038885924221	0.034728005036904645
0.244930706162939	0.01	0.007	0.007	0.007	0.01	0.04321966073791185	0.043822372356518556	0.04086268562285438	0.02151147222131657	0.0005686359700586483	0.09414614612920987	0.14048455683882316	0.12061685159664126	0.04643204048847784	0.0010060324429999239	95.53669027541744	0.03470415464082803
0.2659030914875225	0.01	0.007	0.007	0.007	0.01	0.044095648348592115	0.04387927241478788	0.04159862879077896	0.022362224117252267	0.0005671817326437828	0.10606854805468365	0.15542268034161533	0.13592514382242515	0.053071412673350124	0.001096073456999448	95.16390367423327	0.03467893917821673
0.28812291972551074	0.01	0.007	0.007	0.007	0.01	0.044835720357141916	0.04386624999522577	0.04215374579876665	0.023143459633357472	0.0005661175958678238	0.1188807422287523	0.1711770903103821	0.15232624809309106	0.0603321442050941	0.0011908545895223143	94.77053048451839	0.034652243881232184
0.3116893183890556	0.01	0.007	0.007	0.007	0.01	0.04544554002701982	0.0437957692085904	0.042523489048689106	0.02384658332589362	0.0005657236853683547	0.13261536244715458	0.18778061806599555	0.16983215266064772	0.0682432123306155	0.0012907975748389822	94.35509472947277	0.03462395324560998
0.3366838627595425	0.01	0.007	0.007	0.007	0.01	0.045931027920624645	0.04367825635470855	0.04270361358108994	0.024461939216125574	0.0005664078384430287	0.1472908209807407	0.20525220224584004	0.1884277475431228	0.07682183862750665	0.0013963159747374895	93.91647299179859	0.03459397340957745
0.36311921609326464	0.01	0.007	0.007	0.007	0.01	0.046298353741544125	0.0435227100775059	0.04269158734470867	0.024978718250942257	0.0005687371749544438	0.1628804258585893	0.22356159410429668	0.20803128799774045	0.08605333765091944	0.0015076444592971045	93.45478541594531	0.034562293633622794
0.39083031631585424	0.01	0.007	0.007	0.007	0.01	0.04655449842930593	0.043337810917768144	0.042490346476430574	0.025385631432176748	0.0005734314740448963	0.17924811766439167	0.24255738638683133	0.22841651383537626	0.09584996544443262	0.0016244377282868194	92.9732535769015	0.034529116164026014
0.4194011832021639	0.01	0.007	0.007	0.007	0.01	0.04670935780360833	0.04313282222569895	0.04211417707912578	0.025674529594076782	0.0005812701350529864	0.1961076311613079	0.2619247400377552	0.249171459162608	0.10602338659832541	0.001745498468714805	92.47937934398183	0.03449494267309473
0.44836078224068143	0.01	0.007	0.007	0.007	0.01	0.04677755206555664	0.0429162511630314	0.041588748048436826	0.025845860349690004	0.0005929872033910035	0.21314376895896645	0.2813265682996687	0.269861404491846	0.11635818255742193	0.001869578287719596	91.98146269281116	0.03446033873607115
0.47739490031909865	0.01	0.007	0.007	0.007	0.01	0.04677588726389337	0.04269410865006766	0.04094327400142656	0.025908155198036013	0.0006092600155060658	0.23014181905059328	0.30054569252293634	0.29019184215381605	0.12669528805300875	0.001996221135798383	91.4849559675466	0.03442568060330561
0.5063107531952233	0.01	0.007	0.007	0.007	0.01	0.04671994547997754	0.042470268883633554	0.040205489351017025	0.025873667371754856	0.0006307042344950597	0.24696725552454438	0.3194552964009011	0.3099803999374999	0.1369246568249232	0.002125574956520718	90.99313543223319	0.0343911982885666
0.5349940911484985	0.01	0.007	0.007	0.007	0.01	0.04662280000910586	0.042247109487419	0.039399648999572025	0.025755642838602797	0.0006578722026422918	0.26353916184610904	0.33798597884581977	0.32912087051825867	0.1469717265208446	0.0022581823271598882	90.50788191455484	0.03435702737281423
0.5633773337437917	0.01	0.007	0.007	0.007	0.01	0.046494891433140215	0.04202605516576456	0.03854615263718069	0.025566933397198302	0.0006912505192912161	0.2798097888663837	0.35610195483545837	0.3475555256397341	0.15678602700496072	0.0023948232600102975	90.03025265890265	0.034323247386615345
0.5914263020616468	0.01	0.007	0.007	0.007	0.01	0.04634431897332017	0.04180789884533021	0.037661609670511784	0.025319328142287895	0.0007312672643796202	0.295755126890849	0.3737905901695414	0.3652611806972403	0.16633560635857106	0.0025364451428348885	89.56072477370905	0.034289897861401235
0.6191270355504415	0.01	0.007	0.007	0.007	0.01	0.04617726618856902	0.04159304864483243	0.03675933293056875	0.02502330683529805	0.0007782952657181428	0.31136588789998826	0.39105275765056335	0.382236462563765	0.1756012679230546	0.0026840956694609303	89.09942952431358	0.0342569941813388
0.6464803457309213	0.01	0.007	0.007	0.007	0.01	0.04599839620640589	0.04138166133116146	0.0358497881960227	0.024687983731551448	0.0008326606491012142	0.3266432888944386	0.40789863669929877	0.3984951580042848	0.18457351836346755	0.002838894893789827	88.64625135651161	0.03422453416218994
0.6734964026438138	0.01	0.007	0.007	0.007	0.01	0.0458111997592052	0.04117374039959656	0.034941101101374536	0.024321179316961077	0.0008946483398178023	0.3415951576268719	0.4243438482535586	0.4140604310392084	0.1932496641095796	0.003002009023804037	88.20092321146319	0.034192504550521245
0.7001916329615322	0.01	0.007	0.007	0.007	0.01	0.04561827270754885	0.04096919408962922	0.034039489334034244	0.02392953788860133	0.0009645079499084452	0.35623359419750583	0.440407253665996	0.4289611816323641	0.20163186985648113	0.0031746367799307218	87.7630810433691	0.03416088474715975
0.7265862178420257	0.01	0.007	0.007	0.007	0.01	0.04542153552940819	0.04076787515198797	0.033149645995131295	0.023518669276553897	0.0010424577625439818	0.3705731587056784	0.45610926758153836	0.4432293160816733	0.20972559880199484	0.003357998916761017	87.33230688743996	0.03412964979913131
0.7527025684857646	0.01	0.007	0.007	0.007	0.01	0.045222400211695865	0.040569604813626106	0.03227505072581815	0.023093287322730263	0.0011286882181991296	0.3846297421432169	0.4714708616723692	0.45689800316312273	0.21753853362194803	0.003553332984631348	86.90815478922124	0.03409877221895772
0.7785641999065703	0.01	0.007	0.007	0.007	0.01	0.045021897380813324	0.040374188696021655	0.03141822654223913	0.022657340248177622	0.0012233642064518491	0.39841975734394375	0.48651286810012906	0.4700004606758228	0.22507976172563826	0.003761889892237757	86.49016954887102	0.03406822332356055
0.8041950448300837	0.01	0.007	0.007	0.007	0.01	0.044820771449999276	0.04018142636585214	0.030580944038972532	0.0222141259134488	0.0013266268416417223	0.411959641121088	0.5012555822646991	0.48256920289478766	0.23235920858460413	0.003984932700752921	86.0778978662823	0.03403797404670598
0.8296189998540234	0.01	0.007	0.007	0.007	0.01	0.04461955203171314	0.03999111731341588	0.02976438480836849	0.021766392419864326	0.0014385946102115404	0.4252655310621629	0.5157185236943167	0.49463556615585363	0.23938722925495837	0.004223736430861247	85.67089546958022	0.034007995473485694
0.8548596770200706	0.01	0.007	0.007	0.007	0.01	0.0444186071385631	0.03980306429334034	0.02896927021202636	0.021316423816437214	0.001559364217424863	0.43835308553791374	0.5299203277188664	0.5062294469574473	0.2461743283526407	0.004479588932779231	85.2687307911214	0.03397825913028568
0.8799402688756046	0.01	0.007	0.007	0.007	0.01	0.04421818298821324	0.03961707516333068	0.02819596345158201	0.020866112901598875	0.0016890111216745984	0.45123738595356333	0.5438787070448001	0.517379169157816	0.25273096446433996	0.004753792306194949	84.87098676025256	0.03394873713995033
0.9048835070993158	0.01	0.007	0.007	0.007	0.01	0.04401843368249282	0.039432963638332014	0.027444549894937584	0.02041702243367125	0.0018275899304810766	0.46393290231749895	0.5576104670187347	0.5281114442598197	0.2590674198552097	0.005047664911229822	84.47726108803677	0.03391940226640445
0.9297116922645007	0.01	0.007	0.007	0.007	0.01	0.043819443276992213	0.039250549293279285	0.026714900063973195	0.019970436302086683	0.0019751347823169286	0.4764535041863994	0.5711315583943655	0.5384513945710044	0.26519371833186045	0.005362544013045195	84.08716544361657	0.033890227875740545
0.9544467842036123	0.01	0.007	0.007	0.007	0.01	0.04362124207677962	0.03906965699654737	0.026006718712535563	0.0195274020393404	0.002131659858184165	0.48881250688765276	0.5844571591239491	0.5484226198117153	0.27111957958642796	0.0056997892453259135	83.70032372136656	0.033861187826626254
0.9791107083749756	0.01	0.007	0.007	0.007	0.01	0.043423817226411504	0.03889011471316766	0.02531957832871575	0.01908876306770055	0.0022971612796036257	0.5010228258703346	0.597601865314632	0.5580473553535081	0.27685443816382505	0.006060789618932591	83.31636701350055	0.033832256108225454
1.0037249238593187	0.01	0.007	0.007	0.007	0.01	0.04322712621380891	0.03871175666019338	0.024652965571222152	0.018655198673065327	0.0024716140318863126	0.5130967651224523	0.6105794825643455	0.5673463447561872	0.28240730116185314	0.006446960219551433	82.93494014843158	0.03380340734520682
1.028311071769213	0.01	0.007	0.007	0.007	0.01	0.04303109944844432	0.03853441857335707	0.024006290979491654	0.018227240092669413	0.0026549758935499367	0.5250463420109073	0.6234033908044814	0.5763391411166164	0.287786869106716	0.006859754576404159	82.55569143453356	0.03377461603570129
1.0528908635553547	0.01	0.007	0.007	0.007	0.01	0.04283564720594776	0.03835793853280412	0.02337891531353101	0.017805296347018	0.0028471864457994384	0.5368832316325263	0.6360864955539433	0.5850441028334408	0.29300148206523235	0.0073006669503529326	82.17827433996229	0.03374585668231563
1.0774864253709988	0.01	0.007	0.007	0.007	0.01	0.042640661625397036	0.038182154506967984	0.022770159734707574	0.017389668901171582	0.0030481693597810694	0.548618931709915	0.648641413209013	0.593478555985827	0.2980591713119903	0.0077712426357826455	81.80234218447515	0.033717103389741335
1.102120416520749	0.01	0.007	0.007	0.007	0.01	0.04244601952218581	0.03800690356498228	0.022179319162310255	0.01698056772437674	0.0032578331426324912	0.5602648126556502	0.6610805303202016	0.6016588636427176	0.3029676606873354	0.008273085785524197	81.42754641889789	0.033688329728382586
1.1268163251670205	0.01	0.007	0.007	0.007	0.01	0.04225158304619881	0.037832019860107854	0.021605668989239876	0.01657812226327278	0.003476073378099393	0.5718322475469995	0.6734161460762748	0.609600547122631	0.3077344036097809	0.008807871918551917	81.05353228869113	0.033659508392114776
1.15159871477545	0.01	0.007	0.007	0.007	0.01	0.04205720017373588	0.03765733301987666	0.021048471583036025	0.016182391669045344	0.0037027746928765854	0.5833327118121608	0.6856605800570001	0.6173183769665332	0.31236660578856335	0.009377361423593186	80.67993537521434	0.033630610915453066
1.176493577534347	0.01	0.007	0.007	0.007	0.01	0.041862703944862495	0.03748266583971881	0.020506979337616894	0.015793372083203725	0.003937813739624106	0.594777925508246	0.6978263231834566	0.6248264842631379	0.316871263347664	0.009983417629230438	80.30637665239624	0.03360160726788056
1.2015287237120722	0.01	0.007	0.007	0.007	0.01	0.0416679111288601	0.037307831801134485	0.01998043656550107	0.015411002582215092	0.0041810625887835585	0.6061800026451185	0.7099261937462475	0.632138465492518	0.32125519964680715	0.010628028690077644	79.93245717125889	0.03357246540879655
1.2267342976595108	0.01	0.007	0.007	0.007	0.01	0.04147261970956921	0.03713263179563706	0.019468078786578285	0.015035168766850317	0.004432393340340212	0.617551647076948	0.7219735402776946	0.6392675050775024	0.3255251147007395	0.01131333630200799	79.55775104766252	0.03354315069797265
1.2521434094460417	0.01	0.007	0.007	0.007	0.01	0.041276605372210555	0.036956850162206734	0.018969130362825146	0.014665704669687071	0.004691683837706259	0.6289063860860877	0.7339824812563212	0.6462265061638954	0.32968764086296776	0.012041672339275975	79.18179698278081	0.033513625175325634
1.2777929871103464	0.01	0.007	0.007	0.007	0.01	0.04107961626998194	0.03678024934768513	0.018482799119260755	0.014302391976297731	0.004958825465890979	0.6402588841675758	0.7459682258707377	0.6530282519021129	0.3337494173887456	0.012815608021986346	78.80408683868262	0.03348384658918187
1.3037248995962591	0.01	0.007	0.007	0.007	0.01	0.040881365788916185	0.036602562904673	0.018008268054410814	0.013944956595256061	0.005233733470042406	0.6516253518176263	0.7579474901550751	0.6596855991221513	0.33771718409668083	0.013638019773430118	78.42405065793103	0.03345376711682968
1.3299875347807308	0.01	0.007	0.007	0.007	0.01	0.04068152202064265	0.0364234856445393	0.017544682068769378	0.01359306097451547	0.005516361554370008	0.6630241201497244	0.7699390812920661	0.6662117368712847	0.3415979123180438	0.014512181232712138	78.04103559771315	0.03342333156610913
1.3566380492454517	0.01	0.007	0.007	0.007	0.01	0.0404796924633442	0.036242659600076936	0.01709112792007489	0.013246290703032694	0.005806722803352306	0.6744764591073878	0.7819647288185303	0.6726205392139053	0.3453989888760009	0.015441894516873566	77.65427590004249	0.033392474811263645
1.3837457575199743	0.01	0.007	0.007	0.007	0.01	0.040275400655386547	0.036059652830465354	0.01664660248718733	0.012904131484437774	0.006104921477090145	0.6860078148917768	0.7940503422611429	0.678927087295588	0.3491284949114667	0.016431686245004358	77.26284755030359	0.033361117928244755
1.4113974409667216	0.01	0.007	0.007	0.007	0.01	0.04006804926794626	0.0358739261548748	0.016209961651998943	0.012565930280893882	0.006411203280361534	0.69764975503889	0.8062279890274211	0.6851484783213458	0.35279564457986107	0.017487112584564955	76.86559711274697	0.03332916213855981
1.4397062432096628	0.01	0.007	0.007	0.007	0.01	0.039856857863946896	0.03568477724568533	0.015779832330452617	0.012230826606739789	0.006726040618258957	0.7094432460057138	0.8185392309818469	0.6913051848008006	0.35641153066587256	0.018615264906176463	76.46102213393638	0.03329647865582767
1.4688278160357706	0.01	0.007	0.007	0.007	0.01	0.039640749359431356	0.0354912388264074	0.015354449051904136	0.011897622935794262	0.007050289491922713	0.7214446393766136	0.831041226245108	0.6974235445911264	0.3599905017121737	0.019825676729067706	76.04705336798436	0.03326289024508882
1.4989930580779336	0.01	0.007	0.007	0.007	0.01	0.03941811881634583	0.03529187154233453	0.01493131507733423	0.011564513836520404	0.0073855124650141005	0.733737891717556	0.8438192027150871	0.7035408814220707	0.3635530115256476	0.021132138505025558	75.62061168930445	0.03322813380671088
1.5305863005637015	0.01	0.007	0.007	0.007	0.01	0.03918627909706104	0.03508426753042936	0.014506374480095962	0.011228421894749445	0.007734762265778507	0.7464639546364946	0.8570165033861281	0.7097179474822748	0.3671325783199562	0.02255696883727006	75.17654614679348	0.0331917709599544
1.5643976134705404	0.01	0.007	0.007	0.007	0.01	0.03893966405247189	0.03486344155354647	0.014071264515437587	0.010882792234236126	0.008105156335804204	0.7599164322031952	0.8709325548224954	0.7160800251427933	0.37079889198951266	0.024144537632531653	74.70419236697508	0.03315289926350499
1.6031058352279506	0.01	0.007	0.007	0.007	0.01	0.038659228387128514	0.034612339991175106	0.01359678622401245	0.010504327631507661	0.008523244765807457	0.7751079171620389	0.8866037710067945	0.723063383687935	0.3747969213583119	0.0260394398827379	74.1670700705184	0.033108453648092645
1.6426184759803617	0.01	0.007	0.007	0.007	0.01	0.03837504144756636	0.03435788624866261	0.01313700463302012	0.01013620578508103	0.008941663200784733	0.7903878179868873	0.9023181057144265	0.7298786917231337	0.37866950351342665	0.028055992654175854	73.62276843362247	0.03306314583605104
1.6772103884918776	0.01	0.007	0.007	0.007	0.01	0.03812795785635859	0.03413665794131225	0.01275367626903479	0.009828392601899286	0.009299692714528893	0.8035789396042787	0.9158444334549555	0.7355990792775169	0.3818955109397076	0.02988691329974344	73.14953203169364	0.033023531360760555
1.7121926896824164	0.01	0.007	0.007	0.007	0.01	0.03787970136952878	0.0339143822914682	0.012383226718823775	0.009530254514291344	0.009652785860414027	0.8167448117101346	0.9293070947338911	0.7411620009047517	0.3850094839155082	0.03179796901808776	72.67404840519923	0.032983518084633054
1.7452927559324003	0.01	0.007	0.007	0.007	0.01	0.03764628947688639	0.0337053996542571	0.012047799044240316	0.009259827945558989	0.009977736397102118	0.8290431151926311	0.9418476994759346	0.746229642883687	0.38782473040220816	0.03365874993095888	72.22699442112295	0.03294570237750266
1.777993993201067	0.01	0.007	0.007	0.007	0.01	0.03741710156179484	0.033500200308169865	0.011730075174477156	0.009003337338860534	0.010289359282814294	0.8410431376686891	0.9540508362705961	0.7510576134602627	0.39048639552110237	0.03554482766491851	71.78802768797651	0.03290838489457222
1.8096948428620168	0.01	0.007	0.007	0.007	0.01	0.0371962564229707	0.03330247152802224	0.011434384645721414	0.008764405198794062	0.010581995122541621	0.8525353627138459	0.9657060161523924	0.7555758091301275	0.39295799875901244	0.037416151107116054	71.36503655760023	0.032872249368204806
1.8409000634546633	0.01	0.007	0.007	0.007	0.01	0.03698013701083507	0.03310897456132148	0.011154576527804919	0.008538161185881868	0.010860553983077136	0.8637142302773879	0.9770130844025267	0.7598741244936354	0.39529090851570536	0.03929726373050151	70.95109299802307	0.03283671755881504
1.8714860438604595	0.01	0.007	0.007	0.007	0.01	0.03676952490217845	0.03292040896272834	0.010890643325402008	0.00832467280819489	0.01112412564056896	0.8745440430209479	0.9879379482444183	0.7639493517622519	0.39748515271183005	0.0411764988858635	70.54769390309832	0.03280192811812163
1.9016574697794142	0.01	0.007	0.007	0.007	0.01	0.0365629427336682	0.03273545186384357	0.010639830482996838	0.008121768167759108	0.011374718055929774	0.8851050772236545	0.9985634389232504	0.7678410373188655	0.3995636669441282	0.0430625919987857	70.15200957774405	0.03276764631702581
1.9314208641384674	0.01	0.007	0.007	0.007	0.01	0.03636029176830929	0.03255401475407089	0.010401269607906218	0.007928787061232586	0.011612604371347068	0.8954058993412876	1.008899686371808	0.7715601019019844	0.40153369226809266	0.04495266472917495	69.76385093028799	0.032733863240354204
1.9608782357109957	0.01	0.007	0.007	0.007	0.01	0.03616083065264056	0.03237543380559188	0.01017343478935022	0.0077445271114703436	0.011838827150829017	0.9054872821495623	1.018988935280139	0.7751280609440578	0.40340790170380725	0.046850241801669607	69.38179802576477	0.03270046181100515
1.9900654491220777	0.01	0.007	0.007	0.007	0.01	0.03596427833335678	0.03219945732728239	0.009955446299912473	0.00756830088144128	0.012053873770366725	0.9153660319203911	1.0288491245935785	0.7785566924682644	0.40519360863042	0.0487550200037165	69.00531259243864	0.03266740032667066
2.0190439344532827	0.01	0.007	0.007	0.007	0.01	0.03577018891959258	0.032025686061514305	0.00974632049383512	0.007399331015595455	0.012258404418055431	0.9250668162771305	1.0385058464939738	0.7818596778254684	0.40689895694483735	0.05066864326694799	68.63354062088996	0.032634608345556974
2.0478509368316558	0.01	0.007	0.007	0.007	0.01	0.035578286601828976	0.031853873038468754	0.009545333340313426	0.00723704554365039	0.012452878543528384	0.9346053481184995	1.0479755680173264	0.7850468493281814	0.40852993781897745	0.05259142968503021	68.265953875678	0.032602043039614795
2.076528690135669	0.01	0.007	0.007	0.007	0.01	0.03538826830912499	0.031683746888969536	0.009351790245015498	0.007080892828767868	0.012637770942696455	0.9439983593453712	1.057275610614347	0.7881277708692624	0.4100922768092321	0.05452423463959453	67.90197189362961	0.032569656123042565
2.1051092556632924	0.01	0.007	0.007	0.007	0.01	0.03519990409853421	0.03151510172252673	0.00916512286155105	0.006930420506799248	0.012813469756679663	0.9532586504156689	1.0664192530555905	0.7911101719130381	0.4115906496634379	0.05646740888367535	67.54115427709976	0.03253741097433465
2.1336244312488684	0.01	0.007	0.007	0.007	0.01	0.03501297045320761	0.031347737406581526	0.008984811386265282	0.006785213313802509	0.01298034540597413	0.9623984479461559	1.07541908402917	0.7940011522662315	0.4130293156842767	0.05842143142274955	67.18307292715258	0.03250527141425178
2.1621004658743184	0.01	0.007	0.007	0.007	0.01	0.03482728451713463	0.031181490216231792	0.00881041199107563	0.006644915622246492	0.01313872016422559	0.9714277580812034	1.0842853931242544	0.7968067207395504	0.41441190082503304	0.060386526759169994	66.82737762168452	0.03247320765134353
2.190561974088923	0.01	0.007	0.007	0.007	0.01	0.03464267773730674	0.03101620923485065	0.008641525078840948	0.006509206170821839	0.013288894519353294	0.980355695593529	1.0930274987287363	0.7995322829293168	0.4157416558546719	0.06236291083380952	66.47374552695003	0.032441191849104316
2.219030466556159	0.01	0.007	0.007	0.007	0.01	0.034459004982030084	0.030851764517219132	0.00847779924336096	0.006377801491189799	0.013431140932378757	0.9891900682755206	1.1016533530586212	0.802182561267584	0.41702142829932803	0.06435067326001884	66.1218986652053	0.032409199766870636
2.2475257424601796	0.01	0.007	0.007	0.007	0.01	0.03427613505302437	0.03068803859441268	0.008318918461315862	0.006250445791432341	0.013565713376401473	0.997937862561418	1.1101700305147721	0.8047617875393935	0.4182537670000026	0.06634985967278856	65.77158574082063	0.03237720917988925
2.276065593812394	0.01	0.007	0.007	0.007	0.01	0.03409395224231323	0.030524927867355844	0.00816460020358918	0.006126909581271963	0.013692847426353235	1.0066051895703911	1.1185836850614237	0.8072737219116987	0.41944093991306597	0.06836043971001478	65.42258512357377	0.032345200201207985
2.3046663846941176	0.01	0.007	0.007	0.007	0.01	0.03391235229665575	0.030362338993456958	0.008014589094034382	0.00600698469553915	0.013812764481000267	1.0151974969981197	1.126899765672082	0.8097217459838657	0.42058498628341745	0.07038233801138283	65.07469711886391	0.032313154621906315
2.3333430752518014	0.01	0.007	0.007	0.007	0.01	0.03373124200415288	0.030200188516288053	0.007868654218168463	0.005890482224786358	0.013925673033943403	1.023719604367388	1.1351230581482878	0.8121088983163426	0.4216877399614823	0.07241542800402712	64.7277431765771	0.03228105587648007
2.3621095094206708	0.01	0.007	0.007	0.007	0.01	0.033550537138636906	0.03003840102501301	0.007726585416955292	0.005777229618220792	0.014031770905304204	1.0321758139946329	1.143257799254124	0.814437927826202	0.42275086012452595	0.07445954558709929	64.38156195393093	0.032248888713694315
2.390978509211963	0.01	0.007	0.007	0.007	0.01	0.03337016167176716	0.029876908448845937	0.007588190957417353	0.005667068876666214	0.014131246443653857	1.040569959716159	1.1513077294859535	0.8167113258608445	0.4237758510840854	0.07651449025848221	64.03600780674044	0.03221663908538444
2.419962038856199	0.01	0.007	0.007	0.007	0.01	0.03319004657436663	0.02971564898377859	0.007453295132921635	0.0055598546808025675	0.014224279841213508	1.0489054731852923	1.1592761619179328	0.8189313603487335	0.424764082287288	0.07858003207909836	63.69094849370972	0.03218429395799908
2.449071298494334	0.01	0.007	0.007	0.007	0.01	0.03301012908760409	0.029554566439987474	0.007321736455317795	0.005455452984918474	0.014311044041925814	1.0571854266246	1.167166027609376	0.8211001010275268	0.4257168035698858	0.08065591436462859	63.346263780739626	0.03215184120376793
2.478316832162681	0.01	0.007	0.007	0.007	0.01	0.03283035192733309	0.02939360952941145	0.007193365978611627	0.005353739710401499	0.014391705580824046	1.06541257740418	1.1749799221087516	0.8232194431574472	0.42663515915768185	0.08274185799084968	63.0018439171129	0.032119269476599085
2.507708602375592	0.01	0.007	0.007	0.007	0.01	0.032650662715311675	0.029232731356470983	0.007068045946485891	0.005254599692808875	0.014466425216490523	1.0735894010204954	1.1827201403037466	0.8252911264477107	0.4275201990449811	0.08483756381036262	62.6575885462691	0.03208656812585489
2.5372560682916077	0.01	0.007	0.007	0.007	0.01	0.03247101340485899	0.029071888903816314	0.0069456485654574105	0.005157925725676431	0.014535358490804477	1.081718123390601	1.190388710131092	0.8273167523683079	0.4283728892378	0.08694271572971826	62.313405605867395	0.03205372710665304
2.5669682423710865	0.01	0.007	0.007	0.007	0.01	0.03229135985282895	0.028911042649082532	0.006826054991846086	0.005063617771398842	0.014598656160886993	1.0898007456519325	1.1979874187508759	0.8292977983174769	0.42919412026645193	0.08905698258810021	61.96921050811707	0.032020736914567
2.596853747098324	0.01	0.007	0.007	0.007	0.01	0.0321116614032904	0.028750156192131542	0.006709154419611494	0.00497158225005097	0.014656464574729824	1.0978390677461878	1.205517837209594	0.8312356304487164	0.4299847148053265	0.09118002031932881	61.62492534249393	0.03198758852063849
2.6269208640896733	0.01	0.007	0.007	0.007	0.01	0.031931880528556035	0.028589195933643705	0.00659484328799426	0.004881731421453893	0.014708925978799156	1.105834708792512	1.212981341745577	0.8331315147946694	0.43074543428808126	0.09331147380213344	61.28047818828861	0.03195427331520689
2.657177563484019	0.01	0.007	0.007	0.007	0.01	0.03175198259741073	0.028428130867596327	0.006483024638657631	0.00479398288380359	0.014756178751385733	1.113789121280159	1.2203791290401718	0.8349866261515397	0.4314769843620372	0.09545097750636197	60.935802670825076	0.0319207830738861
2.6876315577196888	0.01	0.007	0.007	0.007	0.01	0.03157193550579804	0.028266932250601947	0.006373607444744316	0.004708259049427058	0.01479835764460331	1.1217036109185983	1.2277122364985797	0.8368020576347328	0.432180020384233	0.0975981580298989	60.59083725412766	0.03188710989678954
2.718290311368792	0.01	0.007	0.007	0.007	0.01	0.03139170957615167	0.028105573511770246	0.006266506158638485	0.004624486791564912	0.014835593928944723	1.1295793442023438	1.2349815508804858	0.8385788267832008	0.4328551513526562	0.09975263366466819	60.24552504827034	0.03185324619663587
2.7491610835851326	0.01	0.007	0.007	0.007	0.01	0.03121127726879708	0.027944029994315594	0.006161640186452782	0.0045425970330521615	0.014868015567542723	1.1374173639543694	1.2421878241685396	0.8403178830319465	0.43350294420667107	0.10191401638678668	59.899813256638375	0.03181918465095321
2.7802509466076337	0.01	0.007	0.007	0.007	0.01	0.031030613040773525	0.02778227882915346	0.006058933491488569	0.0044625244356523925	0.014895747336794852	1.1452185980724305	1.249331682961738	0.842020113177052	0.43412392719022325	0.10408191225552553	59.55365290562096	0.03178491818095518
2.811566808634149	0.01	0.007	0.007	0.007	0.01	0.030849693183286432	0.027620298789365335	0.005958314217350947	0.004384207104343592	0.014918910939769913	1.1529838689700964	1.2564136383762987	0.843686346629739	0.43471859300285737	0.10625592220765546	59.206998533342485	0.03175043992573533
2.8431154308171402	0.01	0.007	0.007	0.007	0.01	0.030668495697481517	0.027458070178974555	0.00585971436210555	0.004307586331152313	0.014937625102518838	1.1607139011362253	1.2634340940939777	0.8453173599246191	0.4352874015521126	0.10843564251584133	58.85980795180328	0.03171574322308277
2.874903444547741	0.01	0.007	0.007	0.007	0.01	0.0304870001720223	0.027295574723337292	0.005763069478713201	0.0042326063592308975	0.014952005661939554	1.1684093284272272	1.2703933540576529	0.8469138808806018	0.43583078247063245	0.11062066533314187	58.51204201246204	0.03168082159010059
2.906937371238052	0.01	0.007	0.007	0.007	0.01	0.030305187650015927	0.02713279544999759	0.005668318393200528	0.004159214160631336	0.014962165645586108	1.1760707016193337	1.2772916302889752	0.8484765925441893	0.43634913744894716	0.11281057946147603	58.16366435139372	0.03164566870120712
2.939223631842833	0.01	0.007	0.007	0.007	0.01	0.030123040557633294	0.02696971662477845	0.005575402976088889	0.004087359255323461	0.014968215339920873	1.1836984931815488	1.2841290480959693	0.8500061363195667	0.43684284219569314	0.11500497046103489	57.814641252648244	0.03161027837752103
2.9717685543587877	0.01	0.007	0.007	0.007	0.01	0.029940542645914874	0.026806323699678766	0.005484267936820568	0.004016993547869801	0.014970262356463978	1.191293101394935	1.2909056506356356	0.8515031147806496	0.4373122482186087	0.1172034206743	57.46494153686788	0.031574644578528654
3.004578403330176	0.01	0.007	0.007	0.007	0.01	0.029757678811752064	0.026642603152594518	0.0053948605741861	0.003948071130148718	0.01496841169439735	1.1988548593668764	1.2976214077633181	0.8529680952565348	0.43775768476502447	0.11940551077158218	57.1145362183725	0.03153876136975235
3.0376593728505097	0.01	0.007	0.007	0.007	0.01	0.029574435126406028	0.026478542512851425	0.0053071306457649365	0.0038805481760332545	0.014962765795274342	1.2063840352690636	1.3042762169647015	0.8544016115053098	0.43817946008280684	0.12161081885441276	56.76339855991347	0.03150262293049439
3.0710176103021745	0.01	0.007	0.007	0.007	0.01	0.029390798693807944	0.02631413023433873	0.005221030165278252	0.003814382780422126	0.014953424596610877	1.2138808395536558	1.3108699104494106	0.8558041666116211	0.4385778629991587	0.12381892166073079	56.411503801249175	0.03146622352800937
3.104659198280527	0.01	0.007	0.007	0.007	0.01	0.029206757741675464	0.026149355777086655	0.005136513321978916	0.003749534892191757	0.014940485592290675	1.221345422539531	1.3174022536945305	0.8571762339278944	0.43895316387001654	0.1260293930166549	56.05882933384619	0.03142955753740646
3.1385901945399044	0.01	0.007	0.007	0.007	0.01	0.02902230139435945	0.025984209403892695	0.005053536260376541	0.00368596613983425	0.014924043876440122	1.2287778849327458	1.3238729553280588	0.8585182603237624	0.43930561613494157	0.12824180615864597	55.70535426568908	0.03139261939828924
3.17281661870479	0.01	0.007	0.007	0.007	0.01	0.028837419740460325	0.025818682240859224	0.004972057007836259	0.003623639770812271	0.014904192200164331	1.2361782762325377	1.330281666305802	0.859830667053822	0.43963545714175256	0.13045573254934248	55.3510595509386	0.03135540362955489
3.2073444659774077	0.01	0.007	0.007	0.007	0.01	0.028652103753139695	0.025652766206047343	0.004892035341424591	0.0035625205442839374	0.014881021019716438	1.2435465990896992	1.3366279842847255	0.8611138516405074	0.4399429092142818	0.13267074249965108	54.99592783731115	0.031317904814793664
3.2421797213715586	0.01	0.007	0.007	0.007	0.01	0.0284663452103408	0.025486453938048985	0.004813432664469912	0.003502574631472344	0.014854618539389361	1.2508828135483034	1.3429114578138706	0.8623681896147055	0.4402281806199935	0.1348864058188917	54.63994331327327	0.0312801175872287
3.277328348676752	0.01	0.007	0.007	0.007	0.01	0.028280136751268285	0.02531973884655405	0.004736211948117267	0.003443769565732622	0.014825070772115832	1.2581868358398218	1.3491315858143373	0.8635940352354006	0.4404914662578909	0.13710229086683012	54.28309181635574	0.03124203664213475
3.3127963096596966	0.01	0.007	0.007	0.007	0.01	0.02809347177180932	0.025152615018719432	0.004660337609827814	0.003386074144570268	0.014792461578730447	1.265458543527985	1.355287822493469	0.8647917232365852	0.44073294855228595	0.13931796555671744	53.925360632817444	0.031203656716475802
3.348589567341931	0.01	0.007	0.007	0.007	0.01	0.027906344406787888	0.024985077203281063	0.0045857754355292405	0.003329458365122427	0.014756872716620495	1.2726977771445165	1.3613795791979695	0.8659615698876034	0.44095279814285127	0.14153299734308517	53.566738463708155	0.031164972585901337
3.3847140917851446	0.01	0.007	0.007	0.007	0.01	0.027718749499776592	0.024817120783525992	0.004512492501631895	0.0032738933596364738	0.014718383886198916	1.2799043422793304	1.3674062266309044	0.8671038740690157	0.4411511745460194	0.14374695337992519	53.207215367083954	0.03112597905907159
3.4211758612186287	0.01	0.007	0.007	0.007	0.01	0.027530682597911093	0.024648741772649797	0.004440457111477397	0.0032193513420128274	0.014677072782169651	1.2870780106782527	1.373367096216007	0.8682189181341564	0.4413282267466785	0.1459594004044531	52.84678274813735	0.031086670977056412
3.457980877931338	0.01	0.007	0.007	0.007	0.01	0.02734213987140368	0.02447993674169589	0.004369638707307098	0.0031658055359425623	0.014633015127724719	1.2942185241807043	1.3792614837983252	0.8693069691582712	0.4414840938196369	0.14816990552534814	52.485433205010125	0.03104704319686532
3.495135150099277	0.01	0.007	0.007	0.007	0.01	0.027153118208953636	0.024310702904977912	0.004300007852954171	0.003113230156688724	0.014586284748131192	1.3013255919428715	1.3850886477624789	0.8703682791046335	0.44161890535783527	0.15037803496269675	52.12316071171469	0.031007090611725113
3.532644727865567	0.01	0.007	0.007	0.007	0.01	0.02696361503600362	0.024141037957362083	0.004231536116084229	0.0030616003170462146	0.014536953579026563	1.308398898130919	1.3908478157740154	0.8714030865406345	0.4417327820951063	0.15258335605331333	51.759960269877126	0.030966808112991216
3.5705156828864224	0.01	0.007	0.007	0.007	0.01	0.026773628423093353	0.02397094017127792	0.004164196062501866	0.0030108920181506193	0.014485091742578362	1.3154380986133654	1.39653818242906	0.8724116166397107	0.4418258362612419	0.1547854358713619	51.39582811646239	0.03092619061296633
3.6087541226308146	0.01	0.007	0.007	0.007	0.01	0.02658315701719275	0.02380040833523988	0.0040979611873818	0.0029610820927414238	0.014430767581106849	1.3224428243237294	1.4021589123841738	0.8733940821558004	0.44189817204889353	0.15698384193651174	51.03076159222976	0.030885233030358963
3.6473662027615403	0.01	0.007	0.007	0.007	0.01	0.026392199985352922	0.023629441703397293	0.004032805855677778	0.002912148155576479	0.014374047689959143	1.3294126840680898	1.4077091429591253	0.8743506842499528	0.44194988601536966	0.1591781427788394	50.66475903378823	0.030843930277926524
3.686358108794752	0.01	0.007	0.007	0.007	0.01	0.026200757111114636	0.02345804008185041	0.00396870529739242	0.002864068595192813	0.014314996995057432	1.336347261732747	1.413187982260243	0.8752816125127951	0.4419810674156512	0.16136790675910007	50.29781995843619	0.030802277283035043
3.725736089477688	0.01	0.007	0.007	0.007	0.01	0.026008828635641655	0.02328620368641481	0.0039056355180124842	0.0028168225020818475	0.014253678754292082	1.343246122798428	1.4185945147053503	0.8761870462358128	0.44199179858356874	0.1635527038346197	49.929944759721344	0.030760268952939165
3.7655064306191712	0.01	0.007	0.007	0.007	0.01	0.02581641539286255	0.02311393326361587	0.003843573310555925	0.0027703896732667686	0.01419015464742217	1.3501088101498688	1.423927798045674	0.8770671542008136	0.44198215522780204	0.1657321039655593	49.56113496652256	0.030717900203762583
3.805675492042014	0.01	0.007	0.007	0.007	0.01	0.025623518636789668	0.022941229936085064	0.003782496167805037	0.002724750542205838	0.014124484768257926	1.3569348509666763	1.4291868690848053	0.8779220959093732	0.4419522067370114	0.1679056790408475	49.19139291212056	0.03067516592215836
3.8462496812310527	0.01	0.007	0.007	0.007	0.01	0.025430140177188216	0.022768095324026502	0.0037223822971329964	0.0026798861856517984	0.01405672771595932	1.3637237525477255	1.434370740738581	0.8787520213463302	0.44190201646033117	0.1700730013095982	48.820721994295006	0.030632060994519834
3.887235480426337	0.01	0.007	0.007	0.007	0.01	0.025236282257507722	0.022594531435927274	0.003663210554107571	0.002635778269882346	0.013986940600296089	1.3704750073083283	1.4394784062054506	0.8795570718936735	0.44183164195467123	0.1722336447386771	48.449126441399486	0.030588580279315953
3.928639433516099	0.01	0.007	0.007	0.007	0.01	0.02504194762643442	0.022420540732619426	0.0036049604390540955	0.0025924090441105407	0.013915179112196665	1.3771880909152456	1.444508837839889	0.8803373803631047	0.44174113524576625	0.17438718419710977	48.07661144956597	0.030544718622245656
3.97046816578791	0.01	0.007	0.007	0.007	0.01	0.024847139453937624	0.022246126052115078	0.003547612047133619	0.0025497612993493676	0.013841497538522799	1.3838624658531578	1.4494609901473767	0.8810930716658685	0.4416305430272228	0.1765331963869977	47.70318302183094	0.03050047083655981
4.012728376383309	0.01	0.007	0.007	0.007	0.01	0.024651861377034113	0.022071290650580087	0.003491146059434276	0.002507818357978899	0.01376594882287738	1.390497580463947	1.454333799344315	0.8818242629235511	0.4414999068922667	0.1786712593359341	47.328848055910086	0.03045583171239752
4.055426847449346	0.01	0.007	0.007	0.007	0.01	0.02445611746743088	0.021896038173364118	0.0034355437117012705	0.0024665640467803067	0.013688584597257325	1.3970928706890446	1.4591261849457307	0.8825310638800914	0.44134926352052484	0.18080095276500946	46.95361428222518	0.030410796008477108
4.098570456607436	0.01	0.007	0.007	0.007	0.01	0.02425991218590552	0.021720372614156925	0.003380786761403708	0.002425982668907557	0.013609455206288937	1.4036477622018282	1.463837051582068	0.883213577320975	0.4411786448247353	0.18292185859594257	46.57749017650186	0.03036535844040438
4.14216615793219	0.01	0.007	0.007	0.007	0.01	0.024063250480659257	0.02154429840304521	0.0033268574961931004	0.002386059006664694	0.013528609788702675	1.4101616677173416	1.4684652873359492	0.8838718989727358	0.4409880782091167	0.1850335599066353	46.20048514836155	0.030319513702213263
4.186221017882606	0.01	0.007	0.007	0.007	0.01	0.023866137636359468	0.0213678202713583	0.003273738673811504	0.0023467782736006524	0.013446096257494109	1.4166339926251035	1.473009768052746	0.8845061182547126	0.44077758660028593	0.18713564258766738	45.82260925198676	0.03027325643009485
4.2307421934981635	0.01	0.007	0.007	0.007	0.01	0.02366857938598176	0.02119094335180208	0.00322141353608945	0.0023081261216225213	0.013361961385774113	1.4230641318495483	1.4774693553513245	0.8851163181083374	0.4405471887010892	0.1892276941670185	45.44387340057285	0.030226581226980076
4.275736954532904	0.01	0.007	0.007	0.007	0.01	0.0234705818250229	0.021013673101652607	0.003169865769587195	0.0022700886087219205	0.013276250810674331	1.4294514732534627	1.4818428992781503	0.8857025754759096	0.4402968990443397	0.19130930476266003	45.06428920192044	0.030179482640983406
4.321212673235523	0.01	0.007	0.007	0.007	0.01	0.02327215147091493	0.020836015355950532	0.003119079506123275	0.0022326521963088606	0.01318900909745653	1.4357953962747574	1.4861292376132276	0.8862649613020694	0.44002672819457445	0.19338006649351955	44.68386907238719	0.030131955177879127
4.367176838120193	0.01	0.007	0.007	0.007	0.01	0.023073295216529587	0.02065797628587302	0.0030690392959875157	0.0021958037264775535	0.013100279757793239	1.442095274009004	1.4903271975617831	0.8868035408518592	0.43973668281886014	0.19543957401773648	44.30262614780237	0.03008399328849416
4.4136370497561215	0.01	0.007	0.007	0.007	0.01	0.02287402036323501	0.02047956242832999	0.003019730102518978	0.002159530415144278	0.013010105301855613	1.4483504727281256	1.494435595690441	0.8873183737846405	0.43942676585224627	0.19748742424126478	43.920574346893325	0.030035591374987205
4.460601041404503	0.01	0.007	0.007	0.007	0.01	0.02267433454751112	0.020300780620261763	0.0029711372707793807	0.0021238198262254673	0.01291852724180978	1.454560354753811	1.4984532400780008	0.8878095144998346	0.4390969764958724	0.19952321712962998	43.53772823064388	0.02998674377129571
4.508076665747702	0.01	0.007	0.007	0.007	0.01	0.022474245814130853	0.020121638064159456	0.002923246533364742	0.0020886598732505392	0.0128255861605578	1.4607242767108586	1.5023789294085603	0.8882770120870931	0.4387473104305502	0.20154655501345675	43.154103142649035	0.029937444759008485
4.556071916148889	0.01	0.007	0.007	0.007	0.01	0.02227376254243704	0.019942142262059596	0.002876043980692505	0.0020540387949523602	0.012731321712844175	1.4668415923717322	1.506211455055773	0.8887209106393981	0.43837775978955795	0.20355704340300884	42.76971506782156	0.0298876885473716
4.604594913267945	0.01	0.007	0.007	0.007	0.01	0.022072893519806798	0.019762301081318066	0.002829516067325958	0.00201994515742536	0.01263577269363272	1.472911650946876	1.5099496002421118	0.8891412492058781	0.43798831337653793	0.20555429031363928	42.38458077329645	0.02983746928937652
4.653653917120188	0.01	0.007	0.007	0.007	0.01	0.021871647907847163	0.019582122724344547	0.0027836495928562502	0.001986367837688046	0.012538977056257151	1.4789337987002869	1.5135921413353257	0.8895380619962293	0.4375789566973868	0.20753790668670538	41.9987177436746	0.029786781071482887
4.703257329756305	0.01	0.007	0.007	0.007	0.01	0.02167003524886643	0.019401615734396516	0.0027384316929800158	0.001953296014826824	0.012440971948422575	1.4849073793194698	1.5171378483434705	0.8899113784815182	0.43714967205579736	0.20950750640650304	41.61214419348676	0.029735617913173334
4.753413708073487	0.01	0.007	0.007	0.007	0.01	0.021468065431946553	0.019220788965203406	0.002693849822033917	0.001920719154984765	0.012341793727700839	1.4908317354771041	1.5205854861081605	0.890261223560576	0.4367004385562182	0.21146270671471212	41.22487900219666	0.029683973756156272
4.804131753473162	0.01	0.007	0.007	0.007	0.01	0.021265748753425132	0.01903965163511716	0.0026498917570055014	0.0018886270121401048	0.012241478022357472	1.4967062076059965	1.5239338138527392	0.8905876175490309	0.43623123230656335	0.21340312770991846	40.83694183022775	0.029631842477528206
4.855420324871495	0.01	0.007	0.007	0.007	0.01	0.021063095882770087	0.018858213296559442	0.0026065455806211224	0.0018570096136623117	0.012140059745538376	1.502530135487385	1.5271815864092892	0.8908905763409736	0.43574202641825893	0.21532839277862278	40.44835305359175	0.029579217878929923
4.9072884349775165	0.01	0.007	0.007	0.007	0.01	0.020860117896116644	0.018676483866047873	0.002563799679663926	0.0018258572570762418	0.012037573142058711	1.5083028578647693	1.5303275543062318	0.8911701114509256	0.4352327911557064	0.2172381283785182	40.059133828257956	0.02952609369301332
4.959745253275051	0.01	0.007	0.007	0.007	0.01	0.020656826282632514	0.018494473629894956	0.0025216427374238626	0.0017951605026091777	0.011934051821379845	1.514023712878858	1.5333704643601105	0.8914262301060051	0.43470349402880515	0.21913196409627506	39.66930610242626	0.029472463583067928
5.012800109066299	0.01	0.007	0.007	0.007	0.01	0.020453232950829726	0.01831219324985932	0.0024800637264039502	0.0017649101659998041	0.011829528789892893	1.5196920385158743	1.5363090602876335	0.8916589353365019	0.4341540998850968	0.22100953271357443	39.27889262870054	0.029418321142666442
5.066462490983842	0.01	0.007	0.007	0.007	0.01	0.020249350248402413	0.018129653780906866	0.0024390519039871822	0.0017350973135319143	0.011724036489554003	1.5253071726969911	1.5391420831529325	0.8918682260517702	0.4335845710402241	0.22287047015794198	38.887917002203274	0.029363659898988523
5.120742049995761	0.01	0.007	0.007	0.007	0.01	0.020045190968338573	0.017946866676682917	0.0023985968054159213	0.0017057132551784979	0.011617606828961277	1.5308684537755042	1.541868272058228	0.8920540971357522	0.4329948673758544	0.22471441559218563	38.496403672373354	0.02930847331264193
5.1756485951133495	0.01	0.007	0.007	0.007	0.01	0.019840768382181764	0.017763843819291948	0.0023586882422954236	0.0016767495418235586	0.011510271228031891	1.5363752203177636	1.5444863645142697	0.8922165395209273	0.4323849465200318	0.2265410112699894	38.104378006833514	0.029252754784968322
5.231192096173447	0.01	0.007	0.007	0.007	0.01	0.01963609624578203	0.017580597524446788	0.0023193162956382076	0.0016481979585764252	0.011402060647947508	1.5418268116728484	1.5469950972505824	0.8923555402967186	0.4317547639573786	0.2283499026565272	37.71186630250714	0.02919649765819312
5.287382671610003	0.01	0.007	0.007	0.007	0.01	0.019431188859516613	0.017397140595385167	0.002280471319439279	0.0016200505257816008	0.011293005649439644	1.547222567126373	1.5493932064243814	0.8924710827886889	0.4311042733152246	0.23014073808299032	37.31889590120109	0.02913969523082005
5.344230586817528	0.01	0.007	0.007	0.007	0.01	0.019226061087036686	0.017213486339654225	0.0022421439359470714	0.0015922994940493855	0.011183136429118841	1.552561826236821	1.551679428484468	0.892563146690099	0.4304334265441151	0.23191316879703275	36.925495225663234	0.02908234076225766
5.4017462446040305	0.01	0.007	0.007	0.007	0.01	0.019020728401046818	0.017029648610097793	0.0022043250359851533	0.0015649373429980332	0.01107248286985566	1.557843928514537	1.5538525008257615	0.8926317081935851	0.4297421741992753	0.2336668487991016	36.531693867492045	0.029024427485434018
5.459940178873994	0.01	0.007	0.007	0.007	0.01	0.01881520691483295	0.016845641833084037	0.002167005776399834	0.0015379567779599547	0.010961074583336236	1.563068213544123	1.555911162745537	0.8926767401516044	0.4290304656967809	0.23540143483013418	36.13752264772578	0.028965948616103184
5.518823039949301	0.01	0.007	0.007	0.007	0.01	0.01860951344064708	0.01666148106077851	0.002130177582231514	0.0015113507301491237	0.010848940966915918	1.568234020493791	1.5578541562719557	0.8926982122525409	0.42829824968377256	0.23711658616019696	35.743013728952015	0.028906897370499573
5.578405574933968	0.01	0.007	0.007	0.007	0.01	0.01840366556096833	0.016477182034945435	0.002093832150716243	0.0014851123581834467	0.010736111267605129	1.5733406874139129	1.5596802270965802	0.8926960912334688	0.42754547448988456	0.23881196431195267	35.348200752130275	0.02884726698781168
5.638698610872488	0.01	0.007	0.007	0.007	0.01	0.018197681684946072	0.01629276123748261	0.0020579614521615197	0.001459235047381504	0.010622614638066243	1.5783875510269523	1.5613881258907731	0.8926703411353425	0.42677208856436977	0.24048723295262764	34.95311894501337	0.02878705074966487
5.699713028668266	0.01	0.007	0.007	0.007	0.01	0.017991581131163593	0.016108235964521177	0.0020225577350189484	0.0014337124121217482	0.01050848020710176	1.5833739459882192	1.562976609647631	0.8926209236015776	0.42597804105050785	0.24214205761620178	34.55780528107057	0.02872624200862625
5.761459722986511	0.01	0.007	0.007	0.007	0.01	0.0177853842500618	0.01592362443603402	0.001987613537019156	0.0014085383025927154	0.010393737172511824	1.5882992033576895	1.5644444430737647	0.8925477982474914	0.425163282570168	0.24377610517053713	34.16229871450735	0.02866483423033081
5.823949589057307	0.01	0.007	0.007	0.007	0.01	0.017579112447947996	0.01573894581733161	0.0019531216788826159	0.001383706799011362	0.01027841483953659	1.593162651603036	1.565790401065534	0.8924509230608014	0.4243277656817348	0.2453890441318719	33.76664022654347	0.028602821008446435
5.887193445145896	0.01	0.007	0.007	0.007	0.01	0.017372788415705533	0.01555422042382986	0.0019190752919014975	0.0013592122302604696	0.010162542773725825	1.5979636129151666	1.5670132701645076	0.8923302549499523	0.4234714462181312	0.2469805434327253	33.37087326435963	0.028540196143109164
5.951201993302375	0.01	0.007	0.007	0.007	0.01	0.017166436216013655	0.01536946979913999	0.0018854678203269106	0.00133504917438001	0.010046150875910103	1.6027014031741007	1.5681118516025272	0.8921857503446765	0.4225942841617107	0.24855027241109942	32.975043908693856	0.028476953680563077
6.015985751851036	0.01	0.007	0.007	0.007	0.01	0.016960081450070743	0.015184716864339183	0.0018522930361249148	0.0013112124679784062	0.009929269502196069	1.607375330288241	1.5690849643834104	0.8920173659298186	0.42169624493302127	0.250097900271446	32.57920119397627	0.028413087980084982
6.081554984018696	0.01	0.007	0.007	0.007	0.01	0.016753751419906843	0.014999986063292253	0.0018195450517916173	0.00128769721425246	0.009811929582339422	1.6119846929410948	1.5699314490749041	0.8918250594962608	0.42077730077521114	0.2516230956937556	32.18339742005168	0.028348593783760118
6.147919578088172	0.01	0.007	0.007	0.007	0.01	0.016547475423095193	0.014815303626512595	0.0017872183527218198	0.001264498805043903	0.009694162814569139	1.6165287767435126	1.57065017187946	0.8916087910599573	0.41983743286579117	0.2531255255997322	31.78768871794104	0.028283466332746768
6.215088956765026	0.01	0.007	0.007	0.007	0.01	0.016341284929874016	0.014630697729742917	0.001755307809009902	0.0012416129281090018	0.009576001795089112	1.621006853470063	1.5712400302234344	0.891368524055263	0.41887663307896733	0.25460485495836466	31.39213539010166	0.028217701453245942
6.283071927044964	0.01	0.007	0.007	0.007	0.01	0.016135213917867517	0.014446198793637646	0.001723808710276412	0.0012190355909037047	0.009457480238922131	1.6254181772754939	1.5716999588561769	0.8911042268804406	0.4178949066455508	0.2560607456138767	30.99680255309049	0.02815129569914079
6.35187651725768	0.01	0.007	0.007	0.007	0.01	0.015929299209744736	0.014261839786075575	0.0016927167983924046	0.0011967631428235132	0.009338633204695005	1.629761981472753	1.5720289373862093	0.8908158747049221	0.41689227507198223	0.25749285532578264	30.601760785961538	0.028084246504861878
6.42150978680405	0.01	0.007	0.007	0.007	0.01	0.015723580853113685	0.014077656562286685	0.001662028304143519	0.001174792300233395	0.009219497345917649	1.634037475067708	1.5722259992887833	0.8905034516102914	0.4158687795282208	0.25890083675884984	30.207086859795478	0.028016552362257162
6.491977574096899	0.01	0.007	0.007	0.007	0.01	0.015518102635547464	0.013893688325965199	0.0016317400011687836	0.0011531201838201424	0.00910011124311801	1.6382438372540575	1.572290242625627	0.8901669532664381	0.4148244852243031	0.26028433583748434	29.812864726605802	0.027948213054341805
6.563284221994379	0.01	0.007	0.007	0.007	0.01	0.01531291260630119	0.01370997809637324	0.001601849257221833	0.001131744353960249	0.008980515743226667	1.642380212730414	1.572220843064327	0.8898063900329688	0.4137594862172903	0.2616429904154045	29.41918652123624	0.0278792299068403
6.635432236607579	0.01	0.007	0.007	0.007	0.01	0.015108063723750538	0.013526573288005541	0.0015723541000864233	0.001110662856502938	0.008860754375599331	1.6464457055065784	1.5720170694579552	0.8894217907352862	0.41267391130766684	0.2629764285001106	29.026153804635506	0.02780960609954364
6.708421890717167	0.01	0.007	0.007	0.007	0.01	0.014903614580321242	0.013343526359633283	0.0015432532902468288	0.0010898742732955381	0.008740873817439264	1.6504393724024873	1.5716783025481968	0.8890132071373023	0.41156793087693017	0.2642842664386063	28.633878956011433	0.02773934702541916
6.782250710310539	0.01	0.007	0.007	0.007	0.01	0.01469963036000663	0.0131608956715887	0.0015145464216049403	0.001069377792641803	0.00862092450039037	1.6543602134433992	1.5712040576578337	0.888580719533082	0.4104417656138806	0.26556610616117127	28.242487011487047	0.027668460755331654
6.856912903586771	0.01	0.007	0.007	0.007	0.01	0.014496183838328852	0.012978746381050548	0.0014862340219040271	0.0010491732794140137	0.00850096124804411	1.658207163212515	1.5705940119370818	0.8881244432397303	0.40929569625649437	0.26682153283064886	27.852117584486265	0.027596958549419102
6.93239867116394	0.01	0.007	0.007	0.007	0.01	0.014293356575104854	0.01279715150995153	0.0014583176736583457	0.0010292613596667455	0.00838104403315259	1.661979080461781	1.5698480370932744	0.8876445364188714	0.40813007528740874	0.26805011202847584	27.462927156388908	0.02752485547235526
7.008693383802332	0.01	0.007	0.007	0.007	0.01	0.014091240307438186	0.012616193192152129	0.0014308001552862165	0.0010096435195026084	0.008261238860271804	1.6656747362400621	1.5689662386880021	0.8871412094411016	0.40694534081575184	0.26925138658438613	27.075091751760645	0.02745217112321881
7.085776687079927	0.01	0.007	0.007	0.007	0.01	0.013889938357774965	0.012435963934102233	0.001403685576442059	0.0009903221996351481	0.008141618664829384	1.669292804235672	1.567949002105348	0.8866147355044406	0.4057420317289058	0.27042487427238987	26.68880964291284	0.027378930420993715
7.163621411493315	0.01	0.007	0.007	0.007	0.01	0.01368956735355186	0.01225656815447732	0.0013769795476663406	0.0009713009142527647	0.008022264404731845	1.6728318481206614	1.5667970472090829	0.8860654633857955	0.404520805993142	0.2715700646964715	26.30430465283332	0.02730516455917143
7.242192486858255	0.01	0.007	0.007	0.007	0.01	0.013490258713504653	0.012078123514902518	0.0013506893108268922	0.000952584341794893	0.007903266020756593	1.676290315871918	1.5655114896240458	0.8854938310374134	0.40328245898362475	0.2726864186184768	25.921829010847944	0.02723091193808117
7.321445901334048	0.01	0.007	0.007	0.007	0.01	0.013292159810552075	0.01190076196110922	0.0013248238219840762	0.0009341783818017902	0.007784723208507154	1.679666541986115	1.5640939069049433	0.8849003795765933	0.4020279411132868	0.2737733700041874	25.541665588052464	0.02715621903692728
7.401327877872774	0.01	0.007	0.007	0.007	0.01	0.013095434411054398	0.011724630116217535	0.0012993937391041156	0.0009160901441293485	0.007666745757928684	1.6829587634045584	1.5625464046999977	0.8842857661218778	0.4007583719062561	0.27483033261878226	25.164128744363417	0.027081141064156957
7.481774686639054	0.01	0.007	0.007	0.007	0.01	0.012900261450659468	0.011549888184735261	0.001274411201979201	0.0008983277906726007	0.007549452888148594	1.6861651627482628	1.5608716707852877	0.8836507717047816	0.3994750436664808	0.27585671543444545	24.789561983314883	0.027005741998577793
7.562713703656705	0.01	0.007	0.007	0.007	0.01	0.012706830873475366	0.011376706227298743	0.0012498892580098872	0.000880900126034185	0.007432970796141653	1.689283955508063	1.5590729960550385	0.8829962983268581	0.3981794046740914	0.27685195195042483	24.418329970353813	0.026930093463751997
7.644066363774149	0.01	0.007	0.007	0.007	0.01	0.012515335342999898	0.011205256739319821	0.001225840807985194	0.0008638158484028421	0.007317427677012347	1.6923135335539905	1.5571542348317446	0.8823233481450411	0.39687301107836803	0.2778155469802125	24.050802626682902	0.026854271856119404
7.725753983561114	0.01	0.007	0.007	0.007	0.01	0.012325956049692647	0.011035701944243864	0.0012022768815797974	0.0008470823263644167	0.007202945112599113	1.695252683646283	1.5551196632720627	0.8816329742936114	0.3955574312934718	0.27874714627660946	23.687327890241157	0.02677835285720819
7.807707082748621	0.01	0.007	0.007	0.007	0.01	0.012138841873847278	0.010868175137678288	0.001179204190690005	0.0008307038658869609	0.007089625340165885	1.6981008802019735	1.5529736964860512	0.880926194900754	0.39423409221083056	0.27964662797091516	23.328191718942712	0.026702402801887157
7.889877971469197	0.01	0.007	0.007	0.007	0.01	0.011954083215686544	0.010702757256976416	0.0011566221591996374	0.000814679609375115	0.006977535158969757	1.700858620075051	1.5507204465344966	0.8802038691917451	0.3929040706168187	0.2805142047934055	22.97356785211399	0.02662646718217436
7.972255314544137	0.01	0.007	0.007	0.007	0.01	0.011771684008828429	0.010539451824347741	0.001134519877028085	0.0007990013849209148	0.006866688589790499	1.703527738916853	1.5483631405636744	0.87946654497622	0.3915678507434274	0.2813505174249885	22.623464077540426	0.026550557532023882
8.05487804659501	0.01	0.007	0.007	0.007	0.01	0.011591537937133778	0.010378163653321936	0.0011128736943184806	0.0007836520129422444	0.006757031960217755	1.7061116216916918	1.5459034738634383	0.8787143010979227	0.3902250911929647	0.2821566914773495	22.27767655906927	0.026474639137999724
8.137845806407956	0.01	0.007	0.007	0.007	0.01	0.01141341460672473	0.010218686468255436	0.0010916460943249636	0.0007686045213256285	0.0066484349712922644	1.708615237245622	1.5433410030543535	0.8779466134998251	0.38887444844572283	0.2829343369242413	21.935763267080095	0.026398622154220414
8.22132498675499	0.01	0.007	0.007	0.007	0.01	0.011236956686462955	0.01006070034410309	0.001070785889759514	0.0007538222985356046	0.006540688441797922	1.7110450034142857	1.5406726432753814	0.8771622580697515	0.3875134730330785	0.28368549334685256	21.59703846014245	0.026322356884662383
8.305553966230317	0.01	0.007	0.007	0.007	0.01	0.011061679661473567	0.009903771485700416	0.0010502286970616645	0.0007392594421555087	0.006433503689636469	1.713408614818303	1.5378921850533676	0.8763592206521778	0.38613852117898345	0.2844125630398108	21.26057218176416	0.026245629915145407
8.390860118262317	0.01	0.007	0.007	0.007	0.01	0.010886948529078138	0.009747331363149633	0.0010298947062160769	0.0007248591909969353	0.006326497835518531	1.715715171137384	1.5349894003239128	0.8755344921392817	0.3847444762422608	0.2851183352448028	20.9251454928046	0.02616814967042391
8.47772762740798	0.01	0.007	0.007	0.007	0.01	0.010711856280884861	0.009590567914475592	0.0010096752562727069	0.0007105444355702807	0.006219118803531197	1.7179765158533342	1.531947267527164	0.8746833526276167	0.3833236404093115	0.2858063735006658	20.589017150203166	0.026089486350775085
8.567074783026886	0.01	0.007	0.007	0.007	0.01	0.010534704218580902	0.009431960262365716	0.0009893745883915238	0.0006961765268417106	0.00611032539153582	1.7202133234402972	1.5287311850605427	0.8737965149352677	0.3818611961042073	0.2864828151109633	20.248925849399594	0.02600882425632774
8.661842956323696	0.01	0.007	0.007	0.007	0.01	0.010350005445673714	0.00926659588308081	0.0009683738370232671	0.0006813176617910652	0.005996744077503471	1.7224903905564097	1.525227481945655	0.872843794028404	0.38030917610061266	0.287166826955718	19.894337176211664	0.02592354062411484
8.75393037088443	0.01	0.007	0.007	0.007	0.01	0.01017363499988615	0.009108687998073985	0.0009484741533044637	0.000667242051935259	0.0058881644120587825	1.7246120901277622	1.5217356117375682	0.8719066542208646	0.378800533609993	0.28779959497402036	19.555728317025636	0.025840937357967043
8.821713710443108	0.01	0.007	0.007	0.007	0.01	0.010045736786570232	0.008994178230295897	0.0009341361695990357	0.0006571029012788393	0.0058092967400231324	1.7261183298510958	1.5191125731179274	0.8712099887313466	0.37768989745287884	0.2882459035494069	19.310174372038766	0.02578030329506279
8.886553698634343	0.01	0.007	0.007	0.007	0.01	0.0099248977256694	0.00888598865680594	0.0009206600825866581	0.0006475751405701659	0.005734712699669414	1.7275163442622166	1.51656307008811	0.8705383339500501	0.3766274752752354	0.288657818554361	19.07816903043522	0.02572243528655262
8.952548709873106	0.01	0.007	0.007	0.007	0.01	0.009803399120303098	0.008777208575395183	0.0009071786838811383	0.0006380454485076147	0.005659663242713643	1.7288973171669137	1.513928916982721	0.8698496264419086	0.37554621220203993	0.2890623654411223	18.84489306253422	0.025663669833521783
9.019831809623966	0.01	0.007	0.007	0.007	0.01	0.009681060679568863	0.008667676566900569	0.0008936723994252707	0.0006284999796896861	0.005584032397015352	1.7302627429032158	1.5112039107346136	0.869142366747451	0.37444403051083525	0.2894599094076895	18.61000019222722	0.025603895607875113
9.087695787850032	0.01	0.007	0.007	0.007	0.01	0.009559213010093574	0.008558583949057997	0.0008802875989237823	0.0006190421453176145	0.005508640992877396	1.7315975627773823	1.5084163638944466	0.8684239501550566	0.3733326209248145	0.2898460262820353	18.376045158608022	0.025543746360072766
9.155698195692048	0.01	0.007	0.007	0.007	0.01	0.00943865557610449	0.008450646497895915	0.0008671098402190335	0.0006097323215990513	0.005433985085738746	1.732893465385509	1.5055851408497711	0.8676991530573394	0.3722193302336095	0.2902183382834893	18.144563039484463	0.025483616155622058
9.22370680288382	0.01	0.007	0.007	0.007	0.01	0.009319608280749063	0.008344061097201908	0.0008541601439564188	0.0006005852606949736	0.005360203627976116	1.734148842843525	1.502716910103656	0.8669695375824381	0.3711064177531016	0.29057644382207115	17.915976183880396	0.025423622035859152
9.29169946233613	0.01	0.007	0.007	0.007	0.01	0.009202090372970862	0.008238844981131397	0.0008414374925581401	0.0005916001442287259	0.005287311602175242	1.7353643141327089	1.4998138652799593	0.8662355056162061	0.3699943358664361	0.2909205894482214	17.690321678941455	0.025363783174368187
9.359676713395727	0.01	0.007	0.007	0.007	0.01	0.009086080943439578	0.008134979429338355	0.0008289366086537685	0.0005827731494846493	0.005215299030540065	1.7365409092568012	1.4968772265014632	0.8654972126196279	0.3688831622235968	0.2912511386453608	17.467559501705992	0.02530409866666065
9.42764143512193	0.01	0.007	0.007	0.007	0.01	0.00897155547714002	0.00803244249322774	0.0008166519636700539	0.000574100281607273	0.005144153567341797	1.73767966935943	1.493908076862971	0.8647547831872344	0.36777293313652076	0.29156845615666566	17.247642702356593	0.025244565566933032
9.495595888631398	0.01	0.007	0.007	0.007	0.01	0.00885849098511174	0.007931213590505375	0.0008045783275687533	0.0005655777615629914	0.005073863685446319	1.7387815940718632	1.490907489272535	0.8640083431162259	0.3666636921058787	0.29187289307196534	17.03052725805188	0.025185181493705168
9.563541722180798	0.01	0.007	0.007	0.007	0.01	0.008746865920478354	0.007831273429998644	0.0007927107506686377	0.0005572020129488698	0.005004418634675422	1.7398476442433046	1.487876528910221	0.8632580197594089	0.3655554898359992	0.29216478775915256	16.816171911964954	0.025125944618898114
9.63148019653222	0.01	0.007	0.007	0.007	0.01	0.00863665974276065	0.007732603621577879	0.0007810445090619842	0.0005489696231438585	0.004935808180102772	1.7408787477849899	1.484816245509173	0.8625039398959332	0.36444838064551904	0.2924444676231516	16.60453733687584	0.025066853465653325
9.699412320142144	0.01	0.007	0.007	0.007	0.01	0.008527852655793821	0.007635186441508817	0.0007695750699217602	0.0005408773185442614	0.004868022446460686	1.7418758033969495	1.4817276690138226	0.8617462285105421	0.3633424203514717	0.2927122502327309	16.39558563205838	0.025007906787118762
9.767338948258862	0.01	0.007	0.007	0.007	0.01	0.008420425420289743	0.0075390046646359975	0.0007582980656859348	0.0005329219460965764	0.004801051807791995	1.7428396833025255	1.478611806456642	0.8609850079172029	0.3622376647428336	0.2929684441443118	16.189279963460883	0.024949103478125383
9.835260818986452	0.01	0.007	0.007	0.007	0.01	0.008314359277073764	0.007444041495655325	0.0007472092805810387	0.0005251004635609283	0.004734886845182468	1.743771234785448	1.4754696414501105	0.8602203975500796	0.36113416907997953	0.2932133493831229	15.98558441639346	0.02489044254246683
9.903178566833764	0.01	0.007	0.007	0.007	0.01	0.008209635909733469	0.007350280535672877	0.0007363046417037169	0.0005174099330075044	0.004669518328543965	1.74467128128692	1.4723021345937495	0.8594525139885136	0.3600319879570629	0.29344725779828934	15.784463923889398	0.024831923080006403
9.971092754239294	0.01	0.007	0.007	0.007	0.01	0.008106237382172447	0.007257705726295645	0.000725580207841225	0.0005098475127336648	0.004604937182350569	1.7455406236532436	1.469110222955405	0.85868147076459	0.358931174869364	0.29367045345010556	15.585884146861627	0.024773544258523638
10.0	0.01	0.007	0.007	0.007	0.01	0.008062622654897187	0.007218656569888101	0.0007210690065484092	0.0005066667032561162	0.004577676685399654	1.7459015415882155	1.4677443810704722	0.8583523387389428	0.35846303319655015	0.29376227623777335	15.502119748228143	0.02474873734152918
