0.0	0.01	0.007	0.007	0.007	0.01	0.0	0.0	0.0	0.0	0.0	0.0	0.0	0.0	0.0	0.0	100.0	0.035
0.006313994125317144	0.01	0.007	0.007	0.007	0.01	0.0026677763757249565	0.0058215362596757995	0.0045587503286918605	0.0016307840666676453	0.00043251691564885137	0.00012515075767248132	0.00045601169679238647	0.0004923536992912461	0.00010029169393475632	1.3700323177570484e-5	99.88669766419729	0.03499234191528041
0.010714699347713118	0.01	0.007	0.007	0.007	0.01	0.0044373757592066345	0.009473276579042124	0.007612497244195964	0.002738333601341409	0.0006762405459991274	0.00035541395280866883	0.0012760561610721758	0.0014018480649952824	0.00028660953629623844	3.733446536083737e-5	99.80780453035291	0.03498700540150113
0.017154696376387803	0.01	0.007	0.007	0.007	0.01	0.006900777321029423	0.014279585423620005	0.011905549337992523	0.004317144410377708	0.0009645940471771252	0.0008928022584518749	0.0031387660480072434	0.003534575348962008	0.0007265158859789631	8.852154081111006e-5	99.6924645302279	0.034979197408065925
0.023393346581268636	0.01	0.007	0.007	0.007	0.01	0.009151304932432526	0.018390006903041392	0.01587283656701784	0.005800148402951924	0.0011819363940265425	0.0016283251042682359	0.005612677040342523	0.006469275032243059	0.0013365337114745427	0.0001531040580906622	99.58085774594139	0.034971635193563326
0.030704055928620844	0.01	0.007	0.007	0.007	0.01	0.011628368508642016	0.022606247032214484	0.020292519106026082	0.007481349068978887	0.0013767962252265655	0.002742600382978764	0.009244314470679265	0.01094033140273969	0.0022736094258014026	0.0002431605139753751	99.45023126773211	0.034962775557029785
0.03832820525677833	0.01	0.007	0.007	0.007	0.01	0.01403885182469666	0.02640111442232874	0.02465000025808872	0.009171219786734458	0.0015277950085548695	0.004175542782112673	0.013761396240779862	0.016724710646483707	0.003496824100160086	0.0003495134839996474	99.31418682348225	0.034953538462558144
0.046659498968104895	0.01	0.007	0.007	0.007	0.01	0.01648484297344511	0.029943071195705176	0.029132055338739228	0.010945808912289547	0.0016477802630639842	0.006034642160205446	0.019424621987975035	0.024276038254140913	0.005108806444047484	0.00047631740421792587	99.1657369635776	0.034943447412504054
0.05544998423374361	0.01	0.007	0.007	0.007	0.01	0.01886799669696137	0.033096497722334264	0.03356045835163066	0.012738878929437404	0.0017374475675586722	0.008302529890058325	0.026095001748018147	0.03354655304017002	0.007107538238587357	0.0006186396831999163	99.00934564141987	0.03493280333786459
0.06481882584417856	0.01	0.007	0.007	0.007	0.01	0.021201651032872065	0.035901298768798016	0.037958056754876346	0.01456270381166566	0.0018034530504324666	0.01103714294614854	0.0338585280977014	0.04479661101093643	0.009558298296614972	0.0007769723366006328	98.84293630023664	0.034921462522093466
0.0746904372191661	0.01	0.007	0.007	0.007	0.01	0.023448869794122425	0.03833858656966711	0.04225127362912569	0.016389694465853016	0.0018500966337799958	0.01424176317586121	0.042639294420942726	0.05806423186631945	0.012479837640838574	0.0009487450794014818	98.66789936290586	0.03490951709588658
0.08510698792674866	0.01	0.007	0.007	0.007	0.01	0.025604743437946144	0.04043450049720058	0.04642367157778351	0.018215055066862777	0.0018820052079652604	0.017949350241231763	0.05244650583069486	0.07350959460337755	0.015918954680357235	0.0011335009076351606	98.48353601233308	0.034896916680888165
0.09605560515660198	0.01	0.007	0.007	0.007	0.01	0.027653720346545785	0.042206932096938224	0.05043558470673746	0.020023358459346028	0.0019028046329987876	0.02217156041300603	0.06323336466884298	0.09120354810117458	0.019904203516241517	0.0013300047906351258	98.29012689354445	0.03488367755228665
0.1075639125208341	0.01	0.007	0.007	0.007	0.01	0.02959027093235278	0.04368529572229303	0.05426390253191607	0.021805691459957453	0.0019155259747524217	0.026931385723091738	0.07498651936888487	0.11126169827012594	0.024475570228531397	0.001537914104176727	98.08724019547027	0.03486976705757205
0.1196474939666726	0.01	0.007	0.007	0.007	0.01	0.031407740332625424	0.04489809633004088	0.05788068620773215	0.02355032740872701	0.0019225076548881643	0.03224485221857959	0.08767881078039394	0.13376651557291694	0.029667103997411303	0.0017568324095198007	97.87466235356105	0.03485516717877823
0.13233909172034947	0.01	0.007	0.007	0.007	0.01	0.03310318822860445	0.045875730728257375	0.06126285835870442	0.025247198204217104	0.0019255481593354854	0.03813316241139615	0.10130015138434072	0.15881661394305552	0.03551814944926699	0.0019868103818811342	97.65188415693292	0.034839839251743665
0.1456727990965751	0.01	0.007	0.007	0.007	0.01	0.0346743716531186	0.046647286595568334	0.06438644215714272	0.026885238838886782	0.0019260031568133905	0.04461662287818595	0.11584258694952154	0.1864991567997524	0.04206714352637369	0.002228035576163809	97.41838106802481	0.03482374309526328
0.15969318325755136	0.01	0.007	0.007	0.007	0.01	0.03612071133927388	0.0472405468237146	0.06722868794668406	0.028453440965503486	0.0019249013008963234	0.05171915449479739	0.13131067276746372	0.21690666841827366	0.049355648156714026	0.0024809753744310954	97.17345492522328	0.034806826018517235
0.1744506271238262	0.01	0.007	0.007	0.007	0.01	0.0374423839372871	0.04768108663108857	0.06976650000131392	0.029940038393268146	0.001923040500933299	0.05946642350420569	0.1477167912499362	0.2501263275436007	0.05742598859938451	0.002746275743828496	96.91631803868532	0.034789028478764
0.1900041663047277	0.01	0.007	0.007	0.007	0.01	0.03864041185873371	0.04799211131776012	0.07197689941730902	0.03133268887554251	0.0019210670989955976	0.06788741427170675	0.16508423192994842	0.2862434172088571	0.06632221808450796	0.003024802011583872	96.64604625566515	0.034770280694517104
0.20641967395242042	0.01	0.007	0.007	0.007	0.01	0.039716332792075495	0.04819425675157861	0.0738367642234689	0.032618200865507006	0.0019195351819695319	0.07701352390039513	0.18344489332904454	0.32533359851372595	0.07608836220370789	0.003317602463054457	96.36161364217843	0.03475050487696564
0.22376951856274543	0.01	0.007	0.007	0.007	0.01	0.040672132275226335	0.0483056052975539	0.07532325635135298	0.0337825630070678	0.001918946360771976	0.08687821652965287	0.2028384058302979	0.36745700930499825	0.08676698151232451	0.0036259051206852973	96.06190157739924	0.03472961568651311
0.2421291749236286	0.01	0.007	0.007	0.007	0.01	0.04151010964697525	0.048341771682987575	0.07641442290211233	0.03481094799695562	0.0019197719453593043	0.09751478827779399	0.22330774616993232	0.41264389542591584	0.09839540691286808	0.003951066147132077	95.7457604847892	0.03470752435829126
0.2615719135901062	0.01	0.007	0.007	0.007	0.01	0.042232865850295405	0.048316086580336724	0.07709048535627674	0.03568797579031685	0.0019224592606809946	0.10895276890246894	0.2448927426063557	0.46087463223671554	0.1110001314560539	0.004294489310197042	95.4121036617061	0.034684145126954335
0.2821599677933186	0.01	0.007	0.007	0.007	0.01	0.042843387224716235	0.048239845065457615	0.07733594084233432	0.03639831003962204	0.0019274243631047308	0.12121206074182793	0.26761991424927467	0.5120515499861185	0.12458843389327838	0.004657486179385456	95.06005948438808	0.034659405859726614
0.3039349121456668	0.01	0.007	0.007	0.007	0.01	0.043345324971257135	0.04812258701109052	0.07714258829995323	0.03692781728209051	0.0019350348859127802	0.13429655044583336	0.29149194742975176	0.5659718135245353	0.13913940297733338	0.005041121764321114	94.68913348006524	0.03463325958799598
0.3269132228345817	0.01	0.007	0.007	0.007	0.01	0.043743433499714116	0.04797232901883454	0.07651277951819145	0.037265238883033555	0.001945591629020567	0.14819108871911177	0.31648347015568196	0.6223192282254807	0.1545992204680399	0.005446145500257013	94.2992781292702	0.03460568976275954
0.3510937939847526	0.01	0.007	0.007	0.007	0.01	0.04404393855127955	0.04779566848258534	0.07546131075162235	0.037403831324793	0.001959323022694495	0.16286626986496983	0.3425501344394483	0.6806925273467634	0.17088617793974498	0.005873123481042106	93.89075811190692	0.034576701141112685
0.3764752479900194	0.01	0.007	0.007	0.007	0.01	0.044254495243192554	0.047597784278191356	0.07401466076353914	0.037342137637259125	0.0019764028339631957	0.1782897337134001	0.36964780310355594	0.7406609148802468	0.18790403186791269	0.006322737490805484	93.46385337252447	0.034546298975628754
0.4030729303769806	0.01	0.007	0.007	0.007	0.01	0.04438367489874233	0.04738245812279963	0.07220803635122416	0.03708359860079603	0.0019969876375587315	0.19443743692160634	0.3977502967590951	0.8018160194136686	0.20555578074964423	0.006796082852223044	93.01857486934689	0.03451446868264504
0.430928614635705	0.01	0.007	0.007	0.007	0.01	0.044440258508218915	0.04715219847928126	0.07008184558301167	0.0366354708876198	0.0020212614972618123	0.2113001622362359	0.4268582968984512	0.8638000060931634	0.22375189173935767	0.00729485160919122	92.55450993217987	0.03448116433964533
0.4601138090335127	0.01	0.007	0.007	0.007	0.01	0.04443263185338206	0.04690844215466765	0.06767877156056454	0.03600766144305234	0.002049478370019866	0.22888559346315407	0.4570008288618383	0.9263124254048763	0.2424130005972453	0.007821421546952393	92.07077925708495	0.03444630490364725
0.4907287112793803	0.01	0.007	0.007	0.007	0.01	0.04436839639105596	0.04665178285013199	0.0650418840064188	0.03521183402941725	0.002081997703641441	0.24721724865927588	0.48823192589425657	0.9891030428431874	0.2614685672718719	0.008378888241452245	91.56606862186561	0.03440977566638342
0.5228955367276823	0.01	0.007	0.007	0.007	0.01	0.04425420254649536	0.04638221434175039	0.06221399157880799	0.034260997733232254	0.002119308855466862	0.26632971081843937	0.5206215912213698	1.0519518628032154	0.2808513561907379	0.008971014532028965	91.03875367612427	0.03437143643058171
0.5567374528116702	0.01	0.007	0.007	0.007	0.01	0.044095822808729986	0.046099452762845994	0.05923878813287149	0.033169919805400044	0.0021620300417684785	0.28625534781030926	0.5542329623523391	1.114625898693262	0.30048399220784144	0.009601925479557833	90.48725647410635	0.03433114678648579
0.5923236268220632	0.01	0.007	0.007	0.007	0.01	0.04389857544459601	0.04580349712413748	0.0561648688832547	0.031957032525136424	0.002210843223760577	0.30699202320416996	0.5890682591277536	1.176791775412336	0.32025016995429834	0.010275145955153032	89.91093759119288	0.034288831499659056
0.6295665017600287	0.01	0.007	0.007	0.007	0.01	0.043668208272548754	0.045495535126972894	0.05305233408671518	0.03064812137570108	0.0022663110558377923	0.3284457922040854	0.6249740463954592	1.2378885540844358	0.339950798697564	0.010991612972065188	89.31171892447381	0.03424460209445356
0.6681516809495253	0.01	0.007	0.007	0.007	0.01	0.04341165270937982	0.04517852120864837	0.049973422222369106	0.029278194295523145	0.002328654996593004	0.35039703408856254	0.6615871888193534	1.297113460982428	0.3592948860581985	0.011748062972236276	88.69511497327244	0.034198838749448096
0.7076650990935316	0.01	0.007	0.007	0.007	0.01	0.043136224993648824	0.04485610427920101	0.046995665800204665	0.02788488304316666	0.002397806687989015	0.3725806386351002	0.6984708490909165	1.3537141271919022	0.3779939077644516	0.012539106448956476	88.06808906347608	0.03415203786170974
0.7477783402564133	0.01	0.007	0.007	0.007	0.01	0.042848072611080625	0.04453111723895029	0.04416500767877055	0.026499418161527663	0.0024736562032278936	0.3947926543932738	0.7352917762668174	1.4072601715196194	0.39585736093124	0.013360696586587643	87.43607876531944	0.034104592037444544
0.7882656467848327	0.01	0.007	0.007	0.007	0.01	0.042551839334957875	0.044205475995598494	0.04150687174606609	0.025144887000938792	0.0025561080750717597	0.4168965523933713	0.7718292046528944	1.457596758266892	0.41278555942217804	0.014210525655428116	86.80277390783355	0.034056770608593814
0.8289762365361986	0.01	0.007	0.007	0.007	0.01	0.042250877075045004	0.04388043733320623	0.039031761924488956	0.023837272826452732	0.0026450680012583016	0.43880428445168174	0.8079424964699817	1.504743779442642	0.4287412028086159	0.015087555609459886	86.17060146048088	0.03400875306032342
0.8698055364496226	0.01	0.007	0.007	0.007	0.01	0.04194757873816981	0.04355685275388148	0.03674046075145931	0.022587056822899267	0.0027404155926892384	0.4604578871438066	0.843540333757647	1.5488168023471829	0.4437252495786049	0.015991487599299813	85.54120977591397	0.033960663492679746
0.9106835841196314	0.01	0.007	0.007	0.007	0.01	0.04164360568522697	0.04323527556615786	0.034627364169799245	0.021400390289909522	0.0028420036394221793	0.4818213409279287	0.8785671661143956	1.5899859165039942	0.4577637606765537	0.016922563276180077	84.91567194657159	0.033912584631076624
0.951566617520666	0.01	0.007	0.007	0.007	0.01	0.0413400750598175	0.04291603785235251	0.032682972866680794	0.02028014899765503	0.0029496605767449927	0.5028746645617754	0.912993441077668	1.6284483466474433	0.4708984435888778	0.017881424244985965	84.2946330334974	0.033864567984244
0.9924327068948108	0.01	0.007	0.007	0.007	0.01	0.04103769194792987	0.04259929256747828	0.030895596936314433	0.01922677307397809	0.003063199698791113	0.5236105113523418	0.9468099771388667	1.664412236637949	0.4831804954638399	0.018869057007662525	83.6783907197967	0.03381663918224012
1.0332775221702537	0.01	0.007	0.007	0.007	0.01	0.0407368563934774	0.04228505265987164	0.02925259503378278	0.01823898244660333	0.0031824260399172556	0.5440311050370121	0.9800229026554025	1.6980853160790632	0.4946658957972507	0.019886738778502555	83.0669707846244	0.03376880311213152
1.0741112724809803	0.01	0.007	0.007	0.007	0.01	0.04043774163016622	0.04197321955439954	0.027741193971971157	0.017314333762562133	0.003307143298119966	0.5641460004797211	1.0126499520614614	1.7296680770980124	0.5054121945408856	0.02093600754639536	82.46018218586114	0.03372104764101479
1.114955900810799	0.01	0.007	0.007	0.007	0.01	0.040140354809608376	0.04166360849564421	0.02634902489198272	0.016449654828297685	0.0034371583587809403	0.5839701512441594	1.0447172721067033	1.7593495241512547	0.5154762325866358	0.022018634260435918	81.85766618505272	0.03367334701019256
1.1558430569978935	0.01	0.007	0.007	0.007	0.01	0.03984458036108267	0.04135596699843162	0.025064433589940597	0.01564136190014673	0.003572285135183635	0.6035225051955293	1.0762570970146779	1.7873051200751575	0.5249127130145961	0.02313660997453466	81.2589321394739	0.03362566429402597
1.1968125521464552	0.01	0.007	0.007	0.007	0.01	0.039550211423844746	0.04104998896942823	0.02387664188751082	0.01488568788819287	0.0037123472888235423	0.6228249383147505	1.107305980448092	1.8136960506913404	0.5337733383283148	0.0242921414357596	80.66338491217711	0.03357795327847017
1.2379114653014467	0.01	0.007	0.007	0.007	0.01	0.03925697062046515	0.040745323460505446	0.022775803405129528	0.014178837463091332	0.0038571808556408607	0.6419015724457355	1.1379036535878704	1.8386694748410692	0.5421063957196898	0.025487661108957407	80.07034185745947	0.03353015956674765
1.2791937583552324	0.01	0.007	0.007	0.007	0.01	0.03896452310803424	0.04044157938838772	0.021752994776358264	0.013517089206250898	0.004006636795922768	0.660778372987498	1.1680923356409423	1.8623593270181007	0.5499566294983996	0.02672584982642342	79.47904196686572	0.03348222108726866
1.3207205323890199	0.01	0.007	0.007	0.007	0.01	0.03867248236195864	0.04013832546748079	0.020800164403772633	0.012896856634786565	0.004160584350381571	0.6794830568147897	1.1979165388802244	1.8848875222978783	0.5573653317499528	0.028009678413367503	78.88864570161394	0.0334340678557868
1.362560862816211	0.01	0.007	0.007	0.007	0.01	0.038380410208041414	0.03983508607220322	0.019910058977444252	0.012314720887915406	0.004318915327538583	0.6980452489707681	1.2274232619703873	1.9063653507702762	0.564370561199123	0.029342469669701676	78.29822689900278	0.03338562107225558
1.4047934870456098	0.01	0.007	0.007	0.007	0.01	0.038087810018846646	0.039531331308166634	0.019076134747157858	0.011767440524111645	0.004481550567714753	0.7164969771556414	1.256662704312147	1.9268950744274054	0.5710074762483657	0.030727993109413345	77.70675339638127	0.03333679124363475
1.4475095156189923	0.01	0.007	0.007	0.007	0.01	0.037794112636598605	0.03922646042877967	0.018292461154089643	0.011251944831750689	0.004648449374153389	0.7348735350552396	1.2856895375752035	1.946571673625167	0.5773087470384526	0.03217060363461896	77.11305468341105	0.033287475146566915
1.490816772286111	0.01	0.007	0.007	0.007	0.01	0.0374986515950281	0.03891977475865622	0.0175536152583403	0.010765311295093503	0.004819624216854392	0.753214918919514	1.3145650397342512	1.965484877727807	0.5833050722720626	0.03367545212232838	76.51576909722709	0.033237550946419066
1.5348467258181935	0.01	0.007	0.007	0.007	0.01	0.03720062200495037	0.038610434083012624	0.01685456246402274	0.01030472595809358	0.004995164238164167	0.7715681559211841	1.3433605640526083	1.9837216815074685	0.5890258442395341	0.035248813706592094	75.91325877951742	0.03318687038790993
1.579766011022359	0.01	0.007	0.007	0.007	0.01	0.03689901096418763	0.03829738377227903	0.016190509000086103	0.00986741884314478	0.005175274802086089	0.7899912086301736	1.3721633672813305	2.001369822383774	0.5945000834993263	0.03689862581607877	75.30346757241213	0.033135245800483375
1.6257968951627548	0.01	0.007	0.007	0.007	0.01	0.0365924726658877	0.03797922470981885	0.015556691720473088	0.009450553650398093	0.005360348931957004	0.8085599672178266	1.4010870668395692	2.0185232826996367	0.5997579274031889	0.03863543443727068	74.68366739358518	0.03308242699104201
1.6732571748937157	0.01	0.007	0.007	0.007	0.01	0.036279083278520544	0.03765395857508985	0.01494802059428286	0.009051018630054223	0.005551109011150714	0.8273819915145664	1.4302922349054437	2.03529240234842	0.6048333734362771	0.040474223604952834	74.04996159164807	0.03302805615682184
1.7226492070099109	0.01	0.007	0.007	0.007	0.01	0.03595579095187179	0.03731841680037365	0.014358329875519424	0.008664963160983473	0.005748928298959813	0.8466274435576329	1.4600328582451845	2.051826023442196	0.6097703071207816	0.04243846588694472	73.39617158350877	0.03297156717912629
1.7749082210245148	0.01	0.007	0.007	0.007	0.01	0.0356168734234316	0.036966659604945454	0.013778310669370443	0.00828648560679008	0.005956742399168802	0.866616231675961	1.490787568523946	2.068373740511218	0.6146395529122806	0.044571316739000715	72.71071562392173	0.03291190446058573
1.832386248743508	0.01	0.007	0.007	0.007	0.01	0.03524780264297281	0.03658360812716342	0.013187266020119435	0.007902354287141937	0.006182704675856744	0.8881658631948229	1.5237844683822366	2.085535470982512	0.6196075593404718	0.04697968235590137	71.96419455777706	0.03284640799824845
1.8967279239629267	0.01	0.007	0.007	0.007	0.01	0.03483920252864303	0.03615953083725666	0.012577724046997462	0.00750811336178503	0.006431352198446499	0.911758948267682	1.5597130794147904	2.1035583401895983	0.6247275632258599	0.04974982293231869	71.13761719054507	0.03277324498508427
1.9504785441478962	0.01	0.007	0.007	0.007	0.01	0.03450150078240105	0.0358090377986784	0.01210627503175301	0.007204699268259326	0.006634826678360916	0.9310483199510895	1.58892836074657	2.1177271669189586	0.6286769152430924	0.05212094188309106	70.45438287853646	0.032712250026823014
2.005734863078844	0.01	0.007	0.007	0.007	0.01	0.03415775737612108	0.03545227445726742	0.011653833988493765	0.006914885022245049	0.0068392916037139226	0.9504875804319591	1.6182196879539634	2.131513764677403	0.6324505009586674	0.05460942006451427	69.75884909295158	0.0326496647679204
2.0574974644568425	0.01	0.007	0.007	0.007	0.01	0.033838861321339384	0.03512129967982174	0.011256917100629309	0.006661822147202249	0.007026007733294114	0.9683455178163782	1.6449896990676784	2.143760480005212	0.635741060818138	0.05698460659130724	69.11352235006488	0.032591145242990054
2.1088030684601877	0.01	0.007	0.007	0.007	0.01	0.033525724276581834	0.03479630206216726	0.010886937617487442	0.006426990233168527	0.007206048806410327	0.9857159003799952	1.6708968528642891	2.1553025837247612	0.6387854060219849	0.05937814857503772	68.47978415268412	0.03253324587329412
2.158364340851509	0.01	0.007	0.007	0.007	0.01	0.033225990674412814	0.03448521554622704	0.01054985103086805	0.006213964137763822	0.007374887598123272	1.0021895088311255	1.6953419873600883	2.1659227842790556	0.6415343570168971	0.06172494277705038	67.87311098303262	0.03247741269174869
2.2071526875439407	0.01	0.007	0.007	0.007	0.01	0.03293355403640652	0.034181702344331356	0.010235966425667053	0.0060164253777222725	0.007535943186859245	1.0181175413746406	1.7188582674043735	2.1758988669794896	0.6440677940174849	0.06406593996707384	67.28114887793244	0.032422543839783415
2.2548786917708994	0.01	0.007	0.007	0.007	0.01	0.032649980401698725	0.03388738780285926	0.009944831457601463	0.005833934715295606	0.007688332303831295	1.0334264621465328	1.7413462133753437	2.185224044570401	0.6463902563580027	0.06638322528916503	66.70707222845907	0.03236895942370833
2.3019143833047537	0.01	0.007	0.007	0.007	0.01	0.03237290205841249	0.03359981452479717	0.009672178324991197	0.005663680914871825	0.007833351178970467	1.0482549850321656	1.7630181273707568	2.194017249912026	0.6485370460660979	0.06869117076107385	66.14609181571741	0.032316236703870016
2.348239982101251	0.01	0.007	0.007	0.007	0.01	0.03210230963223506	0.033318972779424055	0.009416510836945575	0.005504616160243147	0.00797103270878589	1.0626125789312872	1.7838949063587919	2.202312331420824	0.6505212103198993	0.07098563535877517	65.59819199049008	0.03226439387404918
2.39403039855425	0.01	0.007	0.007	0.007	0.01	0.031837070315040586	0.03304368685124887	0.009175490382081966	0.005355187105477286	0.008101998886743953	1.0765673483147695	1.8040819311021143	2.210173083166707	0.6523622737094847	0.07327241830977622	65.06108199948594	0.03221323169799116
2.4393311259480983	0.01	0.007	0.007	0.007	0.01	0.03157682814839066	0.03277358729996667	0.008947729601069982	0.0052144496286592	0.008226474157831926	1.0901448661625688	1.8236216534789884	2.217634676118056	0.6540721908646077	0.07555124054248559	64.53404356038608	0.032162696489719936
2.484242292144655	0.01	0.007	0.007	0.007	0.01	0.03132092788292394	0.03250799405824704	0.008731740854713881	0.005081411613120155	0.008344827531013427	1.103385379977396	1.8425768548171058	2.2247373091191234	0.6556634978186743	0.07782481610572844	64.01575191013632	0.032112674115154116
2.5288176042954866	0.01	0.007	0.007	0.007	0.01	0.031068995860139427	0.03224651931565251	0.008526424183629592	0.00495533240882366	0.008457289147279628	1.1163135230898862	1.8609870608068293	2.2315098999750465	0.6571456327842274	0.08009374536521964	63.505452198419086	0.03206310274635977
2.57312343816798	0.01	0.007	0.007	0.007	0.01	0.030820598828973474	0.031988713411884445	0.008330744212756296	0.00483552105236658	0.008564112481121757	1.128956238126683	1.8788944358770359	2.2379803841291195	0.6585273796700266	0.08235945116962066	63.002268573975826	0.03201390688885592
2.617207342730591	0.01	0.007	0.007	0.007	0.01	0.030575420838322428	0.031734248429576666	0.008143856490481745	0.004721412180671563	0.0086654943911607	1.1413337837723292	1.8963310454891125	2.2441713306807256	0.6598159726386005	0.08462254939017753	62.50556251930427	0.03196503237234634
2.6611175182818827	0.01	0.007	0.007	0.007	0.01	0.030333151638736018	0.03148280236884255	0.0079650001910843	0.004612498687734659	0.008761625318416823	1.153465562072548	1.9133272400596042	2.250103305744925	0.6610178941683341	0.08688381500331545	62.014706841916755	0.031916424638712845
2.7048934578125445	0.01	0.007	0.007	0.007	0.01	0.030093537570107323	0.03123411196250516	0.007793524188638857	0.004508346456974309	0.008852668559552601	1.165367628126409	1.929908214976048	2.2557938709561	0.6621387180000946	0.08914368188075399	61.529188797996554	0.031868039078841046
2.7485723038276144	0.01	0.007	0.007	0.007	0.01	0.02985634505383145	0.030987934785402318	0.007628848376962746	0.004408569752887261	0.008938776042736022	1.1770546080545334	1.9460967782509029	2.261258754648436	0.6631833979662923	0.09140255209772213	61.048536160481355	0.031819833945587093
2.7921859190201173	0.01	0.007	0.007	0.007	0.01	0.029621375623341537	0.030744064854275138	0.0074704655206115035	0.004312831509446374	0.009020083354995335	1.1885390172724934	1.9619124591224737	2.2665117027114916	0.6641562784469693	0.09366063091852982	60.57234770028512	0.03177177355700125
2.8357637310995347	0.01	0.007	0.007	0.007	0.01	0.0293884495023278	0.030502315583962072	0.0073179222106697205	0.004220831079130724	0.00909671663179664	1.1998321307798478	1.9773727696630472	2.271565040260297	0.6650612378714065	0.09591806237082494	60.10025993327487	0.03172382512259981
2.879331886882769	0.01	0.007	0.007	0.007	0.01	0.029157409436402562	0.03026252376421933	0.007170815418088217	0.004132301568844218	0.009168791839336833	1.2109438426453434	1.9924930543243171	2.276429729449511	0.6659017285663443	0.09817487626650007	59.63195490412558	0.03167595965040171
2.9229143774559936	0.01	0.007	0.007	0.007	0.01	0.028928114007741545	0.030024542621139023	0.007028782976351934	0.00404700360550383	0.009236417623257576	1.2218830326574035	2.007287031686884	2.281115639171259	0.66668085111065	0.10043103890275264	59.16714665372416	0.03162815068542255
2.9665329698338176	0.01	0.007	0.007	0.007	0.01	0.028700437458016214	0.029788241633387495	0.0068914992606035905	0.0039647223223898105	0.00929969585747098	1.2326576094977992	2.0217668858847557	2.285631650811009	0.6674013945717535	0.10268644332180177	58.705580874178146	0.03158037436600245
3.0102077089811314	0.01	0.007	0.007	0.007	0.01	0.02847426656895925	0.02955350329461908	0.0067586696838123185	0.0038852637012674143	0.009358723026057104	1.2432746901140017	2.0359435383696587	2.289985809601569	0.6680658810903501	0.10494093018699877	58.24702859769992	0.031532608856406845
3.05395703714612	0.01	0.007	0.007	0.007	0.01	0.028249499638793755	0.029320222051143135	0.0066300270850180865	0.003808452108103876	0.009413590884162572	1.2537406739841355	2.049826772605232	2.2941854186059194	0.6686765976965159	0.10719428971340879	57.79128413197365	0.03148483420219774
3.097798090252913	0.01	0.007	0.007	0.007	0.01	0.028026044599921283	0.02908830234831932	0.006505328074964816	0.003734127850103318	0.009464387276782052	1.2640613539335555	2.063425403913344	2.298237138101151	0.6692356263246908	0.10944627343788113	57.338161252950236	0.03143703199402834
3.141746802099144	0.01	0.007	0.007	0.007	0.01	0.027803818185705643	0.028857657765787272	0.006384350387083682	0.003662145373100411	0.009511196617422798	1.2742419743254083	2.076747375738427	2.3021470552037324	0.6697448670323081	0.11169659662721201	56.887491523270526	0.03138918524357701
3.1858181192012647	0.01	0.007	0.007	0.007	0.01	0.027582744576922176	0.02862820961264996	0.006266890256408615	0.0035923715083513775	0.009554100431302828	1.2842873105110482	2.089799881154112	2.305920755097719	0.6702060594776574	0.11394494682215793	56.43912155442655	0.03134127814041363
3.2300260827169494	0.01	0.007	0.007	0.007	0.01	0.02736275476476068	0.028399886266353497	0.006152760466478027	0.0035246841448731193	0.00959317768627922	1.2942017127523473	2.102589435113024	2.3095633725907754	0.6706208000100408	0.11619098591470658	55.99291172095788	0.031293295955227146
3.274383976232716	0.01	0.007	0.007	0.007	0.01	0.02714378561453329	0.028172622200933223	0.006041788457779975	0.0034589709615581647	0.009628505143684287	1.3039891617682977	2.115121959782188	2.313079643301449	0.6709905572560924	0.11843435588508386	55.54873426682723	0.03124522487259114
3.318904402461073	0.01	0.007	0.007	0.007	0.01	0.026925779315436712	0.027946357415937463	0.0059338148310650474	0.0033951284135591087	0.009660157596475507	1.3136533049302295	2.12740284286691	2.316473943454671	0.6713166850344103	0.12067468114308867	55.106472194024725	0.031197051902102535
3.363599385908171	0.01	0.007	0.007	0.007	0.01	0.026708682726265958	0.027721036757360658	0.00582869195643913	0.003333060798183903	0.00968820809403663	1.3231974956036152	2.139436998382506	2.319750327340402	0.6716004338880811	0.12291157237435293	54.66601793948931	0.031148764762276432
3.408480430997962	0.01	0.007	0.007	0.007	0.01	0.026492446961965503	0.027496609488536685	0.0057262828391008175	0.003272679487096213	0.009712728102690053	1.3326248204322895	2.1512289106243676	2.322912557487328	0.6718429608820294	0.12514462828986686	54.227272540032686	0.03110035181350061
3.453558600867613	0.01	0.007	0.007	0.007	0.01	0.0262770268978425	0.0272730287755745	0.0056264600599634325	0.0032139022151441094	0.009733787655155136	1.3419381291244155	2.162782680088035	2.3259641331512264	0.6720453383695555	0.12737343853696284	53.790144629748504	0.031051801969342173
3.498844566500099	0.01	0.007	0.007	0.007	0.01	0.026062380834264952	0.027050251339357734	0.005529104893044608	0.003156652484215512	0.009751455459870814	1.3511400561887386	2.174102058162156	2.3289083138297815	0.6722085615566902	0.12959758522436354	53.35454976260451	0.0310031046405314
3.544348664989969	0.01	0.007	0.007	0.007	0.01	0.025848470131740752	0.026828237076802722	0.005434106493980521	0.0031008590182534635	0.009765798997186388	1.3602330430962102	2.185190481402802	2.3317481410072123	0.6723335552425401	0.13181664498020385	52.92040967457413	0.030954249669652715
3.5900809339525677	0.01	0.007	0.007	0.007	0.01	0.025635258971723536	0.02660694881260598	0.005341361219329126	0.0030464553032619702	0.009776884590998614	1.369219354289201	2.196051097383352	2.334486456254704	0.6724211797170079	0.1340301899019732	52.48765180059229	0.030905227291986352
3.636051170484873	0.01	0.007	0.007	0.007	0.01	0.025422714013534176	0.0263863519431711	0.005250771964019439	0.0029933791450177482	0.009784777474681641	1.3781010969233536	2.2066867943161337	2.3371259190218234	0.6724722360618803	0.13623778975056308	52.056208580384656	0.030856028070451035
3.6822689479271853	0.01	0.007	0.007	0.007	0.01	0.025210804258581004	0.02616641429568781	0.005162247645306009	0.0029415723188939468	0.009789541834941904	1.386880231256297	2.2171002186555877	2.339669020272044	0.6724874707848517	0.13843901213544418	51.626017184791074	0.030806642876210398
3.7287436603406463	0.01	0.007	0.007	0.007	0.01	0.02499950079377869	0.02594710586183265	0.0050757026822206685	0.002890980222377755	0.009791240854216567	1.395558585630465	2.2272937976798657	2.342118096415004	0.6724675800148562	0.14063342407641827	51.19701899668687	0.03075706283991359
3.7754845552768166	0.01	0.007	0.007	0.007	0.01	0.02478877659844939	0.02572839859735675	0.004991056546026686	0.0028415515739377184	0.009789936741110221	1.4041378682852232	2.2372697576587806	2.344475341255719	0.6724132132158217	0.14282059301206507	50.76915922054114	0.030707279315860297
3.822500757666791	0.01	0.007	0.007	0.007	0.01	0.024578606398829098	0.02551026627108197	0.004908233367601376	0.002793238149335746	0.009785690754273938	1.4126196768025647	2.2470301387453717	2.3467428163949133	0.672324976516194	0.1450000874045517	50.342386588448825	0.030657283855948094
3.869801306647283	0.01	0.007	0.007	0.007	0.01	0.024368966471405986	0.02529268426079049	0.004827161557783041	0.0027459945292022344	0.0097785632197989	1.4210055092445548	2.256576811350559	2.348922461291039	0.6722034356695716	0.14717147795313468	49.916652962099235	0.03060706817015378
3.9173951456180736	0.01	0.007	0.007	0.007	0.01	0.024159834659649895	0.0250756295705895	0.004747773539623863	0.002699777915100111	0.009768613551216752	1.429296766418595	2.265911481992762	2.3510161003088625	0.6720491188287857	0.14933433666537663	49.49191336794964	0.03055662413693815
3.965291181902117	0.01	0.007	0.007	0.007	0.01	0.02395119008688982	0.024859080532912543	0.004670005388399702	0.0026545478947011462	0.009755900256693664	1.4374947660362765	2.2750357123614466	2.353025452262649	0.6718625188851083	0.1514882391366272	49.0681254152298	0.030505943739969614
4.013498293449479	0.01	0.007	0.007	0.007	0.01	0.02374301311066572	0.024643016761143024	0.004593796589454461	0.0026102662782221497	0.009740480948780387	1.4456007468783845	2.2839509265667126	2.354952136746231	0.6716440956715939	0.15363276437696288	48.64524920417753	0.030455019061383346
4.062025354947696	0.01	0.007	0.007	0.007	0.01	0.02353528519604701	0.024427419018134548	0.0045190897853297374	0.002566896930875128	0.009722412348613459	1.4536158759549127	2.2926584214785106	2.356797680737271	0.6713942778969328	0.15576749552088565	48.22324706960339	0.030403842254678338
4.1108812483259065	0.01	0.007	0.007	0.007	0.01	0.023327988860888355	0.024212269159393576	0.0044458305676973835	0.0025244056333869136	0.009701750293137834	1.461541252640798	2.3011593734386535	2.358563524023698	0.6711134649541708	0.15789201983413237	47.8020834704841	0.030352405534326145
4.160074902963264	0.01	0.007	0.007	0.007	0.01	0.023121107499152267	0.02399754994970945	0.004373967242599063	0.0024827599288586434	0.009678549728482576	1.469377917276975	2.3094548494892484	2.360251025214162	0.6708020283859607	0.1600059300031847	47.381724631736375	0.030300701134317456
4.2096152909027635	0.01	0.007	0.007	0.007	0.01	0.02291462539999205	0.02378324508296102	0.00430345068020996	0.002441929020290924	0.009652864720266724	1.4771268520718364	2.3175458100351447	2.3618614656323698	0.6704603134379419	0.16210882344384728	46.96213858361637	0.030248721314332618
4.259511471672369	0.01	0.007	0.007	0.007	0.01	0.02270852756174783	0.02356933898906646	0.0042342341063522524	0.0024018836357971875	0.009624748440232367	1.4847889896187363	2.325433119347471	2.3633960545237027	0.6700886401616047	0.16420030372990826	46.54329478433673	0.03019645831396994
4.309772588328032	0.01	0.007	0.007	0.007	0.01	0.02250279971467961	0.02335581685757816	0.00416627297835755	0.002362595943993961	0.009594253175666437	1.4923652133598209	2.333117547325767	2.3648559322238367	0.6696873046991108	0.16627997990964027	46.12516416674491	0.03014390435844725
4.360407913910889	0.01	0.007	0.007	0.007	0.01	0.02229742813916873	0.02314266444899707	0.004099524802970654	0.0023240394370280812	0.009561430310219244	1.4998563655121953	2.340599778723158	2.3662421745389364	0.6692565800757821	0.16834746791369068	45.70771876927302	0.03009105161171575
4.411426851907626	0.01	0.007	0.007	0.007	0.01	0.022092399678156866	0.022929868107683302	0.004033949029541556	0.0022861888582195503	0.0095263303300668	1.5072632476198	2.3478804145387655	2.367555795372265	0.6687967172200598	0.1704023900023589	45.290931761552734	0.03003789217800293
4.462838964088707	0.01	0.007	0.007	0.007	0.01	0.02188770164101039	0.02271741466207866	0.003969506916019887	0.002249020114922119	0.009489002813864804	1.5145866249886395	2.3549599771603953	2.368797749866077	0.6683079456697637	0.17244437532117785	44.87477724930153	0.029984418074949216
4.514654006274477	0.01	0.007	0.007	0.007	0.01	0.021683321682260576	0.022505291298852887	0.00390616139658946	0.002212510193231977	0.009449496414450208	1.5218272317984736	2.3618389157826614	2.3699689373481463	0.6677904740761093	0.17447306070053992	44.45923002801382	0.029930621198872413
4.56688193059847	0.01	0.007	0.007	0.007	0.01	0.02147924781834668	0.022293485580281252	0.0038438770004172416	0.0021766371029610376	0.0094078588646675	1.5289857711368282	2.3685176066685014	2.371070203185268	0.6672444909329964	0.17648809007850136	44.04426561714005	0.029876493325170374
4.619532933495471	0.01	0.007	0.007	0.007	0.01	0.02127546826846231	0.02208198527906121	0.0037826197227278863	0.0021413797958364203	0.009364136948526896	1.5360629211398804	2.3749963589825858	2.3721023414146165	0.6666701647665593	0.17848911566787573	43.629859936562916	0.0298220260615433
4.672617463082664	0.01	0.007	0.007	0.007	0.01	0.021071971460662357	0.021870778384650576	0.003722356953589719	0.0021067181176041617	0.009318376503297698	1.5430593351414685	2.3812754146747936	2.3730660961947274	0.6660676446464	0.18047579747637998	43.21598931900689	0.029767210843709965
4.726146269699046	0.01	0.007	0.007	0.007	0.01	0.020868745876213218	0.021659852941720487	0.0036630573639835897	0.0020726327361289525	0.009270622385933383	1.5499756473062225	2.3873549531201643	2.37396216385453	0.6654370601481965	0.18244780440515995	42.80263019342223	0.02971203888683176
4.780130411690727	0.01	0.007	0.007	0.007	0.01	0.020665780072201052	0.0214491970736201	0.0036046908506708487	0.0020391051038582218	0.009220918477459473	1.5568124719586904	2.3932350897534387	2.374791193844198	0.6647785217362511	0.18440481358750016	42.389759130807214	0.02965650118358772
4.834581315971877	0.01	0.007	0.007	0.007	0.01	0.02046306250210432	0.021238798796150638	0.0035472284271351154	0.00200611738977092	0.009169307638952556	1.563570409654625	2.3989158803455024	2.37555379036887	0.664092120430021	0.18634651167161606	41.97735247900984	0.029600588446203783
4.8895108045358775	0.01	0.007	0.007	0.007	0.01	0.020260581474196522	0.021028645974391618	0.0034906421603135653	0.0019736524381057433	0.009115831696933802	1.5702500483497892	2.404397320533581	2.3762505131393756	0.6633779277786498	0.18827259473253716	41.56538627774672	0.02954429108413946
4.944931129550156	0.01	0.007	0.007	0.007	0.01	0.020058325084163265	0.020818726252764458	0.003434905104031422	0.001941693725588504	0.009060531422009695	1.576851965314125	2.409679345705454	2.3768818780403476	0.6626359956690777	0.19018276841145398	41.15383612108812	0.029487599173413755
5.000855036206606	0.01	0.007	0.007	0.007	0.01	0.01985628105519116	0.02060902688906177	0.0033799912115368034	0.0019102253070567366	0.009003446479924071	1.5833767318721086	2.414761832702875	2.3774483578374466	0.6618663556836439	0.19207674889144044	40.7426768315429	0.029430502398145562
5.057295787002476	0.01	0.007	0.007	0.007	0.01	0.019654436728585818	0.020399534744709114	0.003325875293922484	0.0018792317877443362	0.008944615421326192	1.5898249130214166	2.4196445969447242	2.377950382155352	0.6610690188931259	0.19395426240755104	40.33188244030323	0.02937299003222851
5.1142672481243565	0.01	0.007	0.007	0.007	0.01	0.019452778840486202	0.02019023605301838	0.003272532924492566	0.0018486982649079226	0.008884075608704236	1.5961970737479816	2.424327394257779	2.3783883377960695	0.6602439747165779	0.19581504671324762	39.921425732053514	0.029315050858340404
5.171783926188825	0.01	0.007	0.007	0.007	0.01	0.019251293489955155	0.019981116386068042	0.0032199403992049145	0.0018186103018828987	0.008821863194619332	1.6024937789214062	2.4288099171264963	2.378762568237357	0.6593911903795981	0.19765885069440092	39.51127817906709	0.029256673138486206
5.229861065102266	0.01	0.007	0.007	0.007	0.01	0.019049965907202298	0.019772160414142738	0.0031680746480358736	0.0017889538743175264	0.008758013037163274	1.6087155992583635	2.4330917947739388	2.3790733732756997	0.6585106094195692	0.1994854357624248	39.10140946831739	0.02919784452432921
5.288514704694229	0.01	0.007	0.007	0.007	0.01	0.018848780372810205	0.019563351821897543	0.00311691319037866	0.0017597153418708981	0.00869255865691089	1.6148631122063026	2.4371725887354923	2.3793210079968246	0.6576021506468355	0.20129457577127033	38.69178733572847	0.029138552007510764
5.3477617939895294	0.01	0.007	0.007	0.007	0.01	0.018647719964701995	0.019354673045736077	0.0030664340499915355	0.0017308813970209444	0.008625532135257108	1.6209369078224745	2.441051791012521	2.37950568164883	0.6566657061797257	0.20308605840428556	38.28237704950317	0.02907878181585694
5.407620270486152	0.01	0.007	0.007	0.007	0.01	0.01844676644270754	0.019146105154000937	0.0030166157094181833	0.001702439036667487	0.008556964051907536	1.6269375900283518	2.444728818062735	2.379627555897522	0.6557011398873045	0.20485968520424752	37.8731411733119	0.029018519345440467
5.468109204594571	0.01	0.007	0.007	0.007	0.01	0.018245899934563686	0.018937627521073825	0.0029674370187252348	0.0016743755078559013	0.008486883350868783	1.6328657834346787	2.4482030071915344	2.37968674280542	0.6547082846860369	0.20661527324447898	37.464038924840686	0.028957749028537556
5.529248919471558	0.01	0.007	0.007	0.007	0.01	0.018045098733140228	0.018729217616915313	0.0029188771369574847	0.0016466782724032692	0.008415317236482976	1.6387221362691342	2.451473609013735	2.379683302146398	0.6536869400828379	0.20835265564732858	37.05502576043594	0.028896454228391974
5.591061175854407	0.01	0.007	0.007	0.007	0.01	0.017844338909214528	0.01852085060516384	0.0028709154333845014	0.0016193349487847943	0.00834229099730734	1.6445073281422888	2.4545397810756566	2.379617238144595	0.6526368684996716	0.21007168352750394	36.64605258363798	0.02883461707094437
5.653569347003401	0.01	0.007	0.007	0.007	0.01	0.017643593995538297	0.018312499015227485	0.0028235314119342447	0.0015923332674596252	0.008267827844996448	1.6502220749606202	2.4574005777408736	2.3794884954243174	0.6515577915759491	0.2117722270793925	36.237065098368134	0.028772218289259834
5.716798655392508	0.01	0.007	0.007	0.007	0.01	0.01744283451356869	0.01810413225107769	0.00277670460393306	0.0015656610083277197	0.008191948685421953	1.6558671375421832	2.4600549396643205	2.379296954054142	0.6504493852282892	0.21345417774598952	35.82800284098822	0.028709237009323842
5.780776433087152	0.01	0.007	0.007	0.007	0.01	0.017242027477474324	0.017895716076455907	0.0027304144626229014	0.0015393059394135137	0.008114671867648176	1.661443329826627	2.4625016800426502	2.3790424235080625	0.6493112740628956	0.21511745024396395	35.41879816528437	0.02864565051605213
5.84553245151162	0.01	0.007	0.007	0.007	0.01	0.01704113574067676	0.017687211936648014	0.002684640228834642	0.001513255739336709	0.008036012857710325	1.6669515302823559	2.46473946876869	2.378724635227715	0.6481430243018037	0.2167619855083409	35.009374905689214	0.028581433954757006
5.911099317796999	0.01	0.007	0.007	0.007	0.01	0.01684011721145653	0.017478576144360485	0.002639360776106755	0.0014874979083196367	0.007955983841976154	1.672392695395043	2.4667668129122915	2.3783432334522474	0.6469441351926317	0.21838775421544002	34.59964677252713	0.028516559972108124
5.977512961765787	0.01	0.007	0.007	0.007	0.01	0.016638923882599917	0.017269758872589327	0.0025945544247465784	0.0014620196617788036	0.007874593233521578	1.6777678763540873	2.4685820328054806	2.3778977638412733	0.6457140283886005	0.21999476120311107	34.18951536684734	0.028450998274147845
6.0448132358620335	0.01	0.007	0.007	0.007	0.01	0.016437500632515666	0.017060702910297317	0.002550198718012774	0.0014368078026577881	0.007791845057828847	1.6830782395640664	2.470183232375955	2.377387659291248	0.6444520347863991	0.2215830509570381	33.77886772768021	0.028384715081152635
6.113044685335331	0.01	0.007	0.007	0.007	0.01	0.016235783659290976	0.016851342037118966	0.002506270133447175	0.001411848557221295	0.007707738152363236	1.688325093954827	2.471568262512655	2.3768122219213543	0.6431573776179313	0.22315271502715597	33.3675731287778	0.02831767242529608
6.182257506465538	0.01	0.007	0.007	0.007	0.01	0.016033698541136707	0.016641599010294144	0.002462743733055775	0.0013871273764908415	0.007622265165018096	1.6935099242909055	2.47273467421009	2.376170600251711	0.6418291512761106	0.22470390110029062	32.95547911075446	0.02824982727697296
6.252508841800206	0.01	0.007	0.007	0.007	0.01	0.015831157546915508	0.01643138277326379	0.0024195926774473516	0.001362628660879149	0.007535411177603749	1.698634438924555	2.4736796594955326	2.375461759170532	0.6404662927959365	0.2262368262053909	32.5424059803372	0.028181130358057912
6.323864446342892	0.01	0.007	0.007	0.007	0.01	0.015628056190839373	0.016220584879788096	0.002376787613210126	0.0013383354134626233	0.007447151926781537	1.7037006301505104	2.474399973398093	2.3746844407039664	0.6390675449711809	0.22775179342801277	32.12813976316855	0.02811152461557627
6.3964010214184945	0.01	0.007	0.007	0.007	0.01	0.015424268304174338	0.016009074378868567	0.0023342957926421877	0.0013142287421277058	0.007357451277292463	1.7087108628394387	2.4748918310306793	2.373837110341218	0.6376314048620001	0.22924921671477416	31.712422125083567	0.028040943074991324
6.470209433290939	0.01	0.007	0.007	0.007	0.01	0.0152196392073995	0.015796690728132553	0.0022920798608771255	0.0012902871740971967	0.007266257712413284	1.7136679973635414	2.4751507663324306	2.3729178829920277	0.6361560526627668	0.23072965539664048	31.294936408911674	0.027969305875994395
6.5453994121771855	0.01	0.007	0.007	0.007	0.01	0.01501397560860227	0.01558323330938358	0.0022500960570161605	0.001266485639619621	0.007173499158557632	1.7185755741174293	2.4751714335399857	2.3719244164197857	0.6346392480196014	0.23219386632132824	30.875286978533474	0.027896515933106217
6.622106641780458	0.01	0.007	0.007	0.007	0.01	0.014807030200231299	0.01536844544158635	0.002208291466626047	0.0012427939200751388	0.0070790751090636025	1.7234380978610233	2.4749473165748306	2.3708537522208113	0.6330781737593348	0.23364288455426352	30.45296772461775	0.027822452373988844
6.700504043035403	0.01	0.007	0.007	0.007	0.01	0.014598476860903995	0.015151988642860348	0.002166599584262165	0.0012191741417680218	0.006982843979640762	1.7282615009493145	2.4744702827652967	2.369702066066053	0.6314691875620815	0.23507815542811097	30.027311365607577	0.027746960071017915
6.780820979082052	0.01	0.007	0.007	0.007	0.01	0.014387867951738256	0.014933398308431631	0.0021249326406046747	0.0011955764424584057	0.006884601405257063	1.7330539508833458	2.473729852741684	2.368464248786988	0.6298074001281045	0.23650176569463094	29.597402149902184	0.027669831781132515
6.863378848011116	0.01	0.007	0.007	0.007	0.01	0.014174554278586207	0.014712000639659351	0.0020831671588455907	0.0011719308135322948	0.006784039699805662	1.737827381736847	2.4727119012009955	2.367133141415548	0.6280858950006717	0.2379168834988167	29.161912252080416	0.02759077496927514
6.948665550132343	0.01	0.007	0.007	0.007	0.01	0.013957515752837343	0.014486736887508827	0.0020411132483967504	0.00114812975530684	0.006680662402511718	1.7426007727953234	2.471396055202282	2.365697959702106	0.6262941000704845	0.23932870357231295	28.718755661742687	0.027509342238716025
7.037521622513078	0.01	0.007	0.007	0.007	0.01	0.013734933583179284	0.014255719332486455	0.001998436649703128	0.0011239842382987592	0.006573569226359946	1.7474085260135899	2.4697494781395952	2.364140418042019	0.6244137269914527	0.24074686988511573	28.264213867446756	0.027424757064650005
7.131775034464738	0.01	0.007	0.007	0.007	0.01	0.013502715685308461	0.01401470081755516	0.0019543886184124086	0.001099071086981883	0.006460718007340128	1.752329676731184	2.4677066880350575	2.362421731508808	0.6224049605876106	0.2421939479377557	27.78992249487791	0.027335318215861024
7.238422756188057	0.01	0.007	0.007	0.007	0.01	0.013244699703140078	0.013746906580188673	0.0019060034996490921	0.0010717144802259845	0.006334040950433459	1.7576837774576626	2.465042149875177	2.3603982004292354	0.6201156962559622	0.24376236894215697	27.262852406955968	0.027234469859438656
7.340395056183784	0.01	0.007	0.007	0.007	0.01	0.013002614532745004	0.013495646502958281	0.0018611252839527321	0.0010463494711823644	0.006214009174906213	1.7625980971620656	2.462158417218673	2.3583888186262985	0.6179117970620204	0.24519571514531033	26.768240373938248	0.02713839065150353
7.4244229144851825	0.01	0.007	0.007	0.007	0.01	0.012806464189632626	0.013292061938155379	0.0018251228146496533	0.001026007046066372	0.006115907511716949	1.7665021848561298	2.459545293504221	2.356680767726724	0.6160855411010895	0.24632960532120965	26.367417990771386	0.02705947364005451
7.50363828027448	0.01	0.007	0.007	0.007	0.01	0.012624262628258049	0.013102954893948433	0.0017919635816034598	0.0010072758194507089	0.006024143465207335	1.7700661179790946	2.4568931123951145	2.3550290937700398	0.6143560469624192	0.24736057874737047	25.995049386579915	0.02698528656935275
7.582650976421449	0.01	0.007	0.007	0.007	0.01	0.012445113636221318	0.012917016103812583	0.0017596207956716008	0.0009890100705247753	0.005933347835360513	1.7735114802155643	2.4540714680319193	2.3533430953778294	0.612623907118546	0.24835315093494217	25.62887207457897	0.026911491917674977
7.661901718277181	0.01	0.007	0.007	0.007	0.01	0.012267982678162839	0.012733171787771589	0.0017278922295790966	0.0009710952599393853	0.0058430355804579065	1.7768605058570783	2.451070426126018	2.351614780513202	0.610879928940291	0.24931375433006123	25.266772950238682	0.02683767765402121
7.7408040835522005	0.01	0.007	0.007	0.007	0.01	0.012094138855674737	0.012552739137006849	0.0016969899450079689	0.0009536508039280502	0.005753892466958752	1.7800916204232453	2.4479182654322416	2.3498583902452697	0.6091374828203926	0.25023625153818463	24.911347931024668	0.026764388998291113
7.819143143074938	0.01	0.007	0.007	0.007	0.01	0.011923977195403002	0.012376128151714058	0.0016669662293692037	0.0009367058640725588	0.005666166530520233	1.7832006604536574	2.4446318763914054	2.3480806274865413	0.6074018483938232	0.2511195823365642	24.563406867128872	0.026691821571174695
7.896946303279573	0.01	0.007	0.007	0.007	0.01	0.011757352975015314	0.012203188627932739	0.0016377779613067711	0.0009202357621577152	0.005579827775745361	1.786193510612067	2.4412186003420207	2.346282810415543	0.6056729388918275	0.25196557299061234	24.222656140496824	0.02661994530300708
7.974269472290038	0.01	0.007	0.007	0.007	0.01	0.011594067256185706	0.012033714090122842	0.0016093741568387078	0.0009042114188330488	0.005494814056654747	1.789076768611943	2.437683859233091	2.344465436942835	0.6039499918057027	0.25277624449111935	23.88869108188801	0.02654870422473621
8.051162810461639	0.01	0.007	0.007	0.007	0.01	0.011433941610587453	0.01186751934963256	0.0015817090452254839	0.0008886067302574306	0.0054110698428798875	1.79185638680712	2.434032602402989	2.3426289665544893	0.6022323306436175	0.2535534250165037	23.561148769079658	0.026478048239224415
8.1276705135901	0.01	0.007	0.007	0.007	0.01	0.011276817365593935	0.011704439722031005	0.0015547417069676649	0.0008733983589465094	0.005328546382922253	1.7945377250667969	2.4302694201118076	2.3407738498420647	0.600519375611207	0.2542987663787249	23.23970651278153	0.02640793323769642
8.203831387651368	0.01	0.007	0.007	0.007	0.01	0.011122553292796187	0.01154432862809037	0.0015284354736872009	0.0008585653910371066	0.005247200977283065	1.7971256262243096	2.4263986084877813	2.33890053637806	0.5988106357982296	0.2550137667259775	22.924077154359352	0.026338320493121604
8.279679707946196	0.01	0.007	0.007	0.007	0.01	0.01097102289282121	0.011387054775728525	0.0015027572931081185	0.0008440889746055952	0.0051669959579287725	1.7996244924210507	2.4224242050468314	2.3370094720717804	0.5971056941288678	0.25569979321798686	22.614003533300558	0.026269175805257058
8.355246033297249	0.01	0.007	0.007	0.007	0.01	0.010822111962752332	0.011232499635251494	0.0014776771735403999	0.0008299520034627006	0.005087897743504133	1.8020383508922344	2.4183500114352916	2.335101094156338	0.5954041925511502	0.25635810145106436	22.309253528507373	0.02620046870068551
8.430556998047628	0.01	0.007	0.007	0.007	0.01	0.010675718311277492	0.011080557143721486	0.0014531680137969635	0.0008161390187082588	0.005009876978284088	1.8043708806297905	2.414179660394204	2.3331758494587698	0.5937058396607657	0.25698984396560604	22.009619491757004	0.026132172571687554
8.505636577685758	0.01	0.007	0.007	0.007	0.01	0.01053174867022511	0.010931130499449198	0.0014292049795443628	0.0008026358550207958	0.004932907139091864	1.806625481156538	2.409916594867596	2.331234173492933	0.5920103846817277	0.25759609005361983	21.714911941029982	0.026064263482182732
8.580506244507403	0.01	0.007	0.007	0.007	0.01	0.010390117920380358	0.01078413135847663	0.0014057652878083499	0.0007894295173828575	0.004856964327920322	1.8088053001736282	2.4055640976730834	2.329276495470122	0.590317616008509	0.2581778341019993	21.424957987268918	0.025996719992572356
8.655185326896747	0.01	0.007	0.007	0.007	0.01	0.010250747987006738	0.010639478688246263	0.0013828279483110329	0.0007765080337375841	0.004782026859999735	1.8109132642992525	2.401125304466032	2.3273032368346676	0.5886273548599579	0.2587360046490684	21.139599083488424	0.02592952280450714
8.729691314731955	0.01	0.007	0.007	0.007	0.01	0.010113566908377015	0.010497097800835147	0.001360373544778682	0.0007638603304013315	0.0047080749183363085	1.812952104980173	2.39660321445526	2.325314809969899	0.5869394498877578	0.2592714720004631	20.858689126416795	0.02586265445957423
8.804040059062988	0.01	0.007	0.007	0.007	0.01	0.009978508157282073	0.010356919648754511	0.0013383840670653086	0.0007514761362957559	0.0046350903228452225	1.814924378842711	2.3920007031358796	2.3233116187117413	0.5852537739649267	0.2597850542496004	20.582093074781014	0.025796099137248653
8.878246010636236	0.01	0.007	0.007	0.007	0.01	0.00984550993675108	0.010218880093981931	0.001316842746685383	0.0007393458892612739	0.004563056267926623	1.8168324869886396	2.387320529155864	2.321294057013399	0.583570219918641	0.26027752291639816	20.309685513682684	0.0257298424213753
8.95232233607336	0.01	0.007	0.007	0.007	0.01	0.009714514737123401	0.010082919448250642	0.0012957339413791973	0.0007274606701219682	0.004491957186155571	1.8186786892466746	2.382565345784106	2.3192625102184556	0.5818886988896327	0.2607496071795524	20.04134975327024	0.02566387117909655
9.026281104275448	0.01	0.007	0.007	0.007	0.01	0.009585468798158619	0.009948981914776724	0.0012750430096547787	0.00071581213122054	0.0044217785481680425	1.8204651187857868	2.377737705551028	2.3172173538667504	0.580209136976091	0.2612019981263291	19.77697673214566	0.025598173379356055
9.10013340128915	0.01	0.007	0.007	0.007	0.01	0.009458321728480955	0.00981701519328346	0.0012547562155374823	0.000704392442063289	0.004352506736828077	1.8221937935699901	2.3728400672349097	2.3151589539437936	0.5785314733957194	0.26163535211615685	19.516464242326855	0.025532737977493978
9.17388941368726	0.01	0.007	0.007	0.007	0.01	0.009333026201567233	0.009686970164470277	0.0012348606494641903	0.0006931942441375983	0.004284128953984809	1.8238666260358993	2.3678748032112598	2.3130876676053775	0.5768556592752659	0.2620502936371875	19.25971631047535	0.02546755482939698
9.24755856870694	0.01	0.007	0.007	0.007	0.01	0.00920953757519749	0.009558800495042407	0.0012153441404610381	0.0006822106008970037	0.0042166330776252136	1.8254854331427577	2.362844201471101	2.311003841956293	0.5751816550750299	0.26244741819855116	19.00664242178703	0.025402614556982946
9.321149555784434	0.01	0.007	0.007	0.007	0.01	0.009087813730333414	0.009432462470485502	0.0011961952061748109	0.0006714349691163509	0.004150007631772232	1.827051942919589	2.3577504742899396	2.3089078158492935	0.5735094306432387	0.2628272943031118	18.757157193075777	0.025337908519877134
9.394670463891467	0.01	0.007	0.007	0.007	0.01	0.008967814730104844	0.009307914641128954	0.0011774029770138578	0.0006608611557309816	0.004084241652342563	1.828567802896975	2.352595757896976	2.306799918152471	0.5718389625834829	0.26319046584093336	18.511179676828064	0.025273428686072713
9.46812877660945	0.01	0.007	0.007	0.007	0.01	0.008849502728758915	0.0091851177276466	0.0011589571619639825	0.000650483298177364	0.004019324684382082	1.8300345848655515	2.347382120945286	2.304680469825385	0.570170234806378	0.26353745354800906	18.268633177221833	0.025209167628835287
9.54153147835632	0.01	0.007	0.007	0.007	0.01	0.008732841708356294	0.009064034347774787	0.0011408479892928709	0.0006402958306454105	0.00395524668064755	1.8314537914760711	2.3421115644294384	2.302549782628138	0.5685032365135559	0.2638687568768888	18.029444712804445	0.02514511842677045
9.614885072356886	0.01	0.007	0.007	0.007	0.01	0.008617797369941843	0.008944628903360018	0.0011230661732130195	0.0006302934649746849	0.003891997980728996	1.8328268605523135	2.3367860270280625	2.3004081601821262	0.5668379621502008	0.2641848552871019	17.793544795555185	0.025081274642107458
9.688195641808084	0.01	0.007	0.007	0.007	0.01	0.008504336963592518	0.00882686740396679	0.001105602872536867	0.0006204711670782561	0.0038295692532178947	1.8341551698784473	2.3314073867420055	2.298255897633892	0.5651744103441881	0.26448620962062236	17.560867084423688	0.02501763026184134
9.761468876568198	0.01	0.007	0.007	0.007	0.01	0.008392429181064432	0.0087107173554572	0.0010884496604198735	0.0006108241396337105	0.0037679514691060824	1.8354400409669118	2.3259774644308426	2.29609328218374	0.5635125835998903	0.26477326321341166	17.331348167014163	0.024954179669565053
9.834710114022032	0.01	0.007	0.007	0.007	0.01	0.008282044032896597	0.008596147632437894	0.001071598492909646	0.0006013478041287209	0.0037071358639137026	1.836682742786307	2.320498025819324	2.293920593082013	0.5618524876451519	0.2650464429746632	17.1049273092232	0.024890917605480664
9.907924360212977	0.01	0.007	0.007	0.007	0.01	0.008173152761769702	0.00848312838833619	0.0010550416841456928	0.0005920377866705691	0.003647113917294236	1.8378844948669606	2.314970784514949	2.291738102101048	0.5601941312036702	0.2653061603042391	16.881546279074794	0.02482783914397754
9.981116339785686	0.01	0.007	0.007	0.007	0.01	0.00806572771833394	0.008371630926522414	0.001038771876828046	0.0005828899011564669	0.003587877309787526	1.8390464706375067	2.309397402454739	2.2895460730543564	0.558537525095115	0.26555281203856623	16.661149093421145	0.02476493964680394
10.0	0.01	0.007	0.007	0.007	0.01	0.008038242087752454	0.00834310332096956	0.0010346192733545444	0.0005805551703317869	0.0035727131412262147	1.839339993773137	2.30795193552101	2.28897891723416	0.5581103340704425	0.26561438550434335	16.604754699753247	0.024748737341529152
