0.0	0.01	0.007	0.007	0.007	0.01	0.0	0.0	0.0	0.0	0.0	0.0	0.0	0.0	0.0	0.0	100.0	0.035
0.0070187393881277	0.01	0.007	0.007	0.007	0.01	0.002705062399458042	0.005319804056808161	0.003293075224527815	0.0011889464549551382	0.00012192175644447424	0.0001593502545679235	0.00036542863513632694	0.00023883201153358875	8.195454695419336e-5	3.923151248047598e-6	99.88529571664174	0.034991487251427714
0.012093572086573218	0.01	0.007	0.007	0.007	0.01	0.004562476645480886	0.008806695560702989	0.0055579737627803084	0.002027368190519971	0.00018814684789005752	0.0004661174193955981	0.0010555890850272867	0.0006989289663699808	0.00024147068909316266	1.0814441277461181e-5	99.80244184243787	0.034985333479372674
0.01951494964186716	0.01	0.007	0.007	0.007	0.01	0.007137837452281817	0.013416291723225235	0.008703594691331288	0.003222182881983539	0.00026053279327484545	0.0011878723174406024	0.002642428110212712	0.0017823371804920923	0.0006218443205045149	2.5394764906274626e-5	99.68140100532749	0.03497633622167662
0.02680408738383148	0.01	0.007	0.007	0.007	0.01	0.009513122819429223	0.017434227388173667	0.011610496319334803	0.004360440743276368	0.00031079117089146367	0.002194535734071415	0.004799321063499733	0.0032948192893491064	0.0011604997378923793	4.352902567038653e-5	99.56265986647747	0.03496750153640948
0.03540779242780037	0.01	0.007	0.007	0.007	0.01	0.012132521528096308	0.021602926121244308	0.014822675086307985	0.005660303457051661	0.00035160255901396317	0.0037369554497249957	0.008015175383992728	0.005614519725620906	0.0019994556241934394	6.829116611761188e-5	99.42268622664906	0.03495707642190903
0.04445261405642195	0.01	0.007	0.007	0.007	0.01	0.014685538047157753	0.025398721163269244	0.01796015970068054	0.00697735632837099	0.00037981321211221555	0.005742242822413833	0.01207617148734484	0.00863342559358072	0.003109725417788895	9.695214886325015e-5	99.275748237449	0.03494612015739655
0.05439346658943964	0.01	0.007	0.007	0.007	0.01	0.017271745075747275	0.02897174584556358	0.021145092859977267	0.008368296862039826	0.00039948995157227594	0.008363880355294041	0.01722808109789021	0.012584271839184268	0.004588700015810709	0.00013043545160581915	99.11450422922577	0.03493408246469844
0.06492955136909964	0.01	0.007	0.007	0.007	0.01	0.01978145392954992	0.03217379491953649	0.024241759283070274	0.009779990278088938	0.0004121468010758831	0.011579317060834364	0.023354382405874893	0.017434832751787886	0.006438743297830512	0.00016730688561908681	98.94389122705444	0.034921328512835095
0.07619246877862855	0.01	0.007	0.007	0.007	0.01	0.02222328736824853	0.035034647873130216	0.027259250663826097	0.01122035485956887	0.00041997238666735163	0.015468097737536855	0.0305353364326997	0.023306612918155088	0.008722310027010806	0.000207623293024449	98.7618332383483	0.03490769987775848
0.08808351379492145	0.01	0.007	0.007	0.007	0.01	0.02455524074886608	0.037528282990961656	0.03014332193323346	0.012666688377309632	0.00042443955517826483	0.020030685696281633	0.0387000528281836	0.030201417671104985	0.011458391662773643	0.00025071717097243463	98.5699854819707	0.0348933169520875
0.1006451526605884	0.01	0.007	0.007	0.007	0.01	0.026770181766422062	0.03967669665574277	0.03288186766467837	0.014114572900955105	0.00042672548028867724	0.025307435023561822	0.047852896436717696	0.03818056366888406	0.014691217942591222	0.0002964991370305723	98.36772327045983	0.03487812934013946
0.1138562805442931	0.01	0.007	0.007	0.007	0.01	0.028851598694700945	0.04149556240460999	0.03545022732876706	0.015551799147098323	0.0004276264203396263	0.031307725015384945	0.057945893745621424	0.04725746986350983	0.018447963950095996	0.00034471449766388767	98.1554510232472	0.03486216359744199
0.12774520067537518	0.01	0.007	0.007	0.007	0.01	0.03079428229176162	0.04301344748959052	0.03783672344000213	0.016971637721356275	0.0004276773722189047	0.0380560309824034	0.06896135455865969	0.057466838853291284	0.02276633022476138	0.00039533708425156433	97.93278213194215	0.034845386618396736
0.14232696759350263	0.01	0.007	0.007	0.007	0.01	0.032592760961387975	0.04425877715420711	0.040028352016131724	0.01836546345657006	0.00042721742000787865	0.04556655895268002	0.08086886954270306	0.06882576167668016	0.027678623065035015	0.00044832635418894556	97.69954897234408	0.03482778140998088
0.15763750330277518	0.01	0.007	0.007	0.007	0.01	0.0342458409704936	0.04526231151643397	0.042016347740099304	0.019726148975286278	0.00042645642549010384	0.0538602058133044	0.0936537332948272	0.08135872188863846	0.03322220754629731	0.0005037395012807492	97.45525703682222	0.03480930589962163
0.1737145293333968	0.01	0.007	0.007	0.007	0.01	0.03575344750011706	0.046053714687114576	0.04379229483705241	0.021045909927945326	0.0004255244306819469	0.062956109651414	0.1073031776791669	0.09508403127681715	0.03943378884803652	0.0005616530713622663	97.19939257654438	0.0347899160001361
0.19060796103132802	0.01	0.007	0.007	0.007	0.01	0.037117409171207226	0.04666143328222956	0.045349075588191894	0.022317057676240128	0.00042450796507022894	0.07287777045681339	0.12181573294035153	0.1100221351459305	0.04635312253192333	0.0006221948843565946	96.93125885529177	0.03476955310164849
0.20837411842783157	0.01	0.007	0.007	0.007	0.01	0.038340493482671927	0.04711172123506071	0.04667974386096269	0.02353130013515014	0.0004234776828949107	0.08365035985101071	0.13719676325512872	0.12619041486654142	0.054020792633756365	0.0006855203324202539	96.65007111039716	0.03474815110052082
0.2270788257247471	0.01	0.007	0.007	0.007	0.01	0.039426420370001866	0.04742843907770837	0.04777761527935328	0.024679831032660714	0.00042251008211301237	0.09530275869259776	0.1534611290045603	0.14360491494031608	0.06247906913827752	0.000751823791654134	96.35491021749985	0.03472563271117537
0.24679519610188694	0.01	0.007	0.007	0.007	0.01	0.04037951414913368	0.04763283420282195	0.048636023728139924	0.02575306485769366	0.0004217074208745058	0.1078663117976373	0.17063104092561746	0.16227691158354574	0.07177030319664912	0.0008213344702898299	96.04476103775465	0.034701912189901186
0.26760345278119263	0.01	0.007	0.007	0.007	0.01	0.04120461556330281	0.04774354443292161	0.049248488794554166	0.026740612046491603	0.0004212181513695201	0.12137458017380973	0.1887354716178998	0.18221079685155891	0.08193576494959541	0.0008943240964178797	95.7185186059698	0.03467689560744148
0.2895875414627475	0.01	0.007	0.007	0.007	0.01	0.04190694067715468	0.047776672806582085	0.04960901275040952	0.02763121429374305	0.00042126018979262125	0.13586086736048533	0.207806672204937	0.2033985684467967	0.0930125160559312	0.0009711095441763138	95.37504467709343	0.03465048498069805
0.3128288897351294	0.01	0.007	0.007	0.007	0.01	0.04249202027504006	0.04774596282939587	0.04971275187494226	0.02841281650506319	0.00042214798645270175	0.1513536397019951	0.2278742332145266	0.22581143341980345	0.1050282417032989	0.0010520542413295854	95.01326780463687	0.03462258581573944
0.3373906567755225	0.01	0.007	0.007	0.007	0.01	0.042965645937771656	0.047663075808051944	0.04955724302591053	0.029072752113570695	0.0004243220990621929	0.16786541738162694	0.24895120983162247	0.24938281780337335	0.11799050734347936	0.0011375479118140306	94.63242852474708	0.0345931260193378
0.36328129304375784	0.01	0.007	0.007	0.007	0.01	0.04333389261370882	0.04753805410204161	0.04914481918554436	0.029598251841533037	0.00042837263111441664	0.1853676207815942	0.2710033998578136	0.27397390701272234	0.13186438734774714	0.0012279266563095643	94.23263714256183	0.03456209949226711
0.39038519704105457	0.01	0.007	0.007	0.007	0.01	0.04360345649259446	0.047380071305265344	0.04848719827979453	0.029977908449127785	0.00043503074863191854	0.2037434611542137	0.2938928449849179	0.2993147007267016	0.1465323616627845	0.0013232818690529738	93.81592048053038	0.03452964883701863
0.41840512812251485	0.01	0.007	0.007	0.007	0.01	0.04378279837300755	0.0471981510243891	0.047611094264028715	0.03020525844430241	0.00044509497284820406	0.22275031520784905	0.3173350082556876	0.3249692856403565	0.16176303013615545	0.0014232830885161263	93.38705728706732	0.034496133481094676
0.4469492438842833	0.01	0.007	0.007	0.007	0.01	0.043883429366356065	0.047000740436899974	0.04655723083000129	0.030283134072508013	0.00045933363068332016	0.2420828644484352	0.3409787398019038	0.3504443321922792	0.1772647767139026	0.0015274529019837617	92.95218688025814	0.034462024583680355
0.4756999094393804	0.01	0.007	0.007	0.007	0.01	0.04391897062314855	0.046794451797288215	0.04537039676435944	0.030223450181519517	0.00047845768083809137	0.26149218557887294	0.36454862315943	0.37535888668418593	0.1927883978186161	0.001635710829729611	92.51621672903582	0.03442770296170151
0.5044448912930535	0.01	0.007	0.007	0.007	0.01	0.04390274917987228	0.046583859143428566	0.044092034801491785	0.030043031036186458	0.0005031220786299169	0.2808088024844777	0.3878669594907628	0.39946925159810526	0.20815189874964904	0.0017484483933721548	92.08237697322743	0.03439342229640128
0.5330487611748044	0.01	0.007	0.007	0.007	0.01	0.04384639876010204	0.04637195086585532	0.04275748301512136	0.0297601554723004	0.0005339253379171395	0.2999228824871024	0.41082593278920726	0.4226338841663071	0.22322789590612765	0.0018664029103974396	91.65268646014685	0.03435934380166249
0.5614260419702325	0.01	0.007	0.007	0.007	0.01	0.043759483030997685	0.04616062191908789	0.04139550439271604	0.029392609315093805	0.0005714088823807385	0.31876473079417117	0.43336258215119666	0.44478035960233836	0.2379290582427075	0.0019905416287972965	91.22838115070324	0.03432556863029662
0.5895253653725354	0.01	0.007	0.007	0.007	0.01	0.04364960220653171	0.04595103354492861	0.0400286616631149	0.02895670176384107	0.000616060558008843	0.33729259384553945	0.45544388582700585	0.46588357774035066	0.2521981498438909	0.002121990285294804	90.81016752088877	0.03429215700384932
0.6173196544612365	0.01	0.007	0.007	0.007	0.01	0.043522667989140534	0.045743858708880904	0.03867406084994102	0.02846683400737301	0.0006683210276466688	0.3554846746496838	0.4770574572375411	0.48595078757444443	0.26600078735991683	0.0022619890303091183	90.39837996189353	0.03425914007429969
0.6447969404074032	0.01	0.007	0.007	0.007	0.01	0.04338322403835063	0.04553946531520192	0.03734434610936285	0.027935441584323276	0.0007285853911540512	0.37333188217294283	0.49820333980782283	0.5050091112695367	0.2793186057507176	0.002411850687014726	89.9931244757835	0.034226530961307754
0.6719571346777801	0.01	0.007	0.007	0.007	0.01	0.04323472540757272	0.045338013945927194	0.03604848124349613	0.027373052329374696	0.0007972106215607145	0.3908347879696808	0.5188908508052029	0.5230990713171155	0.29214567990803547	0.0025729476958078748	89.59433115562477	0.03419432866543568
0.6988076580722682	0.01	0.007	0.007	0.007	0.01	0.04307978421707941	0.0451395368016242	0.03479256216852033	0.026788474269751457	0.0008745176472624379	0.4080000743470469	0.5391347837144024	0.5402685063298724	0.3044846868026744	0.0027466936370353135	89.20182185862056	0.03416252331037655
0.7253614311816566	0.01	0.007	0.007	0.007	0.01	0.04292036220793469	0.0449439815347925	0.033580445975843344	0.026188992677732045	0.0009607953595737728	0.42483871706095927	0.5589536086537727	0.5565691100242801	0.3163445472908072	0.002934536965253302	88.81534174306913	0.03413109856085218
0.751634868464391	0.01	0.007	0.007	0.007	0.01	0.04275792530078441	0.04475124401497875	0.032414296115972074	0.025580585009193968	0.0010563020843935345	0.4413643221287275	0.5783677928298827	0.5720536932702145	0.32773836697858677	0.0031379541162946173	88.43458989322305	0.03410003402177829
0.7776467951299983	0.01	0.007	0.007	0.007	0.01	0.042593561109737374	0.04456118738660611	0.031295001790025256	0.024968114605221317	0.0011612675087451666	0.4575921683721548	0.5973988979871722	0.5867745742693553	0.33868206052160027	0.0033584476594218596	88.0592358460909	0.03406930653403779
0.8034175191980782	0.01	0.007	0.007	0.007	0.01	0.0424280699533662	0.04437365571904584	0.03022251628160273	0.024355509152617177	0.0012758934137216858	0.47353843264644074	0.6160688459711751	0.6007824450182725	0.3491932563426645	0.003597544736540143	87.68893346243426	0.03403889127983971
0.8289683052267912	0.01	0.007	0.007	0.007	0.01	0.04226203337608283	0.04418848206963979	0.029196114422480664	0.023745913654697887	0.001400354513823851	0.48921972915158457	0.6343995154511753	0.6141257445077043	0.3592905458177633	0.0038567978482801544	87.32332871094619	0.03400876240859082
0.8543209618370607	0.01	0.007	0.007	0.007	0.01	0.042095866506398294	0.0440054940831009	0.02821459328445074	0.023141823215829492	0.001534798731842126	0.504652763419693	0.6524124431104522	0.6268502812679713	0.3689929137543196	0.004137786003321537	86.9620656435	0.03397889352544355
0.8794976332902031	0.01	0.007	0.007	0.007	0.01	0.04192985730142449	0.04382451709745988	0.027276422622952788	0.022545194014671213	0.0016793476260556466	0.5198541431795913	0.6701286850048902	0.6389990905969011	0.37831935520993343	0.004442117353752103	86.60478933960863	0.03394925793727663
0.9045206506489885	0.01	0.007	0.007	0.007	0.01	0.041764196427085364	0.04364537619600888	0.026379859830267336	0.021957537313877278	0.0018340965639568733	0.534840246831471	0.6875687269588082	0.6506124027935368	0.38728859455707076	0.0047714322193525725	86.25114794694356	0.03391982882749134
0.929412499070194	0.01	0.007	0.007	0.007	0.01	0.04159899956792692	0.043467897040158514	0.02552303451124843	0.02137999696426227	0.001999115150239059	0.549627176514113	0.7047524794251258	0.6617277180021967	0.39591890795666995	0.005127407422857842	85.90079305055785	0.03389057929367079
0.9541958100245117	0.01	0.007	0.007	0.007	0.01	0.04143432441178679	0.04329190629230486	0.02470401204007537	0.02081341443605544	0.0021744475618724244	0.5642307350637803	0.7216992890632322	0.6723799198430527	0.4042279989425964	0.005511761147616368	85.55337969469174	0.03386148235598059
0.9788935305341757	0.01	0.007	0.007	0.007	0.01	0.04127018254718529	0.04311723064656442	0.02392083584788147	0.020258379717583017	0.002360114013388191	0.5786665122183552	0.7384280683476855	0.6826014764515548	0.4122329650411436	0.005926261036737347	85.20856394816448	0.03383251075816099
1.0035289464801862	0.01	0.007	0.007	0.007	0.01	0.04110654936343794	0.04294369682675211	0.023171563028277692	0.019715277161246127	0.0025561112258036013	0.592949886040085	0.7549573196636711	0.6924225768135389	0.4199502357601857	0.006372731030618787	84.86600256438422	0.033803636940703
1.0281256195770148	0.01	0.007	0.007	0.007	0.01	0.04094337226786389	0.042771132138831394	0.022454292846740338	0.019184325917204204	0.0027624119256947207	0.607095977297254	0.7713050999769956	0.7018712365419433	0.4273955057296393	0.006853056791893233	84.52535385414495	0.033774833115421385
1.0527077926133401	0.01	0.007	0.007	0.007	0.01	0.04078057407278817	0.04259936171481529	0.0217671743819172	0.01866560418424581	0.0029789680901292845	0.6211198737491455	0.7874892932701362	0.7109735792955475	0.4345838240383346	0.007369200778141585	84.18627210316478	0.03374607079220009
1.077300474731486	0.01	0.007	0.007	0.007	0.01	0.04061805720245352	0.042428208028520126	0.021108419473993605	0.018159075898347476	0.0032057118287348667	0.635036664284362	0.8035276587799433	0.7197539714504063	0.44152958460898717	0.007923213490559787	83.84840652328306	0.03371732068227243
1.1019297617628394	0.01	0.007	0.007	0.007	0.01	0.04045570534978585	0.04225748878942333	0.020476305554593833	0.017664608605687256	0.003442558339731623	0.6488616030766124	0.8194380260054505	0.7282352284190794	0.44824658709260845	0.008517251483131089	83.51139703366793	0.033688552327801956
1.1266231251481762	0.01	0.007	0.007	0.007	0.01	0.040293384594507306	0.04208701510246266	0.01986917750957396	0.017181989195791142	0.0036894087742720266	0.6626102481030283	0.8352384567272089	0.7364387853916078	0.45474808198429356	0.009153597746494792	83.1748705875922	0.03365973377028698
1.1514098117276137	0.01	0.007	0.007	0.007	0.01	0.040130943230915206	0.041916588915460025	0.019285445652997495	0.016710935298008208	0.00394615427062743	0.6762986530071644	0.8509474652175336	0.744384881875954	0.4610468371064676	0.009834688321633792	82.83843610634804	0.03363083109177303
1.1763213313068936	0.01	0.007	0.007	0.007	0.01	0.039968210612140606	0.04174599993709609	0.018723581533899532	0.01625110365068772	0.0042126809907622855	0.6899435959284349	0.8665842774738477	0.7520927461441012	0.46715521277441463	0.010563145958435693	82.50167837670705	0.03360180785661205
1.2013921077832	0.01	0.007	0.007	0.007	0.01	0.039804994641894215	0.041575021530196654	0.018182110799726214	0.01580209482210576	0.004488876945262553	0.7035628832375846	0.8821691725159785	0.7595807978380641	0.4730852584142226	0.01134182457138229	82.16414993118507	0.03357262436631267
1.2266603047666333	0.01	0.007	0.007	0.007	0.01	0.03964107795622097	0.04140340554222406	0.017659604031764104	0.015363455020715665	0.004774640726249723	0.7171757285218266	0.897723905237021	0.7668668631157837	0.47884882444016724	0.012173867254346153	81.82536083380057	0.033543236716080026
1.2521689795726942	0.01	0.007	0.007	0.007	0.01	0.03947621190258054	0.041230875074069445	0.017154663570463045	0.014934673340849408	0.00506989379887912	0.7308032826489005	0.9132722962088544	0.7739684361788745	0.48445771428161455	0.013062786047315401	81.48476439794355	0.03351359547579675
1.2779676590146636	0.01	0.007	0.007	0.007	0.01	0.039310107832010034	0.04105711463203149	0.01666590632129227	0.014515174357044754	0.005374597359953045	0.7444693530011822	0.9288410296573992	0.7809029944167875	0.48992387995490166	0.014012571934158566	81.14173773941344	0.03348364388974162
1.3041146301990383	0.01	0.007	0.007	0.007	0.01	0.039142423956581955	0.04088175579716837	0.01619193932300874	0.014104303225156772	0.005688776979531641	0.7582014504920787	0.9444608142488293	0.787688420473148	0.4952597002225578	0.01502785331904307	80.79555348038238	0.03345331525873069
1.330680391022262	0.01	0.007	0.007	0.007	0.01	0.03897274512154823	0.040704355612877975	0.015731323827283844	0.013701299383040847	0.006012559976233544	0.7720323698042371	0.9601681347301099	0.7943436030715096	0.5004783933513023	0.016114132821780085	80.4453370774643	0.033422528995739165
1.3577530942509657	0.01	0.007	0.007	0.007	0.01	0.038800550478445286	0.04052436242978094	0.015282519571942274	0.01330525118432114	0.00634623487741594	0.7860026899041346	0.9760080244038736	0.8008893534165342	0.5055946645075678	0.017278157635808568	80.08999938686398	0.03339118440020077
1.3854477399049274	0.01	0.007	0.007	0.007	0.01	0.03862515843862062	0.040341058095536106	0.014843790923258706	0.012915014565633773	0.006690352901124921	0.8001650156255685	0.9920387716277503	0.8073499331404889	0.5106258061745207	0.01852853703208689	79.72812252713857	0.03335915014022094
1.413923045027374	0.01	0.007	0.007	0.007	0.01	0.03844562507058409	0.04015345157724428	0.014413033484908525	0.012529057444048692	0.007045916561142419	0.8145918025565138	1.0083406108653556	0.8137558598285485	0.5155937443827049	0.019876859762387344	79.35774985477353	0.033326244939118815
1.4434161308530211	0.01	0.007	0.007	0.007	0.01	0.03826053429280423	0.03996005961252908	0.013987412707379781	0.012145129444779239	0.007414772874088841	0.8293915360903279	1.0250337122220434	0.8201497279827871	0.5205293202666152	0.021339957103994365	78.97595289954556	0.03329219783935615
1.4743273080700807	0.01	0.007	0.007	0.007	0.01	0.03806748317163234	0.03975836893413364	0.01356246281843097	0.01175943157829943	0.007800588765136949	0.8447485162056197	1.0423224713538894	0.8266006568816862	0.5254829833966008	0.022945341021329762	78.57776962972179	0.033256551013202476
1.5075053118492228	0.01	0.007	0.007	0.007	0.01	0.037861343723320055	0.03954302055695821	0.013128968229128249	0.011363735229189558	0.008212187323490723	0.8610576705619094	1.0606458056023425	0.8332540004421646	0.5305617949958622	0.024749105787433737	78.15261969276924	0.03321833254650565
1.5461544341137397	0.01	0.007	0.007	0.007	0.01	0.03762260410093851	0.039293631712835175	0.012651578713211252	0.010925622474819435	0.008686180084952543	0.8798315810367305	1.081689611151561	0.8406705114251171	0.5361829907533173	0.026953301448250436	77.66026138827095	0.033173867157296956
1.5830325615323126	0.01	0.007	0.007	0.007	0.01	0.03739619711841382	0.03905713753144724	0.012221833553183651	0.010529398706327645	0.00913079912841178	0.8975224690698728	1.1014706892154107	0.8474312285515876	0.5412663786129751	0.029156876289355413	77.19335628609765	0.03313149477117986
1.61699166544641	0.01	0.007	0.007	0.007	0.01	0.03718890951295785	0.038840622136677605	0.011846820414269951	0.010182436037007764	0.009531913299278936	0.9136229556715998	1.11943139556467	0.8533994205080627	0.5457184430114852	0.031269768165116237	76.7658912428043	0.03309252416378728
1.6504550654026027	0.01	0.007	0.007	0.007	0.01	0.03698576713997048	0.03862844181659611	0.0114954386594576	0.009856502608003774	0.009918015024263564	0.9293121295415934	1.1368938655866536	0.859051954866834	0.5499018182165211	0.0334274081506031	76.34698155395851	0.033054167253978625
1.6825752365102309	0.01	0.007	0.007	0.007	0.01	0.03679181963159395	0.038425869201691464	0.0111740621851406	0.009557844359555747	0.01027900855095155	0.9442087091143022	1.1534374135841543	0.8642749225576817	0.5537363898490054	0.035566170472902114	75.94703733945741	0.033017391818016176
1.7140524206183572	0.01	0.007	0.007	0.007	0.01	0.03660273914245109	0.038228382769575124	0.010873322080689377	0.009278009957189269	0.010622789501677235	0.9586539777874957	1.1694448782055396	0.8692100351598516	0.5573304868625221	0.037723684639336834	75.55713196682723	0.032981392254486604
1.7447038269715098	0.01	0.007	0.007	0.007	0.01	0.03641955136331959	0.038037053008406076	0.010593201065783707	0.009017162918601804	0.010947383432331554	0.9725761251417706	1.1848395106205816	0.8738493771033952	0.560681726894356	0.03988046231866693	75.17937918152029	0.03294637482995205
1.7747998228215667	0.01	0.007	0.007	0.007	0.01	0.03624057400219056	0.03785012227749759	0.010329690927651044	0.008771703583110748	0.011255809376989353	0.9861089803863607	1.1997719001240847	0.8782521290403593	0.5638360028204217	0.04204917046076454	74.81030899559694	0.032912028104110494
1.804342795616153	0.01	0.007	0.007	0.007	0.01	0.03606574016612715	0.037667520305723456	0.010081533846120493	0.008540556355119903	0.011548254043307962	0.9992624098101395	1.2142550352585326	0.8824333378480079	0.5668067566215979	0.04422466084503572	74.44978284295641	0.032878347335706944
1.8334647480826127	0.01	0.007	0.007	0.007	0.01	0.03589422294414972	0.037488383145810496	0.009846564420756185	0.008321774102841514	0.011826230482707334	1.0121028210474878	1.2283638810062318	0.8864243038251357	0.5696186212985374	0.046411922477942964	74.09609511395011	0.032845180290165005
1.8622103103068475	0.01	0.007	0.007	0.007	0.01	0.0357257221652158	0.03731239707621837	0.00962354224378083	0.008114252150502895	0.012090370977258506	1.0246561738530662	1.242128496302178	0.8902416598911849	0.572285403971174	0.04861020323160751	73.74862652457418	0.03281247472872878
1.8906582526273854	0.01	0.007	0.007	0.007	0.01	0.03555974457609474	0.037139046772674336	0.009411103068853975	0.00791675665374058	0.012341615714148699	1.036962211624704	1.255593779886395	0.8939048799464094	0.574822576841003	0.050821871965629255	73.4063597220918	0.03278013985004424
1.9188558116608467	0.01	0.007	0.007	0.007	0.01	0.035395988726810795	0.03696801727602098	0.009208252984189272	0.007728388200706163	0.012580593772239268	1.049045809462955	1.268788061464412	0.8974277143765395	0.5772413211831056	0.0530473552064702	73.06867293486133	0.03274812101022456
1.946856718746049	0.01	0.007	0.007	0.007	0.01	0.03523412116772663	0.03679896023595538	0.009014051921955623	0.0075482899676810955	0.01280797097565608	1.0609337288733645	1.2817415092522888	0.9008234916227431	0.5795522777311695	0.055287969063245526	72.73487844468835	0.032716356421137356
1.974701480456268	0.01	0.007	0.007	0.007	0.01	0.03507389035945644	0.03663161287268574	0.008827740020889393	0.0073757669677152315	0.013024280903225606	1.0726462696206374	1.2944770401396752	0.9041028350935534	0.5817640150611313	0.05754430761418986	72.40445747107705	0.03268479951878136
2.0024296667643373	0.01	0.007	0.007	0.007	0.01	0.0349150545722726	0.0364657226680674	0.008648634429271612	0.007210191561703995	0.01323003108270726	1.084202654987054	1.3070162296289354	0.9072753771808254	0.5838842424061502	0.05981715694950777	72.07691148110673	0.03265340498083974
2.0300742307755315	0.01	0.007	0.007	0.007	0.01	0.03475741398452343	0.03630108088554377	0.008476155728918322	0.00705102888793798	0.013425660704007022	1.0956187374904387	1.3193768412361735	0.9103492307601803	0.585919483312209	0.06210699082178437	71.75182837520474	0.032622135141093855
2.057666075057075	0.01	0.007	0.007	0.007	0.01	0.034600783889702634	0.03613749458421541	0.00830978772985404	0.006897800338266619	0.01361157824708221	1.1069090025901835	1.3315750261823749	0.913331645173745	0.5878755434992993	0.0644143033211172	71.4288272316785	0.03259095479399183
2.0852315731424063	0.01	0.007	0.007	0.007	0.01	0.034445008351654254	0.035974800878285355	0.008149084721134361	0.006750090733074905	0.013788146556539071	1.118085621148073	1.3436243169791657	0.9162288327428614	0.5897574192209272	0.06673937162605657	71.1075864633596	0.03255983397920262
2.1127950749062228	0.01	0.007	0.007	0.007	0.01	0.034289945521498534	0.03581285160022569	0.00799364915699066	0.006607528095497167	0.013955702812310804	1.1291595469780047	1.355536831954684	0.9190463307645568	0.5915695559609825	0.0690824374114666	70.78781353650555	0.03252874513197823
2.140378156564214	0.01	0.007	0.007	0.007	0.01	0.03413547153980461	0.03565151737501477	0.007843130527379534	0.006469782869804283	0.014114555710652111	1.1401402659884043	1.3673230187283103	0.9217889917708516	0.5933158587248778	0.07144362210617607	70.46925301652773	0.03249766391655703
2.168000588517291	0.01	0.007	0.007	0.007	0.01	0.03398147477842896	0.035490681605314926	0.007697215125023285	0.006336558709465762	0.014264993434808653	1.1510362342371818	1.3789921383976136	0.9244611432432003	0.5949998097333614	0.07382299061967708	70.15167469258807	0.03246656812203767
2.1956802577102508	0.01	0.007	0.007	0.007	0.01	0.033827856025317904	0.035330240663770586	0.007555622617811449	0.006207589472224303	0.014407284784279556	1.1618548864396587	1.3905522851556151	0.9270666288571039	0.596624507080581	0.07622052975285228	69.83487395811648	0.032435437739948336
2.2234336143485973	0.01	0.007	0.007	0.007	0.01	0.033674525772505695	0.035170101060020206	0.007418100406779322	0.0060826341596992425	0.014541683053346863	1.1726028469913825	1.4020106216250612	0.9296088937566557	0.5981927293777334	0.07863617404634059	69.51866621765784	0.032404254452559136
2.2512757671952026	0.01	0.007	0.007	0.007	0.01	0.033521403503816084	0.035010178696344305	0.007284420419157976	0.005961474063354962	0.014668427670219468	1.1832859961295725	1.4133734573883852	0.932091028402563	0.5997069723764399	0.0810698036068765	69.20288541770745	0.032373001518455374
2.27922071350926	0.01	0.007	0.007	0.007	0.01	0.0333684162645318	0.034850397373488086	0.007154375651890846	0.005843909669566362	0.014787746310854563	1.1939095841934362	1.4246463776936344	0.934515819508488	0.6011694885303169	0.08352125531718652	68.88738109687566	0.03234166350786964
2.3072814642868273	0.01	0.007	0.007	0.007	0.01	0.03321549783721115	0.03469068792962251	0.007027777614922985	0.005729758374304977	0.014899856283969393	1.2044783010965834	1.4358343232623794	0.9368857864605102	0.6025823162695192	0.08599032639499057	68.57201668614341	0.032310226156787525
2.3354701838149894	0.01	0.007	0.007	0.007	0.01	0.03306258786060966	0.034530987319938686	0.006904454009696722	0.0056188524050919	0.015004965813489899	1.2149963479493218	1.4469416714698875	0.9392032150932295	0.6039473065746974	0.08847678036955657	68.25666769182439	0.03227867620588101
2.363798288664626	0.01	0.007	0.007	0.007	0.01	0.03290963118939262	0.03437123794776971	0.006784246849964748	0.005511037139083855	0.015103275004304332	1.2254674904054617	1.4579722973453169	0.9414701846593596	0.6052661445122522	0.09098035046253272	67.94122037513296	0.032247001285699586
2.3922765514082673	0.01	0.007	0.007	0.007	0.01	0.0327565772443791	0.03421138698585623	0.006667010774146493	0.005406169591680084	0.015194976703655718	1.235895111321677	1.4689296331586494	0.9436885924221212	0.6065403685470268	0.09350074417807139	67.6255704122388	0.03221518979724157
2.4209151757135405	0.01	0.007	0.007	0.007	0.01	0.032603379531881756	0.03405138587424325	0.006552611660592143	0.0053041171762840626	0.015280257154179558	1.2462822506495619	1.47981671394042	0.9458601735704425	0.6077713864103381	0.0960376460223784	67.30962190305819	0.032183230825137604
2.4497238674269473	0.01	0.007	0.007	0.007	0.01	0.032449995196189796	0.03389118985281211	0.006440925407352762	0.005204756610886244	0.0153592965524281	1.2566316421142407	1.4906362191271296	0.9479865188844897	0.6089604890729086	0.09859072040830072	66.99328644840078	0.03215111405579681
2.4787118962258017	0.01	0.007	0.007	0.007	0.01	0.03229638463301768	0.033730757557501545	0.006331836877284602	0.005107972972451251	0.015432269506659765	1.2669457449030472	1.5013905085259596	0.9500690900000824	0.6101088628218114	0.1011596141755025	66.67648235284788	0.032118829706520316
2.5078881420718186	0.01	0.007	0.007	0.007	0.01	0.032142511192499015	0.03357005071006308	0.006225239008264872	0.005013658898586012	0.015499345397183796	1.2772267686077323	1.512081650853789	0.9521092321533066	0.6112175994735606	0.1037439581392486	66.35913401230347	0.0320863684719222
2.5372611496949227	0.01	0.007	0.007	0.007	0.01	0.03198834084734306	0.03340903377144184	0.0061210319847355265	0.0049217138442739184	0.015560688709030391	1.2874766998817166	1.5227114537310582	0.9541081862893169	0.6122877058341463	0.106343369665152	66.04117122969255	0.03205372146173514
2.5668391562213144	0.01	0.007	0.007	0.007	0.01	0.031833842009301755	0.033247673750062046	0.006019122585621342	0.004832043495406842	0.015616459263834198	1.297697318650351	1.5332814825224366	0.956067098254916	0.6133201112218243	0.10895745313001777	65.72252883652938	0.03202088016878115
2.5966301387074733	0.01	0.007	0.007	0.007	0.01	0.031678985246674056	0.03308593990676133	0.005919423527505941	0.004744559178811764	0.015666812464063876	1.3078902204558143	1.5437930852985664	0.9579870284754495	0.6143156749462865	0.11158580236816568	65.40314611037894	0.03198783641505515
2.6266418285884736	0.01	0.007	0.007	0.007	0.01	0.03152374317978681	0.03292380364561025	0.005821852980112435	0.004659177424733743	0.015711899448310147	1.3180568266184662	1.5542474049733195	0.9598689586626743	0.6152751919473359	0.11422800038364735	65.08296655937555	0.03195458233476856
2.656881752222329	0.01	0.007	0.007	0.007	0.01	0.03136809024467824	0.03276123826708538	0.005726334042261649	0.004575819495246208	0.0157518672743587	1.3281984027623523	1.5646453998962941	0.9617137995778141	0.616199398751427	0.11688362153011267	64.76193743491314	0.03192111032861596
2.687357245990296	0.01	0.007	0.007	0.007	0.01	0.031212002592935474	0.03259821886344616	0.005632794346532085	0.004494411026278844	0.015786859042472647	1.3383160680741606	1.5749878547203842	0.9635223965736758	0.6170889780659201	0.11955223158495505	64.44000952513947	0.03188741304643626
2.7180754797070863	0.01	0.007	0.007	0.007	0.01	0.031055457951551305	0.03243472217235792	0.005541165673264493	0.004414881678357579	0.015817014020827226	1.348410806943244	1.5852753935861534	0.965295535179887	0.6179445632167175	0.12223338867791174	64.11713686598732	0.03185348336080057
2.749043474356775	0.01	0.007	0.007	0.007	0.01	0.03089843551500539	0.03227072646417244	0.005451383615679683	0.004337164832600206	0.015842467752754934	1.3584834782696538	1.5955084907843629	0.9670339458983872	0.6187667420220228	0.12492664382526113	63.79327651866284	0.03181931434701765
2.780268116031601	0.01	0.007	0.007	0.007	0.01	0.030740915859102512	0.03210621145193353	0.005363387284570022	0.004261197321681717	0.0158633521534854	1.3685348231822705	1.605687479691922	0.9687383084067573	0.6195560602312182	0.12763154122606057	63.468388392003405	0.03178489926744405
2.811756178558285	0.01	0.007	0.007	0.007	0.01	0.030582880813381032	0.031941158158114026	0.0052771190142352035	0.004186919162599338	0.015879795605874738	1.3785654752183742	1.6158125640947225	0.9704092558909578	0.6203130248802	0.13034761938967718	63.14243497938093	0.031750231546330825
2.8435143234959965	0.01	0.007	0.007	0.007	0.01	0.030424313449620016	0.03177554890260856	0.005192524154346768	0.004114273364206522	0.01589192303673865	1.3885759629477388	1.6258838217736105	0.9720473778491662	0.6210381068158236	0.13307441037502096	62.81538133505798	0.03171530476970317
2.8755491255806227	0.01	0.007	0.007	0.007	0.01	0.030265197944175763	0.03160936715895324	0.005109550811129187	0.004043205691615251	0.015899856004340525	1.3985667204883208	1.6359012159882886	0.9736532239970989	0.6217317436121167	0.13581144129102832	62.48719479030909	0.03168011265729933
2.9078670731867304	0.01	0.007	0.007	0.007	0.01	0.03010551956728415	0.03144259754315048	0.005028149674561264	0.003973664505167769	0.015903712770197802	1.4085380898475373	1.6458645986416554	0.9752273066138009	0.6223943416801041	0.13855823369877812	62.157844931410914	0.031644649062092745
2.94047458388777	0.01	0.007	0.007	0.007	0.01	0.029945264598311903	0.03127522572515447	0.00494827382074047	0.003905600578536405	0.015903608375176712	1.4184903278422012	1.6557737179934064	0.9767701034630814	0.6230262785432836	0.14131430436151568	61.827303424895405	0.0316089079532774
2.9733780051825227	0.01	0.007	0.007	0.007	0.01	0.0297844203156478	0.03110723841831195	0.004869878565876764	0.003838966961451145	0.015899654711817927	1.4284236082616817	1.6656282215626281	0.9782820598010709	0.6236279046408639	0.14407916477874866	61.495543996751195	0.03157288341560024
3.0065836461932838	0.01	0.007	0.007	0.007	0.01	0.029622974836402558	0.03093862321194201	0.004792921259159186	0.0037737187909754554	0.015891960591623913	1.4383380332224405	1.6754276680969322	0.9797635916371547	0.6241995455482074	0.14685232336254228	61.162542101835704	0.031536569614848166
3.040097745768452	0.01	0.007	0.007	0.007	0.01	0.029460917267683046	0.03076936872932729	0.004717361237560444	0.0037098132408097673	0.015880631820715533	1.448233625231985	1.6851715203744813	0.9812150859398161	0.6247415029163517	0.14963328231383155	60.82827523594344	0.031499960833003854
3.073926509080887	0.01	0.007	0.007	0.007	0.01	0.02929823752417686	0.03059946443719683	0.004643159628151986	0.003647209341441217	0.015865771265548258	1.4581103397849917	1.6948591583280113	0.9826369038433999	0.6252540565359008	0.1524215402850069	60.492722559599024	0.03146305142847129
3.1080760956597215	0.01	0.007	0.007	0.007	0.01	0.029134926383041423	0.03042890070305223	0.0045702792730867685	0.0035858679047799367	0.015847478927721065	1.4679680633096135	1.7044898776402424	0.9840293815470463	0.6257374654421887	0.15521659101274526	60.15586501131865	0.031425835849478764
3.1425526436521443	0.01	0.007	0.007	0.007	0.01	0.028970975364930544	0.030257668670910093	0.00449868458243111	0.003525751388245576	0.015825852004059157	1.4778066216470036	1.7140628986569828	0.9853928326457274	0.6261919694881216	0.1580179249741333	59.81768506225202	0.03138830860798008
3.1773622509762203	0.01	0.007	0.007	0.007	0.01	0.028806376822044073	0.030085760353261694	0.004428341486973466	0.003466823843432015	0.015800984968645057	1.487625775980426	1.723577363003549	0.9867275485937836	0.6266177902110384	0.16082502753843145	59.478166897843565	0.03135046430058717
3.212511000151001	0.01	0.007	0.007	0.007	0.01	0.028641123818222942	0.029913168505842802	0.004359217305309268	0.0034090507930350997	0.015772969629938065	1.497425231261117	1.7330323423734422	0.9880338008442205	0.6270151322265222	0.1636373807128431	59.13729617054916	0.031312297581959504
3.2480049534487234	0.01	0.007	0.007	0.007	0.01	0.028475210151239595	0.02973988665091379	0.004291280679857517	0.00335239916609833	0.015741895204414175	1.507204636037246	1.7424268389094344	0.9893118417081003	0.6273841841395673	0.16645446248984558	58.79506004585525	0.03127380317056083
3.2838501573520835	0.01	0.007	0.007	0.007	0.01	0.028308630331032727	0.02956590905452774	0.004224501498588861	0.0032968372215545438	0.0157078483848776	1.516963584918081	1.7517597881434694	0.9905619055198892	0.6277251195225743	0.16927574698058512	58.45144715742506	0.031234975844309145
3.320052647199607	0.01	0.007	0.007	0.007	0.01	0.028141379557643856	0.029391230703487033	0.004158850821841773	0.003242334476383741	0.01567091340768349	1.5267016210233302	1.7610300619002492	0.9917842097345575	0.6280380978297857	0.1721007045820887	58.106447561628286	0.03119581043606396
3.3566184593731228	0.01	0.007	0.007	0.007	0.01	0.027973453665220277	0.029215847246859415	0.004094300801093085	0.0031888616275049285	0.015631172110450724	1.536418240356627	1.7702364729962066	0.992978956195806	0.628323265305448	0.17492880274119965	57.760052622072145	0.031156301821012537
3.393553616898971	0.01	0.007	0.007	0.007	0.01	0.027804849188864895	0.029039755065796646	0.004030824649621942	0.0031363905170392597	0.015588704017279286	1.5461128890300309	1.7793777731358045	0.9941463314631415	0.6285807556223685	0.1777595046720209	57.41225514753714	0.031116444932833442
3.4308641417453045	0.01	0.007	0.007	0.007	0.01	0.027635563308177662	0.028862951214568604	0.0039683965682289594	0.0030848940605523885	0.01554358639670653	1.555784967671239	1.788452657648242	0.9952865079987571	0.6288106907134041	0.18059227018326945	57.06304927555697	0.03107623475099477
3.4685560551275936	0.01	0.007	0.007	0.007	0.01	0.027465593846569825	0.028685433419847074	0.003906991696532974	0.0030343461968582583	0.015495894330900666	1.5654338325657906	1.7974597671037595	0.9963996448968202	0.6290131814531267	0.18342655558636867	56.712430471044165	0.031035666301059067
3.5066353829100407	0.01	0.007	0.007	0.007	0.01	0.027294939247684245	0.028507200056078933	0.0038465860590493083	0.002984721833834576	0.015445700777956518	1.575058798098811	1.8063976901433814	0.9974858887246628	0.629188328332089	0.18626181400885006	56.36039547768985	0.03099473464952331
3.545108158701482	0.01	0.007	0.007	0.007	0.01	0.02712359856277382	0.028328250132304063	0.0037871565186305156	0.0029359968006457573	0.015393076635622482	1.5846591385465763	1.8152649656811775	0.9985453742423624	0.6293362220728321	0.18909749554256938	56.0069422919672	0.030953434901184858
3.5839804140963794	0.01	0.007	0.007	0.007	0.01	0.026951571495124862	0.02814858333855166	0.003728680752009689	0.0028881478183637177	0.015338090822437919	1.5942340866891223	1.8240600821839252	0.9995782247444241	0.6294569441736687	0.19193304647172194	55.65207025481233	0.030911762210313106
3.6232581973083353	0.01	0.007	0.007	0.007	0.01	0.026778858318188277	0.02796819996033563	0.0036711371841242693	0.0028411524371022776	0.015280810318987722	1.6037828394945939	1.832781483479766	1.0005845531480821	0.6295505675303544	0.19476791061019263	55.29577988278114	0.03086971176136726
3.6629475555990503	0.01	0.007	0.007	0.007	0.01	0.026605459954331265	0.027787100960903695	0.003614504979767373	0.0027949890203942526	0.015221300258812449	1.6133045548439484	1.8414275663228306	1.001564462077073	0.6296171569087362	0.19760152800702913	54.938073030547386	0.03082727878856467
3.703054557033254	0.01	0.007	0.007	0.007	0.01	0.02643137788026116	0.027605287882461214	0.0035587639791646933	0.0027496366840284846	0.015159623961613243	1.622798357866333	1.8499966867583657	1.002518044940039	0.6296567694974688	0.20043333651985015	54.578952695843924	0.030784458553344517
3.743585269991431	0.01	0.007	0.007	0.007	0.01	0.02625661421749576	0.02742276294065933	0.003503894696526995	0.002705075286556849	0.015095843027970056	1.6322633370873534	1.85848715721864	1.0034453859234727	0.6296694553538633	0.20326277037664411	54.218423206139235	0.030741246367037494
3.7845457854503803	0.01	0.007	0.007	0.007	0.01	0.02608117163653265	0.027239528924508545	0.0034498782601569125	0.00266128537248441	0.015030017368006118	1.641698550779582	1.8668972528620569	1.0043465609988411	0.6296552578864553	0.2060892617925305	53.85649002098912	0.030697637567858666
3.82594219613232	0.01	0.007	0.007	0.007	0.01	0.025905053447510245	0.027055589291066065	0.0033966964134184686	0.0026182481652191774	0.014962205295989014	1.651103023185102	1.875225208806531	1.0052216379024843	0.6296142142901958	0.20891223957725288	53.49315991911141	0.030653627543931056
3.8677806109403803	0.01	0.007	0.007	0.007	0.01	0.025728263538440908	0.02687094810092598	0.003344331469308138	0.0025759455226072145	0.014892463568294911	1.6604757490103605	1.8834692247991567	1.0060706769083487	0.6295463559784964	0.2117311302288683	53.128440871010106	0.030609211718693297
3.91006714187985	0.01	0.007	0.007	0.007	0.01	0.02555080643077121	0.026685610076246955	0.0032927663023847465	0.0025343599230125517	0.01482084746460329	1.6698156916397535	1.891627464313004	1.006893730987544	0.6294517090156472	0.21454535715797018	52.76234215364397	0.030564385565592225
3.952807921752846	0.01	0.007	0.007	0.007	0.01	0.02537268720461715	0.026499580522667283	0.0032419843034065454	0.0024934744215362892	0.014747410816523974	1.6791217882742122	1.899698059750713	1.0076908465791659	0.6293302944863874	0.21735434200689463	52.39487419623487	0.030519144590110927
3.996009082341021	0.01	0.007	0.007	0.007	0.01	0.025193911589771162	0.0263128654243536	0.003191969383629395	0.002453272646569127	0.014672206101575725	1.6883929463445921	1.9076791100299286	1.008462063571366	0.6291821289354809	0.22015750335314924	52.02604876806804	0.030473484353699544
4.039676766492794	0.01	0.007	0.007	0.007	0.01	0.025014485913804976	0.026125471389799038	0.003142705938557721	0.0024137387638903567	0.014595284478512079	1.697628047476822	1.9155686847945954	1.0092074159382454	0.6290072247254117	0.22295425769872557	51.655878871479516	0.030427400461752165
4.083817120209489	0.01	0.007	0.007	0.007	0.01	0.024834417133322045	0.025937405684463764	0.0030941788366971763	0.0023748574611675076	0.014516695855377224	1.7068259471177043	1.9233648248718405	1.0099269319874187	0.6288055904358885	0.2257440191616681	51.284378806385625	0.03038088857276381
4.128436293281592	0.01	0.007	0.007	0.007	0.01	0.0246537128290286	0.025748676225627102	0.003046373398981264	0.002336613925195404	0.014436488941405567	1.7159854760732096	1.9310655444116234	1.0106206347603452	0.628577231231256	0.22852619975529737	50.91156416017044	0.030333944398427574
4.173540436968448	0.01	0.007	0.007	0.007	0.01	0.024472381212466157	0.02555929158941922	0.002999275382409773	0.0022989938227656105	0.014354711302561642	1.7251054414633626	1.9386688325485741	1.0112885423735443	0.6283221492305582	0.2313002095011208	50.537451821633255	0.030286563706845446
4.219135695476112	0.01	0.007	0.007	0.007	0.01	0.024290431156686335	0.025369261042858315	0.0029528709705513357	0.0022619832872455437	0.014271409426965457	1.7341846265151908	1.9461726541398965	1.011930668271732	0.6280403439125763	0.2340654561968997	50.162060044335185	0.030238742332219556
4.265228200089646	0.01	0.007	0.007	0.007	0.01	0.02410787221461457	0.02517859456303002	0.0029071467611140435	0.0022255689030168456	0.014186628784291338	1.7432217910476615	1.9535749511540879	1.01254702153861	0.6277318125162534	0.236821345402216	49.785408484550594	0.030190476181683676
4.311824078627379	0.01	0.007	0.007	0.007	0.01	0.02392471457603363	0.02498730279216052	0.002862089739019253	0.0021897376786094215	0.014100413855206516	1.7522156750145768	1.9608736465913164	1.0131376074067475	0.627396550331417	0.23956728136617245	49.40751811258202	0.030141761226070377
4.35892943077379	0.01	0.007	0.007	0.007	0.01	0.023740969158519355	0.024795397132591032	0.002817687283597082	0.002154477047226659	0.014012808221988523	1.7611649954590174	1.9680666430567393	1.013702427316602	0.6270345512188469	0.24230266595416353	49.028411400445414	0.030092593526360314
4.406550337177311	0.01	0.007	0.007	0.007	0.01	0.023556647563397717	0.02460288970077899	0.002773927142540505	0.0021197748410106926	0.013923854595285614	1.7700684501907265	1.975151826890166	1.0142414794325296	0.6266458079052474	0.24502689963299204	48.648112231073206	0.030042969224721747
4.454692846557256	0.01	0.007	0.007	0.007	0.01	0.023371762117106083	0.02440979337049628	0.0027307974275919676	0.0020856192828109747	0.01383359487971272	1.778924717295513	1.98212706895043	1.0147547588791965	0.6262303124326863	0.24773938119224792	48.26664598372564	0.02999288455849875
4.503362962168967	0.01	0.007	0.007	0.007	0.01	0.023186325912282812	0.02421612181574379	0.0026882866099656637	0.0020519989779030135	0.013742070239125274	1.7877324547688116	1.988990225620242	1.015242258006828	0.6257880566357762	0.2504395075089925	47.884039618847986	0.029942335874726625
4.552566644080351	0.01	0.007	0.007	0.007	0.01	0.023000352786485077	0.02402188948852426	0.002646383501681998	0.002018902894749085	0.013649321130291025	1.7964903031851078	1.9957391422654451	1.0157039668345182	0.6253190324857223	0.25312667425007546	47.500321634242496	0.029891319628117103
4.602309785029113	0.01	0.007	0.007	0.007	0.01	0.02281385739957564	0.02382711169966599	0.002605077259868689	0.001986320364110444	0.01355538738426914	1.8051968837405081	2.0023716531664038	1.0161398732435338	0.6248232326811733	0.2558002751634992	47.11552222482589	0.029839832406379517
4.652598211991438	0.01	0.007	0.007	0.007	0.01	0.022626855211065347	0.023631804595159178	0.0025643573684862335	0.001954241060489359	0.013460308237303667	1.8138508011047865	2.008885585274809	1.0165499634427166	0.6243006510119142	0.2584597028517183	46.72967323597215	0.029787870928726968
4.703437667544042	0.01	0.007	0.007	0.007	0.01	0.022439362531536503	0.023435985209863334	0.002524213637073401	0.0019226549971924196	0.013364122397635769	1.822450642846157	2.0152787594141377	1.0169342222607105	0.6237512829226738	0.26110434850084535	46.342808269710574	0.029735432065206784
4.754833793777951	0.01	0.007	0.007	0.007	0.01	0.022251396560918898	0.02323967150748328	0.0024846361963906187	0.0018915525190907124	0.013266868105259812	1.8309949795878733	2.021548992184089	1.0172926335001546	0.6231751260748534	0.26373360184064015	45.95496276380438	0.02968251285318384
4.806792118968309	0.01	0.007	0.007	0.007	0.01	0.02206297541340815	0.023042882406594273	0.002445615491284885	0.0018609242933501856	0.013168583184027173	1.8394823658686505	2.027694098512408	1.0176251803411387	0.6225721808935721	0.2663468513279567	45.56617404327392	0.029629110510793026
4.859318050729921	0.01	0.007	0.007	0.007	0.01	0.0218741181162544	0.022845637779377186	0.0024071422685320166	0.001830761296389038	0.013069305078929422	1.8479113422356714	2.033711895190089	1.0179318458008741	0.6219424510446934	0.26894348471750823	45.17648131800832	0.029575222443567615
4.91241683345043	0.01	0.007	0.007	0.007	0.01	0.02168484473361988	0.02264795858097689	0.0023692075903091296	0.0018010548210801523	0.01296907095825614	1.8562804318397002	2.0396002006078215	1.0182126130107962	0.6212859443527073	0.2715228879462548	44.78592593845363	0.029520846287507525
4.966093550337972	0.01	0.007	0.007	0.007	0.01	0.021495176325117694	0.02244986680619986	0.002331802813666175	0.0017717964574172006	0.01286791772843154	1.8645881445545218	2.045356840063422	1.0184674658040545	0.6206026732120676	0.27408444634229195	44.39455131018779	0.0294659799060679
5.020353085896381	0.01	0.007	0.007	0.007	0.01	0.021305135042262346	0.022251385590248442	0.002294919598123216	0.0017429780953678328	0.012765882120612965	1.8728329750472652	2.050979646910904	1.0186963891078569	0.6198926554910247	0.27662754397781486	44.002403093073774	0.029410621427462594
5.075200101333152	0.01	0.007	0.007	0.007	0.01	0.021114744172778078	0.02205253925499719	0.0022585499023482793	0.001714591919280642	0.012663000749426981	1.8810134033274652	2.056466465695486	1.0188993694651705	0.6191559153099366	0.27915156379291794	43.60952929283122	0.029354769268329816
5.130639020108701	0.01	0.007	0.007	0.007	0.01	0.020924028145132622	0.021853353313728185	0.002222685973406681	0.0016866303966299383	0.012559310149245322	1.8891278970988374	2.0618151566594314	1.019076395624826	0.6183924836965837	0.281655888283818	43.21598027054056	0.029298422146757104
5.186673983075034	0.01	0.007	0.007	0.007	0.01	0.020733012633124572	0.02165385458036364	0.0021873203550913777	0.0016590862817728543	0.012454846863829826	1.897174909934811	2.0670235976481655	1.01922745906152	0.6176023996702039	0.2841398989105993	42.82180895861799	0.029241579125892727
5.243308831945018	0.01	0.007	0.007	0.007	0.01	0.020541724556396555	0.021454071170002004	0.0021524458764057815	0.001631952604334317	0.012349647478900263	1.90515288404178	2.072089689293528	1.01935255464213	0.6167857109636896	0.2866029769288385	42.42707086204084	0.029184239628301037
5.300547057876088	0.01	0.007	0.007	0.007	0.01	0.02035019219364138	0.021254032617152037	0.0021180556609214324	0.0016052226739639815	0.012243748715602732	1.9130602483991215	2.0770113574249893	1.0194516812419205	0.61594247525695	0.28904450280278154	42.03182429213132	0.029126403485255813
5.358391786558229	0.01	0.007	0.007	0.007	0.01	0.020158445165344888	0.0210537698577097	0.0020841431121837064	0.0015788900665572173	0.01213718745161323	1.9208954224920878	2.081786559295125	1.0195248424953665	0.6150727609088161	0.29146385735394925	41.63613033112986	0.029068070948551846
5.416845716169298	0.01	0.007	0.007	0.007	0.01	0.019966514567422537	0.020853315368529864	0.002050701926304989	0.00155294863171708	0.012030000824887381	1.9286568139320428	2.0864132862307483	1.0195720475082102	0.6141766483997315	0.29386042103158033	41.24005310816327	0.029009242749424208
5.475911080393164	0.01	0.007	0.007	0.007	0.01	0.019774433011786424	0.020652703209795467	0.0020177260874278675	0.0015273924869813643	0.011922226285613536	1.9363428201199693	2.090889569145121	1.0195933116855607	0.6132542314397238	0.29623357444091275	40.84365988316823	0.0289499201314558
5.535589618255073	0.01	0.007	0.007	0.007	0.01	0.019582234637883944	0.020451969037068845	0.0019852098585520952	0.0015022160085709686	0.011813901630803876	1.943951831153637	2.095213484982631	1.0195886575946753	0.6123056179769254	0.29858269926526126	40.447021070918744	0.028890104876083324
5.595882514987816	0.01	0.007	0.007	0.007	0.01	0.019389955210351056	0.02025115020328242	0.0019531477872785363	0.0014774138337971055	0.01170506508640399	1.9514822294044472	2.099383161484481	1.0195581158624865	0.611330931672642	0.3009071781696905	40.050210442775956	0.028829799356545283
5.656790344853341	0.01	0.007	0.007	0.007	0.01	0.01919763219932666	0.020050285842620252	0.0019215347081394246	0.0014529808608893674	0.011595755379418893	1.95893239000327	2.1033967828864206	1.0195017261530914	0.6103303133801722	0.3032063949958431	39.653305292672094	0.02876900658900147
5.718313045023642	0.01	0.007	0.007	0.007	0.01	0.019005304753440394	0.0198494168423067	0.0018903657273848674	0.0014289122353534013	0.011486011748253774	1.9663006856092147	2.107252598224746	1.0194195381656503	0.6093039221269654	0.3054797362890109	39.25638638161192	0.028707730251877076
5.780449839416299	0.01	0.007	0.007	0.007	0.01	0.018813013822164437	0.01964858597039242	0.0018596362326826696	0.0014052033556801852	0.01137587403702216	1.9735854854674473	2.1109489268077373	1.0193116127147956	0.608251936922969	0.30772659107293704	38.859538190431444	0.028645974754399048
5.843199197764675	0.01	0.007	0.007	0.007	0.01	0.01862080215676621	0.01944783787674984	0.0018293418829989116	0.001381849863818581	0.011265382720071491	1.9807851592825505	2.114484166586442	1.0191780228289247	0.6071745580015634	0.3099463521212702	38.4628489220315	0.02858374526908135
5.906558764418181	0.01	0.007	0.007	0.007	0.01	0.018428714395363442	0.01924721918190615	0.0017994786122841765	0.0013588476463878827	0.01115457897379021	1.9878980779744364	2.1178568012017447	1.0190188549382933	0.6060720085744294	0.312138416277839	38.06641067719004	0.028521047793421454
5.970525336553608	0.01	0.007	0.007	0.007	0.01	0.0182367969878064	0.019046778398589852	0.0017700426084885311	0.0013361928169645526	0.011043504655209126	1.9949226204522783	2.1210654101823274	1.0188342099819734	0.6049445357301292	0.3143021866419826	37.67031929981351	0.028457889161747626
6.035094778260592	0.01	0.007	0.007	0.007	0.01	0.018045098306781446	0.018846566047769173	0.0017410303222836069	0.0013138817213476392	0.010932202386889361	2.001857173465242	2.1241086759983485	1.0186242046883713	0.603792412432197	0.3164370726291828	37.27467460652262	0.028394277119689906
6.100261997740545	0.01	0.007	0.007	0.007	0.01	0.017853668559521932	0.01864663456644233	0.001712438445592833	0.001291910919662141	0.010820715525510822	2.0087001387836856	2.126985394699776	1.0183889727054074	0.6026159383988758	0.3185424922989935	36.87958020472645	0.028330220335348055
6.166020885861127	0.01	0.007	0.007	0.007	0.01	0.017662559808403294	0.018447038329147764	0.0016842639078239682	0.0012702771821838186	0.010709088192197442	2.015449936285895	2.129694484715514	1.0181286658364046	0.601415441634375	0.32061787342874914	36.48514353541761	0.028265728447808277
6.232364280618256	0.01	0.007	0.007	0.007	0.01	0.017471825907675178	0.01824783358188693	0.001656503860378653	0.0012489774762388878	0.010597365252869731	2.0221050099541373	2.132234996940052	1.017843455183897	0.600191279466313	0.3226626554890298	36.09147574288178	0.02820081208931199
6.299283927786299	0.01	0.007	0.007	0.007	0.01	0.017281522446380572	0.018049078382508944	0.0016291556633454944	0.0012280089548794605	0.010485592300756108	2.0286638334386353	2.1346061245154884	1.0175335322773245	0.5989438396068828	0.32467629149015675	35.698691557169745	0.02813548291045924
6.3667704647568115	0.01	0.007	0.007	0.007	0.01	0.01709170662144608	0.017850832468164865	0.0016022168634809068	0.0012073689389754869	0.01037381559642195	2.0351249177731603	2.1368072131843734	1.0171991100527997	0.5976735407303725	0.3266582504913504	35.30690903243366	0.028069753582122013
6.434813397050567	0.01	0.007	0.007	0.007	0.01	0.016902437130745723	0.017653157143622783	0.0015756851767430905	0.0011870549029032644	0.010262082017844187	2.041486818028884	2.1388377708535318	1.0168404237971913	0.5963808331196282	0.3286080197825791	34.91624932647119	0.028003637804059078
6.503401108435528	0.01	0.007	0.007	0.007	0.01	0.01671377397292764	0.017456115072204854	0.0015495584594149476	0.0011670644515963835	0.01015043895380088	2.0477481426943016	2.1406974775412406	1.016457731838919	0.5950661986036457	0.33052510789828554	34.5268362878051	0.02793715028049408
6.572520873985029	0.01	0.007	0.007	0.007	0.01	0.01652577824453773	0.017259770063901145	0.0015238346810743425	0.0011473952991277083	0.010038934193644232	2.0539075625531105	2.142386194347682	1.016051316100861	0.5937301503448048	0.33240904746798305	34.13879603715204	0.02787030669283423
6.642158871504099	0.01	0.007	0.007	0.007	0.01	0.016338511947580174	0.017064186874383883	0.0014985119010116855	0.0011280452500298838	0.009927615821479021	2.059963818627917	2.1439039713103143	1.0156214825441896	0.5923732325674648	0.3342593977697426	33.75225657040188	0.027803123674005167
6.712300233296104	0.01	0.007	0.007	0.007	0.01	0.01615203769648548	0.016869430898961493	0.0014735882330403304	0.0011090121718423558	0.00981653204879751	2.065915732740345	2.1452510549413266	1.0151685612357784	0.5909960194082335	0.33607574806860663	33.367347153927035	0.027735618744053604
6.782929116284915	0.01	0.007	0.007	0.007	0.01	0.015966418390766603	0.01667556783069708	0.0014490618083001386	0.0010902939662406688	0.00970573102453687	2.071762218318212	2.146427894414184	1.0146929061190022	0.5895991132902152	0.337857721008091	32.98419764901727	0.02766781022878637
6.854028786198719	0.01	0.007	0.007	0.007	0.01	0.015781716868450413	0.016482663298447896	0.001424930738124646	0.0010718885403239954	0.009595260631564337	2.0775022908880683	2.147435146086981	1.014194894496633	0.5881831429004643	0.33960497587876354	32.60293779657655	0.027599717165889465
6.925581692133218	0.01	0.007	0.007	0.007	0.01	0.01559799560370735	0.016290782551066404	0.0014011930850583308	0.0010537937842138951	0.00948516830774908	2.083135076273409	2.148273675958452	1.0136749263902929	0.5867487612469626	0.3413172111586559	32.22369659299687	0.027531359221392562
6.99756960747803	0.01	0.007	0.007	0.007	0.01	0.015415316254888577	0.016099989985364417	0.001377846816708389	0.0010360075356497893	0.009375500775681521	2.0886598224584394	2.14894456093651	1.0131334232288611	0.5852966422800345	0.34299416813541317	31.846601357182482	0.027462756544034655
7.069973757048328	0.01	0.007	0.007	0.007	0.01	0.015233739276497446	0.015910348740851267	0.0013548897704934897	0.0010185275529864004	0.009266303808734892	2.094075908370595	2.149449087468048	1.0125708263993929	0.5838274776674888	0.3446356335505607	31.47177692947628	0.02739392963477284
7.142774943836648	0.01	0.007	0.007	0.007	0.01	0.015053323558762648	0.015721920323299363	0.0013323196238762733	0.0010013514924334796	0.009157622012258917	2.0993828508470824	2.1497887479635307	1.011987595598258	0.5823419734794218	0.34624144165278825	31.09934492749874	0.027324899218538246
7.21595370886343	0.01	0.007	0.007	0.007	0.01	0.014874126012781336	0.015534764171462066	0.0013101338594929954	0.0009844768814651849	0.009049498570718588	2.104580312247065	2.1499652352205305	1.0113842067241299	0.5808408461116183	0.34781147640454657	30.729422889561977	0.02725568608664034
7.2894904902013025	0.01	0.007	0.007	0.007	0.01	0.014696201189031935	0.015348937258643405	0.0012883297361596436	0.0009679010967518224	0.00894197501370475	2.10966810608254	2.1499804345264244	1.0107611495721136	0.5793248181416653	0.3493456730433346	30.36212348690005	0.027186310942367637
7.363365760771585	0.01	0.007	0.007	0.007	0.01	0.014519600976805592	0.015164493778779884	0.0012669042709894623	0.0009516213505687483	0.008835091030004414	2.114646199457874	2.1498364137039014	1.0101189255334788	0.5777946145608571	0.35084401863629644	29.997553902881382	0.027116794268969124
7.437560188129231	0.01	0.007	0.007	0.007	0.01	0.014344374278011673	0.014981484805758324	0.001245854219036818	0.0009356346753343438	0.00872888426567891	2.119514715511669	2.1495354113768097	1.0094580449651958	0.5762509585118957	0.3523065525950775	29.635815159265558	0.02704715617916593
7.512054741892892	0.01	0.007	0.007	0.007	0.01	0.01417056683133085	0.01479995810975844	0.0012251760713952384	0.0009199379221637491	0.008623390213002081	2.124273931029981	2.1490798238373405	1.008779024901285	0.5746945680900248	0.353733365700698	29.277001752788422	0.02697741631608426
7.586830856468593	0.01	0.007	0.007	0.007	0.01	0.013998220928812673	0.01461995786126299	0.0012048660402115036	0.0009045277494671731	0.008518642034219264	2.1289242765841783	2.1484721904446027	1.0080823861851802	0.5731261519902031	0.3551245998540528	28.921201069669692	0.026907593704342002
7.661870505200032	0.01	0.007	0.007	0.007	0.01	0.0138273753605293	0.014441524573252734	0.0011849200704201403	0.0008894006318064254	0.008414670524004337	2.1334663300589147	2.1477151785203716	1.007368651342931	0.5715464070144359	0.3564804458152338	28.568493270893644	0.026837706686038826
7.7371562988546865	0.01	0.007	0.007	0.007	0.01	0.013658065316672782	0.014264694998954644	0.0011653338452833227	0.0008745528640008133	0.008311504046742418	2.137900811257563	2.1468115676293107	1.0066383422249905	0.5699560151074069	0.35780114124792767	28.218951089619438	0.02676777283539751
7.812671523445398	0.01	0.007	0.007	0.007	0.01	0.013490322438793483	0.014089502185355282	0.001146102807993999	0.0008599805773629192	0.008209168565413994	2.1422285725731633	2.1457642342686025	1.0058919782395017	0.5683556417173964	0.3590869675769041	27.87263993648304	0.026697808931107538
7.888400236935355	0.01	0.007	0.007	0.007	0.01	0.01332417474720442	0.01391597539738009	0.0011272221674659402	0.0008456797438932249	0.008107687595813522	2.146450593027499	2.144576135848311	1.0051300740462112	0.5667459329695055	0.3603382478410079	27.529617749241094	0.026627830875003877
7.964327259340436	0.01	0.007	0.007	0.007	0.01	0.013159646811596919	0.013744140296085746	0.0011086869304541766	0.0008316462003745811	0.008007082310081327	2.1505679662350703	2.143250296310897	1.0043531383488986	0.5651275151593175	0.3615553427379625	27.189935344536824	0.026557853710383283
8.040438196121071	0.01	0.007	0.007	0.007	0.01	0.012996759846701953	0.013574019038569324	0.0010904919230697416	0.0008178756643664294	0.007907371595614745	2.154581890732542	2.141789791946835	1.0035616724488952	0.5635009936177445	0.3627386473809481	26.85363661494008	0.026487891609712075
8.11671941951139	0.01	0.007	0.007	0.007	0.01	0.012835531897290267	0.013405630471184033	0.0010726318204792836	0.0008043637563404638	0.007808572169650481	2.158493658515558	2.140197738635553	1.0027561693185119	0.5618669525464522	0.3638885875367916	26.520758910456035	0.026417957901265565
8.19315808854579	0.01	0.007	0.007	0.007	0.01	0.012675977937005029	0.013238990232760681	0.0010551011651621094	0.000791106013106272	0.007710698642004473	2.1623046461758433	2.1384772791141424	1.0019371123657062	0.5602259540992325	0.365005616645579	26.19133324215563	0.02634806506022439
8.269742111822824	0.01	0.007	0.007	0.007	0.01	0.012518110084568709	0.013074110980416158	0.0010378943965155974	0.000778097909781364	0.007613763650587802	2.166016303658651	2.136631572203644	1.0011049748928635	0.558578538758618	0.36609021215677506	25.865384728165502	0.026278224752264448
8.346460133963099	0.01	0.007	0.007	0.007	0.01	0.012361937763117621	0.012911002555963995	0.0010210058724640656	0.0007653348756719568	0.007517777962870277	2.169630144940902	2.1346637824685306	1.000260219407292	0.5569252252741095	0.3671428724512358	25.542932922267035	0.02620844785512329
8.423301510489477	0.01	0.007	0.007	0.007	0.01	0.012207467877440245	0.01274967217102366	0.0010044298915564233	0.0007528123104935627	0.007422750588993105	2.173147738783554	2.132577070994682	0.9994032971479233	0.5552665109115688	0.36816411380582303	25.223992179488636	0.02613874449048626
8.500256306894412	0.01	0.007	0.007	0.007	0.01	0.012054704936547147	0.012590124535033753	0.0009881607078794364	0.0007405255951405381	0.007328688861771981	2.1765707012081	2.130374586322077	0.9985346474273432	0.5536028712378259	0.36915446788060147	24.908571908848792	0.02606912403367394
8.577315199570112	0.01	0.007	0.007	0.007	0.01	0.011903651364124211	0.012432362179492859	0.0009721925647560586	0.0007284701166234863	0.007235598632948091	2.1799006842455944	2.1280594590131106	0.9976546981654822	0.5519347620802146	0.3701144781514129	24.596677214063213	0.025999595211754514
8.654469498007732	0.01	0.007	0.007	0.007	0.01	0.011754307558023105	0.01227638552009178	0.0009565197004369726	0.0007166412718362888	0.007143484315333997	2.183139370859325	2.1256347937273095	0.9967638651498291	0.5502626189164025	0.37104469815789926	24.2883090161049	0.0259301660912454
8.731711120255904	0.01	0.007	0.007	0.007	0.01	0.011606672038955122	0.012122193012010833	0.0009411363625630868	0.0007050344779468741	0.007052348980071109	2.1862884682033235	2.1231036631920586	0.9958625518778234	0.5485868573138986	0.3719456892867409	23.98346435996794	0.02586084410802522
8.809032531655134	0.01	0.007	0.007	0.007	0.01	0.01146074166164157	0.011969781370447807	0.0009260368282419847	0.000693645187017965	0.006962194492745672	2.1893496999884503	2.1204691041408728	0.9949511498996386	0.5469078742062107	0.372818018325146	23.682136850421514	0.0257916361297095
8.886426723709235	0.01	0.007	0.007	0.007	0.01	0.011316511740158035	0.011819145701528788	0.000911215414328598	0.0006824688932328862	0.006873021596763096	2.192324801130861	2.117734112736453	0.994030038766011	0.545226048334561	0.37366225569473643	23.38431691061596	0.02572254848135082
8.963887182069897	0.01	0.007	0.007	0.007	0.01	0.011173976187681837	0.01167027964826198	0.0008966664886108778	0.0006715011408086978	0.006784830005716954	2.1952155124463832	2.1149016409680432	0.9930995861584057	0.5435417409555112	0.3744789737200609	23.089992070451526	0.025653586980499778
9.041407864209294	0.01	0.007	0.007	0.007	0.01	0.011033127631870249	0.011523175511039895	0.0008823844779723986	0.000660737529636279	0.006697618480740228	2.198023576182999	2.1119745932897946	0.9921601479549265	0.5418552963642314	0.3752687451566737	22.799147204648374	0.025584756963198698
9.11898319203384	0.01	0.007	0.007	0.007	0.01	0.010893957498248015	0.01137782433473026	0.0008683638729346332	0.0006501737182024715	0.006611384888009919	2.200750732471945	2.108955823174603	0.9912120681559041	0.5401670421149519	0.3760321419966902	22.511764704775494	0.02551606329642341
9.196607977241781	0.01	0.007	0.007	0.007	0.01	0.010756456208781535	0.011234216116069192	0.0008545992434514911	0.0006398054350009928	0.006526126327654192	2.203398713804425	2.105848132771522	0.9902556796719545	0.5384772907247201	0.37676973374186024	22.22782488915527	0.02544751044971377
9.274277428509079	0.01	0.007	0.007	0.007	0.01	0.010620613226142033	0.011092339849890172	0.0008410852387624809	0.00062962847794133	0.006441839166999601	2.205969242851469	2.1026542699399084	0.989291304158324	0.5367863396135154	0.3774820866361101	21.947306094141613	0.025379102493744032
9.35198712239406	0.01	0.007	0.007	0.007	0.01	0.01048641715935376	0.010952183639464201	0.0008278165932788219	0.0006196387183190391	0.006358519111750247	2.2084640292823776	2.0993769270419116	0.9883192523193214	0.5350944718473466	0.3781697626327135	21.670184892169978	0.025310843130799995
9.429732968793257	0.01	0.007	0.007	0.007	0.01	0.010353855873062373	0.010813734810621024	0.0008147881326012162	0.0006098321048979437	0.00627616127935566	2.2108847667644205	2.096018740393449	0.9873398243143954	0.5334019570116321	0.37883331843154494	21.39643631730023	0.025242735729586994
9.507511201896925	0.01	0.007	0.007	0.007	0.01	0.010222916548023667	0.01067697997492429	0.0008019947745778056	0.0006002046642729535	0.006194760241961808	2.21323313107604	2.0925822889966175	0.9863533098719887	0.531709051538709	0.3794733048403025	21.12603399004159	0.025174783337277983
9.585318340032053	0.01	0.007	0.007	0.007	0.01	0.010093585790311166	0.010541905143729251	0.0007894315350626639	0.000590752504786516	0.006114310099526353	2.2155107775148624	2.0890700949336276	0.98535998881832	0.5300159997199305	0.38009026595824436	20.858950342798533	0.025106988718484154
9.663151176234368	0.01	0.007	0.007	0.007	0.01	0.009965849683917526	0.010408495783120371	0.0007770935280545938	0.000581471816230737	0.006034804517606293	2.2177193395093875	2.085484622728015	0.9843601312397763	0.5283230340543104	0.3806847387047571	20.5951567284331	0.02503935436697139
9.741006758371478	0.01	0.007	0.007	0.007	0.01	0.009839693857735487	0.010276736883866999	0.0007649759672481785	0.000572358870628987	0.005956236773926603	2.21986042710826	2.0818282794007983	0.9833539977930693	0.5266303758287652	0.38125725232692476	20.334623558531955	0.024971882526266927
9.818882374294784	0.01	0.007	0.007	0.007	0.01	0.009715103540896684	0.01014661301921991	0.0007530741664708627	0.0005634100221955715	0.005878599797543147	2.2219356258044005	2.078103414523068	0.9823418399654862	0.5249382355918364	0.38180832801009773	20.07732041764088	0.024904575205626642
9.896775547204944	0.01	0.007	0.007	0.007	0.01	0.009592063599169816	0.010018108382926072	0.0007413835383636333	0.0005546217059911898	0.005801886196021062	2.2239464957823682	2.0743123199619293	0.9813239002130683	0.5232468134075923	0.3823384786118751	19.823216138390965	0.02483743418698348
9.974684005131255	0.01	0.007	0.007	0.007	0.01	0.009470558609883474	0.009891206867478927	0.0007298995967920772	0.0005459904393987888	0.005726088306480004	2.2258945706319047	2.0704572310477114	0.9803004124459962	0.5215562996729328	0.38284820826554233	19.572278956194044	0.024770461054034843
10.0	0.01	0.007	0.007	0.007	0.01	0.009431408474750385	0.009850317915566332	0.000726212127558687	0.0005432193077012408	0.005701664461374001	2.2265142513753053	2.0691912741808687	0.9799667171294023	0.5210072647621316	0.3830095105956497	19.491423840023206	0.024748737341529162
