0.0	0.01	0.007	0.007	0.007	0.01	0.0	0.0	0.0	0.0	0.0	0.0	0.0	0.0	0.0	0.0	100.0	0.035
0.006509000570046979	0.01	0.007	0.007	0.007	0.01	0.002579948971839246	0.006564407930650339	0.003505292009678661	0.0011727973682704015	0.00018500852590829544	9.603978298698019e-5	0.00040820232144682297	0.00044929253848295924	7.155781529106382e-5	4.23821089654637e-6	99.88511723617711	0.034992105423543154
0.011543151655762807	0.01	0.007	0.007	0.007	0.01	0.004478631752013211	0.011173425158825448	0.006095083296410084	0.002054622129669315	0.00030580597916158	0.00029758559415514425	0.0012481487878850325	0.0013936395344221664	0.00022307479987303301	1.271051845949275e-5	99.79635583630397	0.03498600087010503
0.0186324757036418	0.01	0.007	0.007	0.007	0.01	0.007016717702970508	0.017039345466324088	0.009571200818073935	0.0032601971941865096	0.0004483818694002225	0.0007594185961535459	0.003127646617805264	0.0035616974007448747	0.0005740854214363699	3.103278332934054e-5	99.67149166859453	0.034977405961860865
0.025727775697850914	0.01	0.007	0.007	0.007	0.01	0.009406332370371912	0.02225195656767103	0.012859696460614304	0.004425586429322304	0.0005642792390384505	0.0014184020177934607	0.005739168921617463	0.0066619235250955505	0.0010811732539091888	5.556104052033327e-5	99.5466786729185	0.034968805922694364
0.03395736492823564	0.01	0.007	0.007	0.007	0.01	0.012000717925046884	0.027568682797083476	0.016448439190386348	0.005727406581673886	0.0006716545687735067	0.0024132009852512845	0.00957234725499688	0.011352758265175832	0.0018569157507807507	9.021869449079355e-5	99.4021082233362	0.03495883368792481
0.04262029557317278	0.01	0.007	0.007	0.007	0.01	0.014539414433419958	0.032423769040664664	0.01998005900336047	0.007041993304338645	0.0007597764271808723	0.003709112576704102	0.014419317335746877	0.017478457026500433	0.002882058515688401	0.00013237023420331235	99.250152025712	0.03494833942249577
0.05205139255307289	0.01	0.007	0.007	0.007	0.01	0.017094923530425903	0.03696113346054698	0.02355642549760874	0.008410645732443874	0.0008331821829859791	0.005387729761276268	0.02050812789408558	0.025433436876330148	0.004230094082960244	0.00018332950841140245	99.08498554076844	0.03493691818277787
0.06201709573529037	0.01	0.007	0.007	0.007	0.01	0.019577174336418993	0.04102930908915526	0.027052276979991897	0.009788996318535137	0.0008912798202206531	0.0074400027938809855	0.02772216426210254	0.03518479479768341	0.005904378691842434	0.00024149195013363538	98.91075517917443	0.03492485358051399
0.07261210338118966	0.01	0.007	0.007	0.007	0.01	0.02199017689089512	0.04466026111711562	0.030472829722948198	0.011181202365771466	0.000936620294528936	0.009908194851811864	0.03612763834351589	0.046943723310713496	0.007951026961346344	0.00030689024347185735	98.72585867231592	0.03491203170367469
0.08376291985692938	0.01	0.007	0.007	0.007	0.01	0.024299592433447044	0.04783271818789956	0.03376831099419596	0.012568657215710544	0.000970878397267109	0.012794929533044121	0.045651314918770856	0.06073353825364601	0.010385111249131197	0.00037855212749083255	98.53163587956118	0.03489854228167583
0.095501773386823	0.01	0.007	0.007	0.007	0.01	0.026498583382255955	0.050574318572850586	0.036926924884176295	0.013947120312218257	0.0009961537820470788	0.01612261883843762	0.05628928116025565	0.07667191038186275	0.013239280663635118	0.0004561660357610014	98.32758360447636	0.03488434712810633
0.10781544201758145	0.01	0.007	0.007	0.007	0.01	0.02857334176400676	0.052906927094695425	0.03992602600863698	0.015306897885100501	0.0010142174804806693	0.019898338179425993	0.06799037492716849	0.09480288940917063	0.016534271314925363	0.0005391744858681404	98.11399363300353	0.03486946308700024
0.12072753828115998	0.01	0.007	0.007	0.007	0.01	0.030518988241678077	0.054865411593497095	0.04275490651803113	0.01664269411848418	0.0010266909138110637	0.024136551784634742	0.08073139029958026	0.11520507077826617	0.020298054696934974	0.0006273207165088611	97.89052179670315	0.0348538625225783
0.1342529082521028	0.01	0.007	0.007	0.007	0.01	0.03233059436888393	0.05648451195706893	0.04540194326289714	0.017948118393694118	0.0010349386956234221	0.028846724439282205	0.09447841285298446	0.1379316582281985	0.024555028562412675	0.000720352507803216	97.65698174223232	0.03483752847756027
0.14842224490114672	0.01	0.007	0.007	0.007	0.01	0.034006678265856	0.05780119197763344	0.047859686426684964	0.019218148684496155	0.001040123095783934	0.03404163748809665	0.10921251458625014	0.1630497913843766	0.029333214257573147	0.0008181885698677887	97.4129199975022	0.034820424950054614
0.16326837580561676	0.01	0.007	0.007	0.007	0.01	0.0355467401787132	0.058851127078577224	0.05012128862581037	0.020447543016298655	0.0010432304971332892	0.03973332971025628	0.12491757031461102	0.19062023204936387	0.03466052388255049	0.0009208234505785189	97.15785503803461	0.034802513485644754
0.17883372453445726	0.01	0.007	0.007	0.007	0.01	0.036951864190890846	0.05966852288997485	0.052181381952247766	0.02163136511284294	0.0010451242287009622	0.04593610611835115	0.14158870799113812	0.22071096549295893	0.0405673718674773	0.001028378404592891	96.89115065214844	0.03478374419777358
0.1951662284383265	0.01	0.007	0.007	0.007	0.01	0.0382239553542863	0.06028508473421407	0.05403494852819193	0.02276446096074884	0.0010465933080288498	0.05266528735363015	0.15922843870608597	0.253390014320703	0.04708535800898332	0.0011410759800292672	96.6120885488609	0.034764060728070444
0.21232161446387157	0.01	0.007	0.007	0.007	0.01	0.03936574362673709	0.060729781634798176	0.05567731246461048	0.02384149758378264	0.0010483993550097495	0.05993824276838917	0.17784910159619655	0.2887290441510801	0.054248019955391864	0.0012592632604286355	96.31983189731714	0.03474339753853116
0.23036199112160777	0.01	0.007	0.007	0.007	0.01	0.040380503807253394	0.061028596952911504	0.05710372580155139	0.024856740366818775	0.0010513149597500666	0.0677738724088655	0.19747111678181714	0.3267991338291275	0.06209002808386106	0.0013834155384502144	96.01345230418401	0.03472168165061323
0.24935600009433234	0.01	0.007	0.007	0.007	0.01	0.041271981150187556	0.06120451353439111	0.05830928198415357	0.025803987168536012	0.0010561514057115435	0.07619261187885913	0.21812270809915904	0.36766872176482934	0.0706467537945271	0.001514157302554957	95.69193030560592	0.034698832507450206
0.26937712924001456	0.01	0.007	0.007	0.007	0.01	0.042044278854308004	0.06127757384428325	0.05928882902266309	0.026676456039505275	0.0010637731668905004	0.08521554827059591	0.23983749822378433	0.41139685816614635	0.0799527833465183	0.001652277233009959	95.35418720576472	0.03467476405152371
0.2905013111243243	0.01	0.007	0.007	0.007	0.01	0.04270182111017138	0.06126503710414888	0.06003708576174672	0.02746675022403523	0.0010750976769427398	0.09486310303065636	0.26265127816715594	0.45802403520778917	0.09003975221608462	0.001798744264982832	94.99912863945002	0.03464938765729694
0.3128021971600944	0.01	0.007	0.007	0.007	0.01	0.04324934708788126	0.06118160154828622	0.060548957024246	0.028166885318482132	0.0010910786192045716	0.10515257548035636	0.2865963351896683	0.5075573761674044	0.10093271473594423	0.0019547114660725877	94.6257263530592	0.03462261784490609
0.3363442466355034	0.01	0.007	0.007	0.007	0.01	0.043691977719543786	0.06103968460303346	0.06082017313513236	0.02876847093486462	0.0011126717095360855	0.11609463885113835	0.3116936855562853	0.5599510933066614	0.1126450973984996	0.0021215040995079173	94.23313460871681	0.034594380589888396
0.36117398374153353	0.01	0.007	0.007	0.007	0.01	0.04403535411180558	0.06084973702769299	0.06084829612319102	0.029263116698982277	0.0011407838192937212	0.12768904917903393	0.3379438219213818	0.6150842464815989	0.12517256508288035	0.00230058662495641	93.82083389895296	0.034564623785045594
0.3873133803200358	0.01	0.007	0.007	0.007	0.01	0.044285837758468095	0.06062053670962722	0.060633993626956116	0.02964313185672734	0.001176214260166253	0.13992156136460093	0.3653203385383202	0.67274627486239	0.13848816158943827	0.0024935272309589427	93.38873517443189	0.03453332509554724
0.4147598724220646	0.01	0.007	0.007	0.007	0.01	0.04445065591070266	0.0603593962334561	0.06018216289935062	0.02990239928999754	0.0012196069860978302	0.1527643012635612	0.3937710203925817	0.7326414316052653	0.1525415729379817	0.0027019872462195195	92.93717109070239	0.03450049182319471
0.443495583811022	0.01	0.007	0.007	0.007	0.01	0.04453784518541128	0.060072257060162296	0.059502361365168656	0.030037131771429665	0.0012714365876850056	0.16618077888364793	0.4232285124245144	0.7944169747652514	0.1672642088713547	0.002927760954493267	92.46673562392365	0.03446614975352916
0.47350137849209495	0.01	0.007	0.007	0.007	0.01	0.044555927147880904	0.05976373335974554	0.058608320112312796	0.03004620386089697	0.001332036012040779	0.18013325996522508	0.45362531694488284	0.8577026221837308	0.18257771063922404	0.0031728514589210314	91.9780487768301	0.03443032628998496
0.504768410265881	0.01	0.007	0.007	0.007	0.01	0.044513428163156905	0.059437201479873976	0.05751687125249078	0.02993101831335393	0.0014016520602904228	0.19458877447697545	0.4849052804131953	0.9221424619082454	0.1984015273961896	0.003439544094825915	91.47156852575336	0.03439303666874059
0.5373037383115677	0.01	0.007	0.007	0.007	0.01	0.04441842907397507	0.05909496825033834	0.05624680698266264	0.029695111019869082	0.001480507468098947	0.20952201772132995	0.5170283240072636	0.9874110077971041	0.21465725507008093	0.003730456652926646	90.94750444563383	0.03435427733095859
0.5711308118705987	0.01	0.007	0.007	0.007	0.01	0.044278257604352785	0.05873848772741073	0.05481798651813812	0.029343717439723315	0.0015688547437279676	0.22491555709578173	0.5499697014733538	1.0532159477666325	0.23126995130838526	0.0040485688175959135	90.40581695755868	0.0343140254517062
0.6062866177607733	0.01	0.007	0.007	0.007	0.01	0.04409934110092355	0.05836858564631752	0.05325077260070819	0.02888342570595786	0.0016670145129995104	0.24075830713380875	0.5837159851159459	1.1192928850710255	0.24816744345120714	0.004397237015733781	89.84627053937125	0.03427224244915843
0.6428163087539529	0.01	0.007	0.007	0.007	0.01	0.04388719113298514	0.05798567180247766	0.051565774843295206	0.02832196258913411	0.001775394296480229	0.2570428051549127	0.61825889653409	1.1853954630310868	0.26527832276817936	0.004780190434017119	89.26852565362147	0.034228880469534276
0.6807651515289819	0.01	0.007	0.007	0.007	0.01	0.04364648495013145	0.057589940661919116	0.04978385213532878	0.027668122127689147	0.0018944838615066824	0.27376137979165927	0.6535871182458494	1.251282426400372	0.2825289505472752	0.005201491455246103	88.67226988534034	0.03418389200872366
0.7201671776828843	0.01	0.007	0.007	0.007	0.01	0.04338121607542879	0.05718157029674984	0.04792631619939585	0.026931828221781532	0.0020248223949731504	0.2909011192298291	0.689675847315184	1.3167025541190411	0.29983970151689415	0.005665432973823453	88.05739548513196	0.03413724336385786
0.7610310464644764	0.01	0.007	0.007	0.007	0.01	0.04309488606770793	0.05676091935765669	0.046015207130257564	0.026124280597651803	0.0021669358466639647	0.30843805593074514	0.7264749571210937	1.3813803750217344	0.31712124808381564	0.0061763508362015695	87.42421232606857	0.03408893126562297
0.8033265668304923	0.01	0.007	0.007	0.007	0.01	0.04279069373414774	0.05632869164628305	0.04407337787252044	0.025258050275016996	0.002321254054421474	0.32633219536414976	0.7638991713267327	1.4450092543830386	0.3342727642040015	0.006738366850883243	86.77364042020072	0.03403899857634188
0.8469788675242667	0.01	0.007	0.007	0.007	0.01	0.04247165683626075	0.05588600302505894	0.04212403044172365	0.024346907071497545	0.0024880358727758663	0.3445262974856193	0.8018262625025178	1.507260689696529	0.35118465564773843	0.007355148009704265	86.10727539286482	0.03398754081323106
0.8918756946331531	0.01	0.007	0.007	0.007	0.01	0.04214061989947473	0.05543430397894955	0.040189569689237536	0.023405231880264315	0.0026673352109356165	0.3629503117968805	0.840107058400879	1.5678118647926367	0.3677466340256456	0.00802979740407965	85.42725008667333	0.03393469713746421
0.9378896637398817	0.01	0.007	0.007	0.007	0.01	0.041800139316398456	0.05497515045483802	0.03828995961643419	0.022447036549644334	0.002859034910550648	0.38153156719954734	0.8785872100556349	1.6263857711598262	0.3838597014795246	0.008764989255127944	84.73587628754109	0.03388062383481831
0.9849015238118083	0.01	0.007	0.007	0.007	0.01	0.04145235973551942	0.05450997182133089	0.03644144626050984	0.021485022763368507	0.0030629091131998123	0.4002044780604004	0.9171275789377332	1.6827798586562421	0.3994453032395814	0.00956322184524214	84.03528724754455	0.033825466846217796
1.0328172552544406	0.01	0.007	0.007	0.007	0.01	0.041098942597775995	0.05403990877373998	0.034656000696848065	0.020529949322909323	0.0032786854128736007	0.418916898455077	0.9556173395387525	1.736876139850724	0.41444932685378955	0.010427089320807917	83.32718858069578	0.033769341784074834
1.081576121600156	0.01	0.007	0.007	0.007	0.01	0.04074106661170923	0.05356574669459174	0.032941473679871304	0.019590397009577355	0.0035060863710976806	0.4376323121719406	0.9939782574363604	1.7886346462439615	0.4288411876549735	0.01135949265671489	82.61275475614359	0.03371232473122996
1.131153890387619	0.01	0.007	0.007	0.007	0.01	0.04037946312969087	0.053087899246665356	0.031302119077576365	0.01867280491997874	0.0037448591849937635	0.4563298750870162	1.0321644337255642	1.8380800909461184	0.44261063150945607	0.012363820448093223	81.89260237172303	0.033654448787161964
1.1815643999033558	0.01	0.007	0.007	0.007	0.01	0.04001445830927844	0.05260640936819914	0.02973923829154843	0.01778165650483408	0.003994801679870471	0.4750037213627848	1.0701604798831683	1.8852876574944075	0.4557639426120801	0.013444134737434364	81.16679028965567	0.0335957025962164
1.2328623163093408	0.01	0.007	0.007	0.007	0.01	0.039645999609425775	0.05212094002309231	0.028251780227803964	0.016919713924173865	0.004255794623082791	0.4936626472078712	1.107980412109826	1.9303714085174288	0.4683206199758806	0.014605413939203669	80.43480466462093	0.03353602752845327
1.2851486697231738	0.01	0.007	0.007	0.007	0.01	0.03927365615066382	0.05163074075621446	0.026836832541539863	0.016088246604585726	0.004527846450083095	0.5123306804410303	1.1456682675505339	1.973476218332636	0.48031086089901026	0.0158539001567967	79.69550761485226	0.0334753116892257
1.3385811398730478	0.01	0.007	0.007	0.007	0.01	0.03889658162336535	0.051134573786622575	0.025489969617723943	0.015287216407470309	0.004811159083131171	0.5310490829280801	1.183301483556371	2.0147737189124086	0.4917740473527232	0.01719762456528481	78.94702482742564	0.03341337852212474
1.3933908216233113	0.01	0.007	0.007	0.007	0.01	0.03851343162060396	0.05063058719921029	0.024205462065689198	0.014515407413559736	0.005106221838576062	0.5498801337122823	1.2209976312148043	2.0544619273867046	0.502758171048353	0.018647200053143652	78.18655315110688	0.03334996808928341
1.4499039499321034	0.01	0.007	0.007	0.007	0.01	0.03812225090400505	0.050116153936532355	0.022976441376154157	0.013770546450167476	0.005413920258219201	0.5689118417919774	1.2589226588940396	2.0927656830482095	0.5133194043185798	0.020216899096560763	77.41011620218546	0.03328471290772284
1.5085366087746492	0.01	0.007	0.007	0.007	0.01	0.03772055320873467	0.04958796782632657	0.02179567697224934	0.013049811871634572	0.005735473823921691	0.5882528395783724	1.2972792428739783	2.129917138507026	0.5235161278195698	0.021925114099218816	76.61270754944255	0.033217145277157856
1.5695404339946915	0.01	0.007	0.007	0.007	0.01	0.03730707851314171	0.04904434763819747	0.020660631703387444	0.012352997244986704	0.0060709652970355795	0.6079477886493933	1.3361387421658675	2.1659976760027657	0.533365338025377	0.02378700861518987	75.79176881974415	0.03314699073078594
1.6318321712171675	0.01	0.007	0.007	0.007	0.01	0.03688954135440895	0.04849541866059492	0.01959134251482166	0.011693666725500195	0.006412850925155456	0.6276175433332751	1.374739802899731	2.2003541394466004	0.5426856602069029	0.025775106979398343	74.96257500836712	0.0330755079716388
1.6931493684956047	0.01	0.007	0.007	0.007	0.01	0.036483100566315055	0.0479610968430337	0.018619337048997733	0.011092482319298188	0.006747094584423719	0.6465538236327179	1.4116961025086017	2.231921434076949	0.5511910012295188	0.027815247808308304	74.15521420229874	0.03300529410215545
1.7531355058851807	0.01	0.007	0.007	0.007	0.01	0.03608982158128264	0.04744408879636594	0.01773879014044735	0.01054682715010568	0.007070416980355228	0.664679138212979	1.4468731288134706	2.2608157253233783	0.5589200750725474	0.02988802166746628	73.37379439663745	0.03293674865596232
1.8117067981895818	0.01	0.007	0.007	0.007	0.01	0.0357099174524263	0.04694466959133949	0.016940210619701922	0.010051485941097563	0.007381333891531389	0.6820033999180153	1.4803084102573427	2.2872788375150903	0.5659457517673379	0.03198225582464029	72.61875125035071	0.03286995729713048
1.8689606815430648	0.01	0.007	0.007	0.007	0.01	0.035342432942503416	0.04646158063410905	0.01621298823066377	0.009600302278330823	0.007679588077320013	0.6985886580071721	1.5121392481120022	2.311600593108717	0.5723529681874765	0.03409344268017393	71.88820091499554	0.032804799146856085
1.9249860121830171	0.01	0.007	0.007	0.007	0.01	0.034986504687551226	0.04599368534104284	0.015548176699164829	0.009187982954947225	0.007965073263642016	0.7144904721099128	1.5424883131188891	2.3340269953490957	0.5782139531821138	0.03621749686901597	71.18044175872848	0.032741164196111415
1.9799085500855889	0.01	0.007	0.007	0.007	0.01	0.03464107177458663	0.045539588128016346	0.014937719395500353	0.008809675942952391	0.00823802474538224	0.7297710122178326	1.5714887653510148	2.354784403990229	0.5835946421256538	0.03835248348833115	70.49337814311957	0.032678901644791744
2.033843728271681	0.01	0.007	0.007	0.007	0.01	0.03430517776992786	0.04509803115086447	0.014374840288659084	0.008461252556181045	0.008498735294379485	0.7444856031600848	1.5992585636533456	2.3740646992544128	0.5885508801808169	0.040496850237421236	69.8251205256778	0.032617873636714624
2.086910862149636	0.01	0.007	0.007	0.007	0.01	0.03397787803356258	0.04466777229465127	0.013853685009660622	0.008139111226308931	0.008747596155304635	0.7586870787637876	1.6259089602002903	2.3920357520294147	0.5931312974848716	0.042649907552539626	69.1738010886518	0.03255793906105792
2.1392187763114365	0.01	0.007	0.007	0.007	0.01	0.03365832620219047	0.04424769876697074	0.013369307215232542	0.007840186151283799	0.008985003378147222	0.7724222158153246	1.6515379783598558	2.4088404283561564	0.5973772053239658	0.044811185266481667	68.53774586278398	0.0324989697332994
2.190870373047435	0.01	0.007	0.007	0.007	0.01	0.03334574182319912	0.04383678449625015	0.012917475927365528	0.007561838993475491	0.009211363296163974	0.7857333959693428	1.676233787707747	2.424601959775728	0.6013241225231382	0.046980529314463254	67.91541049842621	0.032440845109979674
2.2419586783350467	0.01	0.007	0.007	0.007	0.01	0.033039430763405084	0.04343411692918305	0.012494592614566369	0.007301814465580134	0.00942706277589616	0.7986579532127288	1.7000737148198621	2.439425781945767	0.6050023794644976	0.049157858425686866	67.30542107193108	0.032383456632885714
2.2925688170979566	0.01	0.007	0.007	0.007	0.01	0.032738769530211584	0.043038876401500954	0.012097573604911425	0.0070581719477006265	0.009632470417508292	0.8112290538998826	1.7231260980880825	2.453402782354233	0.6084380583587751	0.05134317145899762	66.7065430661024	0.03232670539047291
2.342777401423594	0.01	0.007	0.007	0.007	0.01	0.03244320567787157	0.04265033666123747	0.011723774180768632	0.006829241175766464	0.00982792892953198	0.8234758626328459	1.74545078860597	2.4666112735852836	0.6116535925454258	0.05353645596927214	66.11768235777731	0.03227050270280426
2.392653740075072	0.01	0.007	0.007	0.007	0.01	0.03215224766653518	0.04226785153128974	0.011370912696843007	0.0066135769301271154	0.010013757103804912	0.8354241283799032	1.7671004010816225	2.4791191093517235	0.6146683823521857	0.05573768331857473	65.53786518358496	0.03221476867133749
2.442260195460731	0.01	0.007	0.007	0.007	0.01	0.031865460203132856	0.04189084878080376	0.011037014163441806	0.006409925057899202	0.010190249496595171	0.8470965163196245	1.7881210719898875	2.4909852321965342	0.6174992538778906	0.05794677594230482	64.96622900268628	0.03215943169745342
2.491653094315347	0.01	0.007	0.007	0.007	0.01	0.03158245668984029	0.04151882019579707	0.010720359910929282	0.006217191854394946	0.010357679056507026	0.8585130379736097	1.808553373666194	2.50226109891301	0.6201608731839765	0.060163606587152085	64.40200757651041	0.03210442739254221
2.540883369367327	0.01	0.007	0.007	0.007	0.01	0.03130289360009314	0.04115131418459827	0.010419447582519469	0.006034419555606607	0.010516299149867157	0.8696913821736566	1.8284330265573046	2.5129918136777474	0.6226660769931432	0.06238799266758796	63.84451986953181	0.03204969780012558
2.5899976508172253	0.01	0.007	0.007	0.007	0.01	0.03102646263008027	0.04078792545954619	0.010132955216692276	0.005860764230312925	0.010666347185411146	0.8806473169662713	1.8477917167773852	2.5232171743044502	0.6250261709567696	0.06461971689417487	63.293154495099756	0.0319951901286751
2.6390375495656024	0.01	0.007	0.007	0.007	0.01	0.030752893300635208	0.040428298456837805	0.009859721312880234	0.005695483331343692	0.010808042789533664	0.8913946624530328	1.8666571380737222	2.532972194318186	0.6272510967930469	0.0668584706535407	62.74737498958231	0.03194085750018337
2.6880413900159144	0.01	0.007	0.007	0.007	0.01	0.030481941927551357	0.04007211283688711	0.009598714584864033	0.005537916985468092	0.010941593721190308	0.9019457943978205	1.8850539608447725	2.5422880294574774	0.6293496853543492	0.06910391248613444	62.20669788744204	0.03188665698490278
2.737043998544832	0.01	0.007	0.007	0.007	0.01	0.03021339176561004	0.039719083673470025	0.0093490187878201	0.005387478441757605	0.011067195696050306	0.9123116931582811	1.903003983642262	2.551192395174239	0.6313297850894511	0.07135564184678984	61.670693070056174	0.03183254980169766
2.786077500513309	0.01	0.007	0.007	0.007	0.01	0.029947047678108636	0.03936895444631758	0.009109814689699819	0.005243642817294104	0.01118503510648264	0.9225021995044175	1.9205266380864006	2.559710108739662	0.6331984134451676	0.07361322162968932	61.13897318375367	0.03177850040600844
2.8351714531419656	0.01	0.007	0.007	0.007	0.01	0.02968273463157203	0.03902149506224242	0.008880367954750402	0.005105939446686594	0.011295289813868802	0.9325261136050107	1.9376392106959364	2.567863438396202	0.6349618598506435	0.07587617262428785	60.61119068202297	0.03172447631757385
2.8843532858999423	0.01	0.007	0.007	0.007	0.01	0.02942029462228893	0.038676497814812714	0.008660017328188612	0.004973944447398589	0.011398130655275954	0.9423913484101215	1.9543571513558868	2.5756724561081934	0.6366257854465087	0.07814398398432573	60.087031730856715	0.03167044761256016
2.9336484994867993	0.01	0.007	0.007	0.007	0.01	0.0291595850220599	0.03833377520970283	0.008448165568164327	0.00484727497249267	0.011493722268859235	0.9521050232159516	1.9706942719970506	2.5831553038963473	0.6381953002896802	0.0804161141564112	59.56621294104757	0.03161638668549793
2.9830809578872337	0.01	0.007	0.007	0.007	0.01	0.028900476512772985	0.03799315724953768	0.008244271221832836	0.004725584003443324	0.011582224041548968	0.9616735682311689	1.9866629582153237	2.590328439276515	0.6396750330087912	0.08269199737871907	59.04847727417198	0.03156226791190403
3.0326730701376237	0.01	0.007	0.007	0.007	0.01	0.02864285168847686	0.037654489596218144	0.008047841961276407	0.004608556108910482	0.011663790740409652	0.9711028000651291	2.0022743264620892	2.597206832676658	0.6410691875918211	0.08497104614788578	58.53359127711062	0.031508067434818286
3.0824459874103045	0.01	0.007	0.007	0.007	0.01	0.028386603641943793	0.03731763171286013	0.00785842872879114	0.0044959037162632335	0.011738573104536892	0.9803979944792316	2.0175383722982883	2.603804142092292	0.6423815931456714	0.0872526552552339	58.021342281729396	0.03145376293683836
3.1324197576455703	0.01	0.007	0.007	0.007	0.01	0.028131634831707084	0.036982455374440046	0.007675620793024209	0.004387363953210676	0.011806718294892776	0.9895639458849311	2.032464092683518	2.610132860345668	0.6436157460271101	0.08953620457734043	57.51153616159194	0.031399333460688614
3.1826134647900863	0.01	0.007	0.007	0.007	0.01	0.027877856077610348	0.03664884334737866	0.007499041477166239	0.004282695913702718	0.01186837026588055	0.9986050197071391	2.047059593185883	2.616204442554375	0.6447748462529408	0.09182106174486626	57.00399534265746	0.03134475924834599
3.2330453634215743	0.01	0.007	0.007	0.007	0.01	0.02762518562453516	0.03631668815875051	0.007328344426323266	0.004181678266254632	0.011923670077205366	1.0075252000970274	2.061332184573521	2.622029417777863	0.6458618292385656	0.09410658507472153	56.4985569476805	0.03129002158681323
3.283732975857117	0.01	0.007	0.007	0.007	0.01	0.027373548434073653	0.035985891165143793	0.007163210446381059	0.0040841072210004645	0.011972756115649573	1.0163281276445528	2.075288460625336	2.627617483276028	0.6468793928264905	0.09639212518540657	55.99507139423921	0.031235102696086325
3.3346931988401574	0.01	0.007	0.007	0.007	0.01	0.027122875460472907	0.03565636160084278	0.007003344680001248	0.0039897947140888354	0.012015764293266451	1.0250171360585885	2.0889343720363733	2.6329775890711833	0.6478300212882732	0.0986770273723283	55.493400959401995	0.03117998560791895
3.3859423934645796	0.01	0.007	0.007	0.007	0.01	0.026873103040792556	0.03532801577615223	0.006848474159572053	0.003898566830974281	0.012052828193138828	1.033595283376686	2.102275289509577	2.638118011117276	0.6487160061398238	0.10096063348147881	54.993418571122895	0.031124654063923063
3.4374964617436103	0.01	0.007	0.007	0.007	0.01	0.02662417237681141	0.035000776396331375	0.0066983456741663	0.0038102624293390665	0.012084079177027675	1.0420653787532446	2.115316058080462	2.64304641502134	0.6495394643041981	0.1032422833965524	54.49500678174408	0.031069092429111753
3.4893709063264264	0.01	0.007	0.007	0.007	0.01	0.026376029120486838	0.034674572016655615	0.006552723917150617	0.0037247319401311012	0.012109646462775136	1.0504300046609187	2.1280610427812525	2.6477699113155277	0.6503023539607896	0.10552131595896956	53.998056947538196	0.03101328562446495
3.5415809183125613	0.01	0.007	0.007	0.007	0.01	0.026128622845155876	0.034349336347275765	0.006411389755672317	0.003641836251893701	0.012129657197978542	1.0586915419954583	2.140514177277894	2.6522951073275496	0.6510064890274951	0.10779707126552267	53.50246817826407	0.030957219030065014
3.5941414105228815	0.01	0.007	0.007	0.007	0.01	0.025881906796912768	0.034025007926390294	0.006274138829778894	0.003561445799113396	0.012144236489456511	1.066852184865184	2.1526789954420336	2.656628148788753	0.6516535512621614	0.11006889067565717	53.00814684674015	0.03090087844769269
3.6470670930574887	0.01	0.007	0.007	0.007	0.01	0.025635837460667693	0.03370152954980093	0.006140780185120173	0.0034834396794767896	0.012153507440368074	1.0749139608765574	2.1645586701297623	2.660774760720576	0.6522451016232177	0.11233611876150554	52.51500572634729	0.030844250018634518
3.7003725113960813	0.01	0.007	0.007	0.007	0.01	0.025390374319220196	0.033378847954200465	0.006011135140191479	0.0034077049169548095	0.012157591162001253	1.0828787443031092	2.176156040169203	2.664740281058929	0.6527825899295124	0.1145981036897622	52.022963514321034	0.030787320182374428
3.7540721029134567	0.01	0.007	0.007	0.007	0.01	0.02514547953982551	0.03305691340514366	0.005885036221252689	0.0033341357719346276	0.012156606782579495	1.0907482710639747	2.1874736390951295	2.6685296923002033	0.6532673637062837	0.11685419844797217	51.531944209022186	0.030730075616155175
3.808180236703639	0.01	0.007	0.007	0.007	0.01	0.02490111775151421	0.032735679404320046	0.00576232624160594	0.003262633142474848	0.012150671446117608	1.0985241501920173	2.198513717823896	2.6721476487280524	0.6537006759202013	0.11910376138681342	51.04187666839412	0.030672503192990593
3.862711283394338	0.01	0.007	0.007	0.007	0.01	0.024657255700047655	0.03241510223596816	0.0056428574042929145	0.0031931039853792744	0.012139900300978144	1.1062078786797855	2.2092782712279746	2.67559850282916	0.6540836921205481	0.12134615801736495	50.55269392234041	0.030614589908374196
3.91767959544279	0.01	0.007	0.007	0.007	0.01	0.024413862316127997	0.03209514105654721	0.0055264906829486935	0.0031254609047368332	0.012124406499306479	1.1138008428164734	2.219769044914533	2.6788863234862252	0.6544174961965564	0.12358075911731042	50.06433331342946	0.03055632290267556
3.973099600797408	0.01	0.007	0.007	0.007	0.01	0.02417090828413203	0.031775757327804584	0.005413095019213486	0.0030596216385259997	0.012104301177500198	1.1213043349706981	2.2299875631333923	2.6820149194325835	0.6547030963599618	0.12580694352949603	49.5767356352927	0.030497689363524882
4.028985825388405	0.01	0.007	0.007	0.007	0.01	0.02392836594299652	0.03145691468648426	0.005302546744933208	0.0029955086805809454	0.012079693441888324	1.128719559437244	2.239935140495875	2.6849878559713174	0.6549414299751535	0.12802409798286046	49.08984493665436	0.030438676504474543
4.085352935013175	0.01	0.007	0.007	0.007	0.01	0.023686209110107735	0.031138578712817028	0.005194729017360907	0.0029330489140563967	0.012050690350000165	1.1360476403943516	2.249612896064522	2.6878084711960843	0.6551333680174689	0.130231617689311	48.60360817047593	0.03037927152358358
4.142215782503572	0.01	0.007	0.007	0.007	0.01	0.02344441289374836	0.03082071668396797	0.005089531296704	0.002872173273136607	0.01201739688607202	1.1432896298535686	2.2590217667295267	2.690479890788803	0.6552797190568361	0.1324289070976237	48.11797481961756	0.03031946155704274
4.199589460532107	0.01	0.007	0.007	0.007	0.01	0.023202953494110858	0.030503297312453184	0.004986848862407964	0.002812816430551304	0.011979915928802558	1.1504465155797698	2.268162519779525	2.6930050414524045	0.6553812327838783	0.13461538078840038	47.6328964989833	0.03025923362755591
4.257489325612709	0.01	0.007	0.007	0.007	0.01	0.022961808137195883	0.03018629065924483	0.004886582424236116	0.002754916542931685	0.01193834823578335	1.1575192247484567	2.277035759337494	2.695386661644762	0.6554386030715031	0.13679046319457386	47.14832682413512	0.030198574623625962
4.315931054226344	0.01	0.007	0.007	0.007	0.01	0.02272095488291646	0.029869667881508393	0.0047886377120585424	0.0026984149865362066	0.01189279240881826	1.1645086310974802	2.2856419367446734	2.6976273125639247	0.6554524707564803	0.1389535894890988	46.664221026835115	0.03013747124569596
4.374930705347961	0.01	0.007	0.007	0.007	0.01	0.022480372421463245	0.029553400964907665	0.004692925094395047	0.002643256112133389	0.011843344849239868	1.1714155620445879	2.2939813600528822	2.6997293879820212	0.6554234260261147	0.14110420658002273	46.180535546392306	0.030075909946448695
4.434504753960455	0.01	0.007	0.007	0.007	0.01	0.02224004000188146	0.029237462629713024	0.0045993592788217755	0.0025893870493626293	0.011790099735044267	1.178240801680895	2.302054197761243	2.701695121814468	0.6553520104713618	0.14324177291958687	45.69722788627524	0.030013876902220918
4.494670170321298	0.01	0.007	0.007	0.007	0.01	0.021999937187192706	0.028921826008887163	0.004507858968701367	0.002536757487966862	0.011733148959508844	1.1849850984666228	2.30986048754819	2.703526596242838	0.6552387188146791	0.14536575985672048	45.214256121523896	0.029951357937508503
4.555444470573195	0.01	0.007	0.007	0.007	0.01	0.021760043742000336	0.028606464500331823	0.0044183465969221255	0.0024853195052822277	0.011672582091882815	1.1916491688019906	2.317400139221033	2.7052257476872814	0.655084000338367	0.14747565178242078	44.73157867195286	0.02988833848035512
4.6168457903805	0.01	0.007	0.007	0.007	0.01	0.021520339443140062	0.028291351517969823	0.004330748051323792	0.0024350273906352552	0.011608486316940428	1.1982337024816827	2.3246729391035865	2.7067943724949948	0.6548882599980921	0.14957094692971226	44.24915392004971	0.02982480349479695
4.678892962335157	0.01	0.007	0.007	0.007	0.01	0.021280803894217222	0.027976460247936187	0.004244992422774813	0.0023858374843464336	0.011540946368799052	1.2047393676828657	2.3316785529314186	2.7082341316262886	0.6546518592257954	0.15165115809109203	43.766939836028	0.02976073741060888
4.741605597435654	0.01	0.007	0.007	0.007	0.01	0.021041416343943888	0.02766176340976362	0.004161011773817919	0.0023377080299836384	0.01147004445972253	1.2111668154971753	2.3384165272555455	2.709546554388421	0.6543751164357883	0.153715813245513	43.28489360985226	0.029696124050136
4.805004183702598	0.01	0.007	0.007	0.007	0.01	0.02080215546041963	0.027347232959651264	0.004078740909740867	0.002290599029334297	0.011395860189469302	1.217516685276903	2.344886290616836	2.7107330414849407	0.6540583071783911	0.155764456495104	42.80297119381903	0.02963094653890033
4.86911019886403	0.01	0.007	0.007	0.007	0.01	0.020562999077856078	0.027032839757507726	0.003998117158127754	0.002244472103481885	0.011318470436870919	1.2237896102684525	2.351087153690237	2.711794867175057	0.6537016639210037	0.1577966491423516	42.321126788744344	0.02956518720344403
4.9339462164560866	0.01	0.007	0.007	0.007	0.01	0.02032392399565701	0.02671855330281878	0.003919080182738376	0.0021992903746624877	0.011237949259238787	1.2299862214127633	2.3570183061957852	2.712733180171885	0.6533053755678768	0.15981197021232554	41.839312434686974	0.02949882747780768
4.999536062100774	0.01	0.007	0.007	0.007	0.01	0.02008490562218517	0.026404341266341433	0.0038415717612108095	0.002155018328473901	0.011154367731138695	1.236107154710168	2.3626788157325738	2.7135490041389922	0.6528695863858368	0.16181001816234386	41.35747728767864	0.02943184776070409
5.065904956974754	0.01	0.007	0.007	0.007	0.01	0.01984591770381194	0.026090169133908023	0.0037655356077919582	0.002111621702826686	0.011067793798214298	1.2421530557599845	2.368067621953751	2.7142432366026386	0.6523943946545293	0.1637904117046247	40.87556706702344	0.029364227288378852
5.1330797332508595	0.01	0.007	0.007	0.007	0.01	0.01960693183555422	0.025775999563105677	0.0036909171420000013	0.0020690673469492965	0.010978292039130788	1.2481245891976558	2.3731835330039854	2.714816647242075	0.6518798504593494	0.16575279225264347	40.393523060798366	0.029295943936961923
5.201089008574735	0.01	0.007	0.007	0.007	0.01	0.01936791716956172	0.0254617920000468	0.0036176633370853836	0.0020273231268201613	0.010885923481868278	1.2540224423419732	2.378025214177993	2.715269874101308	0.6513259533699607	0.16769682448911233	39.91128152858942	0.02922697407001064
5.269963469141652	0.01	0.007	0.007	0.007	0.01	0.019128839793160435	0.025147501861738447	0.0035457224812983175	0.001986357781681741	0.010790745279025928	1.2598473362659872	2.382591180056881	2.715603419016631	0.6507326488704138	0.1696221993782537	39.42877243582819	0.02915729227955722
5.339736148569077	0.01	0.007	0.007	0.007	0.01	0.01888966219368166	0.024833079832537356	0.003475043985465376	0.0019461408077891726	0.010692810390350615	1.2656000335920259	2.3868797800599104	2.715817640814147	0.6500998242879151	0.17152863610791388	38.945918360704404	0.029086871136364812
5.4104428071333555	0.01	0.007	0.007	0.007	0.01	0.018650342457320952	0.02451847081095926	0.003405578130251431	0.0019066423086067067	0.01059216713156108	1.2712813515078016	2.3908891836341386	2.715912746607647	0.649427303284136	0.1734158857514424	38.46263286143062	0.02901568084437037
5.482122328944881	0.01	0.007	0.007	0.007	0.01	0.01841083350637666	0.02420361290693904	0.0033372758469505997	0.0018678328648836947	0.010488858704719889	1.2768921723241877	2.3946173581015295	2.71588878033412	0.6487148395115856	0.17528373410032463	37.978818917476985	0.02894368888397157
5.554817266460609	0.01	0.007	0.007	0.007	0.01	0.01817108195682638	0.02388843593998473	0.003270088412178104	0.0018296833565689457	0.010382922529475655	1.2824334612349153	2.398062044947726	2.7157456082476714	0.647962108102605	0.17713200685821293	37.49436659991744	0.02887085951530445
5.628574487129644	0.01	0.007	0.007	0.007	0.01	0.017931026787832115	0.02357285969008919	0.0032039671195045623	0.0017921647725142606	0.010274389438988741	1.2879062860791304	2.401220728591549	2.715482900223015	0.6471686951612552	0.17896057546292135	37.009150356331304	0.02879715318960903
5.703445933377789	0.01	0.007	0.007	0.007	0.01	0.017690597819600046	0.0232567918966995	0.0031388629304053904	0.0017552480093233733	0.010163282730765789	1.2933118387340974	2.404090595585152	2.7151001060884203	0.6463340849719866	0.1807693633827738	36.5230259019017	0.028722525859860296
5.779489662677615	0.01	0.007	0.007	0.007	0.01	0.01744971351117306	0.022940125363664958	0.003074725978631514	0.0017189035880336222	0.010049616832162595	1.2986514684129926	2.406668486902056	2.714596425010795	0.6454576428097775	0.18255835629450665	36.035825727463916	0.028646928027803668
5.856771100249061	0.01	0.007	0.007	0.007	0.01	0.017208278375331926	0.022622734560827903	0.0030115050227581012	0.0016831013425979407	0.009933395686564258	1.303926718842856	2.4089508339559176	2.7139707661668115	0.644538593608942	0.1843276134272617	35.54735382226631	0.028570303600163893
5.935364706700534	0.01	0.007	0.007	0.007	0.01	0.01696617946066486	0.02230447099930435	0.002949146713346207	0.0016478100046660974	0.009814610572305088	1.3091393801198326	2.4109335779898418	2.713221697183789	0.6435759936620307	0.18607728363035098	35.05737849580592	0.0284925883593524
6.015356205573877	0.01	0.007	0.007	0.007	0.01	0.016723281596780746	0.02198515698078058	0.002887594620402135	0.0016129966543447722	0.00969323715294499	1.3142915594092957	2.412612064886474	2.7123473754150833	0.6425686927518236	0.18780762749085872	34.56562267784424	0.028413707915289292
6.096845547044979	0.01	0.007	0.007	0.007	0.01	0.016479421060425912	0.021664577270911325	0.002826787964964924	0.0015786260056950936	0.009569231521577307	1.319385774584544	2.413980903706326	2.7113454554677596	0.6415152834310183	0.18951904675816558	34.071750996178245	0.028333574978172762
6.17995104965956	0.01	0.007	0.007	0.007	0.01	0.016234396611288265	0.021342467314886152	0.0027666598341494677	0.0015446594029520841	0.00944252461489414	1.3244250883469728	2.4150337750817052	2.7102129611594172	0.640414030285067	0.1912121267861357	33.575351492586215	0.028252085536993245
6.264815401822418	0.01	0.007	0.007	0.007	0.01	0.015987956322104202	0.021018495924154404	0.002707134562475966	0.0015110533495500556	0.009313014032411637	1.3294133079464017	2.415763163794109	2.7089461022969954	0.63926276779365	0.19288770014586287	33.07590876790889	0.028169113306190537
6.351614515835576	0.01	0.007	0.007	0.007	0.01	0.015739778007153808	0.02069223954754781	0.0026481238581113195	0.0014777573340490691	0.00918055187177466	1.3343552833578236	2.416159970224204	2.707540005337614	0.6380587496630481	0.1945469419654805	32.57276407808931	0.028084501518767152
6.440571397810903	0.01	0.007	0.007	0.007	0.01	0.015489438177421596	0.02036314145950294	0.0025895206418355852	0.0014447103737487818	0.009044925498962608	1.3392573860835604	2.4162129242104817	2.7059882971788607	0.6367984138151785	0.19619152375061577	32.06505205345015	0.02799805003687754
6.5319790705634055	0.01	0.007	0.007	0.007	0.01	0.015236360159045911	0.020030443556281738	0.002531188721369391	0.0014118352231757795	0.008905825503803281	1.3441283176935108	2.4159076493419454	2.704282425796814	0.6354769954959044	0.1978238741608933	31.55159496846213	0.02790949399989573
6.626241481763156	0.01	0.007	0.007	0.007	0.01	0.014979720427470268	0.01969306322253578	0.0024729440656184746	0.001379027871509271	0.008762788053327102	1.3489805859410091	2.415225057664667	2.702410465162799	0.6340878400855204	0.1994476568627449	31.030711903552287	0.02781846562894714
6.723954383051159	0.01	0.007	0.007	0.007	0.01	0.01471826126854355	0.019349347055542095	0.0024145171498155867	0.0013461364218555715	0.008615080046321036	1.3538334905754632	2.4141383082118706	2.700354788681601	0.6326210514987102	0.20106874041369302	30.49983714488974	0.02772441853276952
6.8260903910041675	0.01	0.007	0.007	0.007	0.01	0.014449857251123558	0.018996500951885254	0.002355465303576046	0.0013129119200294464	0.008461434454101902	1.3587201101771762	2.412606154588267	2.698086830916374	0.6310604165035837	0.2026974749130198	29.954637317968736	0.02762645411365064
6.934546143383099	0.01	0.007	0.007	0.007	0.01	0.014170216742447603	0.018628883134035497	0.0022949081411395536	0.0012788598998605524	0.008299261979864995	1.3637085068695478	2.410554375973773	2.695551910219391	0.6293743749298223	0.2043556245304576	29.386367791764513	0.0275228069915179
7.054446194084511	0.01	0.007	0.007	0.007	0.01	0.013867380063344549	0.01823077157320729	0.002230403107420284	0.001242609374239792	0.008121318652755087	1.3689920916475027	2.407799717932952	2.6926059115022953	0.6274781145744333	0.20610595914865912	28.770672838276763	0.027408675489873885
7.183768738822208	0.01	0.007	0.007	0.007	0.01	0.013548015495860941	0.017810932233209117	0.002163545807354925	0.0012050600325461203	0.00793116786079525	1.374430082220226	2.404284014052906	2.689269191159894	0.6253975124775056	0.2078998580014995	28.121045089074634	0.02728610529669346
7.290797381012826	0.01	0.007	0.007	0.007	0.01	0.013289291258375715	0.017470808736775527	0.0021102318245798356	0.001175133847319689	0.007775290725641741	1.378734415088223	2.400967924632254	2.6863899428238036	0.623649847636927	0.20931339283353623	27.59451434302967	0.027185079610230613
7.395105974339404	0.01	0.007	0.007	0.007	0.01	0.01304191027893719	0.01714559809126055	0.0020599426186911143	0.0011469189524292535	0.007624790769991139	1.3827651741956593	2.397398648643682	2.6834869107688273	0.6219257229413465	0.2106311939118379	27.090852451882895	0.02708698132875298
7.497782382431295	0.01	0.007	0.007	0.007	0.01	0.012802910575254569	0.016831405613447484	0.0020119765859784623	0.0011200195153124003	0.0074780868798933735	1.386580381839471	2.393574170321498	2.68054056574533	0.6202097513868241	0.21187259299415825	26.60405086289195	0.026990763787802043
7.598618099094405	0.01	0.007	0.007	0.007	0.01	0.01257247037891969	0.016528465437625567	0.0019662884704071265	0.0010944083659014993	0.00733546749595961	1.3901852558909205	2.3895309229767774	2.6775656019369234	0.6185075289093458	0.21303961613166542	26.134490766341145	0.026896603801703254
7.697891971128115	0.01	0.007	0.007	0.007	0.01	0.012349662828299243	0.016235559091982522	0.0019226221786889128	0.0010699403608046723	0.007196519652597962	1.393601753442734	2.3852840955679784	2.67456171873074	0.6168162529975093	0.21413972818099275	25.680300580790632	0.026804223159677856
7.79582266510027	0.01	0.007	0.007	0.007	0.01	0.012133749590685416	0.0159517159598056	0.001880771447254815	0.0010464985750221125	0.0070609199084462355	1.3968476659663465	2.3808469543575246	2.6715290577340105	0.6151338243033015	0.21517899649125957	25.239990087298455	0.026713403320396165
7.892596364479876	0.01	0.007	0.007	0.007	0.01	0.011924105911835072	0.015676114738271386	0.0018405621263847332	0.0010239843048015453	0.006928394200355677	1.3999380683284723	2.3762307202133077	2.668467690142374	0.6134584505785712	0.21616257085590262	24.812298344589173	0.02662395875902386
7.9883687861137185	0.01	0.007	0.007	0.007	0.01	0.011720207446369426	0.015408066123141008	0.0018018474932381273	0.0010023143922053485	0.006798714197061929	1.4028857269384856	2.371445210589282	2.665377779676979	0.6117886647711156	0.2170948237428995	24.396167321642388	0.02653573450271136
8.083271694527278	0.01	0.007	0.007	0.007	0.01	0.01152160899952289	0.015146984862104682	0.0017645025032633156	0.0009814179671743428	0.006671687479217295	1.405701582207223	2.3664991147727634	2.6622595552833013	0.6101232536613377	0.21797951256628223	23.990698927727735	0.02644859961397162
8.177416867291885	0.01	0.007	0.007	0.007	0.01	0.0113279304906985	0.014892371302265919	0.0017284198374179415	0.0009612342048100985	0.00654715139248506	1.4083950835849315	2.3614002491881765	2.6591133211043205	0.6084612205187346	0.2188198930088697	23.595126679505952	0.026362443146514158
8.270899642270026	0.01	0.007	0.007	0.007	0.01	0.011138845044980214	0.014643795735141307	0.0016935066518090163	0.0009417104829011793	0.006424967608598675	1.4109744637744397	2.3561557308571692	2.6559394485356353	0.6068017477362146	0.21961881151280438	23.208791640263772	0.02627717057122619
8.363801694759507	0.01	0.007	0.007	0.007	0.01	0.0109540696780292	0.014400886150959188	0.0016596820425180568	0.0009228009450134881	0.006305017853850693	1.4134469526758975	2.3507721112723012	2.6527383693720576	0.6051441673926488	0.22037877744934556	22.831123597957045	0.026192700977661715
8.456193302624126	0.01	0.007	0.007	0.007	0.01	0.0107733577956744	0.014163318378575906	0.0016268750212616795	0.0009044653534165999	0.006187200432402672	1.415818947952848	2.3452554769971274	2.6495105676115434	0.6034879366209431	0.22110202059951942	22.461625906048912	0.02610896479764381
8.54813519848488	0.01	0.007	0.007	0.007	0.01	0.01059649313024369	0.013930808114143498	0.0015950228894717206	0.0008866681679575384	0.00607142739209881	1.4180961517697495	2.339611525990511	2.646256570986721	0.6018326170498224	0.2217905371813044	22.099863225379444	0.0260259019482993
8.639680130105244	0.01	0.007	0.007	0.007	0.01	0.010423284739859883	0.013703104347158004	0.0015640699108225185	0.0008693777942342457	0.005957622158144276	1.420283682001559	2.3338456234628002	2.6429769413365474	0.600177856917202	0.22244612719802107	21.745451410994793	0.025943460275155192
8.730874449499408	0.01	0.007	0.007	0.007	0.01	0.010253562373877244	0.013479983267831184	0.0015339661345318226	0.0008525659180116368	0.00584571722704018	1.4223861691286286	2.3279628247386643	2.6396722546685902	0.598523370608895	0.22307042664876695	21.398048123866506	0.02586159400059071
8.821758509215437	0.01	0.007	0.007	0.007	0.01	0.010087174395415578	0.01326124553605716	0.0015046667393505363	0.0008362071320144992	0.005735653404369702	1.4244078137337322	2.321967950446176	2.6363431171342513	0.5968689382304472	0.22366492732931303	21.057348657203185	0.025780263268410982
8.912367626461185	0.01	0.007	0.007	0.007	0.01	0.00992398484058721	0.013046712415463013	0.0014761312714125484	0.0008202785045877151	0.005627378373120638	1.4263524496742443	2.3158656092189926	2.632990155625623	0.5952143937646625	0.22423099791093842	20.7230799835166	0.025699433191940315
9.002733068425046	0.01	0.007	0.007	0.007	0.01	0.009763870678064916	0.012836222170818031	0.0014483229616771567	0.0008047591938359882	0.005520845302101828	1.4282235995408095	2.309660202277068	2.629614002666797	0.5935596117836183	0.22476990222380136	20.394995198301704	0.025619072901612347
9.09288249914993	0.01	0.007	0.007	0.007	0.01	0.009606720223999516	0.01262962798428009	0.0014212082802223587	0.0007896301947982248	0.005416012148116718	1.4300245122087993	2.3033559512988733	2.6262152973979807	0.5919045031688761	0.22528281190314567	20.07287031958921	0.025539155087247505
9.182840559438636	0.01	0.007	0.007	0.007	0.01	0.009452431449709791	0.012426795730676813	0.0013947564983999886	0.0007748740916467866	0.005312840831506055	1.4317581985992858	2.2969569077436254	2.622794678780475	0.5902490077763862	0.22577081821280948	19.756500860054885	0.025459655431652132
9.272629225061907	0.01	0.007	0.007	0.007	0.01	0.009300910793283363	0.012227602415233199	0.0013689393604813958	0.0007604748715175049	0.005211296700945729	1.4334274589915943	2.2904669694702253	2.619352784725781	0.5885930906479744	0.22623494117240453	19.445699425117475	0.025380552249852084
9.362268202827499	0.01	0.007	0.007	0.007	0.01	0.009152071997249944	0.012031934645571913	0.0013437307779040277	0.0007464177513849221	0.005111347978133865	1.4350349079177962	2.2838898882078302	2.6158902478617536	0.5869367371087799	0.2266761377696414	19.140293359019857	0.025301826101852814
9.451775223857352	0.01	0.007	0.007	0.007	0.01	0.009005835201592347	0.011839687439382596	0.001319106582471745	0.0007326890381895321	0.005012965341828478	1.436582994390479	2.277229278876	2.6124076935821234	0.5852799494084876	0.2270953086582881	18.840122909807594	0.025223459502425452
9.541166289544542	0.01	0.007	0.007	0.007	0.01	0.008862126179439914	0.01165076321966246	0.001295044316321948	0.0007192760097729365	0.004916121581782025	1.4380740190984744	2.270488627933108	2.608905738597374	0.5836227439524223	0.22749330384711336	18.54503968319577	0.025145436677466944
9.630455907003023	0.01	0.007	0.007	0.007	0.01	0.00872087564511953	0.011465070905077526	0.0012715230447420927	0.0007061668088111129	0.004820791279581339	1.4395101495642142	2.263671298751344	2.6053849887729226	0.5819651484889315	0.22787092767985195	18.254905241618786	0.025067743333939612
9.719657238179952	0.01	0.007	0.007	0.007	0.01	0.008582018746462746	0.011282525242549645	0.001248523208785289	0.000693350359151229	0.004726950595341377	1.4408934323276075	2.256780540398051	2.601846039419422	0.5803072006993082	0.22822894288714812	17.96959007883375	0.02499036650877348
9.808782299360017	0.01	0.007	0.007	0.007	0.01	0.00844549451571498	0.011103046085419134	0.0012260264785815501	0.0006808162827220158	0.0046345770110912884	1.4422258046514014	2.2498194899652755	2.598289472813445	0.5786489456859617	0.22856807439547835	17.68897250712472	0.02491329437697743
9.897842099344123	0.01	0.007	0.007	0.007	0.01	0.008311245452609195	0.01092655784535234	0.0012040156352444399	0.0006685548325417746	0.004543649150068073	1.443509104090235	2.2427911772915885	2.594715857448885	0.576990434456519	0.2288890124693748	17.412937813868247	0.024836516116004362
9.98684671108445	0.01	0.007	0.007	0.007	0.01	0.008179217234745689	0.010752989111608347	0.0011824744791859288	0.0006565568405745006	0.004454146671031263	1.4447450761908183	2.235698533097946	2.5911257494020274	0.5753317235287493	0.2291924152935339	17.141377678138547	0.024760021829648555
10.0	0.01	0.007	0.007	0.007	0.01	0.008159884985684334	0.010727574255154604	0.0011793289959844422	0.0006548050185633841	0.004441032567058201	1.4449238744788515	2.234644755126802	2.590593663774061	0.5750865058331548	0.22923581776933813	17.101606731652144	0.024748737341529176
