0.0	0.01	0.007	0.007	0.007	0.01	0.0	0.0	0.0	0.0	0.0	0.0	0.0	0.0	0.0	0.0	100.0	0.035
0.00643301646024468	0.01	0.007	0.007	0.007	0.01	0.002630498852557546	0.006214494704234758	0.0031103080780745494	0.0011008399295340337	0.00025689710734742204	0.00010424072384205295	0.0004771331895499887	0.00039841228400368613	6.884979552906799e-5	6.387340989079051e-6	99.86994503743837	0.03499219757217493
0.011113703187757713	0.01	0.007	0.007	0.007	0.01	0.004447895525536136	0.010286376924578611	0.005274255905000522	0.001879984806047516	0.00041434295296238955	0.00030648891365497383	0.0013828272790395964	0.0011736108311674533	0.00020376834436992646	1.819816711842815e-5	99.7754228822794	0.03498652158986425
0.017829621091778453	0.01	0.007	0.007	0.007	0.01	0.006920915835631824	0.01553610891659851	0.008239896542185593	0.0029666853419475082	0.0006040689939068166	0.0007721753247089253	0.003414618148272063	0.0029646511249887633	0.0005181803205540287	4.389903127587643e-5	99.63995735342924	0.034978379215444624
0.024419902808441987	0.01	0.007	0.007	0.007	0.01	0.009201621096494106	0.02007997829436322	0.010997830832276642	0.003998275102520744	0.0007556911259810147	0.0014187774444868993	0.0061552417758843495	0.005461052396085919	0.0009606898316700836	7.743807737497681e-5	99.50720480353766	0.03497039100438107
0.03208381381328952	0.01	0.007	0.007	0.007	0.01	0.011683128012889905	0.02469916295288347	0.014025460571911364	0.0051559882625662875	0.0008972155151446232	0.0023912954016352566	0.010154137527211546	0.009231061932281568	0.001635925625901682	0.00012476071054206867	99.35304782599421	0.034961103720276235
0.04009405544502205	0.01	0.007	0.007	0.007	0.01	0.014093320681675311	0.0288611009522986	0.016995026172780182	0.006319455838165637	0.0010132170370294878	0.003643422662104658	0.015140533018405804	0.014106166506113932	0.0025189140253946934	0.00018178576044227077	99.19217977194843	0.03495139938180798
0.04881032429370644	0.01	0.007	0.007	0.007	0.01	0.016518091666941903	0.03272478718939557	0.020013795529538414	0.007533387322107347	0.0011105012283360177	0.005258441472781462	0.021364532611906364	0.020422694356957125	0.003676497044287479	0.0002506143081625048	99.01742862198067	0.03494084275772897
0.05799582708751494	0.01	0.007	0.007	0.007	0.01	0.018867080648417144	0.03615736475036949	0.022970738226395133	0.008756184330235686	0.0011879213220495732	0.00722182653219275	0.028681838943933776	0.028137811429008282	0.0051079251642657504	0.0003289329990976525	98.83360303483123	0.034929721276100355
0.06775609126714555	0.01	0.007	0.007	0.007	0.01	0.021149686105452353	0.039199019927609116	0.02587755652953757	0.009994545562907148	0.0012488644393450162	0.00957620197234925	0.037165652031492795	0.037433708117979386	0.0068548265264644645	0.0004169586076364952	98.63864894759833	0.0349179077727955
0.07801984718985132	0.01	0.007	0.007	0.007	0.01	0.02333297883768242	0.0418356214735332	0.028691545154154226	0.011231897180976386	0.0012953318841539359	0.01232228593372279	0.046733323458837565	0.048328944470080126	0.00892949469740719	0.0005133754945655454	98.43405279421539	0.03490548916948638
0.0888251006905195	0.01	0.007	0.007	0.007	0.01	0.025412455958025302	0.04409689745811231	0.0314050369963246	0.012465787303764483	0.0013299802198551913	0.01548305177396747	0.05738463929544587	0.060930661922423954	0.011361883575099596	0.0006178608351975525	98.21912104096297	0.03489242015500517
0.1001613052887698	0.01	0.007	0.007	0.007	0.01	0.02737523370496089	0.04600511604563351	0.03399857338544457	0.013687935337720626	0.001355016572347568	0.01906555854010839	0.06906743086889701	0.07528320322782725	0.014170979777161185	0.0007296916105659571	97.99413236595174	0.034878714211932574
0.11205558898711425	0.01	0.007	0.007	0.007	0.01	0.029217295107762914	0.04759330176257775	0.03646330855584775	0.014894284247708776	0.0013724899140032392	0.023085358939309786	0.0817625237525105	0.09146473718078232	0.01738330149432309	0.0008485772744390981	97.75862158202581	0.03486433931582858
0.12452510701421395	0.01	0.007	0.007	0.007	0.01	0.030933973051262522	0.04889332137787246	0.03878866109754554	0.0160794524886551	0.0013841187265729645	0.02755297506243187	0.0954390438959776	0.10953283714781774	0.02102236990557252	0.0009742048905789478	97.51232867158137	0.0348492755785263
0.1376030734663028	0.01	0.007	0.007	0.007	0.01	0.032523852474901506	0.049938389371150686	0.040967548939784486	0.017239313104573765	0.0013913569732787849	0.032482815017394834	0.11008325029285639	0.1295598022445672	0.025115714378515376	0.0011064951583598032	97.25468457015462	0.03483348380084594
0.1513244842205458	0.01	0.007	0.007	0.007	0.01	0.033986209126121145	0.05076004891413793	0.04299299903801078	0.018369393810140796	0.001395407340669098	0.03788871152960044	0.1256843845960999	0.15161412900777632	0.02969125406157623	0.0012454548186706042	96.98509598519507	0.03481692275030526
0.16573421994819892	0.01	0.007	0.007	0.007	0.01	0.03532175241413168	0.05138817644814986	0.04485917534567791	0.019465461688617874	0.001397273247590321	0.043787181814806175	0.14224421169934273	0.17577304894334447	0.034779933415274425	0.0013912525089764742	96.7027881074056	0.034799539402254706
0.18088293620288526	0.01	0.007	0.007	0.007	0.01	0.03653186292589037	0.05185016399615698	0.046560334906945784	0.020523000112377756	0.0013978053326487842	0.05019607810410539	0.159772608939991	0.2021162049150134	0.04041453351705988	0.001544172775564954	96.40688851851466	0.03478127393478017
0.19682977672899943	0.01	0.007	0.007	0.007	0.01	0.03761865249420949	0.05217079219943336	0.04809090076609255	0.021537269653177617	0.0013977494845180392	0.05713578202572261	0.1782905211070919	0.2307294696467883	0.04663058391267643	0.0017046419671611457	96.09637736085992	0.03476205649207204
0.21364120731111036	0.01	0.007	0.007	0.007	0.01	0.03858469839208777	0.05237206907493818	0.04944507624653601	0.02250307783491576	0.0013977889383781526	0.06462873758757788	0.1978282183472318	0.2617016819035096	0.05346577893770042	0.0018732189612062197	95.7701140635712	0.03474180863411201
0.23139162579861458	0.01	0.007	0.007	0.007	0.01	0.03943299350167665	0.05247326132945719	0.05061676892361511	0.023414704040848017	0.0013985791084323187	0.07269961784994676	0.21842538916336138	0.2951236237557683	0.06095983453973991	0.0020506087770534045	95.42682978852648	0.03472044264969498
0.25016209218618907	0.01	0.007	0.007	0.007	0.01	0.04016684484639313	0.052490982146450996	0.051599471281287265	0.024265754714016312	0.0014007732306290945	0.08137456051994033	0.24012890260718053	0.3310827356327325	0.06915334197086159	0.0022376628542073213	95.06515679004006	0.0346978631389078
0.2700384202471112	0.01	0.007	0.007	0.007	0.01	0.04078984979278595	0.05243935712236608	0.052386314252569524	0.025049079738152156	0.001405037511508717	0.09067998443978988	0.26298975996861657	0.3696556391956849	0.07808598529631042	0.002435378827872728	94.68366999960908	0.03467396936358797
0.2911068207424979	0.01	0.007	0.007	0.007	0.01	0.041305902040143117	0.05233024503425021	0.052970281441323874	0.02575672517009701	0.0014120543009313662	0.10064016486691703	0.28705727761550304	0.4108951269328194	0.08779325811884499	0.0026448813187402247	94.28097494352151	0.03464866053490605
0.31344678881262067	0.01	0.007	0.007	0.007	0.01	0.04171927243061423	0.05217351207308294	0.053344723081138024	0.026380012703714782	0.0014225115465271872	0.11127344517848327	0.312370379956869	0.454811372935028	0.09830145162211561	0.002867378915568691	93.8558462240409	0.034621844389652684
0.33712165214866696	0.01	0.007	0.007	0.007	0.01	0.04203478187326128	0.051977340952565156	0.053504265045537645	0.026909847557074863	0.001437077612583571	0.12258738547511865	0.338946778110955	0.5013491983852144	0.10962117942457646	0.0031040972811546604	93.4074065302511	0.03459344853220685
0.3621697222109305	0.01	0.007	0.007	0.007	0.01	0.042258046930163565	0.05174853061198982	0.053446079566029155	0.027337347107281494	0.0014563646020674028	0.13457442999489838	0.3667736110297882	0.5503688260721915	0.12174116070557893	0.0033562108832926618	92.93528854345972	0.03456343099201765
0.38860177245131655	0.01	0.007	0.007	0.007	0.01	0.04239569334331573	0.051492715986401795	0.0531711892329	0.027654754133867507	0.0014808916518032629	0.1472110133194852	0.39580588339579037	0.6016429486245888	0.13462560857284994	0.003624823849115949	92.43967208257784	0.03453178313866346
0.41640877084914557	0.01	0.007	0.007	0.007	0.01	0.04245535659395968	0.05121446612823927	0.05268522111651244	0.027856355404795887	0.0015110657607345817	0.16046199986311807	0.42597642173511485	0.6548778163834028	0.14821770468444012	0.003911038781283938	91.92112716393713	0.034498520298386945
0.44557621409947756	0.01	0.007	0.007	0.007	0.01	0.04244536691342389	0.05091731291575852	0.05199823938170828	0.02793902942013233	0.0015471905880035267	0.1742884531458446	0.45721241713324445	0.7097489867768695	0.16244745080060938	0.004216085358423443	91.38033813525969	0.034463664518340424
0.47609717044724864	0.01	0.007	0.007	0.007	0.01	0.042374226742157774	0.050603807181624216	0.051123857567554574	0.0279022886026588	0.001589497947545958	0.18865460645355936	0.4894494612898969	0.765933566519726	0.1772395243115218	0.004541440704028627	90.81785996827688	0.034427228963751895
0.5079791957595091	0.01	0.007	0.007	0.007	0.01	0.0422500940230448	0.05027564799163375	0.05007814458731414	0.027747981060612388	0.0016381878376305413	0.20353153746712854	0.5226380675266414	0.8231282632068455	0.1925181545127787	0.004888899167760036	90.23399528006225	0.03438920971584301
0.5412457610742224	0.01	0.007	0.007	0.007	0.01	0.04208041348048314	0.04993385859241046	0.04887868943315517	0.027479892008951377	0.0016934659406649434	0.2188978790904967	0.5567439072756101	0.8810548089448125	0.20820902269284916	0.005260598492768252	89.62877643838021	0.034349584166814245
0.5759339856477707	0.01	0.007	0.007	0.007	0.01	0.04187172577894046	0.04957897204232296	0.047543954832719205	0.027103394579130313	0.0017555722563784837	0.2347385593796523	0.5917441504280533	0.9394573195676744	0.22423908050148278	0.005659017353258422	89.00201618235617	0.03430831383195163
0.6120894939343428	0.01	0.007	0.007	0.007	0.01	0.041629628374641035	0.04921120986428395	0.04609292879300137	0.02662521567449731	0.0018247968822254184	0.25104213697694383	0.6276211528425287	0.9980946315849012	0.24053492010533467	0.006086946207520192	88.35340886086907	0.03426535057054037
0.649758042308574	0.01	0.007	0.007	0.007	0.01	0.04135885238871464	0.04883065752695874	0.0445450495066204	0.02605334249194536	0.001901479059146358	0.2677967744379538	0.6643535212060696	1.0567288414442393	0.257019933974423	0.0065474169335039195	87.68268564106572	0.03422064660230812
0.6889729793636614	0.01	0.007	0.007	0.007	0.01	0.04106342697942758	0.048437450107047655	0.04292036389529979	0.025397075419924475	0.0019859848350526313	0.28498466691458485	0.7019041126293134	1.1151107099598092	0.2736104081077539	0.007043564281055284	86.98983652087296	0.03417416938579655
0.7297388348582962	0.01	0.007	0.007	0.007	0.01	0.04074690057595123	0.04803196930929869	0.041239802095353446	0.024667187396036037	0.0020786608657871702	0.30257532778549723	0.740205843236264	1.1729647330319282	0.2902113622962593	0.0075784007211010295	86.2753889870607	0.03412592095021512
0.7720150239006927	0.01	0.007	0.007	0.007	0.01	0.04041256496697275	0.04761501589141886	0.0395252909767777	0.023876049288873533	0.0021797710884669044	0.32051967496707146	0.7791495389970227	1.2299810766832715	0.3067143237437287	0.008154533273323918	85.54066914423217	0.034075956909238
0.8157090876460673	0.01	0.007	0.007	0.007	0.01	0.04006359077676208	0.0471878699508708	0.037799273990371876	0.023037455031253287	0.0022894408851697225	0.33874886670233284	0.8185823206351988	1.2858255415781144	0.32300052055725004	0.008773942716163163	84.78788251310483	0.03402439402827587
0.8606885998688215	0.01	0.007	0.007	0.007	0.01	0.039702995320199726	0.04675216004328397	0.036083394958614234	0.022165920476360346	0.0024076423753000378	0.35718111428120125	0.8583232588544115	1.340172540213307	0.3389512594270825	0.009437987860125193	84.01986881926503	0.033971395703105145
0.9068043925735726	0.01	0.007	0.007	0.007	0.01	0.039333509795284285	0.04630962580281201	0.03439691909930185	0.021275664050769222	0.002534218137941791	0.37573251756973364	0.8981874298127417	1.3927429444137538	0.35446027656484247	0.010147598387787702	83.23967542026632	0.03391714423138927
0.9539190985426846	0.01	0.007	0.007	0.007	0.01	0.03895740731578408	0.045861840535652836	0.03275537444368014	0.020379546601007586	0.002668938010792483	0.3943289059066688	0.9380116880613676	1.4433352658554046	0.36944439878940794	0.010903623251928654	82.45006359224578	0.03386180709217305
1.0019218288055693	0.01	0.007	0.007	0.007	0.01	0.03857645055120523	0.04541007865530117	0.03117017161620677	0.019488473961106093	0.0028115368455307144	0.4129110102464649	0.977665698879473	1.491830345804606	0.38384625280417367	0.01170705287839648	81.6532719514137	0.03380551980346441
1.0507346442396708	0.01	0.007	0.007	0.007	0.01	0.038191908220750505	0.04495526741422791	0.02964882982008104	0.01861117899271989	0.0029617400245472492	0.4314358381548196	1.0170546204628632	1.5381828033166896	0.39763263213696964	0.012559165281597387	80.85092952664273	0.033748378566177926
1.100312275735824	0.01	0.007	0.007	0.007	0.01	0.037804620777434135	0.04449800448565607	0.0281955778727483	0.0177543052913705	0.003119274122354143	0.44987525347421087	1.056115730532147	1.5824053583988014	0.4107902916590441	0.013461588306512635	80.04408555699571	0.03369044088666094
1.150640981321224	0.01	0.007	0.007	0.007	0.01	0.037415063706839835	0.04403858348162835	0.026812005286452244	0.01692261550255592	0.003283875986644108	0.4682142672660963	1.0948144263167472	1.6245542167059972	0.42332168683468635	0.01441635738802702	79.23325364076895	0.033631727218441744
1.2017375120978635	0.01	0.007	0.007	0.007	0.01	0.03702339999250222	0.043577018048938314	0.025497672092359813	0.016119254449313558	0.0034553015625622316	0.4864494421586067	1.133140465765453	1.6647167493015167	0.43524114403397857	0.015425981611917395	78.41845356705777	0.03357222247750131
1.2536498306777581	0.01	0.007	0.007	0.007	0.01	0.03662951048744778	0.04311304997297419	0.02425060926274934	0.015346005855426784	0.0036333388679094785	0.5045879769663816	1.1711056378015903	1.7030025341582575	0.44657187881881244	0.016493550469119465	77.59922501402825	0.03351187552216902
1.3064600203955257	0.01	0.007	0.007	0.007	0.01	0.03623300160816892	0.042646138627202325	0.023067706467113005	0.014603521138554714	0.0038178261839953544	0.5226475273184066	1.2087429437970443	1.7395373207694158	0.4573437998479034	0.01762289810810612	76.77460832607126	0.03345059611550727
1.360290439082004	0.01	0.007	0.007	0.007	0.01	0.03583318559075298	0.042175424170182566	0.021944984761202435	0.013891503321642979	0.004008678516699982	0.5406569929443904	1.2461077221930856	1.7744597851731672	0.46759209629078746	0.01881885910229112	75.94307887005863	0.033388248186323626
1.4153147965770072	0.01	0.007	0.007	0.007	0.01	0.0354290245202741	0.041699652458046355	0.020877754173322376	0.01320883424324751	0.004205927262474208	0.5586586389517593	1.2832814003304447	1.8079210887048371	0.47735662135383566	0.020087671678005552	75.10241361296417	0.03332463750535288
1.4717766668292378	0.01	0.007	0.007	0.007	0.01	0.03501902433411427	0.04121704412316694	0.019860656815358844	0.012553637020792721	0.004409780036740329	0.5767120748196961	1.3203788298964612	1.84008737325566	0.4866820916306591	0.02143761592405509	74.24945876181317	0.0332594909720113
1.53001800214008	0.01	0.007	0.007	0.007	0.01	0.03460106639591302	0.040725092260531975	0.018887613607370745	0.01192328003445385	0.004620705657107129	0.59490046536051	1.3575597813025646	1.8711448524367917	0.4956189566183894	0.02287999271603669	73.37977074378871	0.03319242470230257
1.5905065643855854	0.01	0.007	0.007	0.007	0.01	0.034172262757331234	0.0402203893996189	0.017951909982119083	0.011314473261753905	0.004839495789555455	0.6133350421259002	1.3950363534659207	1.9013001276890134	0.5042227713527634	0.024430210152084374	72.48730827201516	0.033122913857987345
1.6537331882163842	0.01	0.007	0.007	0.007	0.01	0.03372973493046889	0.03969954234786683	0.01704816297269755	0.01072459776571747	0.005066828784814954	0.6321199775339756	1.4329998361485083	1.9307184485815458	0.5125360061944475	0.026105487684650673	71.56604811983189	0.033050412147676615
1.7192352134324946	0.01	0.007	0.007	0.007	0.01	0.033277334830734195	0.039167081315894636	0.016184570203121786	0.010159777893268357	0.005299741418663178	0.6510723660425881	1.4710596836957326	1.959117717002121	0.5204752118480025	0.027897701637216315	70.62397991376508	0.03297546860579613
1.7842588484842006	0.01	0.007	0.007	0.007	0.01	0.0328342530731515	0.03864559063891849	0.015393497680406345	0.009641872374727195	0.0055272389097191415	0.6693877446734079	1.5075974521875237	1.9853927499875312	0.5277350489372963	0.02973093249354688	69.70105794408502	0.03290124049180558
1.847830378648787	0.01	0.007	0.007	0.007	0.01	0.032406783192694986	0.038142476035761506	0.014677827360430672	0.009173280075181221	0.005745101611572003	0.6868263781299861	1.54215295060492	2.009386271342875	0.5342835412108448	0.03157226761516136	68.8104076045877	0.03282883157221035
1.9100128395506222	0.01	0.007	0.007	0.007	0.01	0.03199405127600903	0.03765670811991638	0.014027911348062524	0.008747985472255533	0.005953009873200868	0.7034480386065519	1.574867106145193	2.031362835667182	0.5402056794804944	0.03341718838876749	67.95023000342657	0.032758158997917855
1.9708246702692107	0.01	0.007	0.007	0.007	0.01	0.0315955137595809	0.03718764670886263	0.013435955471863227	0.00836104033876118	0.006150663043479928	0.7192968131280256	1.6058478824096758	2.0515357908406213	0.5455708125452112	0.035260312473804005	67.11941336040196	0.032689191343563816
2.03040623619345	0.01	0.007	0.007	0.007	0.01	0.03120986605492806	0.03673375613525292	0.012894184810991105	0.008007419264372354	0.006338290728482956	0.7344446618388498	1.6352555289177855	2.0701278548186615	0.5504489698122577	0.03710046238816536	66.31525759808042	0.0326217597789074
2.0888627643056075	0.01	0.007	0.007	0.007	0.01	0.030836086679020935	0.036293834043050664	0.012396303588155586	0.007683011644322939	0.006516094249088214	0.7489494681526874	1.6632200547768132	2.0873199706256598	0.554897272584083	0.03893600902946492	65.53565026555717	0.03255573666345519
2.146328056762482	0.01	0.007	0.007	0.007	0.01	0.030473019906421674	0.03586652013602427	0.011936707798348333	0.007384130517100106	0.006684423230614797	0.7628717858131132	1.6898740614831054	2.1032764799779153	0.5589668498488652	0.04076677600281881	64.77819649940575	0.032490963334766754
2.20291798022702	0.01	0.007	0.007	0.007	0.01	0.030119672053092038	0.035450644863435334	0.011510737884966647	0.007107691519268244	0.006843610144864517	0.7762635214902062	1.7153310664032009	2.118134958640907	0.5627004386458607	0.0425925378952695	64.04083707729464	0.032427302643812175
2.2587496451003792	0.01	0.007	0.007	0.007	0.01	0.029775084290255088	0.03504507971336818	0.011114374831659465	0.006851023152434259	0.0069940136628709	0.7891731642729538	1.739695863546119	2.1320154746127895	0.5661350223222162	0.04441355698875934	63.32158338561424	0.032364617191870525
2.313927266629882	0.01	0.007	0.007	0.007	0.01	0.029438416403030524	0.0346488357853876	0.010744231098990037	0.006611865361790701	0.007135968277830413	0.801642886112159	1.7630592859152325	2.145019887498165	0.5693018824232293	0.04623006496626409	62.6186924531471	0.03230278512996392
2.3685485657081684	0.01	0.007	0.007	0.007	0.01	0.029108901811617897	0.0342610108484217	0.010397403550556666	0.006388276332432912	0.007269796105066006	0.813710520897931	1.785502249833514	2.1572361673576927	0.5722278842874665	0.048042408966402377	61.930573354425626	0.03224169283252926
2.4227009589338118	0.01	0.007	0.007	0.007	0.01	0.028785866244625872	0.03388081131632339	0.01007141874166612	0.006178597910512287	0.007395793279645303	0.8254091174257564	1.807095179227852	2.1687396650111066	0.5749359684876966	0.04985087341343541	61.255826438436	0.03218123904955461
2.4764641944217893	0.01	0.007	0.007	0.007	0.01	0.02846870742270784	0.03350752833525332	0.009764149371886383	0.005981401695514437	0.007514234847685079	0.8367679092396719	1.8279000583775682	2.1795955379019696	0.5774458930895694	0.051655720975050244	60.59320113321099	0.032121331841809445
2.529909798068939	0.01	0.007	0.007	0.007	0.01	0.02815689460848857	0.03314053725338204	0.009473764188305974	0.005795456375039248	0.007625372756592164	0.8478125212580199	1.847971027213927	2.1898601132397824	0.5797746907779069	0.05345713544267297	59.94159520269547	0.03206188909907428
2.583102475803138	0.01	0.007	0.007	0.007	0.01	0.02784995697128785	0.03277928392637363	0.009198676237925437	0.005619693853108035	0.007729439104164798	0.8585655533675828	1.8673556421097952	2.1995823981858953	0.5819371357719733	0.055255236343776166	59.300030613223946	0.03200283688669084
2.636100487778134	0.01	0.007	0.007	0.007	0.01	0.02754747853492385	0.032423278771036235	0.008937505513453375	0.00545318459531378	0.007826647415127133	0.8690469006786741	1.8860956233213597	2.2088051508399165	0.5839460869196181	0.057050064827897304	58.66764312583258	0.031944108951257204
2.688957124169635	0.01	0.007	0.007	0.007	0.01	0.02724908725070454	0.03207208390463829	0.008689042772203745	0.005295113772759487	0.00791719614160828	0.8792742549771365	1.904227900153101	2.2175659627116135	0.5858128134848561	0.05884161155696711	58.04365958334411	0.03188564501644542
2.741720116741331	0.01	0.007	0.007	0.007	0.01	0.02695445621653121	0.0317253145797543	0.008452228847815702	0.00514476735552017	0.008001268455331587	0.8892631660858044	1.9217848465393599	2.225897835000585	0.5875471945429439	0.06062977863311537	57.427400571258026	0.03182739137596942
2.7944330492019875	0.01	0.007	0.007	0.007	0.01	0.026663293810524295	0.03138262757196868	0.00822612841728117	0.005001514750162713	0.008079035690132725	0.8990274708618764	1.938795154253351	2.2338299823645404	0.5891579547523692	0.06241441250517326	56.81825988506206	0.031769299280414005
2.847135620199662	0.01	0.007	0.007	0.007	0.01	0.02637534066161427	0.031043717614419993	0.00800991292673551	0.004864797354605336	0.008150658599929746	0.9085794710109438	1.9552842398106687	2.241388337788732	0.5906528241971131	0.06419530071824014	56.21569827627879	0.031711324603468066
2.899864295908657	0.01	0.007	0.007	0.007	0.01	0.0260903646913173	0.030708311562206127	0.007802844579048745	0.004734117865923604	0.008216289134224229	0.9179301642007752	1.9712747299732924	2.248596038705847	0.5920386848175389	0.0659721840202466	55.61923315108774	0.03165342708495848
2.952652667826145	0.01	0.007	0.007	0.007	0.01	0.025808158012004395	0.030376164741807793	0.007604263918135644	0.004609031941731538	0.008276071634262975	0.92708940210265	1.9867868061158689	2.255473801113307	0.5933216857889141	0.06774476022178555	55.028432141023096	0.03159556990532891
3.00553184578791	0.01	0.007	0.007	0.007	0.01	0.025528533811916897	0.030047057284909036	0.007413579113082294	0.0044891410024268654	0.008330143967923679	0.9360660402629908	2.0018385233461453	2.262040245264287	0.594507342457715	0.06951269064932812	54.44290663648001	0.03153771922652432
3.058530796262496	0.01	0.007	0.007	0.007	0.01	0.025251323699308045	0.029720791002587094	0.007230256991650548	0.004374086197241523	0.008378638472501204	0.9448680652845107	2.016446080710569	2.2683121687990058	0.5956006191676882	0.07127560586534105	53.86230627267696	0.03147984379775943
3.111676639727719	0.01	0.007	0.007	0.007	0.01	0.024976375404381055	0.029397186680610855	0.007053815481439036	0.004263543309647447	0.008421682739354558	0.9535027039613885	2.0306240521500873	2.2743047774912393	0.596605999040284	0.07303311089807471	53.28631415743241	0.031421914610263314
3.1649949061157097	0.01	0.007	0.007	0.007	0.01	0.0247035508212203	0.029076081774893847	0.006883817230730465	0.0041572184506443	0.008459400257150678	0.9619765160698482	2.044385582586465	2.2800318802314603	0.5975275428832506	0.07478478977249137	52.7146428047302	0.031363904601448826
3.2185097429797906	0.01	0.007	0.007	0.007	0.01	0.024432724394688167	0.028757328512955867	0.006719864233397014	0.004054844422386809	0.008491910931758365	0.97029547170735	2.0577425520929618	2.285506053401488	0.5983689389932185	0.07653020903984784	52.14703078569203	0.0313057884136613
3.272244159544809	0.01	0.007	0.007	0.007	0.01	0.024163781415554184	0.028440791887373237	0.0065615930544929485	0.0039561774938400626	0.00851933154739029	0.9784650273772972	2.070705732067568	2.2907387875225904	0.5991335465828446	0.07826892290780908	51.58323918250976	0.031247542116738858
3.326220144245281	0.01	0.007	0.007	0.007	0.01	0.023896617033565253	0.028126348494217038	0.006408671035943497	0.0038609948199959314	0.008541776081178253	0.986490176562784	2.083284895340054	2.295740603034179	0.5998244314090884	0.08000047457979863	51.02304954305503	0.031189143070403248
3.3804588809601497	0.01	0.007	0.007	0.007	0.01	0.02363113484043625	0.02781388486530016	0.00626079269977805	0.0037690920115625035	0.008559356014333547	0.9943755105114134	2.0954889382077035	2.300521160926638	0.600444398021645	0.08172440106183057	50.46626093058242	0.031130569681693494
3.434980846745327	0.01	0.007	0.007	0.007	0.01	0.023367246103736104	0.02750329656650256	0.006117676915652233	0.003680281204696913	0.008572180533462068	1.00212525674851	2.107325963353205	2.3050893491812503	0.6009960162301882	0.08344023433728769	49.91268833498123	0.031071801292726794
3.4898059671102737	0.01	0.007	0.007	0.007	0.01	0.02310486876655383	0.027194487020426296	0.005979064255588238	0.003594389267872951	0.008580356714060471	1.0097433224747132	2.118803367099905	2.309453363828245	0.6014816448438758	0.08514750453786525	49.36216059036333	0.031012818007877595
3.544953721405951	0.01	0.007	0.007	0.007	0.01	0.02284392673869564	0.026887366672169843	0.005844714787229685	0.0035112562994633963	0.00858398964825875	1.0172333273606442	2.1299279071789603	2.313620776255641	0.6019034518245637	0.08684574162334639	48.814518901729286	0.030953600576446492
3.600443252680826	0.01	0.007	0.007	0.007	0.01	0.022584349206284944	0.026581852176760738	0.005714406109306243	0.0034307342914813507	0.008583182543635185	1.024598634173557	2.140705764561306	2.317598593054073	0.6022634319572137	0.08853447727433054	48.269615408270624	0.030894130271908578
3.656293482736744	0.01	0.007	0.007	0.007	0.01	0.022326069956938355	0.02627786560491881	0.005587931599059145	0.0033526859387726436	0.008578036790861736	1.0318423774003074	2.1511425996833116	2.3213933091987644	0.6025634222948395	0.09021324696065555	47.727311777427644	0.03083438876702997
3.7125232068742555	0.01	0.007	0.007	0.007	0.01	0.022069026837355038	0.025975333804664248	0.005465098901911947	0.0032769836104886733	0.008568652003962503	1.0389674867204914	2.1612435987168404	2.325010953614994	0.602805115499124	0.09188159137551599	47.187478075148455	0.03077435803214768
3.7691511452577133	0.01	0.007	0.007	0.007	0.01	0.021813161438483556	0.02567418803077583	0.005345728676500163	0.003203508489987451	0.00855512605169616	1.0459767030724492	2.171013507375151	2.328457126939214	0.6029900713854685	0.09353905658209946	46.64999211271869	0.03071402028088872
3.8261960672717907	0.01	0.007	0.007	0.007	0.01	0.02155841847491794	0.025374363214365658	0.005229653321192837	0.003132149713015345	0.008537555062244165	1.0528726022051076	2.180456673533269	2.3317370395360597	0.6031197273613865	0.09518519630246149	46.114738150155624	0.030653357839076693
3.8836768736024974	0.01	0.007	0.007	0.007	0.01	0.021304745390477785	0.025075797498663916	0.005116715925488882	0.0030628036531517963	0.008516033414264431	1.0596576109009341	2.1895770774697128	2.334855542460934	0.6031954073107973	0.09681957285926557	45.58160607320994	0.0305923530601259
3.941612680792981	0.01	0.007	0.007	0.007	0.01	0.02105209197978419	0.024778431793629367	0.0050067693265361275	0.0029953732795032733	0.008490653715510466	1.0663340219220916	2.1983783587107073	2.3378171550095375	0.6032183293574802	0.09844175811226068	45.05049060284042	0.030530988238971372
4.000022920344835	0.01	0.007	0.007	0.007	0.01	0.020800409974521865	0.024482209288995513	0.004899675237819088	0.0029297675655497756	0.008461506763189759	1.0729040090622173	2.2068638413078268	2.3406260897267543	0.6031896126011463	0.10005133469328036	44.521290429299995	0.03046924551184693
4.058927421883218	0.01	0.007	0.007	0.007	0.01	0.02054965272815474	0.024187075083192542	0.0047953034983388345	0.0028659009779813307	0.008428681500012386	1.0793696388104164	2.2150365529836917	2.3432862735754068	0.6031102829025078	0.10164789665796604	43.99390755205617	0.030407106774278127
4.118346519481343	0.01	0.007	0.007	0.007	0.01	0.020299774829447535	0.023892975728475076	0.0046935313596500865	0.0028036929941375618	0.00839226494972038	1.0857328831525312	2.222899244152124	2.3458013674965486	0.6029812778126343	0.10323105062272434	43.46824646894658	0.030344553575965282
4.178301154576384	0.01	0.007	0.007	0.007	0.01	0.020050731762418367	0.023599858830696766	0.004594242854722509	0.002743067674409484	0.008352342144050456	1.0919956304212013	2.2304544027328737	2.3481747831638393	0.6028034506937998	0.10480041661092131	42.94421346182562	0.030281567020823665
4.2388130078861375	0.01	0.007	0.007	0.007	0.01	0.01980247947893444	0.023307672546267515	0.004497328187914568	0.002683953251946287	0.00830899602147047	1.0981596976075196	2.237704268933768	2.3504096984203597	0.6025775740059917	0.10635562943362956	42.42171569722282	0.030218127638228138
4.29990459690171	0.01	0.007	0.007	0.007	0.01	0.019554974149282693	0.023016365288580802	0.00440268324588776	0.0026262818001233108	0.008262307341148373	1.1042268374856974	2.2446508419763647	2.352509069021847	0.6023043419963376	0.10789633891451975	41.900660700315065	0.030154215292239116
4.361599444444171	0.01	0.007	0.007	0.007	0.01	0.01930817165870049	0.022725885135442228	0.004310209054456628	0.002569988870546738	0.008212354539375808	1.1101987513363074	2.251295891526522	2.3544756407720335	0.6019843724624553	0.10942221165147518	41.3809552929987	0.030089809018324292
4.423922218676776	0.01	0.007	0.007	0.007	0.01	0.019062027265733392	0.02243617942696269	0.004219811341815825	0.0025150131991463565	0.008159213597191335	1.1160770968449152	2.2576409612652806	2.356311958231938	0.6016182079313929	0.1109329316772661	40.862504871129886	0.03002488689239756
4.486898927413091	0.01	0.007	0.007	0.007	0.01	0.01881649509097308	0.022147194163812244	0.004131400077243132	0.002461296400233315	0.008102957857261147	1.1218634992965804	2.263687373801814	2.358020372886679	0.6012063159050366	0.1124282020591018	40.3452123230962	0.029959425845791112
4.550557115230911	0.01	0.007	0.007	0.007	0.01	0.018571527651928866	0.02185887345977048	0.004044889065422856	0.002408782697078781	0.008043657829073476	1.1275595607119604	2.269436230541199	2.3596030489012474	0.6007490883850425	0.11390774606221266	39.82897704375701	0.02989340148045544
4.614926120093533	0.01	0.007	0.007	0.007	0.01	0.018327075230741882	0.021571158797535222	0.003960195517192967	0.0023574186406274847	0.007981380932433212	1.133166871887028	2.2748884114106174	2.361061967906527	0.6002468402911995	0.11537130914150381	39.31369359420299	0.029826787825929676
4.680037333121137	0.01	0.007	0.007	0.007	0.01	0.018083085305187156	0.02128398835901752	0.003877239678526095	0.002307152865839612	0.007916191229375636	1.138687021791045	2.2800445682182997	2.36239893108085	0.5996998070968063	0.11681866031356594	38.79925049256146	0.029759557097301697
4.745924550765581	0.01	0.007	0.007	0.007	0.01	0.01783950171602559	0.0209972960453249	0.0037959444032595866	0.002257935816026422	0.007848149058913905	1.1441216117023858	2.2849051183367526	2.363615560332979	0.5991081409386647	0.11824959481686048	38.28552844638509	0.029691679362527784
4.812624364553997	0.01	0.007	0.007	0.007	0.01	0.017596263801572306	0.020711010458156192	0.0037162347525304252	0.0022097194854165665	0.007777310623686689	1.1494722684559906	2.289470232139594	2.3647132967274445	0.5984719054739127	0.11966393658689888	37.77239851257038	0.029623122177126437
4.880176655962071	0.01	0.007	0.007	0.007	0.01	0.017353305271197796	0.020425053573923248	0.0036380375456832397	0.0021624571342812203	0.007703727458940594	1.1547406616360945	2.2937398175352226	2.3656933969175484	0.597791068763325	0.12106154180018351	37.25971970274451	0.029553850117926442
4.948625178875888	0.01	0.007	0.007	0.007	0.01	0.017110552916410633	0.020139339226706174	0.003561280900304532	0.002116102999398258	0.007627445798622444	1.1599285220346474	2.2977134975269493	2.3665569263720854	0.5970654941160229	0.12244230277049692	36.74733624113447	0.029483824235876553
5.018018290393019	0.01	0.007	0.007	0.007	0.01	0.016867924979553833	0.01985377118822285	0.003485893708066384	0.0020706119676135314	0.007548505771608117	1.165037664758867	2.301390581615897	2.367304749330246	0.5962949280520333	0.12380615307497977	36.235074093993354	0.029413001367887066
5.088409888416056	0.01	0.007	0.007	0.007	0.01	0.016625329032713066	0.019568240671323015	0.0034118050101600017	0.0020259391907650913	0.007466940357858322	1.1700700192383537	2.304770029532848	2.367937514625312	0.5954789843618601	0.1251530744964138	35.722736457523844	0.029341333251337965
5.159860569575184	0.01	0.007	0.007	0.007	0.01	0.016382659394875338	0.019282623290006056	0.0033389432932822826	0.0019820396547989227	0.0073827740859846	1.1750276644382156	2.3078504019882726	2.368455635582433	0.5946171236306723	0.12648310530523083	35.21009826107978	0.029268765431821546
5.232439151980461	0.01	0.007	0.007	0.007	0.01	0.016139793686858243	0.018996775004604092	0.0032672355990830933	0.001938867638746027	0.007296021303853288	1.1799128761810151	2.3106297977268055	2.368859262845051	0.5937086259505288	0.12779635168988832	34.696898836753526	0.029195235822735106
5.306224718043086	0.01	0.007	0.007	0.007	0.01	0.0158965881480267	0.01871052660960398	0.0031966063612307357	0.0018963760123764297	0.007206683833817215	1.1847281919498767	2.3131057714792282	2.3691482473404513	0.5927525539732563	0.12909300373518573	34.182831956053725	0.029120672767844198
5.3813093079127094	0.01	0.007	0.007	0.007	0.01	0.015652871483595367	0.018423676491983645	0.0031269759368413312	0.0018545153532141022	0.007114747855450978	1.18947649472984	2.315275221668872	2.369322088935114	0.5917477033936924	0.1303733562929549	33.667532738286205	0.029044992486637
5.457801721430952	0.01	0.007	0.007	0.007	0.01	0.015408436031038603	0.018135980234174433	0.0030582585307165414	0.0018132327025392626	0.007020179464393046	1.1941611353800912	2.317134240083481	2.3693798651816063	0.5906925331162617	0.1316378398764085	33.15055885993464	0.028968095457330645
5.535832927755645	0.01	0.007	0.007	0.007	0.01	0.015163025099008845	0.01784713571211838	0.0029903592678930295	0.0017724698152075914	0.0069229183000634785	1.19878610854795	2.3186779010202594	2.3693201295148385	0.5895850655251562	0.13288706544702122	32.63136362452198	0.028889861262320446
5.615564093242343	0.01	0.007	0.007	0.007	0.01	0.014916313981366879	0.017556760749027893	0.0029231698380760137	0.001732160559763254	0.0068228680123837175	1.203356318668352	2.3198999580794584	2.369140761746737	0.5884227385429726	0.1341218926445922	32.10925558578484	0.028810140923559265
5.697199107228031	0.01	0.007	0.007	0.007	0.01	0.014667879969336588	0.017264357820121153	0.0028565616315299716	0.001692226825019914	0.006719881266479442	1.2078780048506934	2.3207923910927923	2.3688387394058816	0.5872021754882482	0.1353435394927259	31.583334786241107	0.028728744916713112
5.781005075968698	0.01	0.007	0.007	0.007	0.01	0.014417152802023442	0.01696925573367041	0.002790374410752493	0.001652571768368743	0.006613735028482604	1.2123594488168123	2.3213446904669826	2.368409769721277	0.5859188094280069	0.13655376608429873	31.05238741919355	0.02864542352427835
5.86734877912252	0.01	0.007	0.007	0.007	0.01	0.014163325390208982	0.016670504554515114	0.0027243958276425215	0.0016130676102773496	0.006504086275888561	1.2168122665556182	2.3215426513014044	2.3678476535222943	0.5845662185281252	0.13775521134996105	30.514696076422155	0.028559831806014256
5.956767894576587	0.01	0.007	0.007	0.007	0.01	0.013905177410248501	0.016366667977738898	0.0026583207962772703	0.0015735314258707156	0.006390384882819001	1.2212539883590232	2.3213661350122177	2.3671430757627068	0.5831348340655299	0.1389520683897276	29.96766487701713	0.028471461021962494
6.0501318521790415	0.01	0.007	0.007	0.007	0.01	0.013640672146362368	0.016055348821999906	0.0025916581421880666	0.001533669513846326	0.006271675626188065	1.2257140249233196	2.32078430735135	2.3662809598360957	0.5816090403906163	0.14015165178266573	29.40696291421092	0.02837948343165258
6.149106471612032	0.01	0.007	0.007	0.007	0.01	0.013365776106686192	0.015731799754127283	0.0025234552709226285	0.0014929132755891496	0.006146022651109241	1.2302513780366304	2.3197428985505213	2.3652331288760555	0.5799588635478217	0.14136906736526098	28.8240169979359	0.028282302927742677
6.258082505893511	0.01	0.007	0.007	0.007	0.01	0.013069519869322595	0.015383110124371812	0.0024511414963960614	0.0014497296456374188	0.006008110799622868	1.2350293237355034	2.3181138002968953	2.3639285811514896	0.5781056291137333	0.1426469471956356	28.195521827260983	0.028175687177752446
6.381159811308744	0.01	0.007	0.007	0.007	0.01	0.012742835166712756	0.014998607212788811	0.0023727775086174203	0.0014029665340155014	0.005853183242873083	1.240162979845413	2.3156963624462974	2.3622762537990716	0.5759702129341723	0.14401413289721912	27.502163831833542	0.028055758777119664
6.479807103079839	0.01	0.007	0.007	0.007	0.01	0.012486913688721402	0.014697388362850563	0.0023123604507723	0.001366936765358588	0.005729789596306554	1.244085422954862	2.313338793457276	2.360822811398834	0.5742286279949117	0.1450538147397358	26.958762607317144	0.02796000399604907
6.577277573160119	0.01	0.007	0.007	0.007	0.01	0.012239105323252794	0.0144057198060321	0.002254645300495494	0.0013325372130404012	0.005608714695848491	1.247800228338577	2.310660314879367	2.359280195770147	0.5724834814559627	0.14603379597873442	26.43239019241794	0.027865712522401304
6.6728572332218725	0.01	0.007	0.007	0.007	0.01	0.012000891264059699	0.014125343712160529	0.0021998719874663166	0.0012999080040669569	0.0054909126225109964	1.251293754982764	2.307712101834141	2.3576699265212953	0.5707502788409295	0.14695063716594625	25.926210385915727	0.027773558989539805
6.766448577155902	0.01	0.007	0.007	0.007	0.01	0.01177213623669093	0.013856100702480017	0.0021479070062993496	0.001268966852690405	0.0053765414131981245	1.2545769075055897	2.3045303316159274	2.3560041918201993	0.5690335171495607	0.14780747601695207	25.439954705838392	0.027683617820223827
6.858409283795642	0.01	0.007	0.007	0.007	0.01	0.011551623966900555	0.013596559227084398	0.002098385254544513	0.0012394939940634584	0.005265188681699227	1.2576751266015322	2.30113231668704	2.354285913498816	0.5673290212089703	0.14861125126186264	24.97105495247023	0.027595527392083662
6.948959331766946	0.01	0.007	0.007	0.007	0.01	0.011338539799257584	0.013345760445985464	0.0020510494170049476	0.0012113343033659783	0.005156607200517835	1.2606066703786731	2.2975347616294854	2.352518761721183	0.5656347155682854	0.14936698641255902	24.517793565133754	0.02750906214839349
7.038298237315479	0.01	0.007	0.007	0.007	0.01	0.011132166784733432	0.013102860522619405	0.0020056766718270515	0.0011843535357005184	0.005050572172409482	1.2633873439880767	2.2937511595096827	2.350705512193097	0.563948584193088	0.15007903520936694	24.07865841298691	0.027424018925782872
7.126588346377418	0.01	0.007	0.007	0.007	0.01	0.010931915346191538	0.012867165535852687	0.0019620825947431397	0.001158440571013497	0.004946902037022612	1.266030315361524	2.2897932629538933	2.3488486346839053	0.5622690497689137	0.1507510402527013	23.652406378676517	0.02734023236989377
7.213969060265722	0.01	0.007	0.007	0.007	0.01	0.010737281439894933	0.012638082236340952	0.0019201097313140507	0.0011335005550871017	0.004845441689068379	1.2685468753277573	2.2856711914603602	2.3469502317482194	0.5605947614963218	0.15138613510895144	23.23797476522182	0.02725756087022281
7.300558562747594	0.01	0.007	0.007	0.007	0.01	0.010547836093865117	0.012415105733080658	0.0018796236694132637	0.0011094525176762668	0.004746060537268514	1.2709467213701442	2.2813938734707673	2.345012168936565	0.5589246035202335	0.1519870222964509	22.83445934939714	0.027175884540755514
7.386458303622484	0.01	0.007	0.007	0.007	0.01	0.010363210050559507	0.012197801418024151	0.0018405084222902015	0.0010862265918565402	0.004648647235202279	1.2732382740895654	2.2769692522883616	2.343036110538555	0.5572576416821098	0.15255605850417922	22.44108194510081	0.027095100660749962
7.471755478300871	0.01	0.007	0.007	0.007	0.01	0.010183084076619877	0.011985793560768412	0.0018026633348034913	0.0010637621471255606	0.004553106732367206	1.275428893548716	2.272404491761381	2.3410235685364746	0.5555931011795147	0.15309531336871168	22.057169973843404	0.027015121081839198
7.556525435802964	0.01	0.007	0.007	0.007	0.01	0.010007180309057097	0.011778755123136518	0.0017660004330831466	0.0010420061923275144	0.004459357404306354	1.2775250625818495	2.267706116063188	2.338975930957756	0.5539303401169704	0.15360661905136513	21.682138198471538	0.026935869753921877
7.640833555826282	0.01	0.007	0.007	0.007	0.01	0.009835255460758766	0.011576399762159538	0.001730442341165022	0.0010209121202303655	0.0043673288036646185	1.2795325310891181	2.262880121555675	2.336894484873153	0.5522688290718764	0.15409160928772983	21.315474382489132	0.026857280793025566
7.724736795267812	0.01	0.007	0.007	0.007	0.01	0.009667095285711054	0.011378475315727348	0.001695920595514928	0.001000438692132046	0.004276959803730153	1.2814564325653435	2.2579320635766447	2.3347804336355003	0.5506081338197117	0.15455175089444112	20.956727605949375	0.02677929689272493
7.80828502804134	0.01	0.007	0.007	0.007	0.01	0.009502509930111352	0.011184758330920388	0.0016623742490409642	0.000980549197270846	0.0041881969990314	1.2833013800766537	2.252867120589177	2.3326349083429383	0.5489478995279402	0.15498836964333568	20.60549844708703	0.026701867956579937
7.891522523187198	0.01	0.007	0.007	0.007	0.01	0.009341329418013881	0.010995048750676766	0.001629748589512132	0.0009612106825729771	0.004100993004784841	1.2850715520398523	2.2476901210421962	2.3304589666840507	0.5472878300849496	0.1554026730656893	20.261429430498826	0.026624949628108956
7.974487983611191	0.01	0.007	0.007	0.007	0.01	0.009183402248023352	0.010809168262139263	0.0015979945560989726	0.0009423935981780248	0.004015306302685137	1.2867707369317347	2.2424056370026957	2.3282536222800863	0.5456276944816518	0.15579576309584017	19.92420209998983	0.026548503171488512
8.057215735685944	0.01	0.007	0.007	0.007	0.01	0.009028591943557795	0.010626956236368041	0.0015670677896864513	0.0009240712273065316	0.003931099881034824	1.2884023959925206	2.2370179916556627	2.326019839314748	0.5439673090889058	0.1561686526184061	19.59352971277991	0.026472494299127746
8.1397363726079	0.01	0.007	0.007	0.007	0.01	0.008876774896396978	0.010448267190229904	0.0015369279904255567	0.0009062192995325145	0.003848340485512504	1.2899697069699598	2.231531285003385	2.3237585365318276	0.5423065297237505	0.15652227717905903	19.269152682912225	0.026396892519531756
8.22207725717724	0.01	0.007	0.007	0.007	0.01	0.008727838637392822	0.010272968751053204	0.0015075383951845779	0.0008888156760914085	0.0037669980344466896	1.2914755998313765	2.2259494173101695	2.3214705914527802	0.5406452457124675	0.15685750455571992	18.95083492859774	0.026321670624855582
8.304262971011763	0.01	0.007	0.007	0.007	0.01	0.008581680338861189	0.0101009398939682	0.0014788653290432434	0.0008718400798589876	0.0036870451056057606	1.2929227872065674	2.220276106897648	2.319156843173907	0.5389833743675586	0.15717514288360454	18.638360707641723	0.026246804236113586
8.386315713652806	0.01	0.007	0.007	0.007	0.01	0.008438205522078256	0.009932069420651382	0.0014508778205921937	0.0008552738637911028	0.003608456490071085	1.2943137903237654	2.2145149036110965	2.3168180941359173	0.5373208559278942	0.15747594754752478	18.331531885304642	0.026172271401689887
8.468255583870478	0.01	0.007	0.007	0.007	0.01	0.008297327067155944	0.009766254793966788	0.0014235472956663213	0.0008390998263564713	0.0035312088747685203	1.2956509599583266	2.2086692041515867	2.3144551132440694	0.5356576504359318	0.15776062678583208	18.030165843756397	0.026098052309273822
8.550100881119649	0.01	0.007	0.007	0.007	0.01	0.008158964263892872	0.009603401020833228	0.0013968472948711992	0.0008233020415150681	0.003455280517299629	1.2969364953356004	2.202742260861322	2.31206863680127	0.5339937338419648	0.15802984668672349	17.73409347512499	0.026024128984523096
8.63186832016374	0.01	0.007	0.007	0.007	0.01	0.008023042079082882	0.009443419789859624	0.0013707532465294227	0.0008078657218858285	0.0033806510141811802	1.2981724595550195	2.196737192308029	2.3096593705643786	0.5323290955645159	0.1582842352939026	17.44315763406212	0.025950485072915776
8.713573236079808	0.01	0.007	0.007	0.007	0.01	0.007889490493817083	0.009286228691360986	0.00134524226424403	0.0007927770968062488	0.0033073010865685903	1.299360793197127	2.190656991001688	2.307227990957552	0.5306637359946806	0.1585243862065637	17.157211737204833	0.025877105633892252
8.795229748072085	0.01	0.007	0.007	0.007	0.01	0.007758243955930606	0.009131750572898337	0.0013202929760446633	0.0007780233093538725	0.0032352124115296666	1.3005033258792225	2.1845045310965316	2.3047751465401687	0.5289976646268939	0.1587508616450145	16.87611860660276	0.025803976975275575
8.876850904487446	0.01	0.007	0.007	0.007	0.01	0.007629240901849992	0.008979912976501725	0.0012958853747966964	0.0007635923261802222	0.0031643674765345635	1.3016017863491318	2.1782825749608006	2.302301459233317	0.5273308983950984	0.15896419512422616	16.59974945964129	0.025731086507206385
8.95844879877982	0.01	0.007	0.007	0.007	0.01	0.007502423357837627	0.008830647669342785	0.0012720006905405385	0.000749472860515539	0.003094749464857163	1.3026578111675804	2.1719937797963853	2.299807525740638	0.5256634604511622	0.15916489376274137	16.32798306721971	0.02565842262432748
9.040034694681014	0.01	0.007	0.007	0.007	0.01	0.007377736555414205	0.008683890191093672	0.0012486212714302705	0.0007356543004330364	0.003026342137937508	1.3036729526421122	2.1656407017102195	2.2972939181035565	0.5239953786267432	0.1593534403694149	16.060704940732236	0.025585974581740608
9.121619090675804	0.01	0.007	0.007	0.007	0.01	0.0072551286651438614	0.008539579540598245	0.0012257304920451006	0.0007221266534455822	0.0029591297733389563	1.3046486852401342	2.1592258029030824	2.2947611856144516	0.5223266850257345	0.15953029517403303	15.797806771360698	0.025513732426673735
9.203211832104325	0.01	0.007	0.007	0.007	0.01	0.007134550477914249	0.00839765780074403	0.001203312656242633	0.0007088804880070053	0.002893097065884368	1.305586411970083	2.1527514538222814	2.292209854838298	0.5206574145488395	0.15969589749297425	15.539185755673264	0.0254416868892539
9.284822168445753	0.01	0.007	0.007	0.007	0.01	0.007015955188521537	0.008258069883746538	0.0011813529230523063	0.000695906888745943	0.0028282290778665715	1.3064874695221178	2.1462199384078318	2.2896404309470486	0.5189876044573486	0.1598506671117945	15.284744139500694	0.02536982932327225
9.366458815375344	0.01	0.007	0.007	0.007	0.01	0.006899298186612325	0.008120763285092238	0.0011598372372453496	0.000683197414562119	0.0027645111871718304	1.3073531330108081	2.1396334579910024	2.2870533985932693	0.5173172937689678	0.15999500555155427	15.034388776749887	0.025298151643715804
9.448130016329484	0.01	0.007	0.007	0.007	0.01	0.006784536862347753	0.007985687854809064	0.0011387522656093304	0.0006707440601816158	0.0027019290381191997	1.308184620290634	2.132994134346878	2.284449222514316	0.5156465226021368	0.16012929721674732	14.788030719008614	0.025226646265737708
9.529843571216082	0.01	0.007	0.007	0.007	0.01	0.006671630470299855	0.007852795637276071	0.001118085346550895	0.0006585392256627557	0.002640468519340676	1.30898309557141	2.1263040146491363	2.2818283489360693	0.5139753321385968	0.16025391038770662	14.5455849294559	0.025155306073257947
9.611606902686471	0.01	0.007	0.007	0.007	0.01	0.00656053995074888	0.007722040660893441	0.0010978244341772515	0.0006465756827099663	0.0025801157142922785	1.3097496731022036	2.1195650727070476	2.2791912055640884	0.5123037637701356	0.16036919818794035	14.30696990472576	0.025084124355398585
9.693427073444084	0.01	0.007	0.007	0.007	0.01	0.0064512278285152255	0.00759337881901075	0.0010779580586587148	0.0006348465506645773	0.0025208568902660385	1.3104854200838885	2.112779213602806	2.276538202947976	0.5106318592050341	0.16047549939570868	14.07210746269555	0.02501309478640036
9.775310824996609	0.01	0.007	0.007	0.007	0.01	0.006343658089355227	0.007466767724447503	0.0010584752842811057	0.0006233452711852743	0.002462678471866719	1.3111913595586655	2.1059482760723958	2.2738697349953294	0.508959660098588	0.1605731392244376	13.840922481653408	0.02494221138730596
9.857264610846462	0.01	0.007	0.007	0.007	0.01	0.006237796071512045	0.007342166581850906	0.00103936567191963	0.0006120655855885831	0.0024055670197884833	1.3118684730197925	2.09907403487099	2.2711861795108232	0.5072872077645026	0.1606624300325594	13.613342671575877	0.024871468493050896
9.939294640457668	0.01	0.007	0.007	0.007	0.01	0.006133608350601037	0.007219536052207985	0.0010206192418199976	0.00060100151241555	0.002349509203451586	1.3125177029000152	2.092158201804349	2.2684878982417853	0.5056145426376613	0.16074367198719763	13.389298330654682	0.02480086071081697
10.0	0.01	0.007	0.007	0.007	0.01	0.0060576298712792225	0.0071301081400395065	0.0010069860978040182	0.000592956044058126	0.002308723768341956	1.3129803443422121	2.0870188775583234	2.2664835300172905	0.5043776644203076	0.16079873632245734	13.225874381770538	0.024748737341529176
