0.0	0.01	0.007	0.007	0.007	0.01	0.0	0.0	0.0	0.0	0.0	0.0	0.0	0.0	0.0	0.0	100.0	0.035
0.006366484266551645	0.01	0.007	0.007	0.007	0.01	0.0026288082861351376	0.005533305489146769	0.00441578232683345	0.0014285952586334746	0.0004391652757427834	0.00014036909022444721	0.00045610669391224685	0.00046096619134004406	8.901037935457685e-5	1.588151283948436e-5	99.87057820162708	0.034992278258331205
0.010785652752213548	0.01	0.007	0.007	0.007	0.01	0.004363164662756653	0.008974034109609966	0.007372752385358025	0.0023954295234389212	0.0006877081803948865	0.0003971405095740403	0.0012705252433374032	0.001309335721784553	0.00025354468750286076	4.322382792526855e-5	99.78084113178967	0.03498691936654489
0.017246394846081935	0.01	0.007	0.007	0.007	0.01	0.006772336233917114	0.013478651902856612	0.011541907556334803	0.003773230354880829	0.000984103134109071	0.000994547403728745	0.0031121015589033354	0.003297556791819596	0.0006411772937915403	0.00010252382473628505	99.64979229726956	0.03497908624341623
0.02349455355931488	0.01	0.007	0.007	0.007	0.01	0.008966711435637806	0.01730542996327254	0.015406007516898653	0.005066294412547179	0.001209554620073444	0.001809333289400296	0.005545572866844215	0.0060314190072570375	0.0011773568823300173	0.00017743922540694172	99.52321919163201	0.034971512528439795
0.030803315672757604	0.01	0.007	0.007	0.007	0.01	0.011374522662585894	0.02120378635050819	0.019724745997010122	0.006530937846818488	0.0014137381974441414	0.0030392546397601528	0.009099643704122822	0.010193915152316529	0.001998920995220542	0.0002820378460929148	99.37536474514509	0.034962655282471104
0.03841478150134743	0.01	0.007	0.007	0.007	0.01	0.013711201511807722	0.024688556338007747	0.024000957783630306	0.00800273210516491	0.001573901200286862	0.00461589236712762	0.013499563825708624	0.01557923320060599	0.0030691553146553413	0.0004057794049996603	99.22162016389585	0.034953433584483815
0.046719907772106016	0.01	0.007	0.007	0.007	0.01	0.01607560994310915	0.0279178916566293	0.028420268884463844	0.009548033125997104	0.0017028857895168758	0.006654881999061719	0.018990287465298978	0.022610740235865918	0.00447668062182167	0.0005535428162854418	99.05413563248538	0.03494337425464337
0.055473332452601075	0.01	0.007	0.007	0.007	0.01	0.018373646302634248	0.030772734325367923	0.03281195209272162	0.011110108892930903	0.0018007688297496207	0.00913540206917502	0.02543079259383642	0.031249960092181686	0.006219265390628581	0.0007196801714096156	98.87791653856318	0.0349327750706846
0.0647940730683571	0.01	0.007	0.007	0.007	0.01	0.02061873815926099	0.033293618266633	0.03720185578683948	0.012700296062235895	0.001874052239596776	0.012118929565463777	0.0328981980940713	0.04174632789348204	0.008353347636481743	0.0009048058781822198	98.69062117373842	0.034921492480036044
0.07460933921123925	0.01	0.007	0.007	0.007	0.01	0.02277629402306296	0.03546812392730794	0.041520554688616144	0.014295565656434648	0.0019268288044656144	0.015608002428504578	0.04131612937488625	0.054146950605723485	0.01089553443471481	0.0011059709464721634	98.49377207705973	0.03490961521420654
0.0849630567382493	0.01	0.007	0.007	0.007	0.01	0.024842299933596	0.03732371077225581	0.04575465315451266	0.015892657770566674	0.001963706791799936	0.019637690549579496	0.050690989412956765	0.06861553236275632	0.013887160020451544	0.0013226615577166686	98.28654964333741	0.03489709075673503
0.09584519576726128	0.01	0.007	0.007	0.007	0.01	0.026802533813972327	0.0388800499934076	0.049867027135752647	0.017479123629135347	0.0019883444053542696	0.024220445206940718	0.06097725031812524	0.08523654398054475	0.017354355925372055	0.0015534477192392523	98.06922112750256	0.03488393193314489
0.10728596170237352	0.01	0.007	0.007	0.007	0.01	0.02865220881312518	0.04016642724445076	0.05383664932804956	0.01904817377696649	0.002003883303447557	0.029381318240153043	0.07216225540968665	0.10413981772104354	0.021333729416118177	0.001797930915761861	97.8412543736073	0.034870102961096376
0.11930390544865122	0.01	0.007	0.007	0.007	0.01	0.030385354990991133	0.041210800741634766	0.05763703170234652	0.020590557157930296	0.002012804050517288	0.03513817538397683	0.08422116087678443	0.1254281105598737	0.02585740775309163	0.0020556478218034502	97.60235754603733	0.034855582232070866
0.1319348146162576	0.01	0.007	0.007	0.007	0.01	0.03199942538231819	0.042042259009453076	0.061246172619322164	0.02209846122183168	0.002017067866611391	0.04151477163657723	0.09714602579374881	0.14922341851816512	0.03096283212567794	0.0023266618082773824	97.35190464908814	0.0348403274023089
0.14521616809761928	0.01	0.007	0.007	0.007	0.01	0.03349244320490852	0.04268828266665265	0.06464062603101413	0.023563179577029983	0.0020181957979050354	0.048534199712829594	0.11093157039718317	0.17564143032508256	0.0366874862809135	0.0026112062424925747	97.08924751022509	0.03482429420710512
0.15919635469715604	0.01	0.007	0.007	0.007	0.01	0.03486393843936955	0.0431747831130807	0.06779773970377692	0.02497603587886436	0.002017377487510752	0.056223803923301625	0.12558499767464987	0.20480798657771493	0.04307255612390115	0.002909859157999825	96.81353550944429	0.034807425354262345
0.1739302855485589	0.01	0.007	0.007	0.007	0.01	0.036114102588592455	0.04352537131180131	0.07069392657783542	0.026327645251478224	0.002015563907507684	0.06461324842607169	0.1411216437695185	0.23684969119814717	0.05016107907758589	0.003223431669426316	96.52380582307212	0.03478965585809896
0.18948259651778512	0.01	0.007	0.007	0.007	0.01	0.03724389090852797	0.04376125528117625	0.07330506512213894	0.027608051963090654	0.00201354743256127	0.07373639565038681	0.15756813179904589	0.2718983148119559	0.057999086201163765	0.00355302614232464	96.21892400413837	0.03477090921583618
0.2059263296762437	0.01	0.007	0.007	0.007	0.01	0.03825471918387894	0.04390110841595909	0.07560600678889683	0.028806434740034605	0.0020120240737196526	0.08363058310137897	0.1749605501358249	0.3100846995288089	0.06663444363282156	0.0039000059076703822	95.89761439008771	0.03475109904651479
0.223343236115931	0.01	0.007	0.007	0.007	0.01	0.03914840425453058	0.043961116848836655	0.07757073264761288	0.0299110542990488	0.00201163661624505	0.09433660803035365	0.19334412318552155	0.3515345442152757	0.07611605737172697	0.0042660080797485645	95.55845904625592	0.034730128779526304
0.24182099528589424	0.01	0.007	0.007	0.007	0.01	0.039927029630210116	0.04395508933996661	0.0791725270337727	0.030909122067631	0.002012998715132061	0.10589664691136229	0.2127694983066373	0.3963553527157604	0.08649096955716226	0.004652899489870235	95.19995715502522	0.03470789506066085
0.26144785648948043	0.01	0.007	0.007	0.007	0.01	0.04059290933271361	0.043894656935287754	0.0803847461245442	0.0317868274393037	0.0020166996485005678	0.11835027360878046	0.2332863370241039	0.4446152487491754	0.09779932064162428	0.005062686045417781	94.8206335318672	0.034684294251461266
0.28230173379961804	0.01	0.007	0.007	0.007	0.01	0.04114863370819164	0.043789551083662656	0.0811824300936618	0.03252959528731286	0.0020232893144709043	0.1317266975718203	0.25493138182415387	0.496307057840246	0.11006538926411293	0.005497310837165526	94.41925162611693	0.0346592355703259
0.30443480846139104	0.01	0.007	0.007	0.007	0.01	0.04159733388790216	0.04364794505657491	0.08154534408684491	0.03312289833483486	0.0020332441573923067	0.14603398388255237	0.27771255702019076	0.5513023111899361	0.12328544283681465	0.005958357058394027	93.99510700506507	0.034632659568989727
0.3278614516566775	0.01	0.007	0.007	0.007	0.01	0.04194322552591468	0.04347676648737914	0.08146237388772509	0.03355386757861175	0.0020469232864891566	0.161250689824243	0.3015975444419531	0.609318811800904	0.1374178590817526	0.006446807533338229	93.5482486571687	0.03460455253097006
0.3525632947874385	0.01	0.007	0.007	0.007	0.01	0.0421922086305163	0.04328183016212057	0.0809355461814534	0.03381335970636148	0.0020645399527559386	0.17732944445692342	0.326520659716571	0.6699399398287711	0.15238522038661614	0.006963138769046528	93.07936693337653	0.034574940228556714
0.3785142732036975	0.01	0.007	0.007	0.007	0.01	0.042351991212267966	0.04306776069356076	0.07998095739720955	0.03389734601688612	0.0020861752033943916	0.1942144475230391	0.3524095112581198	0.7326906771388106	0.16809085314723585	0.007507812856950602	92.58930574074395	0.034543857770669095
0.4057071342599904	0.01	0.007	0.007	0.007	0.01	0.04243148992131273	0.04283790788290517	0.07862608356937292	0.03380681502569249	0.002111830436080671	0.21186017384218506	0.37921144408499274	0.7971166816506413	0.18443758204880567	0.00808180205520147	92.07856079212891	0.03451131784359702
0.4341672526007046	0.01	0.007	0.007	0.007	0.01	0.042439913213668995	0.042594416599681086	0.07690564817590019	0.033546654258479656	0.0021414924847417745	0.23024124839605492	0.4069056594405367	0.8628256452233075	0.2013383558040284	0.008686869078226587	91.54703095437357	0.034477294299969694
0.46395651239401714	0.01	0.007	0.007	0.007	0.01	0.04238599393921363	0.04233841147057696	0.0748579699911458	0.033124352655227764	0.002175192656246302	0.2493550075497386	0.43550460958027015	0.9294970980340327	0.21871949996172713	0.00932566694860073	90.99396395161797	0.034441717720837595
0.4951745657173777	0.01	0.007	0.007	0.007	0.01	0.042277510594254525	0.0420701941095891	0.07252230056992626	0.03254892256108205	0.002213055537346122	0.26922159385667377	0.4650524183121172	0.9968797899447478	0.23652090356981884	0.010001811985905815	90.41795513866359	0.034404474162449426
0.5279616540456425	0.01	0.007	0.007	0.007	0.01	0.04212103709665823	0.04178939280811778	0.06993697860458001	0.03183008293573718	0.002255340213674886	0.28988441215036287	0.49562444522676097	1.0647873782653337	0.25469569640638107	0.010720019932007548	89.8169211591357	0.03436540208379991
0.5625048500680545	0.01	0.007	0.007	0.007	0.01	0.041921825821480914	0.041495044550873675	0.06713812983522605	0.030977634904468202	0.002302479101310761	0.3114121271820523	0.5273294879942054	1.1330962034373606	0.2732103734734286	0.011486351300090323	89.18801667216142	0.03432428526797486
0.5990481992962822	0.01	0.007	0.007	0.007	0.01	0.04168375298442574	0.0411856121681337	0.06415876968745117	0.03000097709060172	0.0023551200065347966	0.33390234940687447	0.5603145977654583	1.2017447311679255	0.2920452608327459	0.012308589263778839	88.52748959797458	0.03428084121552848
0.6379032092809523	0.01	0.007	0.007	0.007	0.01	0.04140931159347504	0.04085897712492352	0.06102857897345249	0.028908858847569746	0.0024141715341667934	0.3574845887115448	0.5947687843330711	1.270726576304354	0.31119305176191847	0.013196689102870978	87.8305438650609	0.03423470929018628
0.6794363534204079	0.01	0.007	0.007	0.007	0.01	0.041099816440309064	0.040512611112875095	0.057776128438032266	0.02771009680108108	0.002480816985554075	0.3823084884399896	0.6309052006990948	1.340040005725017	0.33064473922840326	0.01416277216612177	87.09162622493002	0.03418546630321103
0.7239254345883507	0.01	0.007	0.007	0.007	0.01	0.04075668670204203	0.04014481251479965	0.054440727333067665	0.026418386285988752	0.0025562949179943027	0.4084558213241755	0.6688331355075718	1.4094498958099126	0.3503210198959164	0.015218021618184594	86.30701392588153	0.03413279723449786
0.7710527883655676	0.01	0.007	0.007	0.007	0.01	0.04038569905898044	0.039758829602786906	0.05110499233487122	0.025066955432683304	0.00264091837718355	0.43565388776012454	0.7081459258619852	1.4778406943645042	0.3698826265568247	0.016360284133664093	85.48358131043769	0.034077093311680726
0.8197191410609114	0.01	0.007	0.007	0.007	0.01	0.039998669491970826	0.039364133624837	0.047890209943430385	0.023710367038559863	0.0027333695075092653	0.4632041683019615	0.7478271905898549	1.5433081198008767	0.3887480087883992	0.017567801099729618	84.64150285234146	0.034019665719347454
0.8692439527890264	0.01	0.007	0.007	0.007	0.01	0.03960362906794332	0.038966500064424134	0.044862938933560526	0.022385666694778417	0.002832689899477329	0.4906878103949379	0.7872726343048708	1.6049738180000044	0.406619443121623	0.01882740786895735	83.79308579300894	0.033961324475728076
0.919357601014875	0.01	0.007	0.007	0.007	0.01	0.03920461112022706	0.03856823174788044	0.042045354400306385	0.021112454654503607	0.002938441414061892	0.5179391552366526	0.8262457284006365	1.6627136024409215	0.4234184715771979	0.020135214811098333	82.94323745056909	0.033902391412363564
0.9699118641502429	0.01	0.007	0.007	0.007	0.01	0.03880406809274793	0.03817059148296393	0.03944178985182557	0.019902159019363104	0.003050255177419989	0.5448698867544363	0.8646218018188623	1.716633014866005	0.4391396307330754	0.021489901376444034	82.09465007724104	0.03384304380969545
1.0208402047628007	0.01	0.007	0.007	0.007	0.01	0.03840336689830919	0.03777415980478601	0.03704582704703792	0.018760373218135295	0.0031678025354588404	0.5714413435006067	0.9023473735701494	1.7669567284138719	0.45381935552562275	0.022891919417367398	81.24856178667679	0.033783362109071215
1.0721221185005851	0.01	0.007	0.007	0.007	0.01	0.03800322073347385	0.03737914186307452	0.03484549812946553	0.01768890215979654	0.0032907552178328995	0.5976416801608598	0.9394070091795308	1.813953990663905	0.4675138638251145	0.02434269828357187	80.40541028505031	0.03372337241050428
1.1237891713460635	0.01	0.007	0.007	0.007	0.01	0.03760375332489077	0.03698534054219991	0.03282535725447484	0.01668663834219438	0.003418830195969468	0.6234861568535134	0.9758232719287224	1.8579223796076656	0.48029343436113037	0.02584495082859876	79.56477485283274	0.03366303990264445
1.1759191379139582	0.01	0.007	0.007	0.007	0.01	0.03720462770017582	0.036592221505666496	0.030968479838047028	0.015750555112869907	0.003551802602316501	0.6490114329569663	1.011648140382806	1.8991663239367798	0.4922349518851731	0.027402670873686478	78.72551470285022	0.03360227623415951
1.2286420277983807	0.01	0.007	0.007	0.007	0.01	0.03680506171701749	0.03619888703536748	0.029257456742529487	0.014876300488206467	0.003689541009144127	0.6742759988683993	1.0469630723786232	1.937990924182954	0.5034188959032145	0.02902148878876046	77.88571273164925	0.033540933002537375
1.2821476007327524	0.01	0.007	0.007	0.007	0.01	0.03640382083369096	0.03580404191684744	0.02767505246026542	0.014058663818166605	0.0038320405004653524	0.6993610176046009	1.0818795273461608	1.974698336257329	0.513927141000479	0.03070911410121168	77.04260226450191	0.033478793608191816
1.3367070459568293	0.01	0.007	0.007	0.007	0.01	0.03599910072636662	0.03540586058001563	0.026204297291099223	0.013291766431033797	0.003979485837614169	0.724377179479653	1.1165476691374225	2.0095935531212996	0.5238435308703292	0.03247628479641627	76.19228286576988	0.03341554882982289
1.3927149310353644	0.01	0.007	0.007	0.007	0.01	0.03558826749084458	0.03500172050543692	0.02482815160784247	0.012569023174593685	0.004132360745713711	0.7494791927809634	1.15117518521473	2.0429986011023664	0.5332568109073828	0.034338509134496965	75.32915031066284	0.0333507493075211
1.45077197702177	0.01	0.007	0.007	0.007	0.01	0.03516732322997409	0.03458766961692563	0.02352858998995784	0.011882784949282651	0.004291653978838013	0.7748952034214883	1.1860657541647674	2.075281068339696	0.5422673464804711	0.03631943098088987	74.44475791144713	0.03328371160124176
1.5117772878077824	0.01	0.007	0.007	0.007	0.01	0.034730351047400146	0.034157876041952195	0.02228620149216418	0.011224242863550555	0.004459059902933996	0.8009545391245537	1.2216535588339965	2.10687164737002	0.5509902293238188	0.0384549609026491	73.526639287307	0.03321341475690349
1.5759509829614862	0.01	0.007	0.007	0.007	0.01	0.034276536761646624	0.03371153139180083	0.021099280216774072	0.010593697969753617	0.0046342088019547195	0.8276689397257331	1.2579310969820028	2.1377693172038104	0.5594188720139968	0.04075901504864721	72.57305488559389	0.03313962719247309
1.6384110853262115	0.01	0.007	0.007	0.007	0.01	0.03384053560671804	0.03328271455860275	0.020047999401332946	0.010034806751616082	0.004802820318549601	0.8529997079289992	1.2921286103754959	2.1657608368524794	0.5669557936548905	0.043055713557827065	71.65681118542498	0.033067967357911544
1.6986031981088887	0.01	0.007	0.007	0.007	0.01	0.033425617618090334	0.032874637593114146	0.019120494453013594	0.009541973696721037	0.004962774898823315	0.8768007405795544	1.3240737196515842	2.190970379537446	0.573653929448927	0.04531685862101727	70.78478416315555	0.032999056185116
1.7570652350728528	0.01	0.007	0.007	0.007	0.01	0.033027500606838685	0.03248308677059157	0.01829106662832715	0.009101882816054748	0.005115083089245744	0.899358507604062	1.3541746994640174	2.213938610936897	0.5796749141039883	0.047555226836872445	69.9479816041364	0.03293226317270683
1.8138875560037626	0.01	0.007	0.007	0.007	0.01	0.0326450995334129	0.03210699384232031	0.017545163509278542	0.008706933152026164	0.005259687837523566	0.9207679935080718	1.3825781389810912	2.2349459137374876	0.5851072844298932	0.049767979927103995	69.14413054653338	0.03286747310243066
1.8693233425714806	0.01	0.007	0.007	0.007	0.01	0.03227630193669224	0.03174428060521973	0.016868896939161677	0.008349765618161725	0.005397046134851174	0.9411764981035766	1.4094969673481346	2.2542852469525942	0.5900398184438558	0.051959410172968734	68.36879785789857	0.03280438683007765
1.9235095687141268	0.01	0.007	0.007	0.007	0.01	0.03191984936522736	0.031393709050455985	0.016252210342528738	0.008024996107772063	0.005527381663923235	0.9606784144893725	1.435070852927449	2.272165761636553	0.5945369987461838	0.05413007596674579	67.61934468609114	0.03274283959227879
1.9766220165531796	0.01	0.007	0.007	0.007	0.01	0.03157428608383658	0.03105384728510324	0.015686334143787395	0.007727898973115704	0.005651056100919979	0.9793748113464689	1.4594456557652122	2.2887783008234472	0.5986564560321634	0.05628273414787372	66.8927164459665	0.03268262406775124
2.028793254756969	0.01	0.007	0.007	0.007	0.01	0.03123849387337878	0.030723595442160342	0.015164369323392702	0.0074547310249686765	0.005768353516931809	0.9973446502289138	1.4827359522948453	2.304273913302471	0.6024439633630275	0.05841897921038848	66.18656724077773	0.03262358344094994
2.080157142625023	0.01	0.007	0.007	0.007	0.01	0.030911391639860907	0.0304018902104926	0.014680479060113999	0.007202313885970383	0.00587957668183838	1.0146618139699235	1.505047724763475	2.318783710948615	0.6059388025008577	0.0605409329342298	65.4986283789938	0.03256556066224732
2.1308251853124083	0.01	0.007	0.007	0.007	0.01	0.03059208133951303	0.03008784833308545	0.014229899859565059	0.006968042912310813	0.005984986423575765	1.0313877821626907	1.5264691712008196	2.3324157788013498	0.6091733231267549	0.0626501989988125	64.8270153480651	0.03250842504894826
2.1809009131217767	0.01	0.007	0.007	0.007	0.01	0.030279749173248292	0.02978066942123804	0.01380861677068533	0.00674971784443872	0.0060848298367586345	1.0475773718725976	1.5470784350644142	2.345262725302215	0.6121750501766784	0.06474838089650332	64.17002014793927	0.032452055850136274
2.2304736265088536	0.01	0.007	0.007	0.007	0.01	0.029973699688768896	0.029479669488117324	0.013413279986454196	0.006545498489244568	0.006179324863878342	1.0632773330813485	1.566942058245147	2.3574025730971875	0.6149671194846152	0.06683676293936	63.52618312360523	0.03239634916034155
2.2796237789570584	0.01	0.007	0.007	0.007	0.01	0.02967331716449428	0.0291842429665112	0.013041047661256418	0.006353821577216387	0.006268670414940991	1.07852869850295	1.5861182083519763	2.3689022810636726	0.6175692937119173	0.06891648508702719	62.89421183756167	0.032341211724378836
2.3284218733594866	0.01	0.007	0.007	0.007	0.01	0.0293780684087288	0.028893865459910642	0.012689509178221038	0.0061733593123043705	0.006353043984547885	1.0933669178710508	1.6046570396064892	2.379819129436434	0.6199984364726003	0.07098845610902985	62.27298704169734	0.03228656206929699
2.3769308874065227	0.01	0.007	0.007	0.007	0.01	0.029087484393300934	0.028608075678086774	0.01235659856966386	0.00600297294772131	0.00643260642978972	1.1078230310273052	1.6226023366096576	2.390202637714139	0.6222690775469842	0.07305342287665285	61.66152411066177	0.032232327686707356
2.42520658582298	0.01	0.007	0.007	0.007	0.01	0.028801155452297868	0.028326470714409347	0.012040538832258536	0.0058416824914418386	0.006507502998680448	1.1219241065526961	1.639992202929508	2.400095705853935	0.6243937748416513	0.0751119568511294	61.05896300135263	0.03217844460323595
2.473298831340995	0.01	0.007	0.007	0.007	0.01	0.028518720925722066	0.028048695860006988	0.011739790136875539	0.005688638638296852	0.006577866156550838	1.1356939248188873	1.656860030701942	2.4095357675607096	0.6263834575637526	0.07716448812824356	60.464546513815634	0.032124855845577026
2.52125259192388	0.01	0.007	0.007	0.007	0.01	0.02823986115495259	0.027774436731082514	0.011453009374927296	0.005543100748373425	0.006643817733311931	1.1491535090761196	1.6732352560962178	2.4185556928721583	0.6282476953654152	0.07921133085443434	59.87760348995455	0.032071510260150156
2.5691079807181953	0.01	0.007	0.007	0.007	0.01	0.027964295472339393	0.027503417291559324	0.011179022305121881	0.005404421449741717	0.006705469660268332	1.1623213417548897	1.6891437127137503	2.4271843731301224	0.629994886054238	0.08125267067265135	59.29754462067967	0.03201836241904625
2.616901171081115	0.01	0.007	0.007	0.007	0.01	0.027691775324035172	0.027235393089312665	0.01091679544309578	0.005272031295897798	0.00676292594541982	1.1752137988848805	1.7046082381018353	2.435447374006381	0.6316324459371813	0.08328859224683834	58.72384800440613	0.03196537155832586
2.664664966430341	0.01	0.007	0.007	0.007	0.01	0.027422079709508825	0.026970146770890782	0.010665414507670657	0.005145426925291744	0.006816283994731912	1.1878454527722448	1.7196491047346676	2.44336742921839	0.6331669564421829	0.08531909423610928	58.15604957518573	0.03191250090921614
2.71242923754029	0.01	0.007	0.007	0.007	0.01	0.02715501160219467	0.02670748456120266	0.010424066997954793	0.005024161455881036	0.006865635659142663	1.2002293132964361	1.7342843656967937	2.4509648402596866	0.634604283330433	0.08734410033150573	57.593735591401305	0.031859717182712806
2.760221322042676	0.01	0.007	0.007	0.007	0.01	0.026890394765640147	0.026447233132189465	0.010192027658514215	0.004907836461353257	0.006911068142816159	1.2123770385519315	1.7485301542773906	2.4582578133264357	0.635949676504149	0.08936347004915256	57.03653595314273	0.03180699010123307
2.8080663813545765	0.01	0.007	0.007	0.007	0.01	0.02662807096715258	0.0261892368624422	0.009968646344091833	0.004796095262327528	0.006952664769224851	1.2242991166176125	1.7624009410310215	2.4652627427726634	0.6372078535381894	0.09137700878688886	56.48411835305888	0.031754291981945716
2.8559876806112574	0.01	0.007	0.007	0.007	0.01	0.026367897750996364	0.025933355647141398	0.009753338018207339	0.004688617380364644	0.006990505588156486	1.236005012949661	1.7759097434157396	2.47199444484859	0.6383830688616038	0.09338447547267821	55.936183602547274	0.031701597408942926
2.904006848116326	0.01	0.007	0.007	0.007	0.01	0.026109746433796575	0.025679462926538228	0.00954557426819796	0.0045851138296487855	0.007024667893137333	1.2475033005010359	1.7890683093832245	2.4784663576064623	0.6394791725092431	0.09538559002619355	55.39246142347691	0.03164888293120066
2.9521441005743547	0.01	0.007	0.007	0.007	0.01	0.02585350038242766	0.025427443992260938	0.00934487614679785	0.004485323138741133	0.007055226643772168	1.258801770917378	1.8018872738784575	2.4846907101877385	0.6404996597692129	0.09738003990779776	54.85270683273297	0.031596126801045225
3.000418429221536	0.01	0.007	0.007	0.007	0.01	0.025599053583390978	0.025177194580300613	0.009150808143164454	0.0043890079929537595	0.0070822548028199985	1.269907527541211	1.8143762900524447	2.4906786655708806	0.6414477131305417	0.09936748544959703	54.316697138929676	0.031543308757983377
3.0488477542176122	0.01	0.007	0.007	0.007	0.01	0.0253463094479338	0.024928619695849193	0.0089629730721884	0.004295952382795512	0.0071058236073636835	1.2808270637171864	1.8265441400588454	2.4964404417703063	0.6423262379730653	0.10134756420682502	53.784229434222425	0.03149040984932676
3.0974490899282268	0.01	0.007	0.007	0.007	0.01	0.02509517961966647	0.0246816324405935	0.008781007580498577	0.00420595910119755	0.007126002802990876	1.291566337200491	1.838398838112485	2.5019854195243263	0.6431378937230671	0.1033198960077568	53.25511809008018	0.031437412240733834
3.1462386510824816	0.01	0.007	0.007	0.007	0.01	0.024845583142883883	0.02443615319476258	0.008604578434815992	0.004118847665145425	0.007142860811670251	1.3021308257160795	1.8499477096011854	2.507322230399476	0.6438851199315716	0.10528408577663009	52.72919301184034	0.03138429909294858
3.195231983953421	0.01	0.007	0.007	0.007	0.01	0.024597445544567005	0.024192108714278324	0.008433379174896132	0.004034452449255615	0.007156464880978861	1.3125255835022749	1.8611974688144264	2.5124588373578094	0.644570159452182	0.10723972752870704	52.206297710457115	0.03133105441259174
3.2444440453625862	0.01	0.007	0.007	0.007	0.01	0.024350698222719624	0.02394943152918716	0.00826712734704153	0.003952621133523564	0.007166881187905921	1.3227552824626114	1.872154277585767	2.5174026006025727	0.6451950779485154	0.10918640637238326	51.686288018880575	0.031277662961004274
3.2938893043153663	0.01	0.007	0.007	0.007	0.01	0.024105277751902857	0.023708059260654946	0.008105561984214514	0.0038732132963520435	0.007174174929166817	1.3328242548027043	1.882823803675264	2.522160338348132	0.6457617813420503	0.11112370151015785	51.16903063325649	0.031224110139512103
3.34358180787735	0.01	0.007	0.007	0.007	0.01	0.02386112539842946	0.02346793414416257	0.007948441489991666	0.003796099227119057	0.0071784103841548074	1.342736525145714	1.8932112661181382	2.52673837740371	0.6462720307099804	0.11305118787964039	50.65440209532756	0.031170381914481633
3.3935352737749236	0.01	0.007	0.007	0.007	0.01	0.023618186529499898	0.023229002448392135	0.007795541676333252	0.003721158832407129	0.007179650965497688	1.3524958454172882	1.903321481955017	2.53114260068618	0.6467274556974267	0.11496843887745534	50.14228755073937	0.03111646471431791
3.443763123980048	0.01	0.007	0.007	0.007	0.01	0.023376410335504614	0.022991214202113277	0.007646654194312885	0.0036482807508603477	0.007177959251413489	1.3621057156479863	1.9131588968384614	2.5353784844514666	0.6471295657862233	0.11687502681827298	49.632580166954185	0.03106234539105939
3.4942785853987566	0.01	0.007	0.007	0.007	0.01	0.023135749246645004	0.022754522620429797	0.00750158493689361	0.0035773614681162877	0.007173397008848437	1.3715694158605813	1.9227276259062	2.539451137256109	0.6474797608486433	0.11877052597977583	49.12517990635942	0.03100801111026299
3.545094704564279	0.01	0.007	0.007	0.007	0.01	0.02289615878467015	0.022518883958964692	0.007360152855348585	0.003508304646397793	0.0071660252075763905	1.3808900195014617	1.932031474542169	2.5433653278192754	0.6477793398004327	0.12065451236165549	48.61999321624984	0.03095344933430639
3.5962244198848974	0.01	0.007	0.007	0.007	0.01	0.02265759715336277	0.022284257111103108	0.007222188736593687	0.00344102044546189	0.007155904026126897	1.3900704163747755	1.94107396794726	2.547125514630639	0.6480295087307129	0.12252656562921058	48.116932167727555	0.030898647744253604
3.6476806011893874	0.01	0.007	0.007	0.007	0.01	0.022420025001715832	0.022050603375077422	0.007087534193815172	0.0033754249571501375	0.007143092852943016	1.3991133279020778	1.949858371997219	2.5507358700076628	0.6482313878894688	0.12438626979986554	47.61591395836706	0.03084359419753248
3.6994761003390555	0.01	0.007	0.007	0.007	0.01	0.02218340514936508	0.021817886183930227	0.006956040728698991	0.0033114396830780397	0.007127650280807828	1.4080213231091632	1.95838771401191	2.554200302521174	0.6483860179595046	0.12623321431333842	47.11686033501867	0.030788276674292264
3.751623810006054	0.01	0.007	0.007	0.007	0.01	0.021947702290795623	0.021586070814601475	0.0068275688672227	0.003248991055516878	0.007109634092067826	1.4167968346320516	1.9666648026287818	2.557522477588483	0.6484943656120956	0.12806699533377613	46.619696971542574	0.03073268321568525
3.8041366820685543	0.01	0.007	0.007	0.007	0.01	0.021712882896717068	0.0213551242909315	0.006701987477322543	0.0031880100531992924	0.007089101252770716	1.4254421666981911	1.9746922392849147	2.560705833410371	0.6485573283314254	0.1298872155716225	46.12435326215893	0.030676801905808515
3.85702780981531	0.01	0.007	0.007	0.007	0.01	0.021478914840337954	0.021125015016100892	0.006579173001406944	0.003128431781444764	0.0070661078811870654	1.4339595127594278	1.9824724380821486	2.5637535991499023	0.6485757388064052	0.13169348628978012	45.63076153429998	0.030620620786194857
3.910310431145539	0.01	0.007	0.007	0.007	0.01	0.0212457673912682	0.02089571276663437	0.006459008944344565	0.00307019518144855	0.007040709243036505	1.4423509589900363	1.9900076317691435	2.5666688065803633	0.6485503686927054	0.13348542649050374	45.13885703671769	0.03056412785501027
3.9639980247991726	0.01	0.007	0.007	0.007	0.01	0.021013410809888347	0.020667188293460995	0.006341385201861735	0.0030132426666271968	0.007012959704646018	1.450618501856727	1.9972998899611005	2.5694543056475334	0.6484819319626158	0.13526266521245126	44.64857708452042	0.030507310967995135
4.01810431266072	0.01	0.007	0.007	0.007	0.01	0.02078181636887391	0.020439413343084082	0.0062261976575443264	0.0029575198932207903	0.006982912726155753	1.4587640497122432	2.0043511221959585	2.5721127733121976	0.6483710878226362	0.13702484054908273	44.159861105181236	0.030450157839740467
4.07264334575996	0.01	0.007	0.007	0.007	0.01	0.020550956022723933	0.020212360332560565	0.006113347639857738	0.002902975466617742	0.006950620812306606	1.4667894365704215	2.011163091249285	2.5746467256313887	0.6482184431878203	0.13877160137453734	43.672649941677626	0.030392655956918816
4.127629538638964	0.01	0.007	0.007	0.007	0.01	0.020320802316173982	0.019986002259424793	0.0060027415381007955	0.0028495607278349127	0.006916135487214728	1.4746964268810006	2.017737417787287	2.5770585258566046	0.6480245548337572	0.14050260723348615	43.18688565945987	0.030334792546924005
4.183077742153776	0.01	0.007	0.007	0.007	0.01	0.020091328143564846	0.019760312465025697	0.00589429037796013	0.00279722952329826	0.006879507245903053	1.4824867250821037	2.0240755884538606	2.5793503932237476	0.6477899311168623	0.14221752934865264	42.70251103868785	0.030276554506707017
4.239003297003263	0.01	0.007	0.007	0.007	0.01	0.01986250660643827	0.019535264494471016	0.005787909475967969	0.0027459380153144067	0.00684078551542057	1.4901619812658637	2.0301789599171096	2.581524409682664	0.6475150334091445	0.14391605085860243	42.21946927354231	0.030217928352803774
4.295422108520652	0.01	0.007	0.007	0.007	0.01	0.01963431079982639	0.019310831886440782	0.005683518087748995	0.002695644491830134	0.006800018601109615	1.4977237988236727	2.0360487637919906	2.5835825264363077	0.6472002771348863	0.14559786755569729	41.737703520804914	0.03015890014993579
4.352350740168184	0.01	0.007	0.007	0.007	0.01	0.019406713544208056	0.019086987909563518	0.005581039058848267	0.002646309179549598	0.006757253616692124	1.505173743319591	2.0416861115353457	2.5855265699471404	0.6468460323589367	0.14726268896567113	41.25715633344213	0.030099455421182243
4.409806453937231	0.01	0.007	0.007	0.007	0.01	0.019179687351065705	0.018863705528540144	0.0054803986049695875	0.002597894121229767	0.0067125364530710024	1.512513343190759	2.0470919922080575	2.5873582450127772	0.6464526243930715	0.14891023765539782	40.77776958713679	0.030039579114773445
4.467807369213706	0.01	0.007	0.007	0.007	0.01	0.018953203938629204	0.01864095692787294	0.0053815259122441846	0.0025503629680222665	0.0066659116568983075	1.5197441046174414	2.0522672799353545	2.5890791407438116	0.6460203333505857	0.15054025175415917	40.29948345679041	0.029979255448516273
4.526372512213153	0.01	0.007	0.007	0.007	0.01	0.01872723421020661	0.018418713490551943	0.005284352966034343	0.0025036808833357347	0.006617422391352148	1.5268675107167327	2.0572127284781248	2.590690731697072	0.6455493940819375	0.1521524840073415	39.822236369431074	0.029918467869926264
4.585521979064744	0.01	0.007	0.007	0.007	0.01	0.018501747814098374	0.01819694536522489	0.005188814214608305	0.0024578143686443316	0.006567110307296288	1.5338850336057925	2.0619289740012814	2.592194381368836	0.6450399949951584	0.15374670375318292	39.3459640732262	0.029857198899670537
4.645277059798136	0.01	0.007	0.007	0.007	0.01	0.018276712893461784	0.01797562122018438	0.005094846336787616	0.0024127311405748096	0.006515015443783261	1.5407981395898285	2.0664165313224445	2.5935913430672852	0.6444922767823213	0.15532269738422694	38.870599107171905	0.029795430017787807
4.705660413978567	0.01	0.007	0.007	0.007	0.01	0.01805209567778598	0.017754707841576907	0.005002387961086801	0.002368399985857673	0.006461176084861443	1.5476082985000217	2.0706757913112943	2.594882760714854	0.6439063303439266	0.15688026977110192	38.396069935773056	0.02973314149866216
4.7666962566978555	0.01	0.007	0.007	0.007	0.01	0.017827860083209787	0.01753416974030844	0.00491137940865386	0.0023247906287946225	0.00640562860656067	1.5543169917648438	2.074707015363248	2.5960696682309385	0.6432821941927853	0.15841924541721591	37.9223001018166	0.029670312238068295
4.828410589070207	0.01	0.007	0.007	0.007	0.01	0.017603967201719563	0.017313968649661626	0.00482176241017522	0.0022818735872503423	0.006348407284472654	1.5609257227533109	2.078510328901733	2.597152988077784	0.6426198509748454	0.15993947014254947	37.449207143731954	0.02960691953750426
4.890831460068826	0.01	0.007	0.007	0.007	0.01	0.01738037474022746	0.017094062973619036	0.004733479823239354	0.002239620029820144	0.00628954407338542	1.567436027309258	2.082085712089753	2.5981335283557057	0.6419192231552472	0.16144081281413936	36.976701406263054	0.029542938860091305
4.9539892795071685	0.01	0.007	0.007	0.007	0.01	0.017157036349887345	0.016874407127233093	0.0046464753271196445	0.002198001623081491	0.006229068341417857	1.57384948602888	2.0854329881347216	2.599011978494641	0.6411801675882943	0.1629231674689217	36.504684618286944	0.02947834353844041
5.01791722532239	0.01	0.007	0.007	0.007	0.01	0.016933900712339172	0.016654950637931182	0.004560693046196394	0.0021569903455881706	0.006167006517085698	1.5801677417101216	2.0885518100496374	2.599788903601945	0.6404024683363836	0.16438645661366583	36.033047955787225	0.029413104391470782
5.082651692719145	0.01	0.007	0.007	0.007	0.01	0.016710910592575953	0.016435637213992608	0.004476077187552396	0.00211655830952804	0.00610338169978819	1.5863925154637262	2.091441641326692	2.6004647360692426	0.6395858281918196	0.16583063418537336	35.56167003285605	0.029347189305239576
5.148232891252069	0.01	0.007	0.007	0.007	0.01	0.016488001513896008	0.016216403441340104	0.0043925715632565105	0.002076677528126477	0.006038213132820387	1.5925256307783904	2.0941017339472654	2.6010397650831907	0.638729857462498	0.16725569030302198	35.090414092177994	0.029280562671097805
5.214705572882417	0.01	0.007	0.007	0.007	0.01	0.016265100159248324	0.015997177211233886	0.004310119045809064	0.002037319652059704	0.005971515555377759	1.598569041636732	2.0965310995759414	2.601514122559693	0.6378340599200262	0.1686616568892272	34.6191246148802	0.029213184701108397
5.282119927969279	0.01	0.007	0.007	0.007	0.01	0.016042122420350434	0.015777875801543075	0.004228660934003767	0.0019984556640673026	0.005903298400498059	1.6045248659458888	2.0987284722096295	2.6018877646235294	0.6368978151482915	0.17004861442156916	34.147623182949474	0.029145010586029304
5.350532838715752	0.01	0.007	0.007	0.007	0.01	0.01581897053600802	0.01555840306223305	0.004148136036573438	0.001960055439994911	0.005833564651296531	1.6103954377989294	2.1006922636916783	2.602160447892006	0.6359203542393078	0.17141670291957065	33.675702412183234	0.029075989308307935
5.420009385426175	0.01	0.007	0.007	0.007	0.01	0.01559552977089155	0.01533864614888189	0.004068479657378641	0.0019220872641987044	0.005762309466431902	1.6161833642877181	2.1024205012170833	2.602331697160106	0.6349007296200387	0.17276613378458355	33.203118908474686	0.029006062222157854
5.490625021056679	0.01	0.007	0.007	0.007	0.01	0.015371663412582066	0.015118470602188381	0.003989622062627824	0.0018845170995405555	0.005689518161965268	1.6218916163149437	2.103910749618163	2.6024007627293955	0.6338377722783961	0.17409720926286942	32.72958266100402	0.02893516098960112
5.562468417707616	0.01	0.007	0.007	0.007	0.01	0.015147206297603716	0.014897713980712537	0.003911486546067253	0.001847307667844411	0.005615163558855702	1.627523643127924	2.1051600028592516	2.602366561484532	0.6327300349394476	0.17541034700533015	32.25474331494999	0.028863204882071145
5.635645688764015	0.01	0.007	0.007	0.007	0.01	0.014921954945474377	0.01467617615754872	0.0038339864687191288	0.0018104170445732576	0.0055392019959735915	1.6330835529891574	2.1061645382756	2.602227594438	0.6315757087401381	0.1767061193998734	31.778169256136483	0.02879009675976104
5.710286429016459	0.01	0.007	0.007	0.007	0.01	0.014695653436219158	0.014453605430625887	0.0037570210651262322	0.0017737966700645932	0.0054615675911103756	1.6385763703912501	2.106919705450529	2.6019818271300412	0.6303725034447312	0.17798530975240512	31.299317671412187	0.028715717316838953
5.786553187569243	0.01	0.007	0.007	0.007	0.01	0.014467970877572702	0.0142296763613395	0.003680468729577331	0.0017373881670817257	0.00538216314843428	1.6440084546098155	2.1074196161541123	2.6016265090497392	0.6291174609035356	0.17924900447231218	30.817486784982894	0.028639916028811028
5.864656778568144	0.01	0.007	0.007	0.007	0.01	0.014238464645746912	0.014003953621274177	0.0036041760666890264	0.001701118152411194	0.005300845348470855	1.6493881881532837	2.107656659028999	2.601157886686912	0.627806654282858	0.1804987454244966	30.331737942779558	0.0285624964949295
5.9448832184323175	0.01	0.007	0.007	0.007	0.01	0.014006514869745315	0.013775827556549186	0.0035279383068878125	0.0016648889575871678	0.005217398472624887	1.6547272206257815	2.107620690791571	2.6005707141316794	0.6264346618268818	0.1817368066581267	29.840756756202104	0.028483190589898927
6.027645821775416	0.01	0.007	0.007	0.007	0.01	0.013771196195999702	0.013544388066527573	0.00345146082526637	0.0016285603962715878	0.005131483191676943	1.6600429337656897	2.1072975542962022	2.5998573352445806	0.6249935546538595	0.18296674530098578	29.342581337505862	0.028401608365469087
6.11360096524511	0.01	0.007	0.007	0.007	0.01	0.013530989435278532	0.013308141004788613	0.003374272221327206	0.001591908577695033	0.005042521940963437	1.6653640535472032	2.106665973037613	2.5990057105006876	0.6234706607318475	0.18419466091067754	28.833991252803997	0.028317126488699374
6.203970751150571	0.01	0.007	0.007	0.007	0.01	0.013282967828951855	0.013064207862693855	0.0032954777046775787	0.0015545090338153112	0.004949377211375097	1.670746698970564	2.105689467755826	2.597994122313915	0.6218423747274742	0.1854328110649806	28.30878329335064	0.028228576608772784
6.301878860600869	0.01	0.007	0.007	0.007	0.01	0.013019391412523134	0.012804976297240828	0.003212721874698308	0.0015152451003557338	0.00484901206046797	1.6763423309688954	2.1042850206121724	2.59677002092625	0.6200486903325706	0.18671496961050377	27.750555783888522	0.02813295270127163
6.433646101124745	0.01	0.007	0.007	0.007	0.01	0.012672910246289547	0.012464208074273096	0.0031054250610954032	0.0014643611971631508	0.00471507634135536	1.6835020913965402	2.1018536316709713	2.5949236734948142	0.6175895240693192	0.1883466993913324	27.016615520935353	0.02800477072517591
6.518281979712441	0.01	0.007	0.007	0.007	0.01	0.012455245329796501	0.012250129342682796	0.0030388584475574258	0.001432806185343443	0.004629723647406608	1.6878857881875846	2.0999800829220865	2.593623772473391	0.6159845148313355	0.18934004077025882	26.555466535891746	0.027922745921240458
6.597908409780121	0.01	0.007	0.007	0.007	0.01	0.012253881922522135	0.012052084629684632	0.0029778378829178947	0.0014038888829929696	0.004550016176694538	1.6918624781320362	2.0980048875317965	2.592323507818323	0.6144575267496465	0.1902368381695976	26.128800917304524	0.027845795371934996
6.678985351685011	0.01	0.007	0.007	0.007	0.01	0.012052198871120053	0.011853725747079531	0.0029172486548141754	0.0013751840766021524	0.004469503549219194	1.695769459418564	2.095790049674506	2.5909257519042055	0.612886750385916	0.19111345744384123	25.701405944384973	0.02776766094517801
6.7606282895017875	0.01	0.007	0.007	0.007	0.01	0.011852465912288102	0.011657284806870553	0.0028577551089654005	0.0013470060852292154	0.00438911687619762	1.6995634784712654	2.0933599404543393	2.5894460670744506	0.6112896265487863	0.1919600463683597	25.278091445793155	0.027689202606559053
6.841592559934924	0.01	0.007	0.007	0.007	0.01	0.011657666063035815	0.011465695615365815	0.0028002094195034364	0.0013197578296506793	0.004310112503341235	1.7031915175413823	2.0907595812904636	2.587910098952116	0.609691395792176	0.1927648303722664	24.865181616870142	0.027611615394447064
6.921726111621662	0.01	0.007	0.007	0.007	0.01	0.011468021230872465	0.011279176423392672	0.0027446311709069184	0.0012934477618893323	0.004232650623276636	1.7066547884036485	2.0880062966821726	2.586325387816492	0.6080962631296557	0.19352827842227735	24.46315004935974	0.02753503832409418
7.00112935200364	0.01	0.007	0.007	0.007	0.01	0.01128315146385878	0.01109735354550464	0.002690866179495949	0.0012680021388620437	0.004156641448108621	1.7099653699075228	2.0851085738730424	2.584694381593117	0.6065033635567009	0.19425327436425774	24.071194421642403	0.02745936863583758
7.079887884744353	0.01	0.007	0.007	0.007	0.01	0.0111027302152777	0.010919905820088975	0.002638781330327217	0.001243357293361799	0.004082008977167086	1.7131337649590792	2.0820740015543358	2.5830192810993	0.604911994513722	0.19494233582767992	23.68862526100845	0.02738451876636849
7.158076215942234	0.01	0.007	0.007	0.007	0.01	0.010926472298642267	0.010746552763605966	0.002588260103699616	0.0012194574982356682	0.004008687446008246	1.716169224599197	2.0789093882763234	2.5813020610749557	0.6033215651057494	0.19559768887666157	23.314840473636977	0.027310412620024167
7.235759079205871	0.01	0.007	0.007	0.007	0.01	0.010754128144982927	0.010577048922707815	0.0025392001477032807	0.0011962538030019095	0.00393662005787389	1.7190799353333557	2.075620911753303	2.5795445187002417	0.6017315879045906	0.19622131188185804	22.949313221517365	0.0272369841530701
7.312992955150897	0.01	0.007	0.007	0.007	0.01	0.01058547811323305	0.01041117827847187	0.0024915110176122416	0.001173702952378084	0.0038657575189599168	1.7218731889251544	2.0722142224879185	2.5777483032806994	0.6001416632057446	0.19681497502700993	22.591579901707366	0.027164175801141395
7.389827326817149	0.01	0.007	0.007	0.007	0.01	0.010420327834147394	0.010248749667098862	0.0024451123355104	0.0011517665060011132	0.003796056826378729	1.7245555203221028	2.068694525786106	2.575914939396172	0.598551465673948	0.19738027237942954	22.241230308547706	0.027091937182295363
7.466305749906204	0.01	0.007	0.007	0.007	0.01	0.010258504321041672	0.010089592954781523	0.0023999322664396156	0.0011304101097412889	0.0037274802372410714	1.7271328213016357	2.0650666457854414	2.5740458444042957	0.5969607324184181	0.19791864826835354	21.897899415079912	0.027020223995919513
7.5424667244329155	0.01	0.007	0.007	0.007	0.01	0.010099852802278216	0.009933555922416926	0.002355906276726696	0.001109602901949172	0.003659994430634084	1.7296104330392443	2.0613350776043484	2.5721423427193444	0.5953692532852658	0.19843141875803172	21.561260679599393	0.026948997125858052
7.618344962153828	0.01	0.007	0.007	0.007	0.01	0.009944232997444406	0.009780500603175103	0.0023129758048065093	0.001089316879613967	0.003593569341607397	1.7319932391670074	2.0575040019385273	2.570205663347724	0.5937768512921847	0.19891979274503901	21.231018166444343	0.026878221389945833
7.6939706487036235	0.01	0.007	0.007	0.007	0.01	0.009791519716301133	0.009630303871591101	0.0022710881773753567	0.0010695268539841413	0.0035281787660113475	1.7342856861579523	2.0535773866788842	2.568236983235517	0.592183403902708	0.19938487776927916	20.90690783594443	0.026807866172959275
7.769371146871932	0.01	0.007	0.007	0.007	0.01	0.009641598555261454	0.009482853210984748	0.002230195208865957	0.0010502097847305872	0.003463798823561663	1.7364918748207596	2.04955895680652	2.5662374050464747	0.5905888122458667	0.19982770021475085	20.588688428354335	0.026737903788014317
7.844570936555319	0.01	0.007	0.007	0.007	0.01	0.009494365379764754	0.009338046204374837	0.002190252883008333	0.0010313446261257105	0.0034004079842719272	1.738615588970937	2.0454522425614043	2.564207975921038	0.5889930064432107	0.20024921231381118	20.276140378625062	0.026668309493664635
7.919592117184487	0.01	0.007	0.007	0.007	0.01	0.009349724753783636	0.009195788989878578	0.0021512207705190593	0.0010129120490442495	0.0033379866097536493	1.7406603370245368	2.0412605922206413	2.5621496892284377	0.5873959385091271	0.2006503016159066	19.96906249480399	0.026599060992450296
7.994454704787704	0.01	0.007	0.007	0.007	0.01	0.009207588875824294	0.009055995214255205	0.0021130616085347806	0.0009948942398137755	0.0032765166800109986	1.742629383169383	2.0369871894051292	2.5600634893479963	0.5857975790451752	0.20103179816483777	19.667269709536026	0.026530138126227874
8.069176881255947	0.01	0.007	0.007	0.007	0.01	0.009067876680313221	0.0089185851491093	0.0020757409435247266	0.0009772747294034987	0.003215981566060861	1.7445257738649995	2.032635068125286	2.557950275895441	0.5841979145206814	0.20139448059734316	19.370591181150008	0.026461522620169868
8.143775212443193	0.01	0.007	0.007	0.007	0.01	0.008930513059733823	0.00878348492585298	0.0020392268224234023	0.000960038245683974	0.0031563658334509423	1.7463523607038631	2.0282071254854355	2.555810907257989	0.5825969448595579	0.2017390813942509	19.07886864982989	0.02639319785930315
8.218264851221816	0.01	0.007	0.007	0.007	0.01	0.008795428168541066	0.008650625851097599	0.0020034895190667976	0.0009431705826107796	0.0030976550632498667	1.7481118204690647	2.0237061317413203	2.55364620322209	0.5809946810455133	0.20206629146642507	18.791954966313416	0.026325148682266878
8.292659696953994	0.01	0.007	0.007	0.007	0.01	0.008662556853283347	0.008519943846171954	0.001968501305606262	0.0009266584908577462	0.003039835712635781	1.749806672066848	2.0191347399593536	2.551456947721274	0.5793911434068013	0.20237676403636765	18.509712887651634	0.026257361217933387
8.366972551700107	0.01	0.007	0.007	0.007	0.01	0.008531838127497979	0.008391378930675689	0.0019342362454611392	0.0009104895788012974	0.002982894982167407	1.751439291647001	2.0144954933593526	2.549243890726268	0.5777863597560021	0.20267111808204827	18.23201396724109	0.02618982272751213
8.441215209875022	0.01	0.007	0.007	0.007	0.01	0.00840321479733791	0.00826487485427938	0.0019006700341484533	0.0008946522362565884	0.0029268207377415698	1.7530119247701037	2.009790834658543	2.5470077513004616	0.5761803647837851	0.20294994115347373	17.958737764346576	0.026122521509329037
8.515398595014387	0.01	0.007	0.007	0.007	0.01	0.00827663303132125	0.008140378673567818	0.001867779832475037	0.0008791355547443563	0.0028716013990014995	1.7545266983911338	2.0050231107033545	2.544749218578688	0.5745731982818648	0.20321379208006046	17.689770934328408	0.026055446762514027
8.589532850572192	0.01	0.007	0.007	0.007	0.01	0.00815204203653155	0.008017840433579303	0.0018355441338342032	0.0008639292639687638	0.002817225866029175	1.7559856307173847	2.000194578369429	2.5424689535066154	0.5729649042240047	0.2034632032242487	17.42500654447373	0.025988588494165916
8.663627409744807	0.01	0.007	0.007	0.007	0.01	0.008029393790494886	0.007897212904103959	0.0018039426511956584	0.0008490236776866136	0.002763683463444576	1.757390639742596	1.9953074105102464	2.540167590722848	0.5713555301887782	0.20369868244403044	17.164343507691296	0.025921937446761665
8.737691059306695	0.01	0.007	0.007	0.007	0.01	0.007908642799713816	0.0077784513421993865	0.0017729562155051756	0.0008344096450460648	0.002710963890165579	1.7587435509056815	1.9903637011916373	2.5378457402030024	0.5697451268153136	0.2039207148528257	16.90768607247761	0.025855485032019614
8.811732027056108	0.01	0.007	0.007	0.007	0.01	0.0077897458357687925	0.007661513232643017	0.0017425666724088468	0.0008200785012132712	0.002659057154162419	1.7600461044761513	1.9853654683380415	2.535503987776982	0.5681337466597474	0.20412976447982098	16.654943264845134	0.025789223244646966
8.885758019483138	0.01	0.007	0.007	0.007	0.01	0.007672661767353983	0.00754635812273787	0.001712756807209241	0.0008060220313826684	0.002607953544471003	1.761299961395737	1.9803146587975906	2.5331428968612424	0.5665214440587232	0.2043262756276702	16.40602853383854	0.025723144621758457
8.95977626375425	0.01	0.007	0.007	0.007	0.01	0.007557351395461901	0.007432947460215057	0.0016835102736155497	0.0007922324366347486	0.0025576436005869305	1.762506708719622	1.9752131524143128	2.5307630097845943	0.5649082748354783	0.20451067412880036	16.16085940350242	0.02565724219905134
9.033793559003628	0.01	0.007	0.007	0.007	0.01	0.007443777284325384	0.007321244426963242	0.0016548115241715971	0.000778702300637898	0.0025081180764659795	1.763667864751786	1.9700627647983195	2.528364848561043	0.5632942957459962	0.204683368515175	15.919357115591042	0.025591509459369447
9.10781634192703	0.01	0.007	0.007	0.007	0.01	0.007331903581620183	0.007211213762195462	0.0016266457405471019	0.0007654245563341824	0.0024593678967398526	1.7647848839449072	1.9648652484587077	2.5259489149528105	0.5616795635620319	0.20484475111041828	15.681446249200013	0.025525940269375103
9.181850668708416	0.01	0.007	0.007	0.007	0.01	0.007221695974389062	0.0071028217191011845	0.0015989988002431308	0.0007523924698337883	0.0024113841692452536	1.7658591601494422	1.9596222992651513	2.523515693053727	0.560064135934661	0.20499519884631162	15.447054628818114	0.025460528890993987
9.25590227510348	0.01	0.007	0.007	0.007	0.01	0.007113121531588775	0.006996035909989013	0.0015718572165427127	0.0007395996117323668	0.0023641581457174796	1.7668920307867904	1.954335557030746	2.5210656491702124	0.5584480705143838	0.20513507418990157	15.216112991138882	0.025395269923870843
9.329976621612664	0.01	0.007	0.007	0.007	0.01	0.007006148578634993	0.006890825182900012	0.0015452080884277802	0.000727039833161678	0.0023176811942327725	1.7678847804360933	1.9490066066540634	2.518599232000904	0.5568314243606717	0.20526472595074274	14.988554719727054	0.025330158261771544
9.40407886486994	0.01	0.007	0.007	0.007	0.01	0.006900746684277222	0.006787159608700264	0.0015190390800426013	0.0007147072557954201	0.002271944818419038	1.7688386431784602	1.943636984206673	2.516116875132428	0.555214254930784	0.20538448989874267	14.764315818502507	0.02526518911423887
9.478213927001555	0.01	0.007	0.007	0.007	0.01	0.006796886509623968	0.006685010332594619	0.001493338367136732	0.0007025962463183778	0.002226940615051969	1.7697548060641421	1.9382281756842876	2.5136189961612083	0.553596618902451	0.2054946895089856	14.543334591882676	0.02520035794232853
9.552386505995642	0.01	0.007	0.007	0.007	0.01	0.006694539748734388	0.006584349515698244	0.0014680946076815551	0.000690701402313718	0.0021826602697914204	1.7706344115421984	1.9327816196674303	2.511105997649593	0.5519785722589483	0.2055956365441118	14.32555151957578	0.025135660446696854
9.626601071197015	0.01	0.007	0.007	0.007	0.01	0.006593679092222911	0.006485150299242008	0.0014432969192198879	0.0006790175413438211	0.0021390955613667098	1.7714785595706175	1.9272987108515323	2.50857826849926	0.5503601706759419	0.2056876315832442	14.11090918026677	0.025071092568776897
9.700861907858686	0.01	0.007	0.007	0.007	0.01	0.006494278126701418	0.006387386705672234	0.0014189348414211235	0.00066753968307963	0.002096238336723665	1.772288310147539	1.9217807997426117	2.506036183572183	0.5487414688177076	0.20577096457978133	13.899352038684746	0.025006650449400997
9.775173122320803	0.01	0.007	0.007	0.007	0.01	0.006396311292610098	0.006291033597177318	0.0013949983140164918	0.0006562630386953131	0.0020540805102114874	1.7730646852101464	1.916229195015973	2.5034801045563766	0.5471225204741172	0.2058459153263453	13.690826356824047	0.024942330422075835
9.849538637246667	0.01	0.007	0.007	0.007	0.01	0.006299753856738259	0.0061960666486620556	0.001371477659111265	0.0006451830023405137	0.002012614067935641	1.773808670327981	1.9106451664549131	2.500910381110466	0.5455033788968882	0.20591275388619704	13.485280136378941	0.024878129014917195
9.923962226202779	0.01	0.007	0.007	0.007	0.01	0.006204581835452568	0.0061024622722415205	0.0013483635522326676	0.0006342951373206837	0.00197183104993093	1.7745212166881639	1.905029944777349	2.498327350587557	0.5438840962632885	0.20597174103628832	13.282662956191224	0.024814042918702265
9.99844752360784	0.01	0.007	0.007	0.007	0.01	0.00611077195386683	0.0060101975770842165	0.001325647002923435	0.0006235951667883713	0.0019317235469065728	1.7752032426899957	1.8993847231244283	2.4957313385361695	0.5422647236632878	0.20602312865382552	13.082925886125155	0.024750068976525683
10.0	0.01	0.007	0.007	0.007	0.01	0.006108831880522438	0.006008289458705369	0.0013251779009041023	0.0006233742163958263	0.0019308945724340286	1.775217133588618	1.8992668023230859	2.495677118556881	0.5422309857494867	0.2060241202069592	13.078794933066597	0.02474873734152916
