0.0	0.01	0.007	0.007	0.007	0.01	0.0	0.0	0.0	0.0	0.0	0.0	0.0	0.0	0.0	0.0	100.0	0.035
0.006474710533020855	0.01	0.007	0.007	0.007	0.01	0.0025643011744875587	0.006561766883661244	0.003457986517367466	0.001203342191950596	0.00016783131195973193	9.807498137459579e-5	0.00041126214804191864	0.0004763211443016929	7.513892968573027e-5	3.6231656235649797e-6	99.88953342790698	0.03499214700826028
0.011571310464529281	0.01	0.007	0.007	0.007	0.01	0.004482389527299642	0.011264234343538604	0.006057516607391268	0.0021235639237357435	0.0002792346345005699	0.0003084588841760704	0.001277734617384167	0.0015001582353005162	0.00023781713431083416	1.1026500575991195e-5	99.80266496734873	0.0349859667269355
0.01870958371633336	0.01	0.007	0.007	0.007	0.01	0.007027938811244716	0.017230339993656602	0.00952562943831931	0.0033736213352054075	0.0004096941511756463	0.0007893608737870299	0.003215594644078053	0.0038462576643059332	0.0006139080840111772	2.69944947497145e-5	99.68112440685681	0.03497731248976237
0.025894177452181498	0.01	0.007	0.007	0.007	0.01	0.009432978896495824	0.02257616396232976	0.012822591156013545	0.004587459937217576	0.0005160296716531445	0.0014801247333178476	0.0059319566368894955	0.00722556653423923	0.001161097591398857	4.8508164611066244e-5	99.55894462234615	0.03496860425658653
0.03422044004145676	0.01	0.007	0.007	0.007	0.01	0.012035539223431386	0.02803837241759712	0.016414129721748192	0.005940495783346951	0.0006141012856513053	0.00252264235982649	0.009926843318553138	0.012340896414621012	0.001998406749698084	7.888921314262059e-5	99.41753717314462	0.03495851495260847
0.04300236939768336	0.01	0.007	0.007	0.007	0.01	0.014580197436592732	0.03305009545663492	0.019951470126402148	0.0073074380048351985	0.0006944047527561353	0.0038833842318671463	0.014999966912664843	0.019038941852669352	0.003107687222993629	0.00011590174539990285	99.26860862575221	0.03494787665119212
0.052563369294687606	0.01	0.007	0.007	0.007	0.01	0.017134011894288082	0.03774744854592342	0.02352906929228916	0.00872826139734894	0.0007609783283876218	0.005645512675803776	0.021386263392532565	0.02774147763604936	0.004566804123140624	0.00016062648200044368	99.10672184353336	0.034936298275925176
0.06267313238405794	0.01	0.007	0.007	0.007	0.01	0.019608093666610614	0.04197475860012109	0.0270232650992156	0.010157440613180564	0.0008134247587199148	0.007800065367429364	0.02897164823123559	0.03841838516988728	0.006380246222655517	0.0002116719609379813	98.93583056612442	0.03492405952068897
0.07342165182895648	0.01	0.007	0.007	0.007	0.01	0.02200472090000917	0.04576000734418815	0.030436511719890095	0.011598044805798319	0.0008541197354489826	0.010389313763351497	0.03782457256585643	0.0512937849247346	0.008596589760874289	0.0002690265011356391	98.75446518778192	0.034911052197133384
0.08473533126226011	0.01	0.007	0.007	0.007	0.01	0.0242900895759198	0.049079080548005444	0.033718975415771485	0.013030598397241102	0.0008846799897376931	0.013415093074833838	0.047871176957328454	0.06639194583868055	0.011231721603462544	0.0003318339918510037	98.56392271231329	0.034897366178350084
0.09664394505543601	0.01	0.007	0.007	0.007	0.01	0.026457214239887582	0.05195766825043336	0.036857669886818316	0.014450023417256763	0.0009070745589938588	0.01689881500386934	0.05910666056693197	0.08383441211961112	0.01431944291261982	0.00039980064738085066	98.36375762189803	0.03488296627064009
0.10913334654810311	0.01	0.007	0.007	0.007	0.01	0.028492959387629115	0.05441636271687933	0.03982957871057647	0.01584592768605277	0.0009229673038681529	0.020846194049441453	0.07147766853598443	0.10366366853111222	0.017880832025986584	0.00047243291053073214	98.15426710751679	0.03486787045749082
0.12222549556202666	0.01	0.007	0.007	0.007	0.01	0.03039301394427885	0.05648938545663366	0.042623309721288964	0.017212324542922045	0.0009338696002525994	0.025270153982381763	0.08495866791272197	0.12595683729699428	0.021944120900684833	0.000549497065399398	97.93514539431473	0.034852053122793915
0.13593406647702397	0.01	0.007	0.007	0.007	0.01	0.03215332293273577	0.05821125818929318	0.04522676657286193	0.018542187569589568	0.0009410535147568073	0.03017845965525509	0.0995129935772927	0.15076287257992452	0.02653347738045298	0.0006307705088285069	97.70623094603596	0.03483549874536778
0.15028829151998105	0.01	0.007	0.007	0.007	0.01	0.03377328994012256	0.0596190909161045	0.04763189610579323	0.019829845826909737	0.0009456047197032224	0.03558207567164563	0.11511900316763791	0.17814366878683519	0.03167641606248131	0.0007161810102306254	97.4671083942143	0.034818173107726245
0.16531958283787831	0.01	0.007	0.007	0.007	0.01	0.03525340885570801	0.06074895291253274	0.04983125430976403	0.021069409808933674	0.0009484522601242147	0.04149113393337461	0.13175781458898805	0.20815264517841472	0.03739988558079002	0.000805727327997422	97.2173340590104	0.03480003948313546
0.18106867877833105	0.01	0.007	0.007	0.007	0.01	0.036595768364724036	0.06163563491586997	0.05181878683244306	0.022255267764346567	0.000950419177984891	0.04791793353900519	0.14942188739876733	0.24084863415236252	0.043732875338544926	0.0008995223061492398	96.95631863119502	0.0347810500363671
0.19758158382971014	0.01	0.007	0.007	0.007	0.01	0.037803303926828125	0.0623115540560815	0.05358874947449857	0.02338156972651193	0.0009522672029819474	0.05487568229249979	0.16811107411978862	0.2762879578355753	0.0507049460324206	0.0009977726237356279	96.68339688423112	0.03476115075594298
0.21491164275169303	0.01	0.007	0.007	0.007	0.01	0.03887976735266009	0.06280647924724597	0.05513569909249433	0.024442263580129988	0.0009547368360168706	0.062379489266783765	0.18783502137642888	0.31452761435833937	0.05834685519107231	0.0011007993381594425	96.39779556752806	0.034740278988135476
0.23311799731384117	0.01	0.007	0.007	0.007	0.01	0.03982944391380983	0.06314724602144256	0.05645413508148387	0.02543088977421812	0.0009585770637672105	0.07044579220393564	0.20861125143357856	0.35562014839607475	0.06668954155433356	0.0012090418314922797	96.0986614853517	0.03471836533645959
0.2522655121476168	0.01	0.007	0.007	0.007	0.01	0.04065706499986879	0.06335771806777954	0.0575384758964107	0.026340540311991425	0.0009645636135977644	0.07909228359007109	0.23046468257211447	0.3996106743370163	0.07576345821842582	0.0013230756098396733	95.78506536342562	0.0346953337922439
0.2724228870761543	0.01	0.007	0.007	0.007	0.01	0.0413676928739743	0.06345882788179676	0.0583830767973194	0.027163793334845324	0.0009735045285873486	0.0883369469526546	0.25342495427514894	0.446529011416978	0.08559680998141561	0.0014436240686546357	95.45603552002403	0.034671104048630046
0.2936601428599658	0.01	0.007	0.007	0.007	0.01	0.04196668027908148	0.06346871908050447	0.05898248075056369	0.02789274808213752	0.000986233350653436	0.09819670803394175	0.27752299600495184	0.496379640640037	0.09621315468914626	0.00157157019191165	95.11060134462039	0.034645594562038896
0.31604419485493407	0.01	0.007	0.007	0.007	0.01	0.042459663323282874	0.06340295262341321	0.059331899491355054	0.028519154046562075	0.0010035902703980578	0.1086851428267833	0.3027855041454492	0.5491269770233789	0.10762775694498211	0.001707958284405804	94.74786701394665	0.03461872789802391
0.3396331672249978	0.01	0.007	0.007	0.007	0.01	0.04285261800829797	0.06327476298256783	0.059428008126205245	0.02903471788260345	0.0010263929703857538	0.11980958841091705	0.329228234845562	0.6046783127799125	0.11984308703783024	0.0018539858129097086	94.36710391254198	0.03459043756370805
0.36447017247203684	0.01	0.007	0.007	0.007	0.01	0.04315196027511663	0.063095333359642	0.05927001622660266	0.02943161982555886	0.001055400829181164	0.13156809217602575	0.35684908872817667	0.6628674648301489	0.1328440750703323	0.0020109844757120387	93.96784923098366	0.03456067544486266
0.39058007352037255	0.01	0.007	0.007	0.007	0.01	0.043364660715497064	0.06287404102862326	0.05886081966742185	0.02970323515069169	0.0010912821526741958	0.14394797424574335	0.38562496958461134	0.7234487724745687	0.1465953370396841	0.002180407400192867	93.5499538953484	0.034529415627868994
0.4179715720966543	0.01	0.007	0.007	0.007	0.01	0.04349827174458176	0.0626186329236923	0.058207828058934825	0.029844885879670876	0.0011345976064374129	0.1569271823294336	0.41551479296545824	0.7861073538058658	0.16104201457927453	0.0023638371706948924	93.1135436766574	0.03449665182067721
0.44664519363472055	0.01	0.007	0.007	0.007	0.01	0.043560788281385515	0.0623353315702122	0.05732309871154199	0.029854380766736157	0.0011858112656026115	0.17047863979352354	0.4464688130046426	0.8504855869515086	0.1761146556260442	0.0025630259848783863	92.65888712275493	0.0344623877318886
0.47660325635357703	0.01	0.007	0.007	0.007	0.01	0.04356034077954191	0.062028928712763456	0.056222747172130716	0.029732173491984586	0.0012453280762129558	0.18457553835483587	0.4784395388673187	0.9162141731970163	0.1917357825815248	0.00277995507188723	92.18623535679389	0.03442662512918941
0.5078573310979296	0.01	0.007	0.007	0.007	0.01	0.043504824025099476	0.06170292621915289	0.054925966629540156	0.02948118367853062	0.0013135449936887604	0.19919525853497105	0.5113892577353658	0.9829354903807105	0.20782528585378243	0.0030168929677502746	91.69570577118974	0.034389354959229
0.5404309566882814	0.01	0.007	0.007	0.007	0.01	0.043401582691716324	0.06135974041328467	0.053454061025855384	0.029106461314233084	0.0013909003317686649	0.2143207984660424	0.5452920163445101	1.0503139536170278	0.2243031415396931	0.003276438800174873	91.18724352877439	0.03435055417732317
0.5743573595320713	0.01	0.007	0.007	0.007	0.01	0.04325722204196384	0.06100095172069317	0.05182975198924885	0.028614872787587637	0.0014779091492101045	0.22993966889815254	0.5801302376080535	1.1180342577372675	0.24108934273607144	0.003561542062687353	90.66066224967481	0.034310188547670796
0.6096721682377382	0.01	0.007	0.007	0.007	0.01	0.04307755702870078	0.060627579935301164	0.05007686481293191	0.02801492500304799	0.0015751751434663567	0.24604042395952702	0.6158864742618667	1.1857900594683892	0.25810140431715384	0.00387548455616943	90.11576095152013	0.03426822137760211
0.6464003145817547	0.01	0.007	0.007	0.007	0.01	0.042867687134173965	0.06024038212347388	0.04822041214139064	0.027316790978441887	0.0016833686194832013	0.26260669904559364	0.6525300564919844	1.2532649159845928	0.27524971379480384	0.004221794545581914	89.55252609316081	0.034224629089826056
0.6845372522249967	0.01	0.007	0.007	0.007	0.01	0.042632169409261206	0.05984016788308604	0.046286954295284906	0.026532525254339703	0.0018031620314096577	0.2796091126956403	0.6899994508279282	1.3201096927238691	0.29243171208638913	0.004604060165113877	88.97141220852102	0.034179423404791826
0.7240286228989216	0.01	0.007	0.007	0.007	0.01	0.04237523308076005	0.05942808972733029	0.04430485534665524	0.025676308083608695	0.001935127579397039	0.29699715457978626	0.7281850130448859	1.3859268579336819	0.3095276569560263	0.005025642716668905	88.37363392336268	0.03413267516783498
0.7647613151063061	0.01	0.007	0.007	0.007	0.01	0.042100918441067635	0.05900577945362625	0.04230366345878128	0.024764305086965546	0.002079639438284501	0.3146967930386116	0.7669246225992126	1.4502820316136746	0.3264035920752604	0.005489406995206863	87.76127322321699	0.0340845244905137
0.8065749321533147	0.01	0.007	0.007	0.007	0.01	0.041813053804458836	0.05857524979054348	0.0403122930167751	0.023813834780188125	0.002236831200551344	0.33261719677064777	0.8060193095790702	1.512747516397175	0.34292331228091943	0.005997615697192527	87.13707559612013	0.034035166689641475
0.8492943338237448	0.01	0.007	0.007	0.007	0.01	0.041515066001985956	0.058138571373750364	0.038356398443421556	0.022841892208277037	0.0024066451513653675	0.35066593037356003	0.8452670628894927	1.5729648935365217	0.3589662505757079	0.006552105535419578	86.50394096841973	0.03398481349229445
0.8927601298035317	0.01	0.007	0.007	0.007	0.01	0.04120980447778717	0.057697575357955	0.036456472240214186	0.021863778290304784	0.002588913136208623	0.36876207020134294	0.8844915754735327	1.6306845413044428	0.37443988259836025	0.007154563108947107	85.8644655982419	0.03393365698071535
0.9368442641326624	0.01	0.007	0.007	0.007	0.01	0.04089948742801787	0.057253713494635046	0.03462731001625399	0.02089232687024192	0.0027834145770476897	0.38684203973610204	0.9235547788361533	1.6857698202506863	0.38928268467267163	0.007806730894935046	85.22072160858293	0.033881851378806414
0.9814530191224908	0.01	0.007	0.007	0.007	0.01	0.04058575181263825	0.05680804676622561	0.03287848298948272	0.01993770941716246	0.0029899027507451536	0.404859758801165	0.9623568987881816	1.7381795123920305	0.4034607749386763	0.008510511881623228	84.57422941331517	0.03382950977450898
1.0265243932316797	0.01	0.007	0.007	0.007	0.01	0.040269746158004875	0.056361288465067085	0.031215233866952213	0.01900758479766239	0.003208114211252859	0.42278443748702754	1.000831409742817	1.7879444226377936	0.4169623907877581	0.009268017641135145	83.92601348572104	0.03377670747735118
1.0720243442228634	0.01	0.007	0.007	0.007	0.01	0.039952224527902466	0.055913855579871184	0.029639428242873325	0.018107401698471488	0.0034377742900477694	0.4405980344881585	1.038939300948326	1.835146207181999	0.42979247799387515	0.010081602105395151	83.27667296203431	0.03372348668565853
1.1179437124387217	0.01	0.007	0.007	0.007	0.01	0.039633624479041334	0.05546591086056352	0.028150403854143666	0.01724074456286181	0.003678604718634511	0.45829313772218405	1.0766642846372627	1.8799007157255778	0.441968163723975	0.010953904199791451	82.62644038083154	0.03366986032707415
1.1642962377119523	0.01	0.007	0.007	0.007	0.01	0.03931412573837797	0.05501739235279813	0.026745673723693464	0.016409671080488582	0.003930334759839102	0.4758713974337229	1.1140092087595106	1.9223456447185574	0.4535151916320352	0.011887908955726305	81.97522317881435	0.03361581459689023
1.2111178706797618	0.01	0.007	0.007	0.007	0.01	0.03899368984108923	0.05456802933580355	0.025421478268274636	0.015615014365101758	0.0041927167759773475	0.4933425375421032	1.1509937098447451	1.9626318648066023	0.46446524294711977	0.012887036680535237	81.3226259592147	0.033561309973751924
1.2584674769617454	0.01	0.007	0.007	0.007	0.01	0.03867208239233588	0.05411734460545053	0.02417320122579305	0.014856639369895584	0.0044655468278783006	0.5107239218593246	1.1876530343473846	2.0009176732656604	0.4748540036502546	0.013955270347720962	80.66795319124026	0.03350628061539774
1.3064293204769786	0.01	0.007	0.007	0.007	0.01	0.038348877747051625	0.053664640362874445	0.02299566439855015	0.014133648050748989	0.0047486925187212575	0.5280407494458725	1.2240381590254188	2.037365503100468	0.4847198879663803	0.015097340395662677	80.01018820493454	0.03345063170622786
1.355118155853891	0.01	0.007	0.007	0.007	0.01	0.03802344288784118	0.05320896108270895	0.021883311977722694	0.013444529199963145	0.0050421329155411355	0.545327090397113	1.2602176169969241	2.0721409123054375	0.49410338719789526	0.016319002406455053	79.34793874420625	0.033394233822596556
1.4046884341302184	0.01	0.007	0.007	0.007	0.01	0.03769489293423685	0.0527490210877623	0.02083028858434005	0.012787247932232983	0.005346019320933537	0.5626281650485642	1.2962818133493295	2.105413976829144	0.5030470767364097	0.017627471049869364	78.67933113767633	0.033336912618332326
1.4553506313792235	0.01	0.007	0.007	0.007	0.01	0.03736200136093423	0.052283071874998345	0.019830398010409304	0.01215926152449687	0.005660774338229969	0.5800047039590078	1.3323514741757012	2.1373638212126966	0.5115964604291755	0.01903213380621621	78.00181667644328	0.03327843042551934
1.5074010614601212	0.01	0.007	0.007	0.007	0.01	0.03702302765207318	0.05180865610192071	0.018876894580339823	0.011557427959834646	0.005987265979592429	0.5975411858354395	1.3685937701588682	2.168188245476443	0.5198021330395974	0.020545802672030197	77.31181277846458	0.033218452565991805
1.5612779337089682	0.01	0.007	0.007	0.007	0.01	0.03667538738125694	0.051322142602235436	0.017962007389677535	0.010977742079040082	0.006327129410044723	0.6153614999400271	1.4052530651006971	2.198122299082212	0.5277241954258778	0.022187036778061085	76.6040248770377	0.03315648394416742
1.6176615970385293	0.01	0.007	0.007	0.007	0.01	0.036315064235693466	0.05081790135816172	0.01707612585124213	0.010414853776263236	0.006683328943656644	0.6336565051897209	1.4427047395846855	2.2274691065128667	0.5354396212771236	0.023984395239947897	75.87024296263534	0.03309175582850489
1.677494284092362	0.01	0.007	0.007	0.007	0.01	0.03593657371486871	0.05028825120821227	0.016208703444165112	0.009862682265587197	0.007060124826339786	0.6526818613667251	1.4814462819114798	2.2565747529492954	0.5430345580213976	0.025978866752550924	75.09926055402278	0.03302320644146444
1.7397224114348915	0.01	0.007	0.007	0.007	0.01	0.03554712210751951	0.049743271978258084	0.01537824984834094	0.009333580535456219	0.00744875987646744	0.6720528850619838	1.5206683263773557	2.284805426186897	0.5503396536987675	0.028145541479951797	74.30572162252105	0.03295206327229924
1.7994590551545813	0.01	0.007	0.007	0.007	0.01	0.035177244326344406	0.04922568874204403	0.014643098122764302	0.008865205792549768	0.007816942377215183	0.6902575519129972	1.5573151218552947	2.310110611339873	0.5568298428692199	0.030310784256488234	73.55184354304716	0.032883912715090426
1.857807426395902	0.01	0.007	0.007	0.007	0.01	0.03481968907293057	0.04872535180305555	0.013978073289491627	0.008441815211270952	0.008170396864040294	0.7076771871863029	1.592180145023111	2.3332665401663184	0.5627153273032395	0.032502933545013525	72.82287008519552	0.03281748204267933
1.9144101283513983	0.01	0.007	0.007	0.007	0.01	0.03447631522573561	0.04824486090724572	0.013378415308211825	0.008060514685837185	0.008506162923947036	0.7242406647788137	1.6251418462701375	2.354368077131026	0.5680294648366211	0.03469895886585853	72.12261064308495	0.03275316708674129
1.9697109625950255	0.01	0.007	0.007	0.007	0.01	0.03414412015349406	0.04778001360224143	0.012831953345030895	0.007713602816905461	0.008826367798790041	0.7401107578711138	1.6565437125022682	2.3737838532902873	0.5728735558132378	0.036907096666222126	71.44496083102905	0.0326904531107719
2.0237096077363113	0.01	0.007	0.007	0.007	0.01	0.03382284662129953	0.04733044948760286	0.01233272499500142	0.007397277204909481	0.009130672561938443	0.7553148286246926	1.6864565222233747	2.391677520686561	0.5772956815294411	0.03911959336016017	70.78941228043475	0.03262933175881487
2.0766382055058075	0.01	0.007	0.007	0.007	0.01	0.03351088332833179	0.04689391358631367	0.011873622290975007	0.007106984044133337	0.009420203995419239	0.769942493628246	1.7150715440991613	2.4082638875923994	0.5813553583141788	0.04133900522333307	70.15269198148866	0.0325695325047076
2.128589820105937	0.01	0.007	0.007	0.007	0.01	0.033207486326352675	0.04646936473353994	0.01144977852763058	0.006839580775046538	0.009695382627962676	0.7840400890379808	1.7424923725327026	2.423685974799475	0.5850931728475834	0.043563140848209725	69.53329433307859	0.03251094363448281
2.1797191640265567	0.01	0.007	0.007	0.007	0.01	0.032911582701941555	0.046055301499596434	0.011056549984731701	0.006592065352585452	0.009957015729559059	0.7976674784553113	1.7688468831170863	2.4380854969381085	0.588548385754339	0.045793199208563236	68.92904020903481	0.03245338499357629
2.230129776771077	0.01	0.007	0.007	0.007	0.01	0.032622429009945955	0.04565068352110373	0.0106903273561782	0.006362092735433003	0.01020566743726195	0.8108675542794258	1.7942279961563865	2.451571956671045	0.5917515799118863	0.048028887724353264	68.33842121605167	0.03239673522746671
2.279935951229494	0.01	0.007	0.007	0.007	0.01	0.03233924597742185	0.045254420320762476	0.010347914312328234	0.006147584517305399	0.010441971278883005	0.8236834428677943	1.8187274004301555	2.4642440567683748	0.5947300070411705	0.0502709706438596	67.75985415921328	0.03234086182455052
2.3292287336358406	0.01	0.007	0.007	0.007	0.01	0.032061410690791214	0.04486564022963432	0.010026686730340618	0.005946829327589073	0.010666450898388196	0.8361499132713439	1.8424192419332606	2.4761829026944895	0.5975061047895379	0.052519678887506874	67.19207378786814	0.032285659231918964
2.378095950534089	0.01	0.007	0.007	0.007	0.01	0.03178833840110808	0.044483524990156745	0.009724370502932827	0.005758342941038131	0.010879613763268282	0.8482989666190968	1.865371098578187	2.4874594402606003	0.6000993805870134	0.054775515069417975	66.63389158853215	0.032231026235697346
2.4266123959243697	0.01	0.007	0.007	0.007	0.01	0.03151953504596996	0.04410738324809391	0.00943904531832194	0.005580869873285905	0.011081903463918626	0.8601576416856611	1.887640005060277	2.4981337272483755	0.6025263434854143	0.057038737285514576	66.08430330133726	0.032176876854016594
2.4748468437076556	0.01	0.007	0.007	0.007	0.01	0.03125455512978511	0.043736591611903894	0.009169049427408376	0.005413322996296417	0.011273730914921372	0.8717500507799778	1.9092764994632851	2.508258013802459	0.6048013046572105	0.059309619053080444	65.54240301348412	0.032123132392638545
2.522859596786231	0.01	0.007	0.007	0.007	0.01	0.030993013080694274	0.04337061054368504	0.008912954415145639	0.005254766896277706	0.011455464349271714	0.8830970033535953	1.9303240717813985	2.517877321421404	0.6069365827254205	0.06158828532593184	65.00740652534496	0.03206972410173571
2.570705291187534	0.01	0.007	0.007	0.007	0.01	0.030734565790146138	0.043008959925875154	0.008669516598622853	0.005104386777621923	0.011627441860194534	0.8942168825132861	1.9508209429217636	2.5270309759176914	0.6089429124154613	0.06387480185575331	64.47861577708282	0.0320165899775922
2.618433192976066	0.01	0.007	0.007	0.007	0.01	0.030478909399408276	0.04265121456420451	0.008437649712541375	0.00496147071899206	0.011789973465461564	0.9051258732343593	1.9708006016005337	2.535753405836865	0.6108296741938941	0.06616915536797768	63.9554123811183	0.031963674375357604
2.666087229796631	0.01	0.007	0.007	0.007	0.01	0.030225777648904887	0.0422970018776983	0.008216403188441912	0.004825395484317665	0.011943342796486033	0.9158381139117048	1.9902921886043154	2.5440747779348776	0.612605079546816	0.06847122618717026	63.43725434222587	0.03191092792043222
2.713707279900929	0.01	0.007	0.007	0.007	0.01	0.02997493370570125	0.041945990462602875	0.008004938264401911	0.004695611111102374	0.012087813041509589	0.926366113773501	2.0093213519255197	2.552021751718662	0.6142763734768817	0.07078082640973148	62.92365941605065	0.03185830603325839
2.7613294569901035	0.01	0.007	0.007	0.007	0.01	0.029726167608481364	0.04159788651703615	0.007802512390869194	0.004571630719486828	0.012223629143663008	0.9367209178260274	2.027910622613901	2.5596179508409427	0.6158499682380777	0.07309769429367283	62.414199948374176	0.03180576857625747
2.808986757739157	0.01	0.007	0.007	0.007	0.01	0.029479291956656214	0.041252427808643424	0.007608464527931122	0.004453020959062425	0.01235102097660883	0.9469123367341006	2.0460798963386466	2.56688442327001	0.6173315687898056	0.07542150960016114	61.908494108826105	0.03175327910557528
2.8567093913810173	0.01	0.007	0.007	0.007	0.01	0.02923413942686976	0.0409093801993871	0.007422203966682361	0.004339394698256905	0.012470205331162663	0.9569490917824243	2.0638467503530564	2.5738399863826977	0.6187262689991956	0.0777518963541474	61.40620085608527	0.031700804479824624
2.9045251942260677	0.01	0.007	0.007	0.007	0.01	0.028990559969369438	0.04056853372237286	0.007243200469942645	0.004230404590110114	0.012581387956959775	0.9668389664889284	2.0812267632892967	2.580501536094491	0.6200386362063609	0.08008843201374488	60.907014239281565	0.03164831437972142
2.952459918532914	0.01	0.007	0.007	0.007	0.01	0.02874841876337775	0.040229699720767925	0.0070709763038659355	0.0041257378533836415	0.012684765081930068	0.9765889211216415	2.098233760826478	2.5868842957598606	0.6212727799189937	0.08243065237517964	60.41065924702299	0.0315957809701741
3.000537525356385	0.01	0.007	0.007	0.007	0.01	0.028507594242731832	0.039892708085047926	0.006905099374218503	0.0040251117787388595	0.012780524779279195	0.9862051995214528	2.114880040975826	2.5930020321108223	0.6224324108577628	0.08477805817844446	59.916887794405156	0.03154317856143128
3.04878041401674	0.01	0.007	0.007	0.007	0.01	0.028267976522515056	0.039557405051361974	0.00674517752188527	0.003928269984952502	0.012868848039816716	0.9956934155292443	2.131176557666175	2.598867234551235	0.6235208901720909	0.08713011984093576	59.425475526654836	0.03149048334278653
3.097209621529287	0.01	0.007	0.007	0.007	0.01	0.028029466041575288	0.03922365130199202	0.006590853677309066	0.0038349792350313664	0.012949909660796682	1.005058627329694	2.14713307837579	2.6044912677570884	0.6245412712808859	0.08948628172079715	58.936219061059624	0.03143767315166103
3.1458450223457253	0.01	0.007	0.007	0.007	0.01	0.027791972262274266	0.03889132014589533	0.006441801648133477	0.003745026669503372	0.01302387901768631	1.0143054064721015	2.162758328100724	2.609884504903755	0.6254963360856743	0.09184596720161067	58.44893334238505	0.031384727244634196
3.194705452066934	0.01	0.007	0.007	0.007	0.01	0.027555412793729972	0.03856029629185032	0.006297722672552073	0.0036582175316139014	0.013090920613057768	1.0234378877083463	2.1780600968194666	2.615056436014541	0.6263886249229182	0.09420858073757443	57.9634498637511	0.03133162615330052
3.2438088718559426	0.01	0.007	0.007	0.007	0.01	0.027319712357064138	0.03823047440051423	0.006158342280989017	0.003574373103607959	0.01315119461134206	1.032459822854823	2.1930453505417753	2.6200157675366027	0.6272204634579684	0.09657351241514592	57.47961456062648	0.03127835149742286
3.2931724674275134	0.01	0.007	0.007	0.007	0.01	0.02708480210612792	0.037901758133909176	0.006023407724429798	0.0034933290064037515	0.013204857206761806	1.0413746189674153	2.207720313045308	2.6247705033537736	0.6279939850143298	0.09894013978164543	56.997286431819376	0.031224885870742156
3.342812767295561	0.01	0.007	0.007	0.007	0.01	0.026850618886062605	0.0375740591179175	0.0058926856541540625	0.0034149336693689056	0.01325206096162515	1.0501853773335244	2.2220905465452225	2.629328018288257	0.6287111504858821	0.1013078309646945	56.51633603085121	0.031171212707109926
3.392745731752939	0.01	0.007	0.007	0.007	0.01	0.026617104660419146	0.0372472961406448	0.005765960148349588	0.003339047025098633	0.013292955058269345	1.0588949246061146	2.236161017112223	2.6336951204075767	0.6293737653679291	0.10367594667103341	56.036644301513604	0.031117316179523763
3.4429868255065856	0.01	0.007	0.007	0.007	0.01	0.02638420603813487	0.03692139449051443	0.005643031001876798	0.00326553937639969	0.01332768549927817	1.0675058390219345	2.249936150226672	2.6378781049927915	0.6299834945697567	0.10604384165178928	55.55810161700512	0.031063181117772617
3.4935511075042913	0.01	0.007	0.007	0.007	0.01	0.026151873741768056	0.036596285212161746	0.005523712164453461	0.003194290364870765	0.013356395286443407	1.0760204777404703	2.2634198864030695	2.641882803968547	0.6305418757081935	0.10841086717379657	55.08060669699203	0.031008792908438065
3.5444532915363287	0.01	0.007	0.007	0.007	0.01	0.025920062231906092	0.03627190458086478	0.005407830418492411	0.0031251880940408616	0.013379224545547767	1.0844409974173248	2.2766157243454894	2.645714627542509	0.6310503305012857	0.1107763722555558	54.60406584424198	0.030954137427277362
3.5957077904244117	0.01	0.007	0.007	0.007	0.01	0.02568872942147597	0.03594819370277775	0.005295224232299421	0.003058128366940341	0.013396310625304409	1.092769370756811	2.289526756534176	2.649378600298409	0.6315101747495098	0.113139704278258	54.12839236508211	0.03089920098988668
3.6473288018775283	0.01	0.007	0.007	0.007	0.01	0.025457836216400267	0.03562509787216325	0.005185742643043622	0.0029930139501598584	0.01340778819256538	1.1010074086201707	2.3021557122316936	2.6528793964379602	0.6319226275841717	0.11550021162388442	53.6535056318591	0.030843970258344188
3.6993303236166715	0.01	0.007	0.007	0.007	0.01	0.02522734639008325	0.03530256639576235	0.0050792444036080004	0.0029297540027909776	0.013413789285212776	1.1091567694466151	2.314504979657511	2.6562213664797243	0.6322888190776743	0.11785724312120864	53.17933083092467	0.030788432224331315
3.7517262276097587	0.01	0.007	0.007	0.007	0.01	0.024997226203830058	0.034980552061640635	0.004975597093082785	0.0028682634904735674	0.01341444337078898	1.1172189772511236	2.3265766404622297	2.6594085651823076	0.6326097975203253	0.12021015027296612	52.70579818742719	0.030732574129492565
3.804530294126829	0.01	0.007	0.007	0.007	0.01	0.024767444219818045	0.03465901087747762	0.004874676396524167	0.002808462706169985	0.013409877381706736	1.1251954322015933	2.3383724918390167	2.6624447739984407	0.6328865355894298	0.12255828767429244	52.2328425853695	0.03067638342940018
3.857756282020241	0.01	0.007	0.007	0.007	0.01	0.024537970967232467	0.034337901603383694	0.004776365387116434	0.0027502767978022594	0.013400215738516526	1.1330874258326198	2.3498940746351886	2.6653335232930626	0.6331199360427406	0.12490101506559513	51.76040288479845	0.03061984771950618
3.9114179009939116	0.01	0.007	0.007	0.007	0.01	0.02430877904227486	0.03401718589184851	0.0046805540546427105	0.0026936354465647164	0.013385580380930948	1.1408961408787048	2.3611426781315346	2.668078107082817	0.6333108363656879	0.12723769506989782	51.28842213159767	0.030562954765774593
3.965528908657405	0.01	0.007	0.007	0.007	0.01	0.024079842676185282	0.033696827683263875	0.0045871386542199665	0.0026384724430548027	0.013366090778239291	1.148622669148334	2.3721193706851915	2.67068160298368	0.6334600135128446	0.1295676964653336	50.816846671690556	0.03050569240309864
4.0201031165049255	0.01	0.007	0.007	0.007	0.01	0.023851137706573326	0.033376793165809146	0.0044960212759006385	0.0025847253980035836	0.01334186394762072	1.1562680151310571	2.382825008766756	2.6731468854357647	0.6335681877450562	0.1318903934241806	50.34562609499603	0.030448048531024823
4.075154450921017	0.01	0.007	0.007	0.007	0.01	0.02362264132286684	0.0330570504192513	0.004407109361044786	0.0025323354249668414	0.013313014453005964	1.1638331069767498	2.393260255966785	2.6754766402376178	0.6336360262351076	0.13420516712473957	49.8747127137427	0.030390011051647677
4.130696975733542	0.01	0.007	0.007	0.007	0.01	0.023394331983631552	0.03273756929924981	0.004320315325905784	0.002481246889417846	0.013279654413594404	1.1713188013645401	2.4034255926817694	2.677673375846152	0.633664146176173	0.13651140567226674	49.40406139434627	0.030331567848723397
4.186744941695162	0.01	0.007	0.007	0.007	0.01	0.023166189230068933	0.03241832117637948	0.00423555617683912	0.0024314071556717147	0.013241893497218063	1.178725891555701	2.413321329647385	2.6797394346414105	0.6336531175913446	0.13880850512110468	48.93362917493376	0.030272706738875305
4.243312811510559	0.01	0.007	0.007	0.007	0.01	0.0229381936092456	0.032099278828703975	0.004152753197152435	0.002382766378505532	0.01319983892533609	1.1860551115682108	2.4229476155826606	2.681677002061937	0.6336034658054481	0.14109586942518892	48.463375108633485	0.030213415449089818
4.300415316323496	0.01	0.007	0.007	0.007	0.01	0.022710326478133747	0.03178041616756403	0.00407183161613958	0.0023352772865672822	0.013153595455203776	1.1933071439692204	2.4323044490889214	2.683488115861387	0.6335156736211156	0.14337291161728777	47.99325986069085	0.030153681561732367
4.358067491561992	0.01	0.007	0.007	0.007	0.01	0.022482569902000902	0.0314617080953914	0.003992720337970712	0.002288895003035473	0.013103265372660267	1.2004826243254616	2.441391685429399	2.685174673561969	0.6333901832115038	0.1456390540539504	47.523245499668775	0.03009349248189251
4.416284718218521	0.01	0.007	0.007	0.007	0.01	0.022254906539862198	0.031143130345418272	0.003915351686978668	0.0022435768777331914	0.013048948480865902	1.2075821458523939	2.450209043035303	2.6867384392259943	0.6332273977691624	0.14789372880380702	47.05329526159246	0.030032835399633116
4.475082777786002	0.01	0.007	0.007	0.007	0.01	0.022027319486810724	0.03082465926104472	0.00383966115827691	0.002199282324059499	0.012990742075098349	1.2146062651601435	2.4587561107355977	2.6881810497226404	0.6330276828794306	0.15013637846424188	46.58337322464388	0.02997169723870018
4.5344779217201605	0.01	0.007	0.007	0.007	0.01	0.0217997920736773	0.030506271515494877	0.0037655871742592398	0.0021559726609446765	0.012928740898565872	1.2215555089857537	2.4670323553220315	2.6895040203683753	0.6327913675813089	0.1523664573780342	46.1134438951521	0.02991006459101308
4.5944868841034125	0.01	0.007	0.007	0.007	0.01	0.021572307896991508	0.03018794415374175	0.0036930709333580763	0.002113611010154805	0.012863037155751149	1.2284303736098554	2.475037119628703	2.6907087484501226	0.6325187454276393	0.15458343057034554	45.64347226871455	0.029847923710960338
4.655126984078097	0.01	0.007	0.007	0.007	0.01	0.02134485051649073	0.029869654169219304	0.003622056165003581	0.0020721621399908273	0.012793720433279808	1.2352313342111265	2.4827696318176566	2.691796518040545	0.632210075001232	0.15678677592503534	45.17342320425535	0.029785260417369803
4.716416176190191	0.01	0.007	0.007	0.007	0.01	0.021117403368831215	0.029551378383073403	0.0035524889708456607	0.002031592360605063	0.012720877671434117	1.241958847270021	2.4902290054063565	2.6927685027305843	0.6318655803987092	0.15897598419217535	44.70326124394363	0.029722060050667617
4.778373128224089	0.01	0.007	0.007	0.007	0.01	0.020889949592350437	0.02923309319894309	0.003484317650607847	0.001991869411374473	0.012644593105775115	1.248613355385852	2.4974142412721996	2.6936257681514837	0.6314854513938346	0.1611505598160173	44.23295024878	0.029658307402668498
4.841017315814942	0.01	0.007	0.007	0.007	0.01	0.02066247180921844	0.028914774298113715	0.0034174925288165117	0.0019529623497787218	0.012564948186185358	1.2551952929724373	2.504324229474034	2.694369273849457	0.6310698432751489	0.1633100220978863	43.76245294531568	0.0295939866304436
4.904369088361563	0.01	0.007	0.007	0.007	0.01	0.020434952032058723	0.028596396508844893	0.0033519658305972023	0.0019148414697492617	0.012482021531722273	1.2617050879808762	2.5109577457171124	2.694999873960635	0.6306188766594717	0.16545390509486013	43.291730729024096	0.02952908120111357
4.9684498158987385	0.01	0.007	0.007	0.007	0.01	0.020207371299740873	0.02827793329671651	0.003287691489989054	0.0018774781815578785	0.012395888781747315	1.2681431710473683	2.517313454280605	2.69551831793365	0.6301326365432411	0.16758175998869704	42.820742906618946	0.029463573755187242
5.033281966350241	0.01	0.007	0.007	0.007	0.01	0.019979709590720006	0.027959356643356675	0.0032246250506792664	0.0018408449462574592	0.012306622536511264	1.274509976204098	2.5233899007253564	2.6959252495288224	0.6296111715981918	0.1696931547104065	42.34944651151426	0.029397446043202918
5.098889275298033	0.01	0.007	0.007	0.007	0.01	0.01975194543483655	0.027640636503211538	0.0031627234917166345	0.001804915167193521	0.012214292175863627	1.2808059496914435	2.5291855110957706	2.6962212056649517	0.6290544925503915	0.17178767625822994	41.87779549424089	0.029330678769813285
5.165296886081743	0.01	0.007	0.007	0.007	0.01	0.019524055666328515	0.027321740457918926	0.0031019451052803925	0.0017696631124541468	0.012118963717076488	1.2870315541610011	2.5346985844840613	2.6964066138305953	0.6284625704999238	0.17386493151487412	41.40574020371807	0.029263251470802568
5.232531548305397	0.01	0.007	0.007	0.007	0.01	0.019296015012841335	0.027002633141184656	0.003042249341168758	0.0017350638186223542	0.012020699592489864	1.2931872767737076	2.5399272869070644	2.6964817885653463	0.6278353344661098	0.17592454937195603	40.933226527422036	0.029195142333532587
5.300621810913396	0.01	0.007	0.007	0.007	0.01	0.019067795749560145	0.026683275754786084	0.002983596680938919	0.0017010930123293744	0.011919558436899368	1.2992736347407274	2.5448696401229727	2.696446926536092	0.627172668658804	0.1779661820104585	40.46019516463164	0.02912632802633191
5.369598283681829	0.01	0.007	0.007	0.007	0.01	0.018839367174003686	0.026363625333618215	0.0029259484772555452	0.0016677270122048388	0.011815594779179197	1.3052911848471185	2.5495235106617717	2.6963021001983103	0.6264744087704379	0.1799895075125622	39.98658052602641	0.029056783462508052
5.439493940105465	0.01	0.007	0.007	0.007	0.01	0.01861069500871555	0.026043633909840873	0.0028692667894305757	0.0016349426292036101	0.011708858675755789	1.3112405337665318	2.553886595324986	2.696047249558157	0.6257403374362995	0.18199423273799492	39.51230948116092	0.02898648152743867
5.510344451279877	0.01	0.007	0.007	0.007	0.01	0.018381740777179047	0.025723247639554185	0.002813514226944379	0.0016027170720991323	0.011599395304568319	1.3171223478310907	2.5579564015203964	2.6956821718406085	0.6249701789243507	0.18398009600101684	39.0373000474039	0.02891539278007484
5.5821886263595495	0.01	0.007	0.007	0.007	0.01	0.01815246092240817	0.025402405569385975	0.002758653745668015	0.0015710278261695664	0.011487244406043196	1.322937367986901	2.56173022558568	2.6952065083895476	0.6241635921741715	0.18594687146753025	38.561459541513535	0.028843485054082487
5.6550689158414	0.01	0.007	0.007	0.007	0.01	0.017922805835800446	0.025081038277501126	0.0027046484418561424	0.0015398525311785558	0.011372439639273871	1.32868642515357	2.565205123993629	2.694619728333904	0.623320162505388	0.18789437365057	38.0846825404072	0.028770723004408475
5.729032039174034	0.01	0.007	0.007	0.007	0.01	0.01769271862477769	0.024759066149080106	0.0026514613052921595	0.0015091688363509284	0.011255007762351485	1.3343704599576176	2.56837787845103	2.6939211080612666	0.6224393911880371	0.18982246332489533	37.606848294276155	0.028697067539605676
5.804129785202113	0.01	0.007	0.007	0.007	0.01	0.017462133507617116	0.024436397130102268	0.002599054911627822	0.00147895422091014	0.011134967563848257	1.3399905488969066	2.5712449532385153	2.6931097050698347	0.6215206820834133	0.19173105553952186	37.12781735857838	0.02862247509450714
5.880419973666917	0.01	0.007	0.007	0.007	0.01	0.017230973921684496	0.02411292408007208	0.0025473910805530334	0.0014491857956334714	0.011012328571184591	1.3455479339567258	2.5738024396745565	2.6921843251265423	0.6205633252378759	0.19362012868710948	36.647427621843335	0.028546896758673307
5.957967743526872	0.01	0.007	0.007	0.007	0.01	0.01699914990128234	0.023788521102674612	0.0024964304075714484	0.0014198400323753092	0.010887089281425625	1.3510440653793654	2.57604598803886	2.6911434794127085	0.619566475070997	0.19548973788159138	36.165488804554286	0.028470277100850122
6.036847159530236	0.01	0.007	0.007	0.007	0.01	0.01676655484714838	0.02346303902512649	0.00244613171058904	0.0013908924455231751	0.010759234942074992	1.356480652938276	2.5779707177137583	2.689985329459886	0.6185291227634656	0.19734003100739297	35.68177567848745	0.028392552705068373
6.117143385537849	0.01	0.007	0.007	0.007	0.01	0.01653306106692117	0.023136299157668044	0.0023964512708942753	0.0013623171562876127	0.010628734503717114	1.361859738322313	2.5795711016776246	2.688707613748488	0.6174500590509842	0.1991712716389709	35.19601871085338	0.028313650182090307
6.198955618052139	0.01	0.007	0.007	0.007	0.01	0.01629851370741743	0.022808084802620313	0.0023473418139292736	0.0013340863088589885	0.01049553646340651	1.3671837940376432	2.5808408124992237	2.6873075486554403	0.6163278239115106	0.2009838705447969	34.70789133614349	0.0282334834798997
6.282401140814714	0.01	0.007	0.007	0.007	0.01	0.016062722299646243	0.02247812942280267	0.0022987511011847016	0.0013061692650400357	0.010359563065032721	1.372455861937098	2.5817725125952093	2.685781691848384	0.6151606369745315	0.20277843003918303	34.21699222274688	0.02815195015903993
6.3676211526332835	0.01	0.007	0.007	0.007	0.01	0.015825448461803282	0.022146099433589896	0.002250619885845584	0.0012785314361191261	0.010220701879032254	1.377679756888706	2.5823575615351766	2.684125747579419	0.6139462976975254	0.20455580955036448	33.722819487866055	0.028068926025140353
6.454789396053029	0.01	0.007	0.007	0.007	0.01	0.015586387518313871	0.021811568481351067	0.002202878861562775	0.0012511325406164254	0.010078793226986021	1.3828603736124503	2.582585592625113	2.6823342802453896	0.612682037768748	0.206317224822699	33.22473216267172	0.02798425716474035
6.544125626681925	0.01	0.007	0.007	0.007	0.01	0.015345139458368965	0.0214739768040549	0.002155443827727645	0.0012239238445838402	0.009933610371719533	1.3880041771204674	2.5824438746852683	2.680400272102292	0.6113642914668044	0.20806440719970037	32.72188932458724	0.027897747481032673
6.63591775839253	0.01	0.007	0.007	0.007	0.01	0.015101160678461099	0.02113256370190581	0.0021082076326792076	0.001196843563584841	0.009784826681278813	1.3931200256446226	2.5819162954556276	2.67831440314432	0.6099883192053145	0.20979987189696125	32.2131489784509	0.027809138153941464
6.73056122596167	0.01	0.007	0.007	0.007	0.01	0.014853677199389846	0.020786246097254102	0.0020610256131540316	0.0011698085530798003	0.009631956786912385	1.3982206672851711	2.580981622981368	2.676063786459795	0.6085475410113179	0.21152740773492873	31.696886259337845	0.02771807104062466
6.828636281870474	0.01	0.007	0.007	0.007	0.01	0.014601512303478566	0.020433377338645926	0.002013686516809199	0.0011426977128543257	0.009474240147619172	1.4033257453603465	2.579610226305608	2.673629515576084	0.6070322330672943	0.21325306391474713	31.170632452553598	0.027624016632673117
6.931083088881698	0.01	0.007	0.007	0.007	0.01	0.014342691740526634	0.020071194747251737	0.001965845505696404	0.0011153137444876594	0.009310375409616043	1.4084687570695853	2.5777569567063865	2.670981180168166	0.6054265880308528	0.2149874420344124	30.630248387387965	0.02752611048594734
7.039710990153781	0.01	0.007	0.007	0.007	0.01	0.014073280674436585	0.019694192110284253	0.001916825239656818	0.0010872695812561845	0.009137741928137606	1.413717820409177	2.5753415405925275	2.6680611722397574	0.6037002133172601	0.21675255943725413	30.067490015657402	0.027422676216096793
7.159288193408979	0.01	0.007	0.007	0.007	0.01	0.013782580088324583	0.019287397890692195	0.0018647915699482396	0.0010575177110231278	0.008949192315662477	1.4192619630316405	2.572170329727002	2.6647207979425267	0.6017733376493872	0.21861041681979296	29.459955344522317	0.027309265499232255
7.291360864063296	0.01	0.007	0.007	0.007	0.01	0.01346849777572793	0.018847884504433064	0.0018095400866755807	0.001025944076820161	0.008742940113145284	1.4251120142139897	2.5680738304123265	2.6608867321679646	0.5996152137675953	0.22056228918511234	28.803191835475904	0.027184548722496947
7.398761388473674	0.01	0.007	0.007	0.007	0.01	0.013218389095694371	0.018497890315101958	0.001766235559559496	0.0010012105670417397	0.008576854151058676	1.4296662078965652	2.5643052651948417	2.6576634136283004	0.5978388221391552	0.22207479168984173	28.279925936461265	0.027083549977706466
7.503099832197063	0.01	0.007	0.007	0.007	0.01	0.012979873741126201	0.018164120348635352	0.001725491908885281	0.000977949959055467	0.008417017169037342	1.4339229387480201	2.5602860722052836	2.654446369999094	0.5960960008600271	0.2234821651258072	27.780683836563703	0.026985790151566467
7.606021376420022	0.01	0.007	0.007	0.007	0.01	0.012748827495787665	0.017840802445731926	0.0016865241163770593	0.0009557124064530433	0.0082608832546044	1.4379657788973523	2.5559906505107683	2.6511944960096456	0.5943614618153547	0.22481245685465223	27.29685675701944	0.02688970360906702
7.707199696509926	0.01	0.007	0.007	0.007	0.01	0.012525716321268093	0.01752858845168581	0.00164934820966105	0.0009345057429880685	0.008108934771553977	1.4417943150820713	2.551461388564422	2.647925431826258	0.5926423986218067	0.22606586240071475	26.829438703568794	0.026795578016189463
7.806856889353128	0.01	0.007	0.007	0.007	0.01	0.01230978863081138	0.017226426610607047	0.0016137818360850594	0.0009142247589645785	0.007960813918487875	1.4454288122781265	2.5467156339699573	2.6446388643689125	0.5909366025276516	0.2272493898000953	26.376872791824766	0.026703189612000557
7.905207906985687	0.01	0.007	0.007	0.007	0.01	0.012100352148104728	0.01693334818206156	0.0015796619606589038	0.0008947754702200973	0.007816178303764462	1.4488873753007703	2.5417667997448565	2.641333614154358	0.5892417423882155	0.2283692910720516	25.937723641825375	0.026612324428507805
8.002432768045763	0.01	0.007	0.007	0.007	0.01	0.01189682726399018	0.016648542089799847	0.0015468518434975662	0.0008760790554998649	0.0076747422966370665	1.4521852528527097	2.536626418959831	2.6380087459770905	0.5875558851487119	0.2294308420038438	25.5107896811445	0.026522803594147656
8.098683370830097	0.01	0.007	0.007	0.007	0.01	0.011698724454827268	0.01637132331968862	0.0015152356809253903	0.0008580687644486806	0.007536265883720189	1.455335419275534	2.531304566969339	2.6346635359253163	0.5858774214820849	0.23043854114942722	25.0950563092797	0.026434476448512233
8.194087874139678	0.01	0.007	0.007	0.007	0.01	0.011505628726987597	0.01610111115157427	0.001484714804163433	0.000840687722729235	0.007400547281426819	1.458348990573185	2.5258102251649857	2.631297473316264	0.5842050229006646	0.23139625287590437	24.689663673794854	0.02634721603614381
8.288754948907647	0.01	0.007	0.007	0.007	0.01	0.011317185743631147	0.01583740974562766	0.001455204455236615	0.0008238870729431197	0.007267415907847906	1.4612355754764073	2.520151515492553	2.6279102320591328	0.5825375933627951	0.23230732755943323	24.293877883011472	0.026260914821252805
8.382777136896337	0.01	0.007	0.007	0.007	0.01	0.011133090935520578	0.015579792904483317	0.0014266312738030061	0.0008076245257913456	0.007136726819279535	1.4640035491705625	2.51433587710567	2.624501645740526	0.5808742304888552	0.23317469529398008	23.907068406600192	0.026175481306338882
8.476233605890068	0.01	0.007	0.007	0.007	0.01	0.010953080723304077	0.015327891790090135	0.0013989312949649205	0.0007918632062021459	0.007008356162336127	1.4666602710414491	2.5083701958382627	2.6210716832437373	0.5792141928603657	0.23400094034529192	23.52868985127429	0.0260908372690924
8.569192374210862	0.01	0.007	0.007	0.007	0.01	0.010776925494873626	0.015081385096541607	0.0013720483573420729	0.0007765707360617537	0.006882197508509238	1.4692122575996753	2.5022609021171656	2.6176204274012673	0.5775568732389589	0.23478836022825805	23.158267377224398	0.02600691553568961
8.66171216370922	0.01	0.007	0.007	0.007	0.01	0.01060442386440418	0.014839991016434791	0.0013459328146157078	0.00076171849200946	0.0067581588231560375	1.4716653220276397	2.4960140425083694	2.614148054730325	0.5759017757205893	0.23553901328775803	22.795384771479217	0.02592365813388797
8.753843866836089	0.01	0.007	0.007	0.007	0.01	0.010435398112252237	0.014603460859672616	0.001320540509819422	0.0007472810145536145	0.006636160063351321	1.474024685205929	2.4896353374461464	2.6106548197105592	0.5742484977097674	0.2362547565445423	22.4396749748362	0.025841014829261436
8.845632320713417	0.01	0.007	0.007	0.007	0.01	0.01026968944797333	0.014371572424733478	0.0012958317899886352	0.0007332354416383458	0.006516130473789718	1.4762950796161551	2.4831301853397982	2.607141019399702	0.5725967047327323	0.23693728049508886	22.090810211207785	0.025758941416731646
8.93711610762685	0.01	0.007	0.007	0.007	0.01	0.010107157148069342	0.014144128792101935	0.001271771151413144	0.0007195613018626492	0.006398008550371395	1.4784807924743013	2.476503780866919	2.6036070272513716	0.5709461394715943	0.23758812489780193	21.748500253931958	0.025677399801831684
9.028329250646308	0.01	0.007	0.007	0.007	0.01	0.009947674443909805	0.013920952570002955	0.001248326436768181	0.0007062400538104664	0.006281739555479393	1.4805857485298821	2.4697610828459893	2.60005325030441	0.5692965958016317	0.2382087060735565	21.412483837918078	0.02559635639989472
9.119301660559238	0.01	0.007	0.007	0.007	0.01	0.00979112688599067	0.013701883605423546	0.0012254684362525753	0.0006932548558089872	0.006167274735504895	1.4826135537179448	2.4629068530950136	2.596480129880871	0.5676479144474791	0.2388003319083287	21.082525271048315	0.02551578167009292
9.2100597863674	0.01	0.007	0.007	0.007	0.01	0.009637410486138755	0.013486776384399034	0.0012031704809981698	0.0006805903318674962	0.006054570311893822	1.4845675382239683	2.4559456687377126	2.5928881314778396	0.5659999743564698	0.2393642163352118	20.75841056846813	0.02543564947904301
9.300627111022798	0.01	0.007	0.007	0.007	0.01	0.00948643025962897	0.013275497991919571	0.0011814081167069975	0.0006682323836863925	0.005943586708135169	1.486450791108502	2.448881935576875	2.5892777381253174	0.5643526863557139	0.23990149099595068	20.43994442092004	0.02535593661249443
9.391024533123034	0.01	0.007	0.007	0.007	0.01	0.009338099063410137	0.01306792648619848	0.0011601588376569762	0.0006561680373514489	0.005834287948844998	1.4882661885965485	2.4417199019463514	2.5856494462089095	0.5627059884677442	0.24041321478748798	20.126947780464217	0.025276622396127824
9.481270733387614	0.01	0.007	0.007	0.007	0.01	0.009192336544671309	0.012863949427345067	0.0011394018509544713	0.0006443853075328498	0.005726641103043989	1.4900164188656488	2.434463666982158	2.5820037602207213	0.5610598411668805	0.24090038216440435	19.819255673161663	0.02519768833674314
9.571382456201269	0.01	0.007	0.007	0.007	0.01	0.009049068301666506	0.012663462703062565	0.0011191178832202738	0.0006328730860519423	0.005620615852956017	1.4917040024341386	2.4271171899382145	2.578341189510618	0.5594142239043833	0.24136392998400208	19.51671545470139	0.02511911784405961
9.661374755830591	0.01	0.007	0.007	0.007	0.01	0.008908225160349644	0.012466369516405567	0.0010992890136855005	0.0006216210456687526	0.005516184122916719	1.4933313096836283	2.4196842977336606	2.5746622453179824	0.5577691320503589	0.24180474337211544	19.21918530644784	0.025040895988312134
9.751261226372106	0.01	0.007	0.007	0.007	0.01	0.008769742528049688	0.012272579481343188	0.0010798985266231103	0.0006106195550383334	0.0054133197438245625	1.4949005762065557	2.412168689906126	2.5709674374897715	0.5561245739421238	0.2422236608287182	18.926532890666905	0.024963009276373443
9.841054139080422	0.01	0.007	0.007	0.007	0.01	0.008633559933300113	0.012082007978820045	0.0010609307970121933	0.0005998596126889058	0.0053119982376445985	1.4964139149594018	2.4045739480164143	2.567257274185318	0.5544805694678218	0.24262147833194322	18.638634396125024	0.02488544551185191
9.930764672184834	0.01	0.007	0.007	0.007	0.01	0.0084996204597337	0.011894575364573202	0.001042371167414898	0.0005893327761551312	0.005212196508018025	1.4978733287074022	2.3969035345635894	2.5635322570903796	0.5528371468244303	0.24299895339593405	18.35537335728653	0.024808193578194592
10.0	0.01	0.007	0.007	0.007	0.01	0.008397677453060146	0.011751917927064294	0.0010283077550532042	0.0005813571933578102	0.0051361374678514145	1.4989647629376672	2.3909298549136855	2.5606454996148114	0.5515683191845971	0.24327702072169605	18.139709404577946	0.02474873734152916
