0.0	0.01	0.007	0.007	0.007	0.01	0.0	0.0	0.0	0.0	0.0	0.0	0.0	0.0	0.0	0.0	100.0	0.035
0.006420454782842494	0.01	0.007	0.007	0.007	0.01	0.0026849460190811157	0.006224571330561128	0.0032681707203233512	0.0011485096405231476	0.0002414249159084812	0.00011076941325503006	0.00047432360694236845	0.00041348882559281915	7.592777202804575e-5	5.731519818847097e-6	99.8693580778087	0.03499221280619115
0.011125183952373625	0.01	0.007	0.007	0.007	0.01	0.004550721124570852	0.010337823435217754	0.005563888250677443	0.0019678696549412676	0.0003890021945528073	0.00032749747650321693	0.0013832642289137538	0.0012260959337868573	0.000226107354892568	1.6383800716511107e-5	99.77373570848539	0.03498650766897564
0.017862477309244684	0.01	0.007	0.007	0.007	0.01	0.0070808821832464425	0.015636476008082642	0.008711702968426107	0.003109345448025109	0.0005646670879482198	0.0008259823216850088	0.0034226664847471482	0.0031051282636259713	0.0005760928813780415	3.944938525189162e-5	99.6369614226457	0.03497833938524672
0.024489176741015337	0.01	0.007	0.007	0.007	0.01	0.009415616016374058	0.020239239482828908	0.011654274828205921	0.004196461528555323	0.0007036600533967493	0.001519769274144107	0.006183879590528516	0.005736077042826215	0.0010704636897077469	6.949699216016304e-5	99.50261521842245	0.034970307045764315
0.03219457128672419	0.01	0.007	0.007	0.007	0.01	0.011950631405662654	0.024923405890359088	0.014893916816477878	0.0054175031423649	0.000831651521216937	0.002562967533835052	0.010217395163298127	0.009717346152074246	0.0018256550827737896	0.00011170836155852285	99.34662787976308	0.03496096952018629
0.04025560626027439	0.01	0.007	0.007	0.007	0.01	0.014409643285014838	0.02915315386352792	0.018084784407547197	0.006646998452621659	0.0009350901070206198	0.003906760821118703	0.015256904707590757	0.014880946335302984	0.002815140765336186	0.00016239452514896783	99.18370270786875	0.0349512036921058
0.049028920752177435	0.01	0.007	0.007	0.007	0.01	0.01687808609645394	0.033085561272661025	0.02134040632272091	0.007931439720894991	0.001020447170313688	0.005639366782643856	0.02155433914535779	0.02158609621634267	0.0041138616096292255	0.0002233178240095875	99.0066849712577	0.0349405780477475
0.05827836310775027	0.01	0.007	0.007	0.007	0.01	0.0192641260119888	0.03658521008249562	0.024542419729020323	0.009227234300936344	0.001087193822643904	0.00774506232077055	0.02896710718817053	0.02979548966457639	0.00572192486944632	0.0002923792109338961	98.82040258469816	0.034929379247610616
0.06810818984523924	0.01	0.007	0.007	0.007	0.01	0.021576614557868027	0.039690957869702545	0.02770287011256123	0.010541246238492617	0.0011387210439093287	0.010268432465664085	0.0375692517306025	0.03970789560940303	0.00768637908458757	0.00036971050222956884	98.62281550018483	0.034917481678911656
0.07844688243461914	0.01	0.007	0.007	0.007	0.01	0.023782232541317953	0.04238732352208246	0.030775394990525163	0.011855971251288283	0.0011771683122420685	0.01320945551725767	0.04727826041353883	0.05135012989778271	0.010021693640824773	0.0004541280211215996	98.41542607917204	0.034904972575078456
0.0893317106606763	0.01	0.007	0.007	0.007	0.01	0.02587638998010802	0.044703356308829156	0.03375103565495049	0.013168694170147321	0.001205139188186483	0.016591490930615908	0.05809370589204215	0.06484233192951107	0.012761931368984299	0.0005453281363570392	98.19755268496816	0.03489180752751805
0.10075173896309345	0.01	0.007	0.007	0.007	0.01	0.027846364418772817	0.04666084030605055	0.036607949763219655	0.014470575263852491	0.0012247729757303089	0.020420925323990355	0.06996276192926612	0.08023840406357902	0.015928948554920774	0.0006426765208898575	97.96948506377683	0.03487800050057625
0.11273358833254989	0.01	0.007	0.007	0.007	0.01	0.029688445635957218	0.048292654292107065	0.03933562213283287	0.015757199089062302	0.0012379888859260703	0.024713005112967357	0.08286544626887439	0.0976280318790073	0.019552967624615433	0.0007459236259379331	97.73076680450055	0.0348635200948273
0.12529405401262483	0.01	0.007	0.007	0.007	0.01	0.03139843570903709	0.049630686863668075	0.041921512455233415	0.017022744753988683	0.00124636215659196	0.029477584422028812	0.09676991169244553	0.1170791397352325	0.02366087288774306	0.0008548092536737583	97.4811450487455	0.03484834686913076
0.1384659795544316	0.01	0.007	0.007	0.007	0.01	0.03297547218697353	0.0507083392929963	0.04435677073752037	0.018262695312470156	0.0012511930747548285	0.034728548046421885	0.11166142887459869	0.13867530859826374	0.02828401103938618	0.0009692791514070012	97.22005624279672	0.03483244208465031
0.1522840682461126	0.01	0.007	0.007	0.007	0.01	0.034419469706673096	0.05155743592018852	0.04663254720461873	0.01947215114822748	0.0012535369756004168	0.04047913246273169	0.12752825837985715	0.16249612560537094	0.03345416809774076	0.0010893562160340534	96.94691099382923	0.03481576487541134
0.16679292905866694	0.01	0.007	0.007	0.007	0.01	0.035731820681640235	0.05220820437874279	0.04874113052954512	0.020646442279073515	0.0012542622778041381	0.04674536640226729	0.14437125873826306	0.18863048709362482	0.03920650505118568	0.00121520382120609	96.66093698038618	0.03479826255883131
0.18204299984160197	0.01	0.007	0.007	0.007	0.01	0.03691462677790178	0.05268842439689483	0.050674804030147	0.021780573528796827	0.0012541026384935928	0.05354466792856476	0.16219950127086366	0.2171698485795021	0.045578234557795624	0.001347086131481109	96.36126275914594	0.03477987559074463
0.1980932540348126	0.01	0.007	0.007	0.007	0.01	0.03797073805059597	0.05302328222091396	0.052425932519455425	0.022869285620294003	0.0012537068904939757	0.06089711226156382	0.1810332690403074	0.24821225818616063	0.052609637146111464	0.001485390715039661	96.04686780837848	0.03476053433712504
0.21501003894008483	0.01	0.007	0.007	0.007	0.01	0.03890347815865744	0.053235191896864584	0.05398653465432774	0.023906807292648987	0.001253681241116731	0.06882495002151132	0.20090231627323898	0.2818587681658767	0.06034339813227526	0.001630621950470429	95.71660938125326	0.03474016051870462
0.23286769157266346	0.01	0.007	0.007	0.007	0.01	0.03971658292963083	0.05334381584880492	0.05534820190436078	0.02488677256747996	0.0012546223243374863	0.07735279551135545	0.2218459768830301	0.31821220996559874	0.06882443386851148	0.0017834148266323913	95.36921485072126	0.034718666517361135
0.25174721896279056	0.01	0.007	0.007	0.007	0.01	0.040414089799363735	0.05336614449485106	0.056501964514109555	0.025802061500502578	0.0012571397657279956	0.08650681122340438	0.24391084763971724	0.35737119213106805	0.07809855493367684	0.0019445374827227481	95.00331226974329	0.03469595701877641
0.27173422842037165	0.01	0.007	0.007	0.007	0.01	0.04100030407944805	0.0533166588082497	0.057438355129712335	0.02664470500930345	0.001261867274245045	0.09631340228463486	0.2671475210355511	0.3994213951717101	0.08821034170955126	0.0021148928126305884	94.6174753525286	0.03467193155687558
0.2929141349234953	0.01	0.007	0.007	0.007	0.01	0.04147979624330018	0.053207553211850896	0.05814766334026322	0.027405827875192443	0.0012694610644014585	0.10679648050593774	0.29160421131703285	0.4444201758708621	0.09919916482755456	0.0022955015820453964	94.21032023022384	0.034646490323856034
0.31536411248701823	0.01	0.007	0.007	0.007	0.01	0.0418574766486664	0.05304902016620191	0.05862056115125902	0.02807573333195112	0.0012805839770666954	0.11797306454930445	0.31731691961882275	0.49237373026220416	0.11109296068714211	0.002487460351582032	93.78066234437914	0.034619543866168154
0.33914219957834224	0.01	0.007	0.007	0.007	0.01	0.04213877046611956	0.0528495776150383	0.05884924635943284	0.028644258686633187	0.001295874486792452	0.12984753999983817	0.34429696664514425	0.5432089073000007	0.12390005590887614	0.0026918729096123144	93.32772312150499	0.03459102614721784
0.3642771683181631	0.01	0.007	0.007	0.007	0.01	0.04232987348434858	0.05261638527228044	0.058829087801036975	0.02910152689779605	0.001315904577319996	0.1424065867284525	0.3725203165808097	0.5967494859171031	0.13760138746431824	0.0029097786316722917	92.85131539222051	0.03456090662248653
0.3907664484295167	0.01	0.007	0.007	0.007	0.01	0.04243796732248823	0.05235545792564164	0.0585603365774426	0.029439052302369692	0.001341140629057038	0.15561861391853438	0.401926828313825	0.6527145663134177	0.15214785333992284	0.003142133796153867	92.35186981821698	0.034529192594042225
0.4185866344248697	0.01	0.007	0.007	0.007	0.01	0.04247118357625927	0.05207172511072209	0.05804908427285563	0.029650824446665933	0.0013719278401712362	0.1694399344891568	0.43243368522381886	0.710748693012891	0.1674660091098154	0.0033898864065723955	91.83022261328082	0.03449591648284617
0.4477108626341028	0.01	0.007	0.007	0.007	0.01	0.042438219339792346	0.05176901687092649	0.05730697098913648	0.02973388263524645	0.001408507435007144	0.18382447131399512	0.46395554087298374	0.7704685467205696	0.18346898137781825	0.0036541065700273438	91.2872803804863	0.034461114946614455
0.47812281510051635	0.01	0.007	0.007	0.007	0.01	0.04234776256587577	0.051450105709373056	0.05634998390723915	0.029688257475276977	0.0014510562185387913	0.19873148020654338	0.4964196318789112	0.8315009665754628	0.20006619829394007	0.00393609582654817	90.72375788615716	0.034424812136825335
0.5098226432909925	0.01	0.007	0.007	0.007	0.01	0.04220797554960059	0.05111685048369392	0.05519706531757351	0.02951654296520941	0.001499730760076409	0.21412880061139578	0.5297711359799918	0.8935010322867826	0.2171685590468358	0.00423743906259693	90.14007394791355	0.03438701269301787
0.5428267054193354	0.01	0.007	0.007	0.007	0.01	0.04202616806484254	0.050770397987360966	0.05386897948960269	0.029223404906070054	0.0015547049766033063	0.22999267891523686	0.5639715347330191	0.9561548996949096	0.23468978191305645	0.004560013707887021	89.53636514593852	0.034347702158086905
0.5771636907205341	0.01	0.007	0.007	0.007	0.01	0.04180866369034878	0.05041139311575752	0.05238755884942154	0.028815185479376136	0.0016161960190500082	0.24630563170399333	0.5989932805109976	1.0191742585902315	0.25254545279142165	0.00490597396688431	88.9125657380949	0.034306851700060974
0.6128681712570533	0.01	0.007	0.007	0.007	0.01	0.041560814360931175	0.05004017725375252	0.05077530568336365	0.028299656418427424	0.0016844756896673611	0.2630530644909312	0.6348122506443503	1.0822863043550512	0.2706506745948204	0.005277712095524103	88.26853171961857	0.03426442586744429
0.6499714821488556	0.01	0.007	0.007	0.007	0.01	0.04128711742329377	0.04965697624330579	0.04905528707825398	0.027685926810671238	0.0017598648730474246	0.2802188048343215	0.6713982397354221	1.1452209812436074	0.28891673940187285	0.005677785382980547	87.60420802451847	0.03422039346418385
0.6884895805778514	0.01	0.007	0.007	0.007	0.01	0.04099139989294255	0.04926208609878403	0.04725123743763419	0.02698448564882981	0.0018427083905344992	0.2977795991083971	0.708703535184514	1.2076969117224154	0.30724722311853736	0.006108791263707389	86.91984189208073	0.03417474192156813
0.7284090921907613	0.01	0.007	0.007	0.007	0.01	0.04067703281951996	0.04885604930416759	0.04538769512230094	0.026207306720340835	0.0019333309008793668	0.3156993314043469	0.7466511608694749	1.2694097872262333	0.3255346713594817	0.0065731868536213255	86.21621736309454	0.03412749369211596
0.7696762834442481	0.01	0.007	0.007	0.007	0.01	0.04034711839598052	0.048439778853180376	0.043489851318960195	0.025367846874272675	0.0020319840330543897	0.3339251919318836	0.7851274703092763	1.3300309121760523	0.3436603274344492	0.0070730938445540915	85.4948255723226	0.03407871903313314
0.8121945980035026	0.01	0.007	0.007	0.007	0.01	0.04000459292655	0.0480145801618255	0.04158283912418549	0.024480744622343165	0.0021388020340584414	0.35238810565311357	0.8239838608943347	1.38922134447878	0.36149880801916207	0.007610159386176926	84.75787569029981	0.034028538551540005
0.8558361341806171	0.01	0.007	0.007	0.007	0.01	0.039652201307842104	0.04758202658695485	0.03969036370315418	0.023561087085660164	0.002253789035582431	0.371009236595894	0.8630512336130096	1.4466629234391142	0.3789283634898244	0.00818556957923977	84.00806334579029	0.033977109276986966
0.9004632878417806	0.01	0.007	0.007	0.007	0.01	0.03929238117746275	0.04714373708967529	0.03783311402135048	0.022623401702341207	0.002376841854485577	0.38971021149473034	0.902161999558705	1.5020935679587009	0.3958429500089669	0.008800219785789739	83.24817612252197	0.03392459888369546
0.9459485309715443	0.01	0.007	0.007	0.007	0.01	0.038927163188400685	0.046701181338674215	0.0360276899275509	0.021680770058547832	0.0025077846765555957	0.4084215622936074	0.9411679843771588	1.5553283148704153	0.4121601971426629	0.00945492015924561	82.48075040689642	0.03387116232995438
0.9921869727051673	0.01	0.007	0.007	0.007	0.01	0.03855813282159809	0.04625556398067018	0.03428627386907465	0.020744282231473406	0.0026463996165432126	0.4270873262463205	0.9799499951943612	1.6062627526389779	0.42782383484305236	0.010150562309585416	81.70786760515468	0.033816927182807675
1.0391012556447725	0.01	0.007	0.007	0.007	0.01	0.03818645290218817	0.04580778846211679	0.03261692090895341	0.019822856694464572	0.002792446013596284	0.4456660301823317	1.0184196671287564	1.6548635828955178	0.44280176762242035	0.010888218913518308	80.93108950040079	0.03376198806604306
1.0866423635785605	0.01	0.007	0.007	0.007	0.01	0.03781291274466672	0.04535846208033731	0.03102415440487682	0.01892330676144207	0.0029456731004037723	0.46412987131708705	1.0565174832453224	1.7011544838467956	0.4570822499073354	0.011669205526604682	80.15146580182267	0.03370640595434065
1.1347888118866043	0.01	0.007	0.007	0.007	0.01	0.03743798135442884	0.04490791664152473	0.029509650448811084	0.018050543631164356	0.0031058298680015357	0.48246326543755674	1.0942094607123847	1.7452019052181378	0.47066965986294323	0.012495128844523369	79.36956915575257	0.03365020937512963
1.1835459080557706	0.01	0.007	0.007	0.007	0.01	0.03706185113071629	0.0444562280991657	0.028072881987132915	0.017207832975279	0.0032726753838774546	0.5006614830502899	1.1314840164248932	1.7871030590357206	0.4835806792180561	0.013367942939508059	78.58552860244852	0.033593395529548375
1.2329459009006007	0.01	0.007	0.007	0.007	0.01	0.03668446711870835	0.04400322773565993	0.026711668807916006	0.016397056729994853	0.003445991181406445	0.518729669906385	1.168349620265108	1.82697665845692	0.4958411496092842	0.014290027561639263	77.79904846554433	0.03353593038071884
1.2830495901094836	0.01	0.007	0.007	0.007	0.01	0.036305539570861155	0.043548500322032516	0.025422615919818155	0.015618952432122928	0.0036255970395149316	0.5366824074499684	1.2048335376018289	1.8649563490012506	0.507483662682507	0.015264302609578463	77.00940467673347	0.03347774705838975
1.3339502498806417	0.01	0.007	0.007	0.007	0.01	0.03592453578864573	0.04309136264485661	0.0242014342487055	0.014873311468733455	0.0038113727014013683	0.5545440306164371	1.240982072479076	1.9011867762858372	0.518545913022332	0.016294402447731223	76.21540699423505	0.03341874161319507
1.3857811349331954	0.01	0.007	0.007	0.007	0.01	0.035540644504464536	0.04263081284325607	0.02304314328790842	0.014159123959976021	0.004003289612920373	0.5723500092904231	1.2768628793516277	1.935822292929908	0.5290698338355705	0.01738494830195751	75.41531044341733	0.03335876469110538
1.4387291783550258	0.01	0.007	0.007	0.007	0.01	0.035152696919780256	0.042165430372937185	0.021942142211855923	0.013474652773205687	0.0042014613738217505	0.5901500679720825	1.312570614751142	1.9690288524803194	0.5391016736447043	0.018541995218692722	74.60664081194642	0.03329760617650885
1.4930599221788432	0.01	0.007	0.007	0.007	0.01	0.034759012644575565	0.041693187682786105	0.02089211459645507	0.012817408081661949	0.0044062297077365345	0.6080143463569859	1.3482383809896537	2.000990417024858	0.5486933707836538	0.019773803399544584	73.78586639957224	0.03323496710476446
1.549164324509087	0.01	0.007	0.007	0.007	0.01	0.034357102490286395	0.04121109139965138	0.01988567859819033	0.01218396217859827	0.004618321161180104	0.6260453600278496	1.384060157844337	2.031923001170003	0.557906059262002	0.0210922512659637	72.94777280668094	0.033170406810737865
1.6076461402791764	0.01	0.007	0.007	0.007	0.01	0.03394311168482942	0.04071451296455943	0.01891365764973083	0.011569522469495004	0.004839132957171156	0.6444003065032093	1.420332618806931	2.0621009044647054	0.5668168439258027	0.02251547924890968	72.08429660018764	0.03310324427782721
1.6694250964175064	0.01	0.007	0.007	0.007	0.01	0.03351120546418271	0.040196450688536944	0.017964646824515745	0.010967691483625142	0.0050710257318367	0.6633137538492964	1.4574956809537065	2.091874865055822	0.5755225523152605	0.024071372316693793	71.18323757734505	0.03303244289499236
1.734747255484601	0.01	0.007	0.007	0.007	0.01	0.03306051520833486	0.039655860773247634	0.01703999145981159	0.010380040198329527	0.0053134882799567885	0.6827929947461311	1.4955332204124059	2.121199574872305	0.5840016634185328	0.025772636331869183	70.24274806459565	0.03295774554692108
1.7986694355266464	0.01	0.007	0.007	0.007	0.01	0.03262536447070434	0.03913391180782809	0.016205986205937353	0.0098494204121473	0.0055468886058965515	0.7013516974995606	1.5315378543578344	2.1479299836643633	0.5916370711988903	0.027490481736739725	69.33444553520351	0.0328848126328652
1.8605335147428006	0.01	0.007	0.007	0.007	0.01	0.03220969071924173	0.0386353256754559	0.015459143480218289	0.00937417374572363	0.005768132751064734	0.7188512671283268	1.5652666378503555	2.172100960004535	0.5984547378309917	0.029200072509050157	68.46657318256686	0.032814381625516864
1.9207908769617577	0.01	0.007	0.007	0.007	0.01	0.03180991608992649	0.03815581035549595	0.014783434404421144	0.008944417543056886	0.005978402729563468	0.7354708110268411	1.5970907221462474	2.1941643850099335	0.6045976365779178	0.03090689109324261	67.6316858865646	0.03274592485559847
1.9794910101214775	0.01	0.007	0.007	0.007	0.01	0.03142525526104577	0.037694423628753	0.014169891306155914	0.008554607011186263	0.006177583399787972	0.7512669365490406	1.6271406988956543	2.2143590445205477	0.6101456646107909	0.03260631755743225	66.82816502597484	0.032679374539123486
2.036867381981096	0.01	0.007	0.007	0.007	0.01	0.031053774986597872	0.03724884650908407	0.0136091426049801	0.008198848781452096	0.006366305382706064	0.7663400908170789	1.6556275378922323	2.2329489022224034	0.6151832683727557	0.034299751827536834	66.05199138818733	0.03261445572840952
2.0930389793050646	0.01	0.007	0.007	0.007	0.01	0.030694358981544635	0.036817739988941424	0.013094369702507198	0.007872819076017439	0.006544881250420756	0.780753702730036	1.6826885112676697	2.2501236707478673	0.6197722890374555	0.03598601243892163	65.30084925476069	0.03255102499836938
2.148174112422566	0.01	0.007	0.007	0.007	0.01	0.03034562982618994	0.03639945187269126	0.012619351791627556	0.00757254545135176	0.006713831303427875	0.794578829895239	1.7084724413708685	2.2660610156432615	0.6239694020387757	0.03766600109176383	64.57187459828461	0.032488884648476136
2.20239821209641	0.01	0.007	0.007	0.007	0.01	0.030006536413520565	0.03599272138182344	0.012179137752410371	0.007294846803888053	0.006873565910238092	0.8078708503358425	1.7330961468681367	2.2809024718154167	0.6278199697286351	0.039339876034964666	63.86288294448173	0.0324278867877167
2.2558427158204095	0.01	0.007	0.007	0.007	0.01	0.029676034771499233	0.03559629630473411	0.011769429277356835	0.007036950846506042	0.007024527410329711	0.8206826419508162	1.7566695422123737	2.2947726204171914	0.6313634660923083	0.04100843691325629	63.17170264276921	0.032367877977762215
2.3086171622517027	0.01	0.007	0.007	0.007	0.01	0.029353257197432606	0.03520913586286401	0.01138667662214961	0.006796558907387002	0.007167098375852208	0.8330582696541079	1.7792842507665076	2.307774751813387	0.6346326152548959	0.04267219348145962	62.496528774550455	0.03230873049404472
2.3608251038141845	0.01	0.007	0.007	0.007	0.01	0.02903740693594885	0.0348302843784582	0.011027838120777934	0.006571696392052618	0.007301643750501908	0.8450374267088208	1.801022144787221	2.319998100615291	0.6376554989468618	0.044331790453419576	61.835703226000945	0.032250324276103824
2.4125562443870776	0.01	0.007	0.007	0.007	0.01	0.028727801257242634	0.03445892294419203	0.010690349279928747	0.0063606941142931705	0.007428486966778906	0.8566540498556328	1.8219530906376566	2.331518208040716	0.6404558506568775	0.045987704267067914	61.1878050450897	0.032192555608942824
2.463892276031876	0.01	0.007	0.007	0.007	0.01	0.02842383119846111	0.03409432113378215	0.010372008942036668	0.006162116864267619	0.007547924896408752	0.8679380969121722	1.842138441964732	2.342400257719256	0.643054061781774	0.047640379824890534	60.55156645152138	0.03213533046034618
2.5149051636591166	0.01	0.007	0.007	0.007	0.01	0.02812496789423665	0.033735844594945115	0.010070933308722874	0.005974734230170461	0.00766022377981871	0.8789155097080421	1.861631189764364	2.352700227441065	0.6454676096238515	0.04929013662513087	59.92588627675031	0.032078566290633076
2.5656597033733255	0.01	0.007	0.007	0.007	0.01	0.02783074388836699	0.03338293263327663	0.009785493329717924	0.005797480888015458	0.0077656261802011685	0.8896090839564539	1.8804777133463269	2.362466703148742	0.6477116182985593	0.05093721861454056	59.30979101924578	0.03202218910411219
2.6162135823316395	0.01	0.007	0.007	0.007	0.01	0.027540749866127624	0.03303509429273267	0.009514277227396367	0.005629432567886905	0.007864352166719404	0.9000387342698037	1.8987184139029925	2.3717419071123893	0.6497992063028647	0.05258176989698662	58.70242814573068	0.03196613330253082
2.666619038622541	0.01	0.007	0.007	0.007	0.01	0.027254622544263103	0.03269189383008704	0.00925605110416015	0.00546978087342899	0.00795660393456225	0.9102220570676756	1.916388847017958	2.380562847000159	0.651741841249688	0.054223867173140504	58.1030408547049	0.03191033977268656
2.7169230287011548	0.01	0.007	0.007	0.007	0.01	0.026972041631209368	0.032352947068846734	0.009009733777107527	0.005317817005369792	0.00804256724436024	0.9201745424438882	1.9335202123214634	2.3889620204835484	0.6535495752555994	0.055863507773741015	57.5109618119965	0.031854755643265606
2.7671677227314357	0.01	0.007	0.007	0.007	0.01	0.026692725139898375	0.032017915777156146	0.008774374007979022	0.005172917035302317	0.008122413620572717	0.9299098316644533	1.9501399079098318	2.3969680707377594	0.6552312565758847	0.05750061154597236	56.925603423342814	0.03179933368396028
2.817391579483019	0.01	0.007	0.007	0.007	0.01	0.026416421790518747	0.03168649855519665	0.008549128792719591	0.0050345279255815415	0.008196303295507211	0.9394400603629491	1.9662722121058234	2.4046064302706407	0.6567947254051199	0.059135044334361446	56.34644199281787	0.03174403107403752
2.8676295945132506	0.01	0.007	0.007	0.007	0.01	0.026142908331467672	0.031358427621793555	0.008333248743248986	0.00490215800448924	0.00826438654133105	0.9487760152385797	1.9819386282333515	2.4118997417789596	0.6582469512448467	0.06076661664680589	55.77301217276474	0.0316888090922202
2.917913900627819	0.01	0.007	0.007	0.007	0.01	0.02587198511171484	0.03103346350364469	0.008126064181158153	0.004775367950132529	0.008326805416569206	0.957927341377124	1.997158303278559	2.418868269323299	0.6595941597819553	0.06239509548753188	55.20489773888119	0.031633632423953395
2.9682741111259543	0.01	0.007	0.007	0.007	0.01	0.025603473265084137	0.030711391657988026	0.007926974361436434	0.00465376376301721	0.008383694958011249	0.966902684636911	2.0119483249917307	2.4255302143618724	0.6608419328463049	0.06402020916033843	54.641725734502224	0.0315784687576345
3.01873767312284	0.01	0.007	0.007	0.007	0.01	0.025337211992201195	0.03039201921241231	0.007735438209292481	0.004536990723209603	0.008435184256197839	0.9757098233529254	2.026323991811271	2.431901989218804	0.6619952937796203	0.06564165347693589	54.08316081213864	0.03152328837419926
3.069330177953759	0.01	0.007	0.007	0.007	0.01	0.02507305621163072	0.030075172147495007	0.007550966529377087	0.004424728299460387	0.008481397344044884	0.9843557810950779	2.0402990429361343	2.4379984474960015	0.6630587791384458	0.0672590974195096	53.52890034248368	0.03146806378789105
3.120075597632845	0.01	0.007	0.007	0.007	0.01	0.024810874716728062	0.02976069308602522	0.007373115551937687	0.004316685919112332	0.00852245389628911	0.9928469172545883	2.0538858449890567	2.4438330747682118	0.664036498464045	0.06887218709939777	52.978670578634265	0.03141276947134101
3.1709965331528793	0.01	0.007	0.007	0.007	0.01	0.0245505483686718	0.029448439125621322	0.007201481303983449	0.004212599279947344	0.008558469841803109	1.0011890118580644	2.0670955631630763	2.449418155618294	0.6649321858474445	0.07048055062746453	52.432222891416224	0.03135738157068224
3.22211439549064	0.01	0.007	0.007	0.007	0.01	0.02429196872431098	0.029138280192892475	0.007035694943303345	0.004112227281995405	0.008589557830691768	1.0093873322974345	2.0799382979219336	2.4547649117419965	0.6657492430671081	0.07208380125591507	51.88933091299238	0.03130187769666716
3.2734495911263353	0.01	0.007	0.007	0.007	0.01	0.024035036712655094	0.02883009745594338	0.006875418673678799	0.004015349342150206	0.008615827632669593	1.017446695197228	2.092423209388366	2.459883623161728	0.6664907769540761	0.07368154099444611	51.34978777906626	0.031246236713093154
3.325021665573019	0.01	0.007	0.007	0.007	0.01	0.02377966158809762	0.02852378206881021	0.006720342300602867	0.003921763123245667	0.00863738644401878	1.0253715166053692	2.104558619302196	2.464783730223142	0.6671596311039654	0.07527336315957156	50.81340394897361	0.031190438572849248
3.3768494497071435	0.01	0.007	0.007	0.007	0.01	0.02352575992429668	0.028219233964661743	0.006570180198944437	0.003831282535382949	0.008654339142036017	1.0331658584563386	2.1163521036483317	2.4694739234815097	0.6677584134668579	0.07685885520770225	50.280005108504085	0.031134464152673628
3.428951161379098	0.01	0.007	0.007	0.007	0.01	0.023273254877012983	0.027916360971605082	0.006424668769897114	0.0037437360529114605	0.008666788475335455	1.0408334645806037	2.12781056616507	2.473962218852769	0.6682895198364261	0.0784376003393733	49.74943063534529	0.031078295137839083
3.48134454184622	0.01	0.007	0.007	0.007	0.01	0.02302207531872297	0.027615077774688128	0.006283564099015477	0.0036589651704864736	0.00867483522605046	1.0483777988092797	2.13894031224621	2.4782560269410747	0.6687551547319602	0.08000918027762607	49.221531793130396	0.03102191387063663
3.534046920071762	0.01	0.007	0.007	0.007	0.01	0.022772155360917735	0.02731530534291867	0.006146640074436075	0.0035768231517901853	0.008678578320408411	1.055802069686128	2.149747100332841	2.4823622084174723	0.6691573489552085	0.08157317593561013	48.696170738311636	0.030965303277918167
3.587075340586183	0.01	0.007	0.007	0.007	0.01	0.022523433603833378	0.027016970029343862	0.006013686551660966	0.003497173820041586	0.008678114923064756	1.063109262009948	2.160236201255948	2.4862871281129313	0.6694979755368193	0.08312917004933199	48.173218952674716	0.030908446731354396
3.640446615512591	0.01	0.007	0.007	0.007	0.01	0.022275852778824403	0.026720003142093083	0.00588450791029184	0.0034198905960318173	0.00867354049779591	1.070302155398349	2.1704124365570148	2.4900366972698147	0.6697787631271913	0.08467674757161829	47.65255649973339	0.030851327990337792
3.6941774557396148	0.01	0.007	0.007	0.007	0.01	0.02202935904822771	0.02642434010458919	0.005758921577871565	0.00334485552732033	0.008664948845887775	1.077383351798417	2.1802802278031232	2.493616416616601	0.67000130821904	0.08621549838769801	47.13407055969348	0.030793931061086993
3.7482844611804187	0.01	0.007	0.007	0.007	0.01	0.021783901983148536	0.02612992042890815	0.0056367570354992624	0.003271958615234232	0.008652432141419846	1.0843552823704197	2.1898436151494503	2.497031405284743	0.6701670852099225	0.087745015944655	46.61765538901404	0.030736240207481832
3.8027842623670094	0.01	0.007	0.007	0.007	0.01	0.021539433864781476	0.025836686877736114	0.0055178545847754095	0.0032010970075915792	0.008636080936358856	1.0912202331140652	2.1991063008454277	2.5002864364085746	0.6702774559536577	0.08926490023283226	46.103210856280995	0.03067823980094272
3.857693552935455	0.01	0.007	0.007	0.007	0.01	0.021295909511176325	0.025544585256582986	0.005402064483320735	0.003132174419254817	0.0086159841673657	1.097980354553645	2.2080716690195596	2.5033859618995784	0.6703336776874196	0.09077475758792006	45.590642082299844	0.030619914287874996
3.9130291928664693	0.01	0.007	0.007	0.007	0.01	0.021053285806145218	0.025253563848721395	0.005289246019177532	0.003065100522949546	0.008592229133964104	1.1046376791399923	2.2167428146809667	2.5063341385850433	0.6703369101563463	0.09227420242799285	45.07985845260628	0.03056124808264944
3.968808252008706	0.01	0.007	0.007	0.007	0.01	0.02081152151715494	0.024963573196755507	0.005179266801339467	0.0029997904748713376	0.008564901485866841	1.1111941298914583	2.2251225596738036	2.5091348480790674	0.6702882217317311	0.09376285725792688	44.57077323729019	0.0305022255250657
4.0250481037823915	0.01	0.007	0.007	0.007	0.01	0.020570576912730905	0.024674565643708225	0.005072002022601523	0.002936164429193098	0.008534085183083	1.1176515339715412	2.233213473935173	2.5117917169776747	0.6701885947645271	0.09524035396234565	44.063302788016394	0.030442830785516184
4.081766488438759	0.01	0.007	0.007	0.007	0.01	0.0203304135360268	0.024386495061424776	0.00496733385561298	0.002874147136602023	0.008499862460817187	1.1240116313759274	2.2410178891373005	2.5143081331072814	0.6700389301865142	0.09670633416351725	43.55736606300332	0.030383047803489348
4.138981605608965	0.01	0.007	0.007	0.007	0.01	0.020090993875110257	0.024099316455088983	0.004865150856260359	0.002813667551536367	0.008462313772258612	1.130276085832084	2.248537913894288	2.51668726107419	0.669840051391625	0.09816045022940889	43.05288393370053	0.03032286019622297
4.196712199305737	0.01	0.007	0.007	0.007	0.01	0.01985228109127297	0.02381298563733769	0.004765347442467435	0.002754658488092831	0.008421517727423817	1.1364464935445158	2.25577544492872	2.5189320553669003	0.6695927074689408	0.09960236592335994	42.54977861281652	0.030262251176596224
4.254977646817846	0.01	0.007	0.007	0.007	0.01	0.01961423875597855	0.023527458912735374	0.00466782342003673	0.0026970563073083586	0.008377551024373707	1.1425243911734937	2.2627321760339854	2.5210452717599487	0.6692975758381869	0.1010317569889247	42.04797309974412	0.030201203468209387
4.313798063678824	0.01	0.007	0.007	0.007	0.01	0.019376830548653853	0.023242692715280715	0.004572483531927455	0.002640800621502143	0.008330488363891346	1.1485112642687358	2.269409606189889	2.5230294775260576	0.6689552642534857	0.10244831194305971	41.54739054260289	0.030139699205020333
4.37319442186066	0.01	0.007	0.007	0.007	0.01	0.019140019931887554	0.0229586432188127	0.004479237035890703	0.002585834018302178	0.008280402347784464	1.1544085556657682	2.275809046058227	2.52488706026628	0.6685663121719571	0.10385173295595172	41.04795355167851	0.03007771981878952
4.4331886822005915	0.01	0.007	0.007	0.007	0.01	0.01890376980435898	0.02267526592070399	0.004387997308271175	0.002532101802786658	0.008227363359321754	1.1602176737907897	2.281931622632359	2.5266202353448257	0.6681311914756765	0.10524173679472906	40.54958346483335	0.03001524591353401
4.493803934073429	0.01	0.007	0.007	0.007	0.01	0.018668042163104834	0.022392515236753806	0.004298681483705616	0.002479551763206812	0.008171439432219211	1.1659400000654654	2.28777828104835	2.528231051702488	0.6676503065992091	0.10661805562559798	40.05219963147529	0.02995225713451962
4.555064559439157	0.01	0.007	0.007	0.007	0.01	0.018432797711973786	0.022110344031533287	0.00421121010396749	0.0024281339442970055	0.008112696093683482	1.1715768969371352	2.29334978502761	2.5297213965164187	0.6671239939395014	0.10798043802680704	39.555718581783474	0.029888732014227426
4.616996439765001	0.01	0.007	0.007	0.007	0.01	0.01819799535465938	0.021828703010283817	0.0041255067535248885	0.002377800414841649	0.008051196161324789	1.177129717864436	2.2986467168088076	2.53109299890454	0.6665525203249681	0.10932865053162502	39.060052950884476	0.029824647776629458
4.679627158803391	0.01	0.007	0.007	0.007	0.01	0.017963591761506456	0.02154754019930379	0.004041497751599641	0.0023285050703586493	0.007986999538563763	1.1825998146197492	2.3036694716147066	2.532347431345895	0.665936080904574	0.11066247857129273	38.565110557047014	0.029759980149036285
4.742986286314011	0.01	0.007	0.007	0.007	0.01	0.017729540696185313	0.02126680013829979	0.003959111785073858	0.0022802034028078094	0.007920162924842176	1.1879885492463615	2.30841825331085	2.5334861105462996	0.665274795638913	0.11198172858641431	38.07079297103617	0.029694703094005716
4.807105658944479	0.01	0.007	0.007	0.007	0.01	0.01749579243297488	0.02098642318141986	0.0038782796035705864	0.0022328523084691513	0.007850739523271269	1.1932973026814124	2.312893063053077	2.534510295577944	0.664568705088591	0.11328622935819066	37.57699427446709	0.029628788548775195
4.872019802475763	0.01	0.007	0.007	0.007	0.01	0.017262292748308553	0.02070634428762061	0.003798933596009158	0.00218640982795417	0.007778778593381991	1.1985274917216375	2.3170936904574644	2.5354210854944967	0.6638177638989591	0.1145758354066213	37.08359891618389	0.02956220602461088
4.937766317795146	0.01	0.007	0.007	0.007	0.01	0.017028982160552205	0.020426492108781565	0.0037210074865260904	0.0021408349577218596	0.007704325037860653	1.2036805786109148	2.321019692663806	2.5362194128355795	0.663021833741518	0.11585042859058828	36.59048008963532	0.029494922250167463
5.0043864973427405	0.01	0.007	0.007	0.007	0.01	0.01679579447856392	0.020146787248712647	0.0036444358305781385	0.002096087346158234	0.007627418731024856	1.2087580940870306	2.3246703771697677	2.536906036368487	0.6621806725374809	0.1171099230235473	36.09749664565043	0.029426900586517618
5.071925943688498	0.01	0.007	0.007	0.007	0.01	0.016562655520123672	0.01986714072591361	0.0035691536106249836	0.0020521270495281988	0.007548093839785199	1.2137616540084046	2.3280447704191793	2.537481528786091	0.6612939223272166	0.11835426839376803	35.604490358948546	0.029358100450346356
5.140435473908188	0.01	0.007	0.007	0.007	0.01	0.01632948104299584	0.0195874514918956	0.003495095619226254	0.0020089141653059305	0.007466377815007922	1.2186929899954533	2.3311415851708635	2.5379462615264563	0.6603610920267687	0.11958345672416537	35.11128152374301	0.02928847645789605
5.209972161712656	0.01	0.007	0.007	0.007	0.01	0.016096174479795514	0.019307603714162513	0.0034221958373620355	0.0019664084645581717	0.007382290220583469	1.2235539800901425	2.3339591726043825	2.538300383207615	0.6593815364293633	0.12079752908473905	34.61766412599163	0.029217977445020058
5.280600787799671	0.01	0.007	0.007	0.007	0.01	0.015862623637661808	0.019027462817487913	0.003350386553496931	0.0019245688750612541	0.007295841081306044	1.2283466960190121	2.3364954651626784	2.538543791505985	0.6583544272694563	0.121996586351795	34.123398815223446	0.029146545093344627
5.352395665151356	0.01	0.007	0.007	0.007	0.01	0.01562869661243689	0.018746870582994273	0.003279597327826038	0.0018833528765774862	0.007207028787313454	1.2330734596724091	2.3387478977540685	2.5386760946551785	0.6572787158824502	0.1231808021343386	33.62820419984322	0.0290741122042904
5.425443157368161	0.01	0.007	0.007	0.007	0.01	0.015394236037557624	0.018465638249734285	0.0032097535599271225	0.0018427156679678817	0.007115837172463582	1.2377369242674983	2.3407133055055644	2.5386965593638595	0.6561530817570794	0.12435044166564646	33.13174459863826	0.02900060030946238
5.4998451281223115	0.01	0.007	0.007	0.007	0.01	0.015159051166978847	0.018183537018209392	0.003140774558653083	0.0018026090482939432	0.00702223147790522	1.242340185980536	2.3423877840863225	2.538604038571085	0.6549758616385467	0.12550588801413542	32.63361317974827	0.02892591639339845
5.575723871277701	0.01	0.007	0.007	0.007	0.01	0.0149229064305949	0.017900284322682765	0.0030725707799965003	0.001762979818923684	0.006926152531871919	1.2468869468297714	2.343766496450671	2.538396869140989	0.6537449481932917	0.1266476806634238	32.133307591103495	0.028849948199509697
5.653229414791927	0.01	0.007	0.007	0.007	0.01	0.014685504286251393	0.01761552326230898	0.0030050397111403516	0.0017237674057741321	0.006827508052728004	1.2513817611062246	2.3448433964607482	2.5380727222827946	0.6524576400715018	0.1277765743011259	31.630193452404	0.02877255726115371
5.732550749596832	0.01	0.007	0.007	0.007	0.01	0.014446458604510671	0.017328790676405827	0.0029380595037264944	0.0016849001846683553	0.006726159173934444	1.2558304207977424	2.3456108166100913	2.537628376300703	0.6511104116816375	0.1288936312674859	31.123447699098413	0.028693568168254444
5.813934213154891	0.01	0.007	0.007	0.007	0.01	0.014205250559103147	0.017039464235514005	0.002871478405850608	0.0016462893845927144	0.006621898208475647	1.2602406018637806	2.346058823624347	2.537059352729036	0.6496985377490638	0.13000037738824274	30.611964704281945	0.028612750956195313
5.89771575336232	0.01	0.007	0.007	0.007	0.01	0.013961150308392874	0.016746668499258942	0.0028050959444848953	0.0016078182338896067	0.0065144093329068085	1.2646230244335743	2.346174139673441	2.5363592923391622	0.6482154371782548	0.13109908296622194	30.09418962446872	0.028529790132798112
5.9843833250647815	0.01	0.007	0.007	0.007	0.01	0.013713063730426219	0.016449091077200453	0.002738625938606645	0.0015693206266966713	0.006403192012900398	1.268993749428866	2.345938163307963	2.5355187796493945	0.6466514104456251	0.13219332120874489	29.567792328823387	0.02844422465188962
6.074715480342771	0.01	0.007	0.007	0.007	0.01	0.013459187922293206	0.016144569406149046	0.0026716129087478394	0.0015305329032566245	0.00628738978785098	1.27337940177699	2.3453228235404953	2.534522806699478	0.6449908509273252	0.13328924281755047	29.02893461774217	0.02835531430637601
6.170170581530558	0.01	0.007	0.007	0.007	0.01	0.013196030634141175	0.015828914582165027	0.0026031924173849927	0.0014909555669269702	0.006165306236628939	1.2778322421069441	2.344279770150893	2.533343904535071	0.6432044691345351	0.13439926723698958	28.470184946568054	0.028261663633917026
6.274461425674533	0.01	0.007	0.007	0.007	0.01	0.012914404833691169	0.015491106961353168	0.0025311071675945145	0.001449285473837318	0.006032437237837936	1.2824923157329724	2.3426990644287695	2.531915093936051	0.6412179959400878	0.13555734225676155	27.872001794395562	0.02815969778463394
6.401361915666002	0.01	0.007	0.007	0.007	0.01	0.012579834638857248	0.015089794489343581	0.0024469432182975446	0.0014006678293329378	0.005871766334521084	1.2878866435465328	2.340185299940848	2.5299897722436975	0.6387555689120343	0.1368921828977693	27.16106099882107	0.028036122368209848
6.495984956867395	0.01	0.007	0.007	0.007	0.01	0.012336028368424607	0.014797348296715898	0.002386583585689155	0.0013658237424369552	0.00575279163880098	1.2917203057974342	2.3379101645058573	2.5284284328369253	0.6368895196907889	0.13783634859092836	26.64277754556192	0.02794433172782699
6.58905154228947	0.01	0.007	0.007	0.007	0.01	0.01210085175300293	0.014515254847681179	0.0023291110693258446	0.0013326638040860725	0.005636617100338055	1.2953403687547553	2.3353547008488906	2.526793821028161	0.6350310331673845	0.1387238782543495	26.14266749031592	0.027854344107751065
6.681266632690085	0.01	0.007	0.007	0.007	0.01	0.011872258387604051	0.014241058150176605	0.00227393333841378	0.0013008437810480633	0.0055224205868958254	1.298785597022712	2.3325253329887787	2.5250821401444483	0.6331684155900784	0.13956438605228969	25.656392725442675	0.02776546563253123
6.771681980655721	0.01	0.007	0.007	0.007	0.01	0.011652328315452654	0.01397725293900726	0.0022214671218731	0.0012706017328486781	0.005411414629691058	1.3020316979811748	2.3294762553377346	2.5233192264391326	0.6313230669853938	0.14035211429697483	25.188391579805522	0.027678597133237146
6.860587470900117	0.01	0.007	0.007	0.007	0.01	0.011440052158638431	0.013722628457516919	0.0021713881642223378	0.0012417485849833675	0.005303260348434405	1.3051009027495546	2.326223988814894	2.521507910911626	0.629491318503304	0.14109270772292015	24.73653071026065	0.027593444278484834
6.948188568453921	0.01	0.007	0.007	0.007	0.01	0.011234681036241251	0.013476286429137492	0.0021234492554838714	0.001214140077423148	0.0051977205962622335	1.3080103542164467	2.322783397737188	2.5196511856379047	0.6276708410530109	0.14179054418080753	24.299228620407792	0.027509796997355833
7.034666545217269	0.01	0.007	0.007	0.007	0.01	0.011035566880389447	0.013237449505202512	0.0020774385836377176	0.0011876526609069442	0.00509458647463273	1.3107747585348906	2.3191667290965037	2.5177513829827434	0.6258595072727999	0.14244938545239544	23.87511645187449	0.027427470863235565
7.120171434695916	0.01	0.007	0.007	0.007	0.01	0.010842170197537866	0.013005470571303364	0.002033179061388653	0.0011621830396042238	0.004993686212535527	1.3134064801719323	2.315384611525551	2.5158105643396436	0.6240556001609808	0.14307240559721196	23.463054920275148	0.0273463133281441
7.204831014260818	0.01	0.007	0.007	0.007	0.01	0.010654031651405263	0.012779798660880025	0.00199051974151955	0.0011376431731879833	0.00489487441067237	1.3159161102001005	2.311446291390449	2.5138305233000686	0.6222576759692724	0.14366233244099835	23.062074141809735	0.027266194721602906
7.2887538125766715	0.01	0.007	0.007	0.007	0.01	0.010470759387643929	0.012559963751167521	0.0019493313881951229	0.0011139576858373759	0.004798028416181709	1.3183127715258263	2.3073599620019967	2.511812868664062	0.6204645391599503	0.1442215248263488	22.671346898638507	0.027187005053114072
7.372032789894936	0.01	0.007	0.007	0.007	0.01	0.010292016112161566	0.012345561263760529	0.001909502345060063	0.0010910614559992708	0.0047030438770662005	1.3206043975787964	2.303132959722013	2.509759058113609	0.6186751943903857	0.14475204256040963	22.290161318835878	0.027108650248749876
7.454747809378308	0.01	0.007	0.007	0.007	0.01	0.010117509900270698	0.012136241040281607	0.001870935522350868	0.001068897857519246	0.004609831722298433	1.3227979373816297	2.298771934190198	2.507670433307961	0.6168888173562065	0.14525569809597833	21.91790145879434	0.027031049592797864
7.536967860647883	0.01	0.007	0.007	0.007	0.01	0.009946986342942808	0.011931697921899399	0.0018335458899406468	0.0010474172974725032	0.004518315449377875	1.3248995249431763	2.294282968565924	2.505548240702903	0.615104725816765	0.14573409908962312	21.554030698590292	0.026954133449948132
7.618752792842944	0.01	0.007	0.007	0.007	0.01	0.00978022238209543	0.011731664354825661	0.0017972585057496613	0.0010265760662046485	0.004428429002053677	1.3269146126250404	2.2896716759865368	2.5033936486646198	0.6133223572068276	0.14618868192207346	21.198078709265854	0.02687784148685569
7.700154774651469	0.01	0.007	0.007	0.007	0.01	0.009617021223874018	0.011535904288856048	0.0017620069054302503	0.0010063353984304337	0.004340114987462536	1.3288480796697029	2.284943272506173	2.5012077592058635	0.6115412490967429	0.1466207389241308	20.849630695879974	0.026802121180026124
7.781219507290311	0.01	0.007	0.007	0.007	0.01	0.009457208169711436	0.0113442081767751	0.0017277317899960364	0.0009866607082040047	0.004253323201290742	1.3307043203900062	2.280102633428647	2.498991616389789	0.609761022625231	0.1470314404618559	20.508318579707506	0.0267269265795079
7.861987695214184	0.01	0.007	0.007	0.007	0.01	0.009300626302783232	0.01115638780030067	0.001694379763075917	0.0009675208546240225	0.004168008924707112	1.3324873261541605	2.275154308588793	2.496746199469863	0.6079813583110147	0.14742185510672293	20.17381185432571	0.02665221685654301
7.942494660744649	0.01	0.007	0.007	0.007	0.01	0.009147136055982689	0.010972275751898198	0.0016619029579438296	0.0009488879199215714	0.004084133217835879	1.3342007169855372	2.2701026314152895	2.4944724612451368	0.6062020112407164	0.14779295833101322	19.8458167202104	0.026577956586061005
8.022771995636772	0.01	0.007	0.007	0.007	0.01	0.008996610989561879	0.010791720370099303	0.0016302579014163972	0.0009307365508782794	0.004001661064692189	1.3358478123120865	2.2649516904843416	2.4921713056471133	0.6044227803126432	0.14814564952941564	19.524067113629204	0.026504114154014737
8.102847752417729	0.01	0.007	0.007	0.007	0.01	0.008848936609196528	0.010614584321789525	0.0015994050677626066	0.000913043697392198	0.003920561095828915	1.337431662773511	2.259705376510359	2.4898436014623444	0.6026435086279085	0.1484807601860148	19.20832222110036	0.0264306615292015
8.182747102459402	0.01	0.007	0.007	0.007	0.01	0.008704008425782398	0.010440742274955523	0.0015693083029586549	0.0008957882775266582	0.0038408048401012067	1.338955087517965	2.2543673905872086	2.4874901798272537	0.6008640728300628	0.14879906301725102	18.898362367001592	0.0263575736127839
8.262492635645073	0.01	0.007	0.007	0.007	0.01	0.008561730807290759	0.01027007952150226	0.0015399344416740855	0.0008789509538440277	0.003762366362048832	1.3404207002194897	2.248941267157892	2.4851118393481766	0.599084379765531	0.14910127849670124	18.593986588400355	0.026284827925239517
8.342104771331014	0.01	0.007	0.007	0.007	0.01	0.00842201572202643	0.010102490469805643	0.0015112529228891156	0.0008625139095555864	0.0036852218009993444	1.341830934137089	2.243430383040216	2.482709345851518	0.5973043601693393	0.1493880810072415	18.295009972954784	0.02621240419747679
8.421602008077302	0.01	0.007	0.007	0.007	0.01	0.008284781856352216	0.009937877586435282	0.00148323550107462	0.0008464606799625798	0.0036093490839429953	1.3431880614479468	2.2378379716644123	2.4802834350992278	0.5955239655264968	0.14966010364720728	18.001261793668945	0.0261402841148122
8.501001188285166	0.01	0.007	0.007	0.007	0.01	0.008149953772422646	0.009776150385866846	0.0014558559803156679	0.0008307759974649732	0.0035347276340628683	1.344494210696613	2.232167131769995	2.4778348136040713	0.5937431642612907	0.14991794252179114	17.712583725931378	0.026068451051714174
8.580317684318024	0.01	0.007	0.007	0.007	0.01	0.008017461259459357	0.009617224652346074	0.0014290900004846896	0.0008154456667493969	0.003461338163960721	1.3457513810529789	2.2264208377667285	2.4753641606001144	0.591961939399822	0.1501621602756693	17.428828475922366	0.025996889881645363
8.659565596596284	0.01	0.007	0.007	0.007	0.01	0.00788723871236471	0.009461021694543778	0.0014029148394523701	0.000800456449463735	0.003389162465461577	1.3469614552413929	2.2206019460564264	2.4728721286176265	0.5901802857274159	0.1503932892615894	17.14985846513446	0.025925586779248836
8.738757906668786	0.01	0.007	0.007	0.007	0.01	0.007759224628444545	0.00930746774188169	0.0013773092482145366	0.000785795968002269	0.0033181832490522	1.348126210414461	2.2147132018430917	2.4703593445667136	0.5883982077558668	0.15061183421578445	16.87554476569028	0.02585452906609188
8.817906596490188	0.01	0.007	0.007	0.007	0.01	0.007633361193594358	0.009156493448168936	0.0013522533115578241	0.0007714526241324602	0.003248384019613595	1.3492473274291557	2.2087572461730187	2.4678264111547543	0.5866157182831703	0.15081827455048172	16.605766225563162	0.025783705089099968
8.897022781569857	0.01	0.007	0.007	0.007	0.01	0.007509593875822816	0.009008033404038735	0.0013277283167190729	0.0007574155223858501	0.003179748944904225	1.350326399389499	2.2027366200023946	2.465273907234466	0.5848328364984625	0.15101306643853366	16.34040860798722	0.025713104088579682
8.976116774541516	0.01	0.007	0.007	0.007	0.01	0.007387871154286055	0.008862025811930086	0.001303716654611253	0.0007436744122528237	0.0031122627894002103	1.3513649384148554	2.1966537718637906	2.4627023898464553	0.5830495875324758	0.1511966445101199	16.07936402002242	0.025642716130195774
9.055198215663639	0.01	0.007	0.007	0.007	0.01	0.007268144165119497	0.008718412061266952	0.0012802017094048475	0.0007302196238522379	0.0030459107936910645	1.3523643826418628	2.1905110590332515	2.460112393644123	0.5812660003956466	0.15136942353689536	15.822530161601627	0.025572531978698566
9.134276102875091	0.01	0.007	0.007	0.007	0.01	0.007150366521788703	0.008577136512973193	0.0012571677868261476	0.0007170420258808542	0.0029806786432697153	1.3533261012938191	2.184310755166215	2.457504433174729	0.5794821080904252	0.15153179972270708	15.569809947814122	0.025502543062453066
9.21335889443129	0.01	0.007	0.007	0.007	0.01	0.007034494040201875	0.008438146169748136	0.0012346000273514846	0.0007041329750254288	0.00291655237830077	1.3542514001887687	2.1780550512933377	2.4548790024542084	0.5776979460095323	0.15168415202906865	15.321110926079019	0.02543274137453162
9.292454527148184	0.01	0.007	0.007	0.007	0.01	0.006920484604450525	0.008301390515025944	0.0012124843501860997	0.0006914842830811941	0.0028535183756653168	1.355141525761259	2.1717460624932245	2.4522365770170835	0.5759135521700497	0.15182684320783285	15.076344994281486	0.025363119449566533
9.371570512740897	0.01	0.007	0.007	0.007	0.01	0.006808297929855592	0.008166821228751772	0.0011908073800593728	0.0006790881743230087	0.002791563269402606	1.3559976696223168	2.1653858276088394	2.449577613117062	0.5741289656268252	0.15196022088744762	14.835427897847632	0.025293670272483457
9.450713955213825	0.01	0.007	0.007	0.007	0.01	0.006697895452731656	0.008034392055156611	0.0011695564012203794	0.0006669372585083283	0.002730673936922303	1.3568209718521402	2.158976314505624	2.446902549316469	0.5723442266154384	0.15208461841848747	14.598278998205652	0.025224387257709417
9.529891573149419	0.01	0.007	0.007	0.007	0.01	0.00658924021938682	0.007904058669615268	0.0011487193133666068	0.0006550245050474675	0.002670837480921377	1.357612524108537	2.1525194244114956	2.4442118077365604	0.5705593765387046	0.15220035566740506	14.364821039199695	0.02515526422441648
9.609109774197012	0.01	0.007	0.007	0.007	0.01	0.006482296711492559	0.0077757784691791475	0.0011282845773550744	0.0006433432113901776	0.002612041172918265	1.3583733729997673	2.1460169914664218	2.441505793357045	0.5687744567359245	0.1523077398205796	14.134979776329775	0.025086295326752318
9.688374655948994	0.01	0.007	0.007	0.007	0.01	0.006377030781190975	0.007649510494739625	0.0011082411837943084	0.0006318869845461312	0.002554272454215339	1.35910452246462	2.139470787763791	2.4387848956474807	0.5669895088763932	0.15240706601464651	13.908683841313971	0.025017475049008107
9.767692043367271	0.01	0.007	0.007	0.007	0.01	0.006273409541483294	0.007525215299550812	0.001088578614601163	0.0006206497186284128	0.002497518909552681	1.3598069363305798	2.1328825250136183	2.4360494888239455	0.5652045744968124	0.15249861797270864	13.685864510239586	0.024948798169233125
9.847067515600818	0.01	0.007	0.007	0.007	0.01	0.0061714012772969345	0.007402854842556023	0.0010692868099596692	0.0006096255755267834	0.002441768249733311	1.360481540576149	2.1262538566853664	2.433299932337563	0.5634196947496768	0.15258266857656777	13.466455515808764	0.02488025973256605
9.926506416923084	0.01	0.007	0.007	0.007	0.01	0.006070975381938269	0.007282392412164626	0.0010503561413657703	0.000598808969096005	0.0023870083059476617	1.3611292252968703	2.119586381143441	2.430536571801577	0.5616349104832478	0.15265948038112395	13.250392913891897	0.024811855038633895
10.0	0.01	0.007	0.007	0.007	0.01	0.005979524227040998	0.007172695261585879	0.001033169982225171	0.0005889901308350138	0.0023372561721661817	1.361704739454248	2.1133898412701453	2.427970152710645	0.5599851894533338	0.15272426546313103	13.053589135967798	0.024748737341529166
