0.0	0.01	0.007	0.007	0.007	0.01	0.0	0.0	0.0	0.0	0.0	0.0	0.0	0.0	0.0	0.0	100.0	0.035
0.0069937770714434706	0.01	0.007	0.007	0.007	0.01	0.0026732724247484603	0.00546728696233989	0.0034453399277233456	0.001209182640975158	0.00012630453308549712	0.00016683020139583734	0.0003456807610718262	0.0002623409201294199	7.979459821387675e-5	4.012565370233423e-6	99.8844732637695	0.0349915175235552
0.012076403789983266	0.01	0.007	0.007	0.007	0.01	0.0045174549109625066	0.009063629666058256	0.0058340596644969305	0.0020662820146931434	0.0001957472990234033	0.0004900100978516318	0.0010023390527880078	0.0007715991334496429	0.00023611449713137775	1.1124330150464453e-5	99.80059962240254	0.03498535429592584
0.01948220835050216	0.01	0.007	0.007	0.007	0.01	0.007063961995014626	0.013792800808017612	0.009149456892829899	0.0032833295359127705	0.00027188774908861986	0.0012479127048047405	0.002506448810003564	0.001968891353989866	0.0006077550092842795	2.616761922904612e-5	99.67851489667729	0.034976375910281375
0.026765517252128	0.01	0.007	0.007	0.007	0.01	0.009414475674913953	0.017912623551012953	0.012228203649032014	0.004444361865580799	0.0003252715067501179	0.002306136203653749	0.004551929520682374	0.0036453550882533676	0.0011347664325665236	4.495728467369321e-5	99.55859517316841	0.034967548278860346
0.03534452423805331	0.01	0.007	0.007	0.007	0.01	0.011999816297746432	0.022169813754043886	0.015636442029957953	0.005767611902152162	0.00036893217266541466	0.003923624391340792	0.007592517517726269	0.006215554468140357	0.001953844765788105	7.062993806572676e-5	99.41752681282149	0.03495715307266704
0.044361718475283	0.01	0.007	0.007	0.007	0.01	0.014517888234084172	0.02603757716262637	0.018979522237661278	0.007108313692887455	0.00039943756958287185	0.006024995359046888	0.011427221377778681	0.009565431022873465	0.003037367815135322	0.00010041071636276144	99.26946860290535	0.03494623024486527
0.05426086033118929	0.01	0.007	0.007	0.007	0.01	0.017064514152918465	0.029666555657133872	0.02238563996695165	0.008522880051964945	0.00042095282881211724	0.008767579067927368	0.016281078267886797	0.013952105549610357	0.004478716799834298	0.00013523515182735507	99.10718310428975	0.03493424301451926
0.064748899906216	0.01	0.007	0.007	0.007	0.01	0.01953374193422061	0.03291055025211205	0.025713717487349106	0.009958377078701265	0.0004349862751378322	0.01212820956515394	0.0220444814704808	0.0193457674745951	0.00628058605257327	0.00017363698480344077	98.93553271625942	0.034921547152556305
0.07595500026785702	0.01	0.007	0.007	0.007	0.01	0.021933899579004084	0.035800966217690494	0.028973731329181046	0.011422734373741472	0.00044380692834663615	0.01618845526159633	0.028789769940897922	0.02588470871467583	0.008503153026097176	0.00021566583447549261	98.75245883866594	0.034907987170408036
0.08778412167562796	0.01	0.007	0.007	0.007	0.01	0.02422460421012043	0.03831400992545129	0.03210843057029808	0.01289339839697916	0.0004489531742892786	0.02094911024174747	0.03645046066981907	0.0335776866975575	0.01116529582006217	0.0002606316718566903	98.55957420532597	0.034893679011913536
0.10027887529424956	0.01	0.007	0.007	0.007	0.01	0.026399053971795344	0.04047343474577978	0.03510450476863755	0.014365991962074436	0.00045167757627062426	0.026451866789382442	0.04502964210838984	0.04249898242293792	0.014310081752708783	0.00030843467942082495	98.35624495641014	0.03487857209311499
0.11341992512086971	0.01	0.007	0.007	0.007	0.01	0.028441411026549904	0.04229667212064877	0.037934733927319296	0.015828333178897012	0.0004528399566930678	0.03270681540281989	0.05448255695430439	0.052670954249015904	0.01796443121165045	0.000358807198124142	98.14285098038962	0.03486269081936884
0.12723617422566352	0.01	0.007	0.007	0.007	0.01	0.03034671588301224	0.04381374730694203	0.04058534898773938	0.017273661816783775	0.0004530283032391616	0.03973954981477861	0.06479255260155375	0.06413965244828142	0.022165418924822856	0.0004117174389803775	97.91899188001702	0.03484600134914002
0.14174370979446071	0.01	0.007	0.007	0.007	0.01	0.03210976317082926	0.04505439508752916	0.04304076692090584	0.01869328358840376	0.00045262128575118145	0.04756524424888459	0.07593157370080596	0.07693207450506083	0.026945096277219766	0.00046712118214075856	97.68448169662759	0.03482848543196293
0.15697915514452512	0.01	0.007	0.007	0.007	0.01	0.033729475352764	0.046050465036119634	0.045289699456778264	0.020079956037680858	0.000451856322631899	0.05620601897224184	0.08788628689487714	0.09108363758872282	0.03234048014919831	0.0005250766684094576	97.43880964946149	0.034810100138986916
0.17298107843886057	0.01	0.007	0.007	0.007	0.01	0.03520586061847179	0.046832536492183933	0.04732096604317709	0.021425728631190417	0.0004508802196311713	0.0656823050174106	0.10064542380377986	0.10662314428633476	0.03838809348109746	0.0005856637389956771	97.1814433539384	0.03479080035263616
0.18980019582723734	0.01	0.007	0.007	0.007	0.01	0.03654076828199046	0.04742979146091263	0.04912458540873223	0.022722689399012033	0.0004497866517374662	0.07601912676064172	0.11420838292989369	0.12358192113875241	0.04512751605795943	0.0006490159925129085	96.91166646129196	0.034770526489214616
0.20749373049571807	0.01	0.007	0.007	0.007	0.01	0.03773695814891563	0.04786906300009781	0.050690550746931025	0.023962255471158735	0.0004486440041264841	0.08724335107111586	0.1285811087413523	0.14198794505537626	0.05259924782049622	0.0007152953826466785	96.62867228636821	0.03474921134952489
0.22612843619536577	0.01	0.007	0.007	0.007	0.01	0.03879811119663185	0.04817464659885081	0.052008949818280886	0.02513525202949353	0.0004475158842340427	0.0993857555455531	0.14377849388852101	0.1618675977577966	0.06084549389088777	0.0007847022823004819	96.33151825823099	0.034726776522595156
0.2457783934006524	0.01	0.007	0.007	0.007	0.01	0.03972849392426713	0.048368100619274934	0.05306969835817034	0.02623163724970475	0.0004464780267774451	0.11247971219607646	0.15982234217960717	0.1832415817906859	0.06990856230015159	0.0008574685639013058	96.0191645494482	0.03470313509629432
0.2665247692565563	0.01	0.007	0.007	0.007	0.01	0.040532875153327146	0.04846826756839942	0.053862739334704895	0.027240472132485972	0.00044563345947436195	0.12656086834105326	0.17674074032495984	0.20612219994830402	0.07982964885482997	0.0009338613080841419	95.69048136297327	0.03467819200391177
0.2884526185651396	0.01	0.007	0.007	0.007	0.01	0.04121640025232425	0.04849136770532467	0.054378390259975325	0.028149865664549974	0.00044512781944065565	0.1416646723081881	0.19456492431632813	0.2305069395493552	0.09064580479218903	0.0010141797088576193	95.34430315692792	0.034651847929939576
0.3116459692590042	0.01	0.007	0.007	0.007	0.01	0.041784561023480736	0.04845118547215742	0.05460810598957741	0.028947093774990672	0.0004451654943979872	0.15782250876705037	0.2133247647001369	0.2563698947175984	0.10238549059349364	0.0010987512872627893	94.97950906286535	0.034624005263511795
0.33617794023594205	0.01	0.007	0.007	0.007	0.01	0.04224320507071182	0.048359326515654326	0.0545457322403207	0.029618899658858094	0.0004460262724134166	0.17505425437139377	0.23304041703967293	0.2836480790839329	0.11506109702251961	0.0011879171361519132	94.59517939932118	0.034594579983498894
0.36209300215912826	0.01	0.007	0.007	0.007	0.01	0.04259862646623674	0.04822556026614781	0.054189502379276944	0.030152136794682212	0.00044807987241653495	0.19335531581029017	0.25370815447522355	0.31222075077470857	0.12865702751304656	0.0012819969098786328	94.19087059920655	0.0345635228933435
0.3893765561234066	0.01	0.007	0.007	0.007	0.01	0.04285777279630534	0.04805827231247313	0.053545068764581	0.03053497128434992	0.00045179144075672685	0.21267502497521218	0.27527712091794193	0.34187904906360056	0.14311129941405912	0.001381214710810587	93.76707873921502	0.034530855905194786
0.41791324412954156	0.01	0.007	0.007	0.007	0.01	0.043028648426093774	0.04786500975922671	0.05262957374782268	0.030758975843391184	0.00045770514213753426	0.2328879741750064	0.29761899493789845	0.37229178695595294	0.15829265462158226	0.0014855828599834732	93.3258621113334	0.034496721555498135
0.447465084363799	0.01	0.007	0.007	0.007	0.01	0.043120880740438385	0.04765286581413685	0.05147490328877167	0.030822095532072134	0.0004663967948650716	0.2537811234476924	0.3205153996992482	0.40300434614102315	0.17399191359608834	0.0015948384910483696	92.87113792579623	0.03446140848852932
0.4777221182411584	0.01	0.007	0.007	0.007	0.01	0.043145867209349174	0.04742826067340489	0.050125710510270705	0.030730828546263595	0.0004784176955832639	0.2750938841308351	0.34370209482030845	0.43352023057949896	0.18995688292878843	0.0017086108711016302	92.40785814888444	0.034425290200778405
0.5083987048534718	0.01	0.007	0.007	0.007	0.01	0.043115821992065234	0.047196328128239394	0.04863152259090412	0.03049927020584272	0.0004942701180342892	0.29658995932762655	0.36694500325005586	0.46341907361739904	0.20595330656787006	0.0018267367867175251	91.9405136689695	0.03438870973209983
0.5392740132402297	0.01	0.007	0.007	0.007	0.01	0.04304234276662561	0.04696076815783114	0.047039634912356	0.030145934095118315	0.0005144057749087058	0.31808734243660014	0.39006934837901874	0.4923991974606951	0.22179312484621685	0.0019493752622383308	91.47252829201511	0.034351931545520506
0.570191367360416	0.01	0.007	0.007	0.007	0.01	0.0429355054760242	0.046724075471939845	0.04539127419128292	0.02969076697983314	0.0005392321468234538	0.3394572898151007	0.4129560998595915	0.5202685052938347	0.23733679007123973	0.002076981040880433	91.0062925662001	0.034315142688776654
0.6010408165048282	0.01	0.007	0.007	0.007	0.01	0.04280359592686522	0.04648789154916668	0.04372053041269431	0.029153244559615116	0.0005691158301754046	0.3606106831407466	0.4355261795110226	0.546916685233608	0.2524840653681835	0.0022102215709757064	90.5434494421307	0.03427847390179996
0.631747362360953	0.01	0.007	0.007	0.007	0.01	0.042653195098232136	0.046253266926710446	0.042054384188199706	0.028551292109368877	0.0006043879297429267	0.3814882179055434	0.45772969292735777	0.5722937190452909	0.2671663810517572	0.002349920498124601	90.08508796893165	0.03424201388699842
0.6622608873403968	0.01	0.007	0.007	0.007	0.01	0.042489415256574854	0.04602085855819337	0.040413427613309266	0.02790079560970777	0.0006453477951324394	0.40205195446979497	0.47953706537859664	0.5963917802769465	0.2813395420057036	0.002497010719813918	89.63190632071287	0.03420582147487628
0.6925498062473062	0.01	0.007	0.007	0.007	0.01	0.042316164776336235	0.04579105719843967	0.038812768837411575	0.027215446558573945	0.000692267128177484	0.4222797087702675	0.5009333877462271	0.6192323685234599	0.29497823825327	0.0026525050421485176	89.18431517498846	0.03416993330303832
0.7225963931079296	0.01	0.007	0.007	0.007	0.01	0.04213639533294419	0.04556407295541522	0.03726298938706249	0.026506793760472047	0.0007453934419337069	0.44216086083055034	0.5219143099103806	0.6408566172804673	0.3080715502175977	0.0028174758060181358	88.74251345893543	0.03413436946379277
0.7523924232731081	0.01	0.007	0.007	0.007	0.01	0.041952318770270294	0.04533999930019179	0.03577108925712479	0.025784430073682276	0.0008049509599467271	0.4616926452244426	0.5424824305433056	0.6613175139331672	0.32061895775208116	0.0029930356189993576	88.30655723062624	0.034099138742287295
0.7819370969391828	0.01	0.007	0.007	0.007	0.01	0.041765576430740484	0.04511884769889316	0.03434124876310899	0.025056198591526503	0.0008711429129734594	0.4808781766846759	0.5626454802492187	0.6806751297494981	0.33262773081840125	0.003180329575120956	87.8763933702684	0.0340642411273861
0.8112349952639927	0.01	0.007	0.007	0.007	0.01	0.041577375730625914	0.04490057455705246	0.03297549894485322	0.02432842651746607	0.0009441523804728616	0.4997246583287595	0.5824146495011185	0.6989928525285607	0.34411065678897623	0.0033805275614374464	87.45189178980618	0.03402967026756059
0.8402947388985433	0.01	0.007	0.007	0.007	0.01	0.04138859487593718	0.044685098304319576	0.03167425997972239	0.023606146767328536	0.0010241431732168134	0.5182421788838649	0.6018034944101813	0.7163348777579877	0.3550843625718002	0.0035948201827525027	87.03286658439782	0.0339954150833758
0.8691279137878175	0.01	0.007	0.007	0.007	0.01	0.04119986353412471	0.04447231169101217	0.03043677565148116	0.022893303738358038	0.0011112602693715368	0.5364427799551946	0.6208270902888042	0.732764452865042	0.36556799854350475	0.0038244158719706934	86.61909273502968	0.03396146105504611
0.8977483189769662	0.01	0.007	0.007	0.007	0.01	0.04101162384832834	0.044262089984469115	0.029261452521538542	0.02219293490162512	0.0012056302189409544	0.5543398028987383	0.639501449559485	0.7483427504193837	0.3755822596333908	0.004070539669981605	86.2103177378848	0.033927791123235275
0.9261713981434874	0.01	0.007	0.007	0.007	0.01	0.040824176661386595	0.04405429676545947	0.028146123136816588	0.02150732888123024	0.0013073614163194459	0.5719474060372711	0.65784309521385	0.7631281587345541	0.38514864635272045	0.00433443290548502	85.80627029491188	0.03389438636842614
0.9544138196405592	0.01	0.007	0.007	0.007	0.01	0.04063771638671079	0.04384878799084405	0.02708824713930653	0.020838160608602264	0.001416544310661546	0.5892802149479365	0.6758687557764608	0.7771758767228669	0.3942889169004297	0.004617353633845446	85.40666666339592	0.033861226511860056
0.9824931901170859	0.01	0.007	0.007	0.007	0.01	0.040452357130233166	0.043645414684471834	0.026085062159101235	0.020186605023608653	0.0015332516731204986	0.6063530845142325	0.6935951633417674	0.7905377325294672	0.40302469346210545	0.0049205779171293	85.0112149537523	0.03382829025688487
1.010427836519612	0.01	0.007	0.007	0.007	0.01	0.04026815242284773	0.043444024887361946	0.025133696582822683	0.01955343265199743	0.0016575388065320584	0.6231809236442186	0.7110389065468367	0.8032621397087546	0.41137717551319214	0.00524540150345734	84.61961835592751	0.03379555554823447
1.0382366803402872	0.01	0.007	0.007	0.007	0.01	0.04008510987454369	0.04324446479044884	0.024231251234671906	0.018939088510924053	0.001789443888671475	0.639778590676157	0.7282163491014173	0.8153941642600353	0.4193669472675889	0.005593142317052427	84.23157699818299	0.03376299972192353
1.0659392498765774	0.01	0.007	0.007	0.007	0.01	0.03990320156258152	0.0430465787920005	0.023374855357600217	0.01834375551303639	0.0019289888246572652	0.656160880286232	0.7451436368430078	0.8269756893760875	0.4270138727922639	0.005965144740243163	83.84678784886452	0.03373059949303093
1.093555539212459	0.01	0.007	0.007	0.007	0.01	0.03972237290679691	0.04285021060588922	0.02256171128419389	0.017767410647889524	0.0020761792541516616	0.6723424249269135	0.7618366115598036	0.8380455334352924	0.43433698353416456	0.006362782127067338	83.46494674273909	0.03369833112267954
1.1211059178078968	0.01	0.007	0.007	0.007	0.01	0.03954254930577921	0.04265520396284316	0.021789124301405647	0.017209870748619256	0.002231004539181193	0.6883376330999942	0.7783107597250472	0.8486396071177871	0.44135441352789634	0.006787459632614635	83.08574966539337	0.033666170525140066
1.1486113124654016	0.01	0.007	0.007	0.007	0.01	0.039363639563747777	0.042461401367863603	0.02105451542383792	0.016670825129402607	0.0023934391497049084	0.7041607884796585	0.7945813240898539	0.8587911761624697	0.44808342527084516	0.007240621315322644	82.70889028802965	0.03363409305696874
1.1760932036769665	0.01	0.007	0.007	0.007	0.01	0.03918553946519048	0.04226864418633168	0.020355433161532058	0.016149866034224362	0.002563443061416896	0.7198260392541446	0.8106632993616965	0.8685310381096625	0.4545403975246844	0.0077237551957241605	82.33406010442656	0.03360207352367521
1.2035737652216079	0.01	0.007	0.007	0.007	0.01	0.03900813361207298	0.04207677172979156	0.019689556486582268	0.015646511158570256	0.0027409629352560614	0.7353474689864027	0.8265715096804164	0.8778877407232369	0.4607408574334463	0.008238401195984997	81.96094663412153	0.033570086019861646
1.231075983940509	0.01	0.007	0.007	0.007	0.01	0.038831296792415676	0.04188562050658679	0.019054695173113808	0.01516022255972751	0.0029259331982342527	0.7507391525824386	0.8423206687422825	0.8868877749754333	0.466699510532399	0.008786159741016278	81.58923195314549	0.03353810379350683
1.2586238321808616	0.01	0.007	0.007	0.007	0.01	0.03865489456307238	0.041695023134001655	0.018448786712638138	0.01469042135429441	0.0031182774570042895	0.7660152378873383	0.8579254643727805	0.8955557674181641	0.472430283188742	0.009368702456865417	81.21859057081437	0.03350609905008059
1.2862425043843788	0.01	0.007	0.007	0.007	0.01	0.03847878309634161	0.04150480684581822	0.017869890649348075	0.014236498823087852	0.003317910368075464	0.781190057136889	0.8734006717319416	0.9039146717429768	0.4779463755366608	0.009987785705717267	80.8486865223489	0.03347404268360993
1.3139586662202463	0.01	0.007	0.007	0.007	0.01	0.03830280871545153	0.04131479196334893	0.017316182250989753	0.013797825461275696	0.003524739610940131	0.7962782379157166	0.8887612640291649	0.911985941227574	0.48326031114350165	0.010645266320172446	80.47917039199041	0.033441903995037936
1.3418008196786122	0.01	0.007	0.007	0.007	0.01	0.03812680653475619	0.04112478962965919	0.016785943962359016	0.013373756844274142	0.0037386687000491295	0.8112948686025738	0.9040225766279071	0.9197897116655077	0.4883840014158596	0.01134312237252857	80.10967490411645	0.03340965027828154
1.3697997191916205	0.01	0.007	0.007	0.007	0.01	0.037950598685620264	0.040934599273974866	0.0162775566876662	0.012963637997594942	0.003959600178205931	0.8262556795827699	0.9192004846070957	0.9273449713201196	0.49332880779150806	0.012083478383210415	79.73980999001799	0.03337724635008201
1.3979889460426553	0.01	0.007	0.007	0.007	0.01	0.03777399150732702	0.040744005095956826	0.015789489411277616	0.012566805188335998	0.004187439987176112	0.8411772948141901	0.9343116487335332	0.9346697446165155	0.4981056178795057	0.012868638624482225	79.36915594865438	0.03334465390020207
1.4264056295262237	0.01	0.007	0.007	0.007	0.01	0.03759677183809526	0.04055277168515382	0.015320288168989237	0.012182586033627808	0.004422102926682768	0.8560775419768981	0.9493738169130406	0.9417812792196687	0.5027249272678025	0.013701129859060222	78.99725492532698	0.03331183067669388
1.4550914297820303	0.01	0.007	0.007	0.007	0.01	0.037418701750581276	0.040360638044584236	0.014868563193579787	0.011810297066130904	0.0046635200799246025	0.8709758751398444	0.9644062344800233	0.9486962580925468	0.5071969395376049	0.014583758779055817	78.62359928629493	0.03327872937508311
1.4840938654155569	0.01	0.007	0.007	0.007	0.01	0.03723951129637154	0.04016730953065085	0.014432974053678946	0.01144923868093313	0.004911648831408131	0.8858939427790361	0.9794301944951078	0.9554310436692112	0.5115316872111588	0.01551968979829176	78.24761594034184	0.03324529613813925
1.5134681853887635	0.01	0.007	0.007	0.007	0.01	0.037058888129891394	0.039972446476902776	0.014012211230305447	0.011098686251557436	0.005166487021246225	0.9008563892416828	0.9944698139688907	0.9620019827969231	0.5157391897610768	0.016512554009392708	77.86864420993584	0.033211468439922114
1.5432801004885763	0.01	0.007	0.007	0.007	0.01	0.03687646222617726	0.03977564756486866	0.013604971846605503	0.010757875567274838	0.005428093706390037	0.915892027154047	1.0095531696883076	0.9684258144318834	0.5198296722049018	0.01756660694453192	77.48590348466867	0.03317717199680467
1.5736099245171804	0.01	0.007	0.007	0.007	0.01	0.03669178256588579	0.039576424561120566	0.013209925532849677	0.010425979269246485	0.005696620870811186	0.9310356208722014	1.0247140270920565	0.9747202527398295	0.5238138853603618	0.018686965909646518	77.09844408077313	0.03314231608199108
1.6045591794767478	0.01	0.007	0.007	0.007	0.01	0.03650427976863662	0.039374161921920274	0.012825662478812857	0.010102067631099661	0.005972364491485345	0.9463307439590903	1.0399946129838715	0.9809048872719345	0.527703608775049	0.01987998507896833	76.70506866605916	0.03310678604795807
1.6362618825920034	0.01	0.007	0.007	0.007	0.01	0.03631320196413232	0.0391680475504866	0.012450606490076614	0.00978503919737619	0.006255852865975027	0.9618346910046287	1.0554503880002217	0.9870027039858434	0.5315125115012213	0.02115388901151348	76.30419757319909	0.033070430540037804
1.6689055134484376	0.01	0.007	0.007	0.007	0.01	0.03611749521927644	0.03895694376621438	0.012082854188845636	0.009473488402616153	0.006548012881808501	0.9776276574366379	1.0711589783283073	0.9930429135666488	0.5352577673162742	0.022519935596554738	75.89361781858199	0.033033037727885024
1.7027750922927831	0.01	0.007	0.007	0.007	0.01	0.035915551223500264	0.03873911510778588	0.011719833492693375	0.009165419605195792	0.006850524695225378	0.9938321699302101	1.0872391106124013	0.9990669658991033	0.5389635159050219	0.02399482717558008	75.46995364884118	0.03299428530095065
1.7383649105118772	0.01	0.007	0.007	0.007	0.01	0.03570456529812198	0.03851153583326242	0.011357420917714203	0.00885750174223984	0.007166734673571023	1.0106626985270615	1.1038990395105277	1.0051440693011258	0.5426698550802119	0.025606728481915912	75.0273195612169	0.032953613617567275
1.7767744589379648	0.01	0.007	0.007	0.007	0.01	0.035478252439769334	0.038267426368398985	0.010986730990817855	0.008542346780709044	0.007504942041002719	1.0286028406937227	1.1216098092886873	1.0114274278097153	0.5464656449945331	0.02741622083333574	74.55252849564533	0.032909775824391856
1.8229843419494418	0.01	0.007	0.007	0.007	0.01	0.0352078785314248	0.03797579313160106	0.010566816274119322	0.00818532848982381	0.007905991957317286	1.0498824193153837	1.1425521135220047	1.0186303138541584	0.5507679201869555	0.029686619338154963	73.98529545151011	0.03285711258850534
1.863194341666858	0.01	0.007	0.007	0.007	0.01	0.034974286696260404	0.03772383543900479	0.010222839786132584	0.00789305862222348	0.008248402199698508	1.0681326752514761	1.1604552491469764	1.0246000366214953	0.5542908959748868	0.03174242145010266	73.49522463691576	0.032811355713530124
1.9025854801955162	0.01	0.007	0.007	0.007	0.01	0.034746954738075715	0.03747863063001448	0.009903748552829094	0.007622239248973269	0.008576767672828486	1.0857742094401377	1.1777091004671265	1.0301952190901769	0.5575550595621084	0.03382587103366205	73.01828175777877	0.03276659244814751
1.940202841933381	0.01	0.007	0.007	0.007	0.01	0.03453123919217113	0.03724595606591517	0.00961440774101255	0.00737704441682624	0.008882943183995986	1.1024051437878508	1.1939264557909237	1.0353173905325597	0.5605090914004891	0.03587707447075994	72.56570499663376	0.03272390187258424
1.9769715852891447	0.01	0.007	0.007	0.007	0.01	0.03432168463399587	0.03701992722518124	0.009345158360609548	0.0071492934461115775	0.009174514064843136	1.1184593090265713	1.2095360290976742	1.0401260837799737	0.5632507427938342	0.037937567616007424	72.12604906211207	0.03268222811593702
2.0126621730157583	0.01	0.007	0.007	0.007	0.01	0.03411949153170883	0.036801838823682424	0.009095820191591997	0.006938823443124774	0.00944969717036869	1.1338544128209458	1.2244619643713424	1.0446158434731483	0.5657813124068729	0.03998772509269347	71.7018328783442	0.032641827103246965
2.047617846120126	0.01	0.007	0.007	0.007	0.01	0.033922616923890404	0.03658948720653011	0.008862392473936137	0.006742231564670865	0.009711281064473606	1.148754808056731	1.2388674250372116	1.0488512891611885	0.5681412028044667	0.04204113302989137	71.28877047511544	0.032602306410039215
2.081839420125158	0.01	0.007	0.007	0.007	0.01	0.033730977806224	0.03638278278594203	0.008643591379706264	0.006558405955701329	0.009959414708942696	1.1631738845153112	1.2527684525448823	1.0528496821399942	0.5703433451589996	0.04409274557146935	70.8866879785148	0.032563662038095784
2.1154931638049703	0.01	0.007	0.007	0.007	0.01	0.033543574832361735	0.03618064761378449	0.008437270502137986	0.006385508320927928	0.01019547932868975	1.1771930520846903	1.266246258576972	1.0566451135081079	0.5724094412827043	0.04614802603362196	70.49348890022696	0.0325257035556105
2.148633715227305	0.01	0.007	0.007	0.007	0.01	0.03336004757298591	0.03598269289859904	0.00824219857259845	0.006222471254020051	0.01042003001270465	1.1908444745227424	1.2793340522223573	1.0602559195126549	0.5743519888753631	0.048206427912657425	70.10841723729862	0.03248836714951894
2.1813597855432625	0.01	0.007	0.007	0.007	0.01	0.033179801504559854	0.03578827736040017	0.008057032727952222	0.006068136577024101	0.010633912510646052	1.20417686947735	1.2920805236700583	1.0637032533053743	0.5761845874610052	0.05027064322505323	69.73022578505808	0.03245153975925716
2.2137295501442833	0.01	0.007	0.007	0.007	0.01	0.03300247637749066	0.03559701241568569	0.007880799022426513	0.0059216576865510845	0.010837677088124976	1.2172207066482015	1.3045164928615378	1.067002063599667	0.577917130151817	0.05234130497768062	69.3581588506	0.032415154394705346
2.245809776545806	0.01	0.007	0.007	0.007	0.01	0.03282767285547431	0.035408467325565664	0.007712580232466829	0.005782238544843663	0.011031910222081012	1.2300086603247051	1.3166745704747467	1.070166747874234	0.579558908235135	0.054419962803085184	68.9913786983484	0.03237913473719208
2.2776501366333823	0.01	0.007	0.007	0.007	0.01	0.03265509233467495	0.035222320005174564	0.007551639091730894	0.005649235941916926	0.011217071622127643	1.2425654090891491	1.3285794708897865	1.0732087504695025	0.5811173982506782	0.0565073847297556	68.62925892364245	0.03234342397871966
2.309299236274943	0.01	0.007	0.007	0.007	0.01	0.032484448061203174	0.035038261153129184	0.007397315433740887	0.005522073651321158	0.01139359716303906	1.25491426830079	1.3402543787117038	1.0761384072834634	0.5825992772282973	0.05860452750464856	68.27119796142594	0.03230796676072944
2.340797083612611	0.01	0.007	0.007	0.007	0.01	0.03231550509834159	0.034856037360068676	0.007249052115850551	0.005400263482606015	0.011561856973433858	1.2670743579644457	1.3517182987806844	1.078964391656908	0.5840101772550166	0.060711999399236063	67.91670295124761	0.03227271758684154
2.3721806191414583	0.01	0.007	0.007	0.007	0.01	0.03214804955542721	0.03467541791817766	0.0071063567370914914	0.005283373273767223	0.011722190122805683	1.2790629107423561	1.3629882766092596	1.0816943860144745	0.5853550625535413	0.06283038502294025	67.56532517440573	0.03223763458813965
2.403482012503254	0.01	0.007	0.007	0.007	0.01	0.03198189707583625	0.03449620397614154	0.0069688014335321175	0.005171026368226165	0.011874897688139461	1.290894717532215	1.3740789023937765	1.0843350436634314	0.5866382382524677	0.0649601011201027	67.21667786703017	0.03220268140288201
2.434730196083605	0.01	0.007	0.007	0.007	0.01	0.03181688402133746	0.03431821903028869	0.006836008690125617	0.005062889632928051	0.012020253279235444	1.3025828126565326	1.385002981030792	1.086892225001392	0.5878634920676157	0.0671014733560027	66.87041772459118	0.03216782543607578
2.465950764869882	0.01	0.007	0.007	0.007	0.01	0.031652867491573984	0.034141308945458755	0.0067076460043621194	0.004958668789410002	0.012158504725336977	1.314138516403178	1.3957715931654537	1.0893710716014726	0.5890341511722165	0.06925470811260842	66.52624494499986	0.03213303795023139
2.4971668979225305	0.01	0.007	0.007	0.007	0.01	0.031489720018331974	0.03396533623207547	0.0065834171808940795	0.004858101046756446	0.012289880302442883	1.3255718484705585	1.4063944998971727	1.0917761505776273	0.5901531692050876	0.07141993794301377	66.18389209711128	0.03209829301936759
2.5283994387435618	0.01	0.007	0.007	0.007	0.01	0.031327328784318056	0.03379017920343413	0.006463058110482307	0.004760951434174649	0.012414590644474033	1.3368916139226026	1.416880237983867	1.0941115170746156	0.5912231706858766	0.07359721278114054	65.84312248302146	0.032063567424681715
2.5596673785425947	0.01	0.007	0.007	0.007	0.01	0.03116559278601384	0.0336157289154675	0.006346331578430815	0.004667008383508484	0.012532832155809803	1.3481056287965334	1.4272363426453079	1.0963807989688032	0.5922465033194966	0.07578652150547624	65.50372418595222	0.03202884010381242
2.5909880101199416	0.01	0.007	0.007	0.007	0.01	0.031004421772455784	0.033441888022059815	0.006233023959217466	0.004576080873146352	0.01264478876125075	1.3592208166484268	1.4374694481745574	1.098587247873477	0.5932252723716545	0.07798779280454157	65.16550784454785	0.031994091968998314
2.622377220896204	0.01	0.007	0.007	0.007	0.01	0.030843734504051663	0.03326856889695505	0.006122941831584346	0.0044879955364715675	0.01275063399115484	1.3702433488073316	1.4475854272008135	1.100733793936877	0.5941613749462756	0.08020090744419527	64.82830300011237	0.03195930557235156
2.653849649644769	0.01	0.007	0.007	0.007	0.01	0.03068345775509023	0.033095692557829286	0.0060159094855423345	0.0044025945136291185	0.01285053234610663	1.3811787298205243	1.457589477703747	1.102823085135381	0.595056525683372	0.08242570240199575	64.4919560042938	0.03192446492414078
2.6854188745505057	0.01	0.007	0.007	0.007	0.01	0.030523525186480913	0.032923187450397316	0.005911766624874441	0.004319733481596053	0.012944640608917509	1.3920318892087706	1.4674862144997722	1.1048575242423233	0.5959122801115069	0.08466197833314563	64.1563276543056	0.031889555277648814
2.7170975253759977	0.01	0.007	0.007	0.007	0.01	0.03036387663263796	0.032750988679224574	0.005810366587264208	0.004239280116641061	0.013033108768175587	1.4028072426518308	1.4772797315712405	1.1068392969150453	0.5967300530281113	0.08690950260501225	63.821291697120614	0.03185456299922195
2.7488974271797013	0.01	0.007	0.007	0.007	0.01	0.030204457250580984	0.032579037089927335	0.00571157466994191	0.004161112656959314	0.013116080921759175	1.4135087606666072	1.486973670266852	1.108770398719108	0.5975111354666621	0.08916801532068815	63.486733044416	0.03181947540436751
2.7808296881962504	0.01	0.007	0.007	0.007	0.01	0.030045216971238877	0.032407278677335505	0.005615266816307965	0.004085118766275446	0.013193695914077869	1.4241400151691623	1.496571266499691	1.1106526559234906	0.5982567082264285	0.0914372320099818	63.152546621622115	0.03178428065642509
2.8129047974146935	0.01	0.007	0.007	0.007	0.01	0.029886109918028616	0.03223566395835922	0.005521328418040169	0.004011194500859891	0.013266087919318142	1.4347042269014585	1.506075398028158	1.1124877447194481	0.5989678540563482	0.09371684751862741	62.81863614821981	0.03174896765521921
2.845132689887265	0.01	0.007	0.007	0.007	0.01	0.02972709400072146	0.03206414753392419	0.005429653339742074	0.0039392434628028	0.013333386874720837	1.4452042999644654	1.5154886194638268	1.1142772066571092	0.5996455677134337	0.09600653802858035	62.48491328583456	0.031713525961899795
2.87752282461451	0.01	0.007	0.007	0.007	0.01	0.029568130458909016	0.03189268759654563	0.00534014301124145	0.0038691760156908633	0.013395718885013742	1.4556428587025452	1.5248131988620859	1.1160224632337792	0.6002907651555086	0.09830596432282356	62.151296680501694	0.03167794571045688
2.9100842324753167	0.01	0.007	0.007	0.007	0.01	0.029409183564261056	0.031721245609177766	0.005252705695881156	0.0038009086465711456	0.013453206512479497	1.4660222732017119	1.5340511436175543	1.1177248274426639	0.6009042911020728	0.10061477321359692	61.81771133813274	0.03164221755265879
2.942825568458335	0.01	0.007	0.007	0.007	0.01	0.029250220310042336	0.031549785970321334	0.005167255820731089	0.003734363383272572	0.013505969039306863	1.4763446849257356	1.5432042261038152	1.119385514449411	0.6014869258738808	0.10293259952122344	61.484087973202506	0.03160633259863095
2.975755151067911	0.01	0.007	0.007	0.007	0.01	0.02909121017104572	0.03137827575508331	0.00508371340617212	0.0036694672955094347	0.013554122674076885	1.4866120271115233	1.5522740042962677	1.1210056506161252	0.6020393912751718	0.10525906734921937	61.15036250518356	0.03157028237185223
3.0088810085418363	0.01	0.007	0.007	0.007	0.01	0.028932124837439604	0.031206684428100637	0.0050020035339822235	0.003606152031469819	0.013597780740738637	1.4968260462886613	1.5612618430760077	1.122586282015177	0.6025623559743201	0.10759379201344763	60.816475500200475	0.031534058756996435
3.0422108967919637	0.01	0.007	0.007	0.007	0.01	0.02877293809084206	0.031034983709871768	0.0049220559346215545	0.0035443534518009205	0.013637053804989968	1.506988314147295	1.5701689267473256	1.1241283808355536	0.6030564398874939	0.10993638012163731	60.48237191115802	0.03149765397898439
3.075752348501954	0.01	0.007	0.007	0.007	0.01	0.028613625535834485	0.030863147287163516	0.00484380453897361	0.0034840112403360175	0.013672049823821262	1.5171002482732818	1.5789962791251713	1.1256328526501471	0.6035222185980351	0.11228643197375117	60.14800051444297	0.03146106054819364
3.109512678217642	0.01	0.007	0.007	0.007	0.01	0.028454164546658875	0.030691150755517902	0.004767187173040941	0.003425068629256717	0.013702874225605025	1.527163118747002	1.5877447710045427	1.1271005410711363	0.6039602267056654	0.11464354097263794	59.813313798233125	0.031424271253963965
3.1434990210798603	0.01	0.007	0.007	0.007	0.01	0.02829453405724243	0.030518971392769864	0.004692145203501573	0.003367472089657863	0.01372963001740892	1.537178064422029	1.5964151359310277	1.12853223348151	0.6043709613245207	0.11700729549016467	59.478267521960575	0.03138727912154067
3.177718345058988	0.01	0.007	0.007	0.007	0.01	0.028134714480831994	0.030346588072363977	0.0046186232732728745	0.0033111710946087452	0.013752417853487723	1.5471461006799072	1.6050079783592368	1.1299286651452474	0.6047548848987315	0.11937727895368475	59.14282054778754	0.0313500773981017
3.2121774655353885	0.01	0.007	0.007	0.007	0.01	0.02797468762074136	0.030173981167085362	0.004546569053869059	0.0032561178977510772	0.013771336102146751	1.557068127557524	1.6135237820289314	1.1312905230968724	0.6051124278101212	0.12175307017408679	58.80693465341876	0.031312659536329786
3.246883073955732	0.01	0.007	0.007	0.007	0.01	0.02781443651861708	0.03000113238539733	0.004475932990012224	0.003202267308571497	0.013786480913121646	1.5669449415188668	1.6219629213329703	1.1326184502547942	0.6054439908900805	0.1241342447029262	58.470574213755754	0.031275019162837266
3.281841734599678	0.01	0.007	0.007	0.007	0.01	0.027653945453236402	0.029828024770144842	0.004406668129800972	0.003149576535345584	0.013797946262254045	1.5767772376997324	1.6303256643937882	1.1339130479867612	0.6057499473908766	0.1265203740436341	58.133706198496846	0.031237150081335936
3.3170599209175884	0.01	0.007	0.007	0.007	0.01	0.02749319975867772	0.029654642502431085	0.00433872989081933	0.0030980049813185057	0.01380582400976265	1.5865656231197303	1.6386121854121043	1.1351748799396424	0.6060306451525505	0.12891102762437504	57.796299790597715	0.031199046232991894
3.3525439961995196	0.01	0.007	0.007	0.007	0.01	0.027332185900119488	0.029480970983375068	0.004272075951699	0.0030475141382541584	0.013810203936454926	1.5963106139506373	1.6468225633580509	1.1364044735748031	0.606286408113146	0.1313057710111476	57.4583265454805	0.031160701717185824
3.3883002601177665	0.01	0.007	0.007	0.007	0.01	0.027170891250223813	0.02930699659291637	0.0042066660288418755	0.002998067394494847	0.013811173794084839	1.6060126509137849	1.654956795948248	1.1376023238846824	0.6065175382115852	0.1337041686352702	57.11975992176188	0.031122110741066182
3.424334924767625	0.01	0.007	0.007	0.007	0.01	0.027009304188120427	0.029132706796580598	0.004142461799597031	0.0029496299557035996	0.01380881934078733	1.6156720949602332	1.6630147968889852	1.1387688944353584	0.6067243166178591	0.13610578177923918	56.780575489117915	0.031083267645423907
3.460654164761368	0.01	0.007	0.007	0.007	0.01	0.026847413865383866	0.028958089893059535	0.004079426699759008	0.002902168672018387	0.013803224378607508	1.6252892428989372	1.6709964097934953	1.1399046207463661	0.6069070053357468	0.1385101715630935	56.440750437144054	0.03104416685069969
3.497264078778996	0.01	0.007	0.007	0.007	0.01	0.026685210371105127	0.028783135192259595	0.004017525889732712	0.0028556519938975353	0.013794470793119252	1.634864319022802	1.6789014019833128	1.1410099106260652	0.6070658481702753	0.14091689604346944	56.100263921938335	0.03100480289854292
3.53417072828373	0.01	0.007	0.007	0.007	0.01	0.026522684551916913	0.028607832821178965	0.003956726091457345	0.0028100498316890443	0.01378263858770691	1.6443974872868283	1.6867294753883015	1.142085146881949	0.6072010720473721	0.1433255124819682	55.75909668839952	0.030965170410246996
3.571380125553043	0.01	0.007	0.007	0.007	0.01	0.0263598280593276	0.028432173774962623	0.003896995521704133	0.002765333488962937	0.01376780592378888	1.6538888498838176	1.6944802660939104	1.1431306883124783	0.6073128879822621	0.14573557627497577	55.41723116966484	0.03092526409982727
3.608898261201979	0.01	0.007	0.007	0.007	0.01	0.026196633223778777	0.028256149781059423	0.0038383037667477	0.0027214755529186814	0.01375004914899023	1.6633384559349256	1.702153352163576	1.1441468717560048	0.6074014921231091	0.14814664248572137	55.074651222810495	0.030885078744729868
3.6467310873057466	0.01	0.007	0.007	0.007	0.01	0.026033093124398388	0.028079753374458772	0.0037806217354417835	0.002678449844539088	0.013729442841298938	1.6727462986821164	1.7097482520095482	1.1451340127759462	0.6074670665781625	0.15055826450971754	54.73134227534756	0.030844609204237334
3.6848845430468766	0.01	0.007	0.007	0.007	0.01	0.025869201473820224	0.02790297777345559	0.0037239215503521825	0.002636231323327807	0.013706059835005679	1.682112323379702	1.7172644314478325	1.1460924074387133	0.6075097802974689	0.15296999550361476	54.38729108350339	0.03080385039233759
3.723364545415656	0.01	0.007	0.007	0.007	0.01	0.025704952655764	0.027725816920184793	0.0036681764988447767	0.002594796037718563	0.01367997126299734	1.6914364262887507	1.7247013034945862	1.1470223330639278	0.6075297898128323	0.15538138758340417	54.0424858111767	0.03076279728807246
3.7621770079639307	0.01	0.007	0.007	0.007	0.01	0.025540341642393022	0.027548265391482266	0.003613360946655977	0.002554121048329488	0.01365124658283364	1.7007184605206658	1.73205823364591	1.1479240496210998	0.6075272399652568	0.15779199281734152	53.69691585651346	0.03072144491594258
3.8013278315560446	0.01	0.007	0.007	0.007	0.01	0.025375364032244926	0.0273703184397976	0.0035594502969710172	0.0025141843858351547	0.013619953620772866	1.709958234969535	1.7393345395986675	1.1487978003679897	0.6075022645597713	0.16020136246870906	53.35057193159634	0.03067978835625341
3.8408229263229714	0.01	0.007	0.007	0.007	0.01	0.025210015956324643	0.027191971891904813	0.003506420909266566	0.0024749649796842656	0.013586158592927918	1.7191555206467326	1.7465294968166463	1.1496438131563511	0.6074549869759337	0.16260904818988509	53.00344586536376	0.030637822722254633
3.8806681999404176	0.01	0.007	0.007	0.007	0.01	0.0250442941272865	0.027013222201950876	0.0034542500689851434	0.0024364426251797374	0.013549926152008599	1.7283100489302008	1.753642337677619	1.150462300908934	0.6073855207457934	0.16501460114165672	52.65553070691727	0.030595543173186024
3.9208695641390596	0.01	0.007	0.007	0.007	0.01	0.024878195811488858	0.026834066421313637	0.003402915934441567	0.002398597934266251	0.013511319421075356	1.7374215141500051	1.7606722540496733	1.1512534624783082	0.6072939700992068	0.16741757226199344	52.306820666913765	0.030552944907921924
3.961432944180629	0.01	0.007	0.007	0.007	0.01	0.024711718789861482	0.026654502156392926	0.003352397483774294	0.0023614122869814553	0.013470400023136016	1.7464895767239124	1.7676184002443605	1.1520174834970207	0.6071804304556755	0.16981751270933365	51.957311035467264	0.030510023155543745
4.002364283258471	0.01	0.007	0.007	0.007	0.01	0.024544861340830726	0.026474527550193496	0.0033026744719488604	0.0023248677909035813	0.013427228114401423	1.7555138650206443	1.774479894941045	1.1527545370644126	0.6070449888838053	0.17221397399738556	51.606998146355416	0.030466773171363887
4.04366953878276	0.01	0.007	0.007	0.007	0.01	0.02437762225658992	0.02629414129987463	0.0032537274000284827	0.0022889472501261858	0.013381862426332268	1.7644939754060969	1.781255821720217	1.153464784252224	0.6068877245616664	0.17460650766653807	51.25587941123277	0.03042319024155466
4.085354695176138	0.01	0.007	0.007	0.007	0.01	0.02421000079245479	0.026113342602124244	0.003205537466780077	0.0022536341217373997	0.013334360290152938	1.7734294758881781	1.7879452323179799	1.1541483748706256	0.6067087091558092	0.17699466592992003	50.90395321335727	0.0303792696703691
4.127425765985428	0.01	0.007	0.007	0.007	0.01	0.024041996660726258	0.025932131146539358	0.0031580865360795445	0.0022189124843930157	0.013284777671654304	1.7823199073034328	1.7945471479715713	1.1548054479909557	0.6065080072007049	0.17937800168809562	50.55121889475548	0.030335006778720208
4.169888787544537	0.01	0.007	0.007	0.007	0.01	0.02387361005815312	0.025750507145247774	0.0031113571153615818	0.002184767015380955	0.013233169216568369	1.7911647827370767	1.8010605594634594	1.1554361323193116	0.6062856765045501	0.18175606808325392	50.197676813934144	0.030290396911659717
4.212749832363812	0.01	0.007	0.007	0.007	0.01	0.02370484161478895	0.025568471277744524	0.0030653323135558345	0.002151182953076491	0.013179588272684095	1.7999635910964786	1.80748443024571	1.1560405468533652	0.6060417684425825	0.18412841918142775	49.843328238554484	0.030245435425130668
4.256015005771893	0.01	0.007	0.007	0.007	0.01	0.023535692410183932	0.02538602470835672	0.0030199958198163135	0.002118146075002206	0.013124086931283653	1.808715797099622	1.8138176968851352	1.156618801246335	0.6057763283082817	0.18649460970910237	49.488175379479046	0.03020011769038462
4.299690454046758	0.01	0.007	0.007	0.007	0.01	0.02336616394442513	0.025203169055007236	0.002975331871328438	0.002085642668271161	0.01306671605423295	1.8174208436171508	1.8200592712273012	1.1571709963136514	0.6054893955847472	0.18885419543667978	49.13222133001838	0.03015443908637199
4.343782364064314	0.01	0.007	0.007	0.007	0.01	0.023196258142956006	0.02501990639441324	0.0029313252318197694	0.002053659508184518	0.013007525311302129	1.8260781522371479	1.826208041250113	1.1576972243941597	0.6051810042461967	0.19120673309597339	48.77547007610019	0.030108395001072867
4.388296971829097	0.01	0.007	0.007	0.007	0.01	0.023025977327324445	0.024836239230534643	0.0028879611624901477	0.00202218383163841	0.012946563205406963	1.8346871255626227	1.8322628731458985	1.1581975697988534	0.604851182983894	0.1935517807797885	48.41792643489919	0.030061980823583346
4.433240547347529	0.01	0.007	0.007	0.007	0.01	0.022855324276704347	0.024652170560932253	0.002845225417311544	0.001991203328526616	0.012883877129912714	1.8432471449094918	1.8382226101604413	1.1586721089729342	0.6044999555927323	0.19588889710005583	48.05959618406663	0.030015191960907302
4.4786194272849755	0.01	0.007	0.007	0.007	0.01	0.022684302107270092	0.024467703746659505	0.00280310419331784	0.0019607061007729785	0.012819513359733557	1.8517575771843975	1.8440860778632757	1.1591209111666374	0.6041273409848664	0.1982176428588508	47.70048580849851	0.029968023804985446
4.5244399879125385	0.01	0.007	0.007	0.007	0.01	0.022512914379438784	0.02428284262793547	0.0027615841395555027	0.0019306806641899426	0.012753517124592006	1.860217770276348	1.8498520813711747	1.159544038436051	0.6037333536445827	0.20053757959738575	47.340602725567834	0.029920471761976247
4.5707086600064795	0.01	0.007	0.007	0.007	0.01	0.022341165045198424	0.024097591467332372	0.0027206523265276067	0.0019011159219290924	0.012685932623982005	1.8686270565078762	1.8555194082185351	1.159941546090337	0.603318003755652	0.20284827035163483	46.979955174579075	0.029872531237851534
4.617431938208495	0.01	0.007	0.007	0.007	0.01	0.022169058418111346	0.023911954917421048	0.0026802962230168745	0.0018720011435625092	0.012616803048318633	1.876984754868029	1.86108683030722	1.1603134830318433	0.6028812973416636	0.2051492800898686	46.61855215383021	0.029824197629879923
4.664616359260995	0.01	0.007	0.007	0.007	0.01	0.021996599258048546	0.023725938112166566	0.0026405037006213554	0.0018433259643842077	0.012546170645806976	1.8852901676751517	1.866553102148161	1.1606598918369397	0.6024232366890833	0.20744017462472067	46.256403598596044	0.029775466350339855
4.712268536493044	0.01	0.007	0.007	0.007	0.01	0.02182379264881178	0.023539546534929828	0.002601262990499255	0.0018150803504479677	0.012474076705601427	1.8935425872978129	1.8719169658049493	1.1609808092734102	0.6019438202366612	0.20972052230229385	45.893520124202134	0.02972633279207648
4.760395134844482	0.01	0.007	0.007	0.007	0.01	0.021650644094550038	0.02335278612246387	0.0025625626919993784	0.0017872546012335832	0.012400561628754204	1.901741292267654	1.8771771487885869	1.161276266340677	0.6014430430171545	0.21198989277729047	45.52991322854212	0.02967679235558457
4.809002886862795	0.01	0.007	0.007	0.007	0.01	0.021477159466028493	0.023165663206958738	0.002524391747103487	0.0017598393278567114	0.012325664937576546	1.9098855506484012	1.8823323667538945	1.1615462886111119	0.600920896700385	0.21424785779530178	45.16559517930162	0.02962684043378216
4.858098579921607	0.01	0.007	0.007	0.007	0.01	0.021303345050906475	0.022978184570272293	0.0024867394389803195	0.0017328254488097909	0.012249425328208116	1.9179746184587592	1.887381323003907	1.1617908963761105	0.6003773699239049	0.21649399061453847	44.80057911959708	0.029576472426465977
4.907689072613188	0.01	0.007	0.007	0.007	0.01	0.02112920749955981	0.022790357385493384	0.0024495953680121157	0.001706204169688537	0.012171880677809941	1.9260077430191211	1.8923227111335437	1.1620101049530225	0.599812448308619	0.21872786679847084	44.434878954260256	0.029525683724797313
4.957781281786013	0.01	0.007	0.007	0.007	0.01	0.020954753875316364	0.022602189271126758	0.0024129494512308814	0.0016799669798888885	0.012093068096580279	1.9339841614166184	1.8971552146062949	1.162203924828121	0.5992261147883138	0.22094906366079295	44.06850945539271	0.029474469725964722
5.0083821891959435	0.01	0.007	0.007	0.007	0.01	0.020779991634750913	0.02241368826983894	0.0023767919069598354	0.0016541056388352869	0.01201302394884406	1.9419031022516078	1.9018775084093797	1.162372361899345	0.5986183497223817	0.22315716062681845	43.701486221045755	0.02942282582772669
5.059498845049252	0.01	0.007	0.007	0.007	0.01	0.02060492861948544	0.022224862839613963	0.0023411132426826675	0.0016286121646817099	0.011931783878155232	1.9497637868248292	1.9064882603388238	1.1625154176863193	0.597989131032366	0.22535173944688777	43.333825658061066	0.029370747426206916
5.111138361330421	0.01	0.007	0.007	0.007	0.01	0.020429573082892484	0.02203572188255617	0.0023059042505064313	0.0016034788285777882	0.01184938284800522	1.957565428761645	1.9109861313763004	1.1626330895060182	0.5973384344602813	0.22753238397925624	42.965545038214856	0.029318229924126103
5.163307911733531	0.01	0.007	0.007	0.007	0.01	0.02025393369323757	0.021846274748279607	0.0022711559979879774	0.001578698145740256	0.01176585517153583	1.9653072347387908	1.9153697767654596	1.1627253706765077	0.5966662337503348	0.22969868028507426	42.596662504884705	0.02926526873228158
5.216014724508217	0.01	0.007	0.007	0.007	0.01	0.02007801956008155	0.02165653126238637	0.002236859823870224	0.0015542628701458712	0.011681234551929251	1.9729884042109511	1.9196378465553838	1.1627922507105573	0.5959725009225237	0.23185021644862372	42.227197128570594	0.029211859278217022
5.269266089159664	0.01	0.007	0.007	0.007	0.01	0.019901840213515567	0.02146650170406895	0.002203007324821935	0.0015301659829241147	0.011595554099855012	1.980608131235892	1.9237889873605563	1.1628337155345023	0.595257206367379	0.23398658299003608	41.85716886335644	0.029157997000829463
5.3230693490741166	0.01	0.007	0.007	0.007	0.01	0.019725405630224596	0.0212761968342231	0.0021695903517666695	0.001506400687698072	0.011508846372686985	1.988165604254368	1.927821842991242	1.1628497476831348	0.5945203191218059	0.23610737271092425	41.486598601725234	0.029103677359264068
5.3774318900963545	0.01	0.007	0.007	0.007	0.01	0.019548726271055895	0.021085627935969693	0.0021366010083328723	0.001482960407521516	0.011421143419522987	1.995660005451752	1.9317350549554317	1.1628403265139384	0.5937618072108719	0.23821218042629808	41.11550825354525	0.029048895845817546
5.432361150545353	0.01	0.007	0.007	0.007	0.01	0.019371813047536133	0.020894806778539766	0.002104031636137916	0.0014598387725518523	0.01133247679072319	2.0030905131854055	1.9355272646325945	1.162805428430271	0.5929816376964818	0.24030060356198538	40.743920675828775	0.02899364797718374
5.4878646020311175	0.01	0.007	0.007	0.007	0.01	0.019194677382585935	0.02070374568276237	0.002071874817981934	0.001437029620544911	0.011242877593612824	2.010456300433098	1.9391971134008723	1.1627450271105155	0.592179777132979	0.24237224163990242	40.3718598003419	0.028937929315111653
5.543949740507675	0.01	0.007	0.007	0.007	0.01	0.0190173312353117	0.020512457547805316	0.0020401233741229544	0.0014145269925026416	0.011152376530633504	2.0177565348670012	1.9427432437471763	1.1626590937659942	0.5913561918953354	0.24442669622354996	39.999350685773955	0.02888173547660807
5.600624092027397	0.01	0.007	0.007	0.007	0.01	0.018839787078038628	0.020320955826403066	0.0020087703502186	0.0013923251224990992	0.0110610039126059	2.024990380928094	1.9461643014067178	1.1625475973835762	0.5905108482940402	0.24646357143173267	39.626419469595604	0.02882506212935801
5.6578951919790414	0.01	0.007	0.007	0.007	0.01	0.018662057955906888	0.02012925458913799	0.001977809020281297	0.0013704184382274916	0.010968789713601275	2.03215699853266	1.9494589359215333	1.1624105050153901	0.5896437130814254	0.248482473509773	39.25309349334224	0.02876790501365818
5.715770567108632	0.01	0.007	0.007	0.007	0.01	0.018484157533932084	0.019937368575200783	0.0019472328870318832	0.001348801559756058	0.010875763619861513	2.0392555424284464	1.9526258017007239	1.162247782105217	0.5887547539372124	0.25048301058757283	38.879401401579884	0.02871025996134114
5.774257732273368	0.01	0.007	0.007	0.007	0.01	0.018306100095883522	0.019745313191180704	0.00191703567389142	0.0013274692924339297	0.010781955053448533	2.046285163563712	1.9556635601185288	1.162059392799256	0.587843939739358	0.2524647930100352	38.50537313967056	0.028652122899855036
5.833364171246005	0.01	0.007	0.007	0.007	0.01	0.0181279005900644	0.019553104560444935	0.0018872113251940175	0.0013064166256778356	0.010687393219941105	2.053245008633109	1.9585708808876554	1.1618453003146143	0.5869112410843661	0.25442743315940874	38.13104005006483	0.028593489872107226
5.893097304558369	0.01	0.007	0.007	0.007	0.01	0.01794957470981745	0.019360759609973494	0.0018577540118934787	0.0012856387356828273	0.010592107174865025	2.0601342184069122	1.961346443140647	1.161605467396086	0.5859566310309644	0.2563705449397487	37.75643504155446	0.0285343570688858
5.953464496113876	0.01	0.007	0.007	0.007	0.01	0.017771138853926526	0.019168296027647885	0.0018286581171951762	0.001265130974020473	0.010496125826039936	2.0669519308298563	1.9639889386432667	1.1613398566553998	0.5849800852407407	0.2582937446124637	37.381592506238746	0.02847472082261381
6.014473003094179	0.01	0.007	0.007	0.007	0.01	0.01759261025290685	0.018975732398470044	0.001799918249647885	0.0012448888756630382	0.01039947802425777	2.07369727778753	1.9664970725993156	1.1610484311604916	0.5839815830328775	0.2601966498522214	37.00654858497927	0.028414577657010665
6.076129952195837	0.01	0.007	0.007	0.007	0.01	0.01741400701014865	0.018783088248940656	0.0017715292416505093	0.0012249081567517611	0.010302192608986474	2.0803693853584373	1.9688695661737492	1.1607311549788895	0.5829611080442899	0.26207887979247335	36.63134125400855	0.028353924310230923
6.138442310597932	0.01	0.007	0.007	0.007	0.01	0.017235348153495946	0.018590384102693144	0.0017434861495538515	0.0012051847135361846	0.01020429845955833	2.0869673737887515	1.9711051591290933	1.1603879937812587	0.5819186489886241	0.2639400550001411	36.25601043347458	0.028292757762836372
6.201416851369336	0.01	0.007	0.007	0.007	0.01	0.017056653697003016	0.018397641547105544	0.0017157842551921295	0.0011857146223612522	0.010105824551886616	2.093490357229977	1.9732026126409585	1.160018915516524	0.5808542005230216	0.26577979739123253	35.88059811738235	0.02823107527079774
6.265060104498152	0.01	0.007	0.007	0.007	0.01	0.01687794473636217	0.018204883336230566	0.0016884190723092261	0.0011664941431289582	0.01000680003393666	2.099937442427107	1.9751607121076387	1.1596238912241612	0.5797677643774727	0.2675977298589426	35.5051485742942	0.02816887441203847
6.329378331441474	0.01	0.007	0.007	0.007	0.01	0.016699243470313013	0.01801213341388834	0.0016613863412858287	0.0011475197145741965	0.009907254260394844	2.1063077302736994	1.9769782712012418	1.1592028957582992	0.5786593501033557	0.2693934767193958	35.12970839254639	0.02810615310937166
6.394377450833168	0.01	0.007	0.007	0.007	0.01	0.016520573350779628	0.017819417075607254	0.001634682043275108	0.001128787963205089	0.009807216898845126	2.112600312914344	1.9786541349406879	1.1587559088723436	0.5775289766748182	0.2711666629117513	34.75432679593206	0.02804290970049995
6.460062978259541	0.01	0.007	0.007	0.007	0.01	0.016341959181530214	0.017626761075040038	0.0016083024057028802	0.0011102957061926604	0.009706718008212526	2.118814273010874	1.980187183986287	1.1582829163076946	0.576376673883702	0.27291691382001154	34.37905585126755	0.02797914299330941
6.5264399811551375	0.01	0.007	0.007	0.007	0.01	0.01616342716552013	0.017434193675029266	0.0015822438998706323	0.0010920399487545393	0.009605788088443744	2.124948685011712	1.9815763398843775	1.157783910837448	0.5752024834877858	0.27464385567097516	34.003950568167255	0.027914852305629644
6.59351297809245	0.01	0.007	0.007	0.007	0.01	0.015985005091222682	0.01724174484858714	0.0015565032586090488	0.0010740178956172074	0.009504458208802352	2.1310026118526055	1.9828205697352983	1.1572588937892756	0.5740064613580558	0.2763471146586286	33.62906929086417	0.027850037557939664
6.661285887958968	0.01	0.007	0.007	0.007	0.01	0.01580672237059482	0.01704944631984643	0.0015310774716516154	0.0010562269468861961	0.009402760052806805	2.1369751070702145	1.9839188927398206	1.1567078762852896	0.5727886787709003	0.27802631760711405	33.254473778342955	0.02778469931653596
6.729761913242545	0.01	0.007	0.007	0.007	0.01	0.015628610238563784	0.016857331779230662	0.0015059638039486244	0.0010386647100034745	0.009300726055131572	2.142865211698916	1.9848703862679973	1.1561308810760007	0.5715492248936509	0.27968109118121426	32.880229623874826	0.027718838899145795
6.798943459985795	0.01	0.007	0.007	0.007	0.01	0.015450701838348884	0.016665436975483987	0.0014811597969294895	0.00102132899978327	0.009198389474115274	2.1486719553739597	1.9856741935246263	1.1555279441860824	0.5702882086411382	0.28131106229750613	32.50640643472055	0.02765245844361532
6.868832008144239	0.01	0.007	0.007	0.007	0.01	0.015273032418418797	0.016473799928113295	0.0014566632850088151	0.0010042178491274803	0.009095784528622941	2.1543943540701442	1.9863295314342333	1.1548991170737226	0.5690057614500266	0.28291585760880134	32.1330782464376	0.02758556102269775
6.939428019346579	0.01	0.007	0.007	0.007	0.01	0.015095639413776937	0.016282461015064757	0.0014324723953680093	0.0009873295080672158	0.00899294646883322	2.160031411983385	1.9868356999671888	1.1542444685703868	0.5677020393927488	0.28449510417185275	31.760323694180006	0.027518150721131448
7.010730770248048	0.01	0.007	0.007	0.007	0.01	0.014918562695597562	0.01609146324198588	0.0014085855704030648	0.0009706624586534254	0.008889911744738578	2.1655821183601893	1.9871920917987862	1.15356408759735	0.566377226674479	0.28604842872001873	31.388226537790356	0.027450232781948882
7.082738247110663	0.01	0.007	0.007	0.007	0.01	0.014741844643405978	0.01590085232008149	0.001385001565274171	0.0009542154124756887	0.008786718072353898	2.1710454503938545	1.9873982035708702	1.1528580854365502	0.5650315380192208	0.28757545865978534	31.016875814056544	0.027381813692038362
7.15544699394502	0.01	0.007	0.007	0.007	0.01	0.014565530312293802	0.015710676846475532	0.0013617194582100508	0.000937987317112274	0.008683404555001594	2.1764203733978666	1.9874536477570492	1.1521265985242533	0.563665221916221	0.28907582232690626	30.646366188704775	0.02731290130984385
7.228851931658264	0.01	0.007	0.007	0.007	0.01	0.014389667644613649	0.015520988532549556	0.0013387386660974401	0.0009219773662762745	0.008580011831178283	2.1817058400441756	1.9873581656646695	1.1513697916545576	0.562278564420077	0.29054914900824785	30.276798401915162	0.02724350501792214
7.302946251283456	0.01	0.007	0.007	0.007	0.01	0.014214307478390283	0.015331842213016143	0.0013160589331317526	0.0009061849912131051	0.008476582103048236	2.1869007960780125	1.987111641407365	1.150587860524537	0.5608718915499791	0.2919950707955445	29.90827928669411	0.027173635802753
7.377721211230617	0.01	0.007	0.007	0.007	0.01	0.014039503763275502	0.015143296078852526	0.0012936803467969945	0.0008906098711745006	0.008373159286443475	2.1920041799817445	1.98671411674555	1.1497810353344133	0.559445573479988	0.29341322277467463	29.540922223422942	0.027103306422763793
7.453166005479978	0.01	0.007	0.007	0.007	0.01	0.013865313582346479	0.01495541170081391	0.0012716033286393552	0.0008752519263657397	0.008269789046147669	2.197014928669679	1.9861658066254648	1.1489495837273884	0.5580000273647849	0.2948032449188902	29.174847186428128	0.027032531506523495
7.529267610830799	0.01	0.007	0.007	0.007	0.01	0.013691797203158234	0.01476825408450066	0.0012498286295056329	0.0008601113140505013	0.008166518847268496	2.201931982335012	1.9854671152358665	1.1480938139808277	0.5565357205186086	0.29616478376380645	28.810180852045715	0.026961327668154036
7.606010659106217	0.01	0.007	0.007	0.007	0.01	0.013519018052068708	0.014581891642666217	0.0012283573158633153	0.0008451884185017672	0.00806339795975115	2.206754291458856	1.9846186521909024	1.1472140779373596	0.5550531730623791	0.29749749469741327	28.44705654544694	0.026889713596813476
7.683377393293407	0.01	0.007	0.007	0.007	0.01	0.01334704248758625	0.014396395950747246	0.0012071907326050276	0.0008304838246774454	0.007960477340733256	2.211480829126402	1.9836212475786958	1.1463107729305797	0.5535529588721771	0.2988010457221146	28.08561376506028	0.026817710065866952
7.761347613438793	0.01	0.007	0.007	0.007	0.01	0.013175939595792783	0.014211841526204819	0.0011863304709648075	0.0008159982955414565	0.007857809526778564	2.2161106020505112	1.9824759661908753	1.1453843437042859	0.5520357066199666	0.30007512084945753	27.725997753335342	0.02674533995053173
7.8398986804304975	0.01	0.007	0.007	0.007	0.01	0.013005780860068141	0.014028305472284711	0.0011657783234377361	0.0008017327404466226	0.007755448447482885	2.2206426642635546	1.9811841198437614	1.1444352835104072	0.5505020995807353	0.3013194242133164	27.368358803257536	0.02667262819088049
7.919005649133117	0.01	0.007	0.007	0.007	0.01	0.01283663956559982	0.01384586683571264	0.0011455362098950306	0.0007876881636336625	0.0076534490751601365	2.2250761367248817	1.9797472757068433	1.1434641334239253	0.5489528727823871	0.3025336857709869	27.01285100733006	0.02659960163539843
7.998641466948335	0.01	0.007	0.007	0.007	0.01	0.012668590098631688	0.013664605850852975	0.0011256060955443408	0.0007738656072130647	0.00755186700520148	2.229410227968535	1.9781672604751166	1.1424714805169869	0.5473888087133336	0.30371766722353205	26.659630785146906	0.02652628882623625
8.078777266102067	0.01	0.007	0.007	0.007	0.01	0.012501707094768964	0.013484603021056555	0.0011059898958016938	0.0007602660852138537	0.007450757938944934	2.2336442566413965	1.9764461591468199	1.1414579544728127	0.5458107310243971	0.3048711683671127	26.308855093499247	0.02645271970148221
8.159382799856573	0.01	0.007	0.007	0.007	0.01	0.012336064351675323	0.013305937945877673	0.0010866893589269173	0.0007468905023719901	0.007350177016769401	2.237777677605338	1.9745863063712468	1.1404242219080725	0.5442194952250462	0.3059940343026064	25.960679141002572	0.026378925170346935
8.240426987350691	0.01	0.007	0.007	0.007	0.01	0.012171733603881626	0.013128687999561595	0.0010677059388300577	0.000733739566277653	0.007250178059528969	2.241810108574123	1.9725902700002995	1.139370978737192	0.5426159770593756	0.3070861626444508	25.615253812580537	0.02630493659613619
8.321878556370978	0.01	0.007	0.007	0.007	0.01	0.012008783199774603	0.012952926904021334	0.0010490406629823025	0.000720813696297443	0.007150812742403045	2.245741355979864	1.970460826408808	1.1382989406536181	0.5410010587837311	0.30814751035005133	25.27272288798813	0.026230785198804535
8.403706674147672	0.01	0.007	0.007	0.007	0.01	0.011847276911991687	0.01277872344570788	0.0010306940216220134	0.0007081129473897962	0.007052129842682027	2.2495714344200253	1.9682009302122794	1.1372088331606873	0.539375615552291	0.3091780986313923	24.933220540409437	0.02615650147858482
8.485881660346024	0.01	0.007	0.007	0.007	0.01	0.011687272693461202	0.012606140133852086	0.0010126658557072855	0.0006956369331596026	0.006954174448305071	2.253300584485516	1.9658136762914824	1.1361013799648325	0.5377405000881392	0.3101780172496725	24.59686872046703	0.026082114575425922
8.568375577614812	0.01	0.007	0.007	0.007	0.01	0.011528821780845133	0.012435232233420464	0.0009949552881580123	0.00068338477895002	0.0068569873741537385	2.256929279781069	1.9633022602790016	1.1349772925212713	0.5360965297502074	0.31114742573063514	24.26377527020603	0.026007651750209974
8.65116262237327	0.01	0.007	0.007	0.007	0.01	0.011371968264163196	0.012266047300901629	0.000977560708892073	0.0006713551121552424	0.006760604862523612	2.2604582215595883	1.9606699417907176	1.1338372620000812	0.5344444776099008	0.3120865511369569	23.934033016864596	0.025933138055031158
8.73421932662677	0.01	0.007	0.007	0.007	0.01	0.011216749062642662	0.01209862515825502	0.0009604798040276046	0.0006595460830118833	0.006665058534648979	2.263888323661362	1.957920012354256	1.1326819537714248	0.532785067388608	0.31299568318911536	23.607719720531975	0.025858596179220667
8.817524428530263	0.01	0.007	0.007	0.007	0.01	0.011063194530677644	0.011932998546506472	0.0009437096512187594	0.000647955430986493	0.006570375734473643	2.2672206841179126	1.9550557749939577	1.1315120066251414	0.531118975147605	0.3138751658494287	23.284899346500502	0.025784046594787256
8.901058490026116	0.01	0.007	0.007	0.007	0.01	0.010911329492358597	0.011769194241607626	0.0009272468559746804	0.0006365805792981542	0.006476580144215086	2.2704565494277382	1.9520805355988955	1.1303280359151298	0.5294468362041207	0.31472538706081077	22.96562423879346	0.02570950792542796
8.984803253747316	0.01	0.007	0.007	0.007	0.01	0.010761174674687587	0.01160723460032511	0.0009110877238408605	0.0006254187539985695	0.006383692655534091	2.2735972732684653	1.9489976083151255	1.1291306409337971	0.5277692574367552	0.31554676718440267	22.64993813216983	0.025634997541416783
9.068740955013029	0.01	0.007	0.007	0.007	0.01	0.010612748117506428	0.011447139081012754	0.0008952284219784687	0.0006144670954997897	0.0062917322363727785	2.276644279248898	1.9458103283870056	1.1279204135599514	0.5260868306410685	0.3163397487094739	22.33787911554217	0.025560532184428865
9.152853635452239	0.01	0.007	0.007	0.007	0.01	0.010466066475506911	0.011288925647981934	0.0008796651220173149	0.0006037227569779421	0.006200716739789454	2.2795990292407917	1.942522070417551	1.1266979474678738	0.5244001459604879	0.31710478763374417	22.029482368861583	0.0254861285803737
9.237122812900548	0.01	0.007	0.007	0.007	0.01	0.010321145610946533	0.011132611410815065	0.000864394062214425	0.000593182946932789	0.00611066327910459	2.2824630086848687	1.9391362570515762	1.125463842614759	0.5227097982348957	0.3178423494229537	21.72478140900845	0.025411803727941766
9.32152968100763	0.01	0.007	0.007	0.007	0.01	0.01017800024818527	0.010978212251742532	0.0008494115090678094	0.0005828449023227434	0.006021588021689968	2.285237731309123	1.9356563477468003	1.1242187021138075	0.5210163827419363	0.3185529100314069	21.423807363221364	0.025337574717014647
9.406055882835904	0.01	0.007	0.007	0.007	0.01	0.010036642705251488	0.010825741457486493	0.0008347136246772306	0.0005727057967405671	0.005933505404989905	2.287924760480685	1.9320858018064575	1.1229631204309174	0.5193204794256869	0.31923696108510985	21.126586301759872	0.025263458047721628
9.490684878147489	0.01	0.007	0.007	0.007	0.01	0.009897080761702213	0.01067520741949572	0.0008202962501184687	0.0005627625908129236	0.005846426806568545	2.2905257437289963	1.9284280110987277	1.1216976622386112	0.517622625238348	0.3198950181588116	20.83313475414362	0.025189468443239806
9.575403669407661	0.01	0.007	0.007	0.007	0.01	0.009759315132048576	0.010526610908734652	0.00080615465631313	0.0005530118603964659	0.005760358957306372	2.2930424498219044	1.9246862096371136	1.1204228351510124	0.5159232793649132	0.32052762929936596	20.54345439546273	0.025115617371426542
9.660204278585839	0.01	0.007	0.007	0.007	0.01	0.009623337560575703	0.010379943020718908	0.0007922833667313539	0.000543449674501346	0.005675302732529682	2.295476789535464	1.920863386371235	1.1191390654509035	0.514222793597898	0.3211353790159455	20.25752803870378	0.025041911809140723
9.745084438314557	0.01	0.007	0.007	0.007	0.01	0.009489130330280001	0.010235184645842664	0.0007786761286105268	0.0005340715756887062	0.005591252822262212	2.297830808094549	1.9169622286866577	1.1178466852716564	0.512521398667448	0.32171888490795	19.97531860022883	0.024968353708784075
9.830046757669084	0.01	0.007	0.007	0.007	0.01	0.009356668201680506	0.010092308560612625	0.0007653261283347115	0.0005248727286750203	0.005508198926077553	2.3001066356734317	1.9129851369934436	1.1165459431334008	0.5108192213342276	0.32227878392117487	19.69677317481564	0.024894940791115136
9.915096074686332	0.01	0.007	0.007	0.007	0.01	0.009225922986242347	0.009951284360623942	0.0007522264614986822	0.0005158482441533695	0.005426128613420145	2.3023063985957877	1.9089343331027682	1.1152370431422358	0.5091163378813182	0.3228157094459144	19.421832651514077	0.024821668884785573
10.0	0.01	0.007	0.007	0.007	0.01	0.009097224195413152	0.009812467463239754	0.0007394059558883435	0.0005070178498868168	0.0053452542739095416	2.3044263378686383	1.904823539766952	1.1139238571272203	0.5074175637949626	0.3233288732092788	19.15119013456547	0.024748737341529183
