0.0	0.01	0.007	0.007	0.007	0.01	0.0	0.0	0.0	0.0	0.0	0.0	0.0	0.0	0.0	0.0	100.0	0.035
0.006940148838169476	0.01	0.007	0.007	0.007	0.01	0.002692753324058061	0.005475326133125457	0.003460730710427938	0.001199973975836248	9.901170751140179e-5	0.00012065248877435463	0.00034338694163766394	0.0002760887219978187	7.159822584037319e-5	3.195756472050252e-6	99.85764533356017	0.03499158255930271
0.01202519329351991	0.01	0.007	0.007	0.007	0.01	0.004571794407435898	0.009066791360986664	0.005881442622268211	0.002054836384865597	0.00015749506495103195	0.0003570849853814499	0.000999391610991457	0.0008176426352703273	0.00021310454951531347	9.055937181677422e-6	99.75347077512313	0.03498541638870711
0.019316335137488448	0.01	0.007	0.007	0.007	0.01	0.007134282362594565	0.013664432358111744	0.009190671042877928	0.0032456396530687877	0.00022482390318044452	0.0009028157885848108	0.002468327288798358	0.0020691136987663838	0.0005431173459524925	2.1572735997847472e-5	99.6042906918331	0.03497657698051324
0.0264898901169016	0.01	0.007	0.007	0.007	0.01	0.009511521674604223	0.01762374082300479	0.012269417912924062	0.00437820836446045	0.00027595456542747434	0.0016645334723942684	0.004450590893852275	0.003818175789604484	0.0010091387046372506	3.762678193257242e-5	99.45773422014156	0.03496788230826082
0.0348421991428334	0.01	0.007	0.007	0.007	0.01	0.012109994992936234	0.02161922864878695	0.015644894844383295	0.005649705949951634	0.0003210452225055723	0.002814531845351698	0.007339222447041111	0.00646247400593486	0.00172152984941698	5.986070114321211e-5	99.28736736283302	0.034957761656172245
0.043587339352419374	0.01	0.007	0.007	0.007	0.01	0.014647439560997243	0.02519063066709194	0.018951998220787043	0.00692849863534594	0.00035573394842030145	0.004301512265427787	0.010937206122938262	0.009886675550883097	0.0026551225541411676	8.617530808951788e-5	99.10930043556101	0.03494716814211658
0.05311851573979498	0.01	0.007	0.007	0.007	0.01	0.017213909357976655	0.02847583764418588	0.022308536284660882	0.008263363355120295	0.00038287262168241163	0.006227289513936698	0.015421644282419274	0.014328094064280572	0.003881368764283604	0.00011739667482281419	98.91559206620948	0.03493562611116866
0.06317954667823837	0.01	0.007	0.007	0.007	0.01	0.01971398456534045	0.03136451025855122	0.02559005943181762	0.00960845651670871	0.00040286728007804496	0.00857811501675162	0.020685610763198126	0.019758278114842914	0.0054005245409690095	0.0001523645211713671	98.71152585649928	0.03492344657452751
0.07388869227017965	0.01	0.007	0.007	0.007	0.01	0.02215726209031196	0.03389490961019893	0.0288087841479995	0.010971018199587198	0.00041731252936733223	0.011408773683361302	0.026779137564310707	0.026307117239574747	0.007257903206541021	0.00019111522017850501	98.494776573771	0.03491048711786154
0.08517020586657105	0.01	0.007	0.007	0.007	0.01	0.02450778848432463	0.0360601470550306	0.0319165554481483	0.012332601814711604	0.00042729841031279443	0.014724016201710884	0.033640236982971444	0.033989045227275305	0.0094677309796227	0.00023304090643978337	98.26695751713011	0.03489684022298475
0.09706921469473685	0.01	0.007	0.007	0.007	0.01	0.026759839537427138	0.037890431414611306	0.03490440706245101	0.013690372106733024	0.0004339274107138418	0.018555826367326486	0.04126714495813104	0.04288146742306462	0.01206330535099329	0.00027800874582659357	98.02723972838268	0.03488245214406649
0.10957739076938561	0.01	0.007	0.007	0.007	0.01	0.028898314675463176	0.03940974634925826	0.037750366165046303	0.015035006753274979	0.00043805889792284834	0.022917116663342903	0.04962128254871117	0.05301738041113308	0.015066340545345228	0.00032573543588103565	97.77588006534907	0.034867333866014066
0.12272883821954	0.01	0.007	0.007	0.007	0.01	0.03091758028317395	0.040650598719579135	0.040444377535342434	0.016361859888346403	0.0004403927701958078	0.02783154790704118	0.05868882579186943	0.06445428529009814	0.018506919581548865	0.00037614269725062165	97.51228853374066	0.034851445150508295
0.13654702296269486	0.01	0.007	0.007	0.007	0.01	0.03281108468156285	0.041644042784331974	0.0429745019249	0.017664770457609013	0.000441461944633697	0.033316901742363875	0.06844830640492183	0.07723531319905466	0.02241213120521375	0.00042915130924883315	97.23609926169895	0.03483475872694801
0.15107413973360884	0.01	0.007	0.007	0.007	0.01	0.034575738399488506	0.04242155456638024	0.045332710078779405	0.01893893655757266	0.0004416714966752588	0.03939616497592525	0.07889157352109998	0.09141466220127525	0.026813729123006926	0.00048478614834001916	96.94658375238451	0.034817224832943236
0.16635513727603307	0.01	0.007	0.007	0.007	0.01	0.036209091774880325	0.0430125466183376	0.04751106557818433	0.020179106875423698	0.00044132893753168564	0.046091983854891605	0.09001345863034653	0.10704426127242236	0.03174420579534324	0.0005431084725856948	96.64297414615392	0.034798790546678386
0.18244704649043425	0.01	0.007	0.007	0.007	0.01	0.03771020888901946	0.04344433539429732	0.04950282440820237	0.021380219855742018	0.00044067809274516914	0.0534307873753867	0.10181869442207618	0.12418283378945971	0.037239708430994126	0.0006042468218266683	96.32428077633713	0.03477938856495643
0.19941440095113414	0.01	0.007	0.007	0.007	0.01	0.03907882723159084	0.04374152152867757	0.051301234695642205	0.022536791793114096	0.0004399313788586568	0.06144107687907607	0.1143186089475511	0.14289120326521076	0.04333871929188025	0.0006683775175980429	95.9893877709762	0.03475894277688198
0.2173323691548844	0.01	0.007	0.007	0.007	0.01	0.04031544899695953	0.0439259282061351	0.05289957434425813	0.023642956854310476	0.00043930138209218814	0.0701548910958997	0.12753314140706834	0.1632348069440771	0.050083000017880304	0.0007357386120357391	95.63699596073353	0.03473736454050004
0.23628524868667444	0.01	0.007	0.007	0.007	0.01	0.04142105156091201	0.04401654485895349	0.054290691317661316	0.024692172839080484	0.00043903260263341014	0.079607028859939	0.14148927027550096	0.1852807241975948	0.05751675764237638	0.0008066316568889506	95.2656584240322	0.034714554560370224
0.25636662413596084	0.01	0.007	0.007	0.007	0.01	0.042397046690354	0.04402962987587629	0.05546690253649007	0.02567709759706874	0.0004394340447015038	0.0898348519853359	0.15622051169613452	0.20909576426249404	0.06568607675391962	0.0008814372164345997	94.8737836686941	0.03469040276615252
0.27767649014159357	0.01	0.007	0.007	0.007	0.01	0.04324517919863773	0.04397887576631799	0.05641988730555854	0.026589384585105742	0.00044091317588226413	0.10087638613050738	0.1717641024983616	0.23474026927968297	0.07463676990518528	0.0009606290137207351	94.45969849625466	0.034664791847092424
0.3003159173719876	0.01	0.007	0.007	0.007	0.01	0.04396752665144463	0.04387565204579565	0.057140859657303665	0.027419557920596194	0.00044401012891672376	0.11276691047020791	0.18815642300352042	0.26225814951807946	0.08441063576294003	0.0010447919967289136	94.02175759022997	0.03463760373012033
0.32437463736787053	0.01	0.007	0.007	0.007	0.01	0.044566542970320304	0.04372932996974722	0.057621092623540066	0.028156946112051218	0.00044942756408507484	0.12553162368378004	0.20542353956683235	0.291657826141245	0.09503799259706484	0.0011346295497047985	93.55858676619032	0.0346087345283978
0.3499079242968273	0.01	0.007	0.007	0.007	0.01	0.045045264173581456	0.04354771803921518	0.057853181662338625	0.02878987297116484	0.00045804447917726976	0.13917251150958646	0.22356476724479163	0.3228805084597908	0.10652471791771541	0.001230944910295563	93.06952352602815	0.03457812224201219
0.3768983731824205	0.01	0.007	0.007	0.007	0.01	0.045407782305438335	0.043337630807523314	0.05783348889929411	0.02930639319477936	0.00047089067200625794	0.15364737899304226	0.24252696052759679	0.35575271312117074	0.11883200937174747	0.0013345674852246118	92.55532911801869	0.03454579237853758
0.40521655491100733	0.01	0.007	0.007	0.007	0.01	0.045660174115301114	0.043105456982104794	0.057565896975297036	0.029696119954630205	0.0004890564798847241	0.16884925524298228	0.2621803423396806	0.38994410991669565	0.13185624650951078	0.0014462439751707628	92.01889372896696	0.034511904616383
0.43462738841691523	0.01	0.007	0.007	0.007	0.01	0.04581158361090915	0.042857290824441265	0.05706502995791566	0.029953112894342788	0.0005135574949560601	0.18461216739887415	0.2823280706207113	0.4249902824011388	0.14543261651769646	0.0015666357313939474	91.4650511852402	0.034476744491763175
0.4648654331621734	0.01	0.007	0.007	0.007	0.01	0.04587425493442257	0.04259841632375449	0.056355506137745315	0.030077956547949664	0.0005452412339023584	0.20075531004078373	0.3027621085997337	0.46040260758774754	0.15937453558343456	0.0016965262640745659	90.89910644668537	0.03444063279649176
0.4957089657127353	0.01	0.007	0.007	0.007	0.01	0.04586198269373347	0.04233281240411555	0.05546740191117933	0.030077181575726544	0.0005847761735218957	0.2171258870023866	0.3233140352129794	0.4957696605793549	0.17351426714729884	0.001837029531944237	90.32543675410733	0.03440383696678256
0.5269941361745873	0.01	0.007	0.007	0.007	0.01	0.04578826619995699	0.042063232725473146	0.05443194534419446	0.02996112587714718	0.0006326668792546474	0.23360798242025504	0.34386228602342095	0.5307777264512752	0.18771438294739626	0.001989588254265822	89.74725136646286	0.03436655443052512
0.5586078921758559	0.01	0.007	0.007	0.007	0.01	0.04566520044033956	0.04179148302240198	0.05327879873575684	0.029741996490099294	0.0006892806760012461	0.2501186526475162	0.36432473783104663	0.5652006987499185	0.2018671237014541	0.0021559082599128276	89.16675281641143	0.03432892135958471
0.590473739528228	0.01	0.007	0.007	0.007	0.01	0.0455030608349658	0.04151872229577953	0.05203481372168347	0.029432552769952106	0.0007548714162395487	0.26659955282822545	0.38464711228518456	0.5988796472590455	0.21588880808321925	0.002337873899245951	88.58542502697587	0.034291029902831296
0.6225417803117904	0.01	0.007	0.007	0.007	0.01	0.04531029230327767	0.04124567540809637	0.050723550963767676	0.029045306315804157	0.0008296048570217201	0.28301065765188843	0.40479488477601033	0.6317069422145752	0.22971524507731705	0.0025374906410205434	88.00423472391968	0.03425294024178872
0.6547807475748401	0.01	0.007	0.007	0.007	0.01	0.04509368936208791	0.04097278440022874	0.049365272259510394	0.02859207442677245	0.0009135796935927134	0.29932509639855204	0.42474703070504366	0.6636130376531705	0.24329758290942713	0.0027568417222866262	87.42379016980371	0.03421469020618875
0.6871726556715045	0.01	0.007	0.007	0.007	0.01	0.044858639980447465	0.04070030592537767	0.047977140514427835	0.028083751780130565	0.0010068453070799163	0.3155255059931823	0.4444918451836364	0.6945567857248495	0.2565991420237074	0.0029980610190976625	86.84444765251834	0.034176301731319934
0.7197087734109874	0.01	0.007	0.007	0.007	0.01	0.044609374725762	0.040428376811439126	0.04657352859083515	0.027530221530875216	0.0011094145554154686	0.3316012448945148	0.4640238824581364	0.7245179049415231	0.2695928092647932	0.0032633139503221143	86.26639072901214	0.03413778570933114
0.7523868798968995	0.01	0.007	0.007	0.007	0.01	0.04434919120512638	0.04015705590828695	0.045166350836516864	0.026940345572982694	0.001221272944020362	0.34754642728737506	0.48334189416021944	0.7534914570365344	0.2822590437915306	0.003554785777623268	85.68968401311342	0.034099145293372844
0.7852093129751778	0.01	0.007	0.007	0.007	0.01	0.0440806452879716	0.03988635148486049	0.043765387722531975	0.02632200082581417	0.0013423844693274429	0.3633584974971161	0.5024473918274595	0.7814837057605911	0.2945843095387098	0.0038746740329229337	85.11431113773895	0.03406037824463198
0.8181816911076292	0.01	0.007	0.007	0.007	0.01	0.04380570762875401	0.039616238374864346	0.042378581719581185	0.02568213788246888	0.0014726952684593776	0.37903725150369305	0.5213437089940208	0.8085091011786765	0.30655988155912606	0.004225184616380712	84.54019962514019	0.03402147846998022
0.8513120678117572	0.01	0.007	0.007	0.007	0.01	0.043525889339520084	0.03934666882465675	0.041012301394324886	0.025026850215566117	0.0016121355760998041	0.3945841567830177	0.5400353811690755	0.8345880429637598	0.3181809157365184	0.004608530197902338	83.9672373818554	0.033982437040107255
0.8846104557243175	0.01	0.007	0.007	0.007	0.01	0.04324234097086649	0.03907757873352079	0.039671570841649025	0.024361445372559114	0.001760620826753617	0.41000191434771116	0.558527779150499	0.8597452604620659	0.32944573824977974	0.005026931161028174	83.39528225944133	0.0339432427661913
0.9180885748310825	0.01	0.007	0.007	0.007	0.01	0.04295592999130233	0.03880889117789507	0.03836026921387646	0.023690515213474584	0.0019180521713675015	0.42529417306350903	0.5768268921566491	0.884008603501314	0.34035528235279905	0.005482618435992638	82.82416746294538	0.033903882509487004
0.9517597867415252	0.01	0.007	0.007	0.007	0.01	0.04266730080367018	0.03854051794301055	0.03708130261678082	0.02301800269350128	0.002084316862966462	0.440465362724656	0.5949392256571822	0.9074081498061904	0.35091264303533953	0.005977838562412545	82.25370363823373	0.033864341270692995
0.9856391740399665	0.01	0.007	0.007	0.007	0.01	0.04237692085316974	0.03827235964652051	0.035836751787009326	0.02234726422843554	0.0022592888015075304	0.4555206142574023	0.6128717805263313	0.9299755461491623	0.36112272105259063	0.006514861315548826	81.6836784801151	0.033824602108913956
1.0197437025817015	0.01	0.007	0.007	0.007	0.01	0.042085116024610944	0.03800430510406053	0.03462799999775527	0.02168112800476414	0.002442829258180177	0.47046572939827047	0.6306320724488841	0.9517435012113312	0.37099192517557567	0.007095989756862008	81.11385501663311	0.03378464596439263
1.0540924759131536	0.01	0.007	0.007	0.007	0.01	0.04179209741158666	0.03773622995816651	0.03345584288214117	0.021021947675059566	0.0026347880258726264	0.4853071968264218	0.6482281912365894	0.9727454085666002	0.38052792686955145	0.0077235734970242526	80.543968487852	0.033744451375132156
1.0887070739593379	0.01	0.007	0.007	0.007	0.01	0.041497981255430846	0.03746799470163479	0.03232058255250291	0.02037165154318481	0.002835005094284945	0.500052244856584	0.665668890717654	0.9930150696942814	0.3897394566131292	0.008400025804344385	79.97372202629212	0.033703994097559524
1.1236119641999216	0.01	0.007	0.007	0.007	0.01	0.04120280353231092	0.037199442238760164	0.031222108376099702	0.019731787610532823	0.0030433128495581004	0.5147089201721933	0.6829636985650853	1.0125864895936338	0.39863613137154597	0.00912784509995916	79.4027814038267	0.03366324664590554
1.158835023559095	0.01	0.007	0.007	0.007	0.01	0.04090652996007445	0.03693039473462404	0.0301599650482131	0.01910356405919535	0.0032595390337152278	0.5292862036690146	0.7001230604133526	1.0314937489002003	0.4072283163376279	0.009909642437099145	78.83076829137816	0.03362217770662019
1.1944082039987431	0.01	0.007	0.007	0.007	0.01	0.040609062029500216	0.03666064955566075	0.02913340899662138	0.01848788506752018	0.003483510657199297	0.5437941708646076	0.7171585275889298	1.0497709491470453	0.415527020247283	0.010748176863882424	78.25725160022989	0.03358075139072718
1.2303683437401223	0.01	0.007	0.007	0.007	0.01	0.04031023976101415	0.036389974351560626	0.02814145513522399	0.01788538256677839	0.0037150588225377842	0.5582441906096307	0.7340829810911886	1.067452210071148	0.423543815024458	0.011646400156615068	77.68173700394092	0.033538926323592635
1.2667582930575825	0.01	0.007	0.007	0.007	0.01	0.040009840378813326	0.036118100087471454	0.027182911480781738	0.017296441925871594	0.0039540254412742505	0.5726492215098328	0.7509109608043564	1.084571777672908	0.4312908062359357	0.01260751696789931	77.10365210392239	0.03349665437782944
1.3036283787542218	0.01	0.007	0.007	0.007	0.01	0.0397075732491483	0.03584471198437154	0.026256404085844745	0.016721222545060546	0.0042002719032838125	0.5870242013836622	0.7676590924676542	1.1011642137258408	0.438780640196683	0.013635064241855977	76.52232714570539	0.033453879025136045
1.3410384596392542	0.01	0.007	0.007	0.007	0.01	0.03940306951586334	0.035569436670004735	0.025360389248818418	0.016159671080633056	0.0044536911579231364	0.6013866107496639	0.7843467039149682	1.1172647356051757	0.4460265772278414	0.014733020927278418	75.93696767338065	0.03341053301919563
1.3790608688693082	0.01	0.007	0.007	0.007	0.01	0.03909586458304818	0.03529182365141598	0.024493150868739655	0.015611525532511931	0.004714224908228503	0.6157572952262395	0.8009967238371075	1.1329097605708665	0.45304265240902764	0.01590596340054563	75.34661510207646	0.03336653507488167
1.4177847850738268	0.01	0.007	0.007	0.007	0.01	0.0387853697475841	0.03501131759985607	0.023652777575459364	0.015076306388690688	0.004981889103185366	0.6301617074957138	0.8176370404271271	1.1481377695580115	0.45984397033152985	0.017159293766644778	74.7500877414033	0.03332178492923661
1.457323082359715	0.01	0.007	0.007	0.007	0.01	0.03847082553149947	0.034727214588548196	0.02283710779111784	0.014553286817093688	0.0052568140559928365	0.6446318860762954	0.8343026712477349	1.1629907287025978	0.46644723133948784	0.01849959249574873	74.1458876750628	0.033276155591707025
1.4978235594347151	0.01	0.007	0.007	0.007	0.01	0.03815122316915901	0.03443858995222695	0.02204362203096583	0.014041428030398729	0.005539310649522306	0.6592097368928184	0.8510393687283814	1.1775164805855052	0.47287165603890147	0.01993519075297201	73.53204725940441	0.03322948062789796
1.5394889924601602	0.01	0.007	0.007	0.007	0.01	0.037825162011833884	0.03414416858565811	0.021269228922256404	0.013539244418989606	0.005829990049877081	0.6739529745532895	0.867910166537013	1.191773144831622	0.4791407360435377	0.021477178063608795	72.90585315159842	0.03318153142492019
1.5826164507186893	0.01	0.007	0.007	0.007	0.01	0.037490567045352495	0.0338420691903105	0.020509820271845045	0.013044515980947887	0.006130001739207482	0.6889469040950688	0.8850083933564196	1.2058379454078139	0.4852858041467111	0.0231413544161102	72.26330214566451	0.033131972573912406
1.6276864223404333	0.01	0.007	0.007	0.007	0.01	0.03714404355124793	0.03352922114671023	0.019759219672162532	0.012553600034420227	0.006441581730587633	0.7043314360550188	0.9024875893715767	1.2198277102706985	0.49135441643436045	0.024952598576003435	71.59786048980241	0.033080260625441324
1.6756227165205997	0.01	0.007	0.007	0.007	0.01	0.03677898134605057	0.033199652772132854	0.01900599421621716	0.012059331855011894	0.006769681028592594	0.7203809074163419	0.9206501627343843	1.233960467751968	0.49743576414518353	0.026957399760442285	70.89682203444026	0.03302534851463428
1.7289168155177779	0.01	0.007	0.007	0.007	0.01	0.03637731546215589	0.03283705339580323	0.01821934561907225	0.01154171293501582	0.007129107587382249	0.7378524061421933	0.9403350243688794	1.2488270477655596	0.5037732668206185	0.02927748592174817	70.12548384214016	0.03296440591405302
1.7886722279678466	0.01	0.007	0.007	0.007	0.01	0.03593215860741598	0.03243520436979975	0.01739599072494503	0.010998782591013011	0.0075237025186235445	0.7569867107433879	0.9617848483093406	1.2645102938220112	0.5103848072360598	0.03198761776032758	69.27060489383568	0.03289620843197378
1.8380910563830217	0.01	0.007	0.007	0.007	0.01	0.03556812124458566	0.032106588864462264	0.016758263779221648	0.010577719330551072	0.007842097689371557	0.7724554091779826	0.9790389477168955	1.276747648061094	0.5154848631653767	0.0343110980565588	68.5714831731013	0.0328399144597263
1.8894575546783985	0.01	0.007	0.007	0.007	0.01	0.03519364448068036	0.031768553418364154	0.016133669025211118	0.010165096674304567	0.008164354337861538	0.7881998442558775	0.9965177384375217	1.288811231013159	0.5204566922258517	0.03680026632940947	67.8522856039868	0.03278150395903838
1.9373225994652334	0.01	0.007	0.007	0.007	0.01	0.034848244403978795	0.03145676739407761	0.015584263003034773	0.009802122864128977	0.008455905809387506	0.8025708678027124	1.0123959326364915	1.2994875246465591	0.5248062256526277	0.03918358953406536	67.18890394250828	0.03272716858778089
1.9850098136235184	0.01	0.007	0.007	0.007	0.01	0.034507499843224716	0.031149185275217255	0.015065998264639138	0.009459839283899651	0.008737343869890439	0.8166062665706958	1.0278306284980043	1.309614589793296	0.5288842124364616	0.04161524156177336	66.53443667203577	0.03267312464586734
2.03101007881697	0.01	0.007	0.007	0.007	0.01	0.03418196828110837	0.03085533651077059	0.014591747749182121	0.009146830401143656	0.008999790217006223	0.8298833502193013	1.0423627935804967	1.3189288677313167	0.5325903820590449	0.044011198942907975	65.90916275226655	0.03262107709121761
2.0764031489791157	0.01	0.007	0.007	0.007	0.01	0.03386374605682497	0.030568086306202745	0.014146863881353132	0.008853470158640877	0.009249676515300476	0.8427379090964942	1.056366560479461	1.327706754204966	0.5360409259004716	0.04642038933549515	65.29790290450745	0.032569797831479806
2.120814004593908	0.01	0.007	0.007	0.007	0.01	0.03355527873720799	0.03028964197854278	0.013732414536457854	0.008580481936732779	0.009485107728205603	0.8550809911975499	1.0697498512592754	1.3359183375102268	0.5392289265463667	0.04881719952589011	64.70535617773423	0.032519706164298015
2.1646463279009858	0.01	0.007	0.007	0.007	0.01	0.03325358705929304	0.03001731408409744	0.013342298624622344	0.008323847643044273	0.009708464629740494	0.8670410995995393	1.0826566368701762	1.3436767490756707	0.5422028664744778	0.05121812562452796	64.12580112036196	0.0324703425739432
2.207847885628421	0.01	0.007	0.007	0.007	0.01	0.032958893182947625	0.02975130306143732	0.01297509536637967	0.008082623819224442	0.009919682066095711	0.8786169677220996	1.0950893235561465	1.3510038002254356	0.5449749654207421	0.053615807342420344	63.55966578761679	0.03242176266918959
2.250599910300211	0.01	0.007	0.007	0.007	0.01	0.03266983878411067	0.029490382727553485	0.012627624263732233	0.007854704625989108	0.010119861652693097	0.889868721021459	1.1071159087495626	1.3579573738310546	0.547570636530326	0.05601623070343911	63.00434190777802	0.032373759813587616
2.2929345196900615	0.01	0.007	0.007	0.007	0.01	0.032386106709261016	0.029234266753673004	0.012298244155831133	0.0076389932920346215	0.010309349151228182	0.9008144550412178	1.1187586472978308	1.3645655383823805	0.5500034444470072	0.05841759026876115	62.459221210126934	0.03232629567515874
2.334951120656951	0.01	0.007	0.007	0.007	0.01	0.03210694445381514	0.028982275847653886	0.011984982983961575	0.007434175261851989	0.010488782402185438	0.9114882941930578	1.1300564314638668	1.3708637033860944	0.5522892222207452	0.06082224266665014	61.92285887808663	0.03227925688377335
2.3766970974471975	0.01	0.007	0.007	0.007	0.01	0.03183196536044915	0.0287340609657313	0.011686454725714418	0.0072393201049537614	0.010658544046867688	0.9219094536508603	1.1410318584425898	1.3768761169829373	0.5544392799510129	0.063229916701227	61.39451283335427	0.03223258885157221
2.418236737460758	0.01	0.007	0.007	0.007	0.01	0.03156068496269998	0.02848918478141265	0.011401295918088606	0.007053513042188366	0.010819069518475896	0.9321002229173546	1.151710408890601	1.3826270612975622	0.5564645865315185	0.0656415720990235	60.873252947664966	0.032186218455756935
2.4596141490230843	0.01	0.007	0.007	0.007	0.01	0.031292764328672604	0.028247341342032228	0.011128412301488238	0.0068760163093993945	0.010970694581985452	0.9420768029310208	1.1621108268597884	1.3881358023505401	0.5583740074839058	0.06805722538674781	60.35842861135453	0.03214009547352277
2.500875910107213	0.01	0.007	0.007	0.007	0.01	0.03102785928512597	0.028008219966737365	0.010866797315098497	0.006706150790372902	0.011113749129904997	0.9518551021795858	1.1722512687568816	1.3934201749840078	0.5601756344755895	0.07047721986745918	59.84937904565497	0.0320941672233724
2.542059423713833	0.01	0.007	0.007	0.007	0.01	0.030765694597247553	0.027771572205269896	0.010615593727331353	0.006543336120886846	0.01124851575064082	0.961448038671553	1.1821465262503474	1.3984952827703632	0.5618763743967177	0.07290151756102356	59.3455758543661	0.03204839151511046
2.5832002050579552	0.01	0.007	0.007	0.007	0.01	0.030506015430067392	0.027537168023087415	0.010374031576823754	0.006387050249959321	0.011375258743590544	0.9708674136536045	1.191810017147327	1.4033747049819283	0.5634824048910044	0.07533009956985204	58.8465297668118	0.03200272849205386
2.624329013432301	0.01	0.007	0.007	0.007	0.01	0.030248604516874326	0.027304811298308803	0.010141434458818986	0.006236833408881041	0.011494216578064079	0.9801233374456385	1.2012532243972505	1.4080703328042903	0.5649991514774987	0.077762777299045	58.3518236408969	0.03195714379101144
2.6654743115413613	0.01	0.007	0.007	0.007	0.01	0.029993265534206698	0.027074324814541906	0.009917195043379618	0.006092272127685889	0.01160561170833732	0.9892248850479679	1.2104863998621507	1.4125928340187075	0.5664314704937263	0.08019932068203772	57.86108052410482	0.031911605783648204
2.7066615740569544	0.01	0.007	0.007	0.007	0.01	0.02973982659996796	0.02684555341831234	0.00970077109861367	0.0059529965352296725	0.011709650119151576	0.9981800109714711	1.2195185016104764	1.41695170903676	0.5677836915545438	0.08263940378439272	57.37397038456014	0.03186608632134183
2.7479142868759285	0.01	0.007	0.007	0.007	0.01	0.02948813331077643	0.026618357733952352	0.0094916732380534	0.005818672322257239	0.011806525545339461	1.006995834125461	1.2283575051693394	1.4211555183008915	0.5690597114583843	0.08508265278805825	56.89019673689193	0.031820559609302974
2.7892539017604374	0.01	0.007	0.007	0.007	0.01	0.02923804840716882	0.02639261386128898	0.009289459587026755	0.0056889971806109345	0.011896420519956995	1.015678679711723	1.2370104641389832	1.4252119734883617	0.570263041030162	0.08752863414625425	56.40949600498957	0.03177500224078396
2.830700296563537	0.01	0.007	0.007	0.007	0.01	0.028989448423157017	0.026168210351232887	0.009093728685712501	0.0055636961195191705	0.011979508498364873	1.0242342230412005	1.2454836707749768	1.4291280669005584	0.57139686086915	0.08997687425691518	55.93163108775686	0.031729392675070835
2.872271904286101	0.01	0.007	0.007	0.007	0.01	0.028742222453377122	0.02594504709287286	0.008904114864969653	0.005442518384120789	0.01205595497549626	1.0326675546774016	1.253782734863988	1.4329101532045165	0.5724640598973559	0.09242686078940109	55.45638899410593	0.03168371108361878
2.9139859478603065	0.01	0.007	0.007	0.007	0.01	0.02849627035073464	0.025723033686511892	0.008720283716354093	0.00532523444586531	0.012125918678772041	1.0409832620032964	1.2619126768582667	1.4365640309614172	0.5734672716746927	0.09487805128425818	54.983577382589075	0.0316379390815798
2.9558585870085428	0.01	0.007	0.007	0.007	0.01	0.028251501516866586	0.025502088351831164	0.008541928503707687	0.00521163360710147	0.012189552434053624	1.049185487341606	1.2698779958323543	1.4400950066228935	0.5744089036913977	0.09732987737197515	54.51302223991514	0.031592059557898636
2.997905082821688	0.01	0.007	0.007	0.007	0.01	0.02800783364256838	0.02528213679089591	0.00836876692947837	0.0051015218427875935	0.01224700393839568	1.057277985219899	1.277682734928714	1.44350795248779	0.5752911632862204	0.09978175068429432	54.04456546273792	0.03154605648748293
3.0401398945823996	0.01	0.007	0.007	0.007	0.01	0.027765191891702613	0.025063111451484106	0.008200538554198937	0.004994720068183746	0.012298416323345907	1.065264162576595	1.285330528769203	1.4468073525227916	0.5761160788278936	0.10223306532063287	53.578063291541696	0.03149991481894749
3.0825768179745228	0.01	0.007	0.007	0.007	0.01	0.027523507884640017	0.024844950609462475	0.008037002347591044	0.004891062499164047	0.012343928689289563	1.0731471237964578	1.2928246542889121	1.4499973462252302	0.5768855191038562	0.10468320315251525	53.113384358727785	0.03145362031819389
3.1252290559435263	0.01	0.007	0.007	0.007	0.01	0.02728271910578425	0.024627597833972555	0.007877934771590392	0.004790395358616533	0.012383676476427224	1.080929700110427	1.3001680654387804	1.453081762530894	0.5776012090497745	0.10713153554464326	52.65040855167401	0.031407159486643486
3.1681093149107267	0.01	0.007	0.007	0.007	0.01	0.027042768194388018	0.02441100134726915	0.0077231279771622615	0.00469257566219702	0.012417791807714438	1.0886144815143561	1.3073634293914351	1.45606415191218	0.5782647440775255	0.10957742682537013	52.18902565112105	0.031360519452609155
3.2112298644753183	0.01	0.007	0.007	0.007	0.01	0.02680360246838292	0.024195113594894332	0.00757238832475934	0.004597470215722288	0.01244640374347988	1.0962038399482814	1.3144131536445518	1.4589478124991315	0.578877602123678	0.11202023587588457	51.729134417316835	0.031313687903232246
3.2546026117435467	0.01	0.007	0.007	0.007	0.01	0.026565173388146693	0.023979890761635658	0.007425535008065248	0.0045049546838943	0.012469638506955419	1.1036999534107634	1.3213194132927581	1.4617358144568675	0.5794411545429279	0.1144593187367743	51.2706415604523	0.03126665300115686
3.298239147524297	0.01	0.007	0.007	0.007	0.01	0.026327436196694486	0.023765292446737484	0.007282398913235787	0.00441491281323381	0.012487619653751737	1.1111048235729857	1.3280841716031957	1.4644310200357005	0.5799566753801588	0.11689402975916703	50.81346105013986	0.031219403332376768
3.3421508104267574	0.01	0.007	0.007	0.007	0.01	0.02609034947879746	0.023551281265930774	0.007142821534234065	0.004327235695431397	0.012500468221496685	1.1184202951772746	1.3347092016695883	1.4670361026959042	0.5804253498376502	0.11932372387670805	50.357513268819595	0.031171927835202392
3.3863487285353977	0.01	0.007	0.007	0.007	0.01	0.025853874859598117	0.02333782257938273	0.00700665406693181	0.004241821147914354	0.012508302840993336	1.125648070358147	1.341196102871471	1.4695535629482135	0.5808482815316891	0.1217477576987002	49.90272443325646	0.031124215754054923
3.4308438438907283	0.01	0.007	0.007	0.007	0.01	0.025617976807174925	0.023124884313478294	0.006873756640431074	0.004158573184703533	0.012511239828409036	1.1327897192521885	1.3475463135942445	1.4719857417349358	0.5812264988428818	0.12416548974762691	49.44902621583382	0.031076256612202372
3.4756469849235194	0.01	0.007	0.007	0.007	0.01	0.025382622192337865	0.02291243656346143	0.006743997480349243	0.004077401448568736	0.012509393265740012	1.1398466974623107	1.353761129656379	1.4743348351000722	0.5815609610079108	0.12657628336603843	48.99635489882134	0.03102804013318381
3.5207688776796453	0.01	0.007	0.007	0.007	0.01	0.02514778018725122	0.02270045150192564	0.006617252328188742	0.003998220807334019	0.012502875056457806	1.1468203527053036	1.3598417126664013	1.4766029041630535	0.5818525630225834	0.12897950630368946	48.54465118017045	0.03097955622869219
3.5662202024340353	0.01	0.007	0.007	0.007	0.01	0.024913421934852333	0.02248890308040867	0.006493403786283514	0.0039209509068324445	0.012491794970528351	1.153711937957181	1.365789103800132	1.4787918864622267	0.5821021403792099	0.13137453278250089	48.09385953838237	0.030930794937932035
3.6120115817181357	0.01	0.007	0.007	0.007	0.01	0.024679520583727018	0.022277767060874365	0.006372340906192641	0.003845515878925535	0.012476260691991644	1.1605226134084778	1.3716042275434894	1.4809036029491276	0.5823104729108338	0.13376074193617005	47.64392830023066	0.03088174644097834
3.658153641397027	0.01	0.007	0.007	0.007	0.01	0.024446050951905815	0.02206702071223204	0.00625395861917819	0.003771843953638452	0.01245637784737485	1.1672534590995023	1.3772879044627797	1.4829397677977423	0.5824782886826063	0.13613752014462172	47.194808994656626	0.030832400993977882
3.7046570396517047	0.01	0.007	0.007	0.007	0.01	0.02421298936854354	0.0218566426674258	0.0061381573026753075	0.003699867158862312	0.012432250027416545	1.1739054819011732	1.3828408587232393	1.484901995739883	0.5826062672532234	0.1385042616263718	46.746456048720354	0.030782748899242516
3.751532487444375	0.01	0.007	0.007	0.007	0.01	0.023980313566074205	0.02164661282608656	0.006024842404795001	0.0036295210585086065	0.012403978808526174	1.180479620785057	1.3882637239350926	1.4867918083727953	0.5826950425826581	0.14086036858730722	46.29882658058883	0.030732780484744912
3.7987907853366285	0.01	0.007	0.007	0.007	0.01	0.023748002498231873	0.021436912190265178	0.005913924061752888	0.0035607444884572068	0.012371663761374312	1.1869767539537692	1.393557050316962	1.4886106405390909	0.5827452056811351	0.1432052521801562	45.85188004984537	0.03068248606647327
3.84644284252163	0.01	0.007	0.007	0.007	0.01	0.023516036254707464	0.021227522787396112	0.0058053167898334595	0.00349347934083233	0.012335402465363448	1.1933977029824525	1.3987213091473802	1.490359845398642	0.5827573069359185	0.1455383325315538	45.40557809364547	0.03063185593009312
3.8944997157179015	0.01	0.007	0.007	0.007	0.01	0.023284395885835	0.02101842751204711	0.005698939158511302	0.0034276703384725944	0.012295290506468817	1.19974323925241	1.403756898863347	1.4920406997461662	0.5827318582065758	0.1478590397158717	44.95988418971984	0.030580880291804623
3.9429726366155786	0.01	0.007	0.007	0.007	0.01	0.023053063292550878	0.020809610026588796	0.0055947135176494895	0.0033632648446970796	0.012251421478393646	1.206014088311923	1.4086641492206957	1.4936544083613592	0.5826693346545558	0.15016681409580027	44.51476344489191	0.030529549271775425
3.9918730436406764	0.01	0.007	0.007	0.007	0.01	0.0228220211036127	0.020601054650363944	0.005492565738723205	0.003300212683363582	0.012203886977878949	1.2122109343777736	1.4134433253456202	1.4952021080575075	0.582570176353323	0.15246110681139213	44.07018235902612	0.030477852863363596
4.04121261500281	0.01	0.007	0.007	0.007	0.01	0.022591252555573166	0.020392746251343404	0.005392424975885647	0.003238465972706343	0.012152776596168997	1.2183344245440417	1.41809463131824	1.4966848713276462	0.5824347896854972	0.15474138025242987	43.62610859421744	0.03042578090139368
4.091003289815221	0.01	0.007	0.007	0.007	0.01	0.02236074143672007	0.0201846701955225	0.0052942234710717465	0.0031779789877228915	0.012098177921886173	1.22438517110657	1.422618212108751	1.4981037092444591	0.5822635485895545	0.15700710790672512	43.18251086702014	0.030373323043419324
4.141257330384157	0.01	0.007	0.007	0.007	0.01	0.02213047184891794	0.019976812131942093	0.005197896296387968	0.003118707985227307	0.012040176498152304	1.2303637584852447	1.4270141587317702	1.499459575166444	0.5820567954934432	0.15925777599980273	42.73935849019236	0.030320468708034995
4.191987343262234	0.01	0.007	0.007	0.007	0.01	0.02190042817270013	0.019769157961178077	0.005103381199138978	0.00306061109339978	0.011978855820654541	1.2362707445404748	1.431282508884698	1.5007533668105053	0.5818148421800827	0.16149288311396337	42.29662130549777	0.030267207057218984
4.243206321770953	0.01	0.007	0.007	0.007	0.01	0.021670594941959307	0.01956169372222789	0.005010618420170689	0.0030036481859742692	0.011914297313141392	1.242106664105239	1.4354232490360843	1.5019859286183648	0.5815379704341459	0.16371194068696135	41.85426944248907	0.030213526956532136
4.294927707818759	0.01	0.007	0.007	0.007	0.01	0.02144095664490753	0.01935440541284239	0.004919550495818415	0.0029477807474585322	0.01184658027618859	1.2478720341357923	1.4394363173305327	1.5031580541782372	0.581226432401491	0.1659144741878696	41.41227293530655	0.030159416915736058
4.3471654218011	0.01	0.007	0.007	0.007	0.01	0.021211497681386984	0.019147278950991036	0.004830122134854027	0.00289297178540539	0.011775781875048024	1.2535673546556647	1.4433216031869345	1.5042704874950485	0.5808804509520588	0.16810002274443964	40.97060164032362	0.03010486506353734
4.39993394690898	0.01	0.007	0.007	0.007	0.01	0.020982202092822845	0.018940299931097256	0.004742280016324167	0.0028391856950776137	0.011701977055621135	1.2591931151647957	1.4470789503572137	1.505323925113162	0.58050021954998	0.1702681409028616	40.52922471610524	0.030049859066152013
4.453248357121988	0.01	0.007	0.007	0.007	0.01	0.02075305355605388	0.018733453618468923	0.004655972701378859	0.0027863881948649843	0.011625238535534387	1.2647497942167214	1.4507081549186556	1.5063190166249696	0.5800859023191417	0.1724183978101505	40.08811061119421	0.029994386105538336
4.50712441875105	0.01	0.007	0.007	0.007	0.01	0.02052403507338194	0.018526724669513644	0.004571150437868942	0.0027345461968254457	0.01154563669369666	1.2702378662128082	1.454208967720214	1.5072563662900962	0.5796376334293413	0.1745503792078976	39.64722646705885	0.029938432781822365
4.561578653694834	0.01	0.007	0.007	0.007	0.01	0.02029512885058356	0.01832009702162218	0.004487765047914659	0.002683627728830669	0.011463239511919845	1.2756578032317567	1.457581092986157	1.508136533409968	0.5791555165585751	0.1766636875509812	39.20653788273231	0.029881985056761706
4.616628431976963	0.01	0.007	0.007	0.007	0.01	0.020066316070927688	0.018113553689179305	0.004405769785700395	0.002633601839210091	0.011378112475278146	1.2810100790566055	1.4608241878415071	1.5089600328054693	0.5786396239477952	0.17875794300249948	38.766008479146116	0.029825028167922832
4.672292062046506	0.01	0.007	0.007	0.007	0.01	0.01983757670359902	0.01790707659063136	0.004325119217500995	0.0025844385156655087	0.011290318476902646	1.2862951720112479	1.4639378604867936	1.5097273347740223	0.57808999528149	0.1808327839896935	38.325599529565324	0.02976754654652993
4.728588935330332	0.01	0.007	0.007	0.007	0.01	0.019608889117613326	0.017700646199976286	0.004245769042976954	0.0025361085690550366	0.01119991763894426	1.2915135718638053	1.466921670052955	1.510438865271726	0.5775066358265769	0.1828878693785811	37.88526921536652	0.029709523680838124
4.785539633574073	0.01	0.007	0.007	0.007	0.01	0.019380229884177022	0.01749424136835698	0.004167675994173263	0.002488583565221563	0.011106967193104318	1.2966657818297433	1.4697751226624065	1.511095004938914	0.5768895146862073	0.18492287874824936	37.4449722444419	0.029650942019842294
4.843166085270011	0.01	0.007	0.007	0.007	0.01	0.019151573414810774	0.017287838997402986	0.004090797686470446	0.0024418357281271318	0.01101152128745224	1.3017523238436917	1.4724976685045719	1.5116960881725343	0.5762385623281134	0.18693751395779912	37.004659153188314	0.029591782828359232
4.901491774926653	0.01	0.007	0.007	0.007	0.01	0.01892289143681804	0.017081413565746998	0.004015092427337331	0.0023958378179863254	0.010913630708710946	1.3067737467307217	1.4750886992069292	1.51224240196097	0.5755536672145712	0.18893150187810456	36.56427529501064	0.029532025990418414
4.960541910427716	0.01	0.007	0.007	0.007	0.01	0.01869415268839739	0.01687493685380788	0.003940519111283441	0.0023505630624302636	0.010813342679416237	1.3117306287133437	1.4775475407841003	1.5127341834277328	0.5748346725849915	0.19090459488555478	36.12376025148633	0.02947164985861045
5.020343718036999	0.01	0.007	0.007	0.007	0.01	0.018465322174864053	0.016668377272397415	0.003867036982391468	0.0023059850078108192	0.010710700448737436	1.3166235886742108	1.4798734494896681	1.513171617622945	0.5740813713890198	0.19285657482925686	35.68304639799624	0.029410630976071377
5.080926712951672	0.01	0.007	0.007	0.007	0.01	0.018236360599551072	0.016461699349005456	0.003794605470958309	0.0022620774161951442	0.010605742932433396	1.3214532924242073	1.4820656029917543	1.5135548338629714	0.5732935010526276	0.1947872550116276	35.2420578052994	0.029348943827837627
5.14232306765533	0.01	0.007	0.007	0.007	0.01	0.018007223508251024	0.016254862955504292	0.003723183954294631	0.002218814116979573	0.010498504198595724	1.3262204638407793	1.4841230914834074	1.5138839014985546	0.572470736545675	0.19669648409230683	34.800708588912094	0.02928656049730976
5.204568066105897	0.01	0.007	0.007	0.007	0.01	0.017777860223794573	0.01604782234641393	0.0036527314729429446	0.002176168832242564	0.01038901281974829	1.3309258987171873	1.4860449067801877	1.5141588245258026	0.5716126817129612	0.19858415105693814	34.35890085361649	0.02922345024163924
5.267700635347187	0.01	0.007	0.007	0.007	0.01	0.01754821263028374	0.015840525061453142	0.0035832064249829527	0.0021341149896390603	0.010277291110728705	1.3355704796748145	1.4878299278943439	1.51437953460488	0.5707188588431138	0.20045019057707975	33.91652234757566	0.029159578996141505
5.331764006104743	0.01	0.007	0.007	0.007	0.01	0.017318213649812057	0.01563291055050434	0.0035145661943986363	0.002092625496256065	0.010163354168767742	1.3401551949064572	1.4894769032905026	1.5145458822809443	0.5697886956147244	0.2022945898511036	33.473443523126605	0.029094908757311105
5.396806599619936	0.01	0.007	0.007	0.007	0.01	0.017087785113810774	0.015424908252120553	0.0034467666333751084	0.0020516724251914034	0.010047208550611492	1.3446811658811881	1.4909844300591624	1.5146576259342617	0.5688215077477851	0.20411739897235692	33.029513430124645	0.02902939674908398
5.462883076945878	0.01	0.007	0.007	0.007	0.01	0.016856835328033008	0.015216435395483877	0.0033797614994058147	0.0020112266760948867	0.009928850711740163	1.34914967696027	1.4923509252941656	1.514714417312517	0.5678164779363515	0.20591874196068136	32.58455501743692	0.028962994440587073
5.530055784618153	0.01	0.007	0.007	0.007	0.01	0.01662525558810779	0.015007393855065967	0.0033135016412083	0.0019712574855092245	0.00980826480829205	1.3535622202441986	1.4935745914623801	1.514715782907505	0.5667726271878768	0.20769883377483722	32.13835841052049	0.02889564618458774
5.5983966321789955	0.01	0.007	0.007	0.007	0.01	0.016392915663856446	0.014797666074410305	0.0032479339634800056	0.001931731805734164	0.00968541982220038	1.3579205530042993	1.4946533702597105	1.5146610992166345	0.5656887773196466	0.20945800218486638	31.690672199232594	0.02882728744881478
5.667989654064908	0.01	0.007	0.007	0.007	0.01	0.016159657565572767	0.014587109439078745	0.0031830000030359045	0.0018926134518725442	0.009560265595194288	1.3622267779219657	1.4955848817259816	1.5145495594354388	0.5645634998304867	0.21119671853335698	31.241191411436592	0.02875784239727321
5.738934609767694	0.01	0.007	0.007	0.007	0.01	0.015925286675791378	0.014375548271478305	0.0031186339049995146	0.001853861890800089	0.009432727194695375	1.3664834587336885	1.4963663419280928	1.5143801274335582	0.5633950441813617	0.21291564232884158	30.789540404652563	0.028687220483550296
5.8113521433128374	0.01	0.007	0.007	0.007	0.01	0.015689558936971142	0.01416276226544419	0.0030547595059299097	0.0018154304971996283	0.009302696769969115	1.3706937884257304	1.496994447624497	1.5141514723617493	0.562181235034473	0.2146156863614987	30.335248149432967	0.02861531156065533
5.885391529095528	0.01	0.007	0.007	0.007	0.01	0.015452161396130938	0.01394846892428263	0.0029912858954543775	0.0017772639010529964	0.009170021211013141	1.3748618477584935	1.497465209948788	1.513861872296977	0.5609193183711889	0.21629811720533412	29.8777106988367	0.02854197852406588
5.961242911360334	0.01	0.007	0.007	0.007	0.01	0.015212681086110643	0.013732295470531715	0.002928100290547788	0.0017392937299026058	0.009034482464234798	1.3789930243058939	1.4977737037067282	1.5135090653432572	0.5596057191485203	0.21796471874864434	29.416131161038898	0.028467045661035275
6.039157745670181	0.01	0.007	0.007	0.007	0.01	0.014970552493315428	0.013513731426197216	0.0028650559652661006	0.001701431397279487	0.008895764380356566	1.3830947278071497	1.4979136664268702	1.513090005909614	0.558235637747573	0.21961807223989474	28.949418369305125	0.02839027915417072
6.1194859619211694	0.01	0.007	0.007	0.007	0.01	0.014724960905802055	0.013292041367125805	0.00280194992932423	0.0016635547654129377	0.008753391925517471	1.3871777236063254	1.4978768076574067	1.512600432619807	0.5568023192363223	0.2212620799170112	28.47600045674048	0.028311351560622235
6.2027513523287805	0.01	0.007	0.007	0.007	0.01	0.014474644056536078	0.013066085870658082	0.002738476871239766	0.00162548062181664	0.008606606865681639	1.3912589040953003	1.4976514853818776	1.5120340143284283	0.5552955772013516	0.22290305635843147	27.993442274939895	0.02822976960588744
6.28983202106233	0.01	0.007	0.007	0.007	0.01	0.014217411690628266	0.012833887839561416	0.002674116936070082	0.0015868976017611085	0.00845406786690952	1.3953680893776805	1.4972197340606055	1.511380363644624	0.5536982768341678	0.2245524135060562	27.497518795896937	0.028144700988930283
6.382539977336542	0.01	0.007	0.007	0.007	0.01	0.013948582112218165	0.012591221208401768	0.002607767867098737	0.0015471462490679745	0.008292879400175713	1.399570487256724	1.496548450127682	1.510618873451077	0.551975103503163	0.2262355521649317	26.979199862810685	0.028054416820642993
6.486875535596356	0.01	0.007	0.007	0.007	0.01	0.013652114238144138	0.012323606062484569	0.0025356468905051353	0.001503964289842857	0.00811310580736697	1.4040955169106464	1.4955431176403429	1.5096850644149515	0.5500097847555228	0.22804296295127663	26.407548235994536	0.027953155383198123
6.596357973230354	0.01	0.007	0.007	0.007	0.01	0.013347798995032498	0.012048907169871831	0.0024627260652258535	0.0014603322081759083	0.007926484633044245	1.4086205529326814	1.4942168742342345	1.5086224774605062	0.5479201044565712	0.22984423168513343	25.820715943511644	0.027847291679111243
6.684817799772395	0.01	0.007	0.007	0.007	0.01	0.013106882944779885	0.011831437166873793	0.0024057700001709295	0.0014262725401454621	0.0077772681225119706	1.4121165201801014	1.4929516821666864	1.5077053610527766	0.5462127160715956	0.23123091603221005	25.356104733251165	0.027762048633876157
6.7707384627957765	0.01	0.007	0.007	0.007	0.01	0.012877048634428505	0.011623970453334726	0.002352052873900245	0.001394165555543041	0.007633772745912376	1.4153803122542363	1.4915643380897972	1.5067669632653002	0.5445392752966909	0.23252102330788352	24.912834756740928	0.02767950223365617
6.855976797761189	0.01	0.007	0.007	0.007	0.01	0.012653024766184146	0.011421748681091701	0.00230026112740509	0.0013632237538662704	0.007492874045229775	1.4184943112446882	1.4900398767272849	1.5057917774073861	0.5428654402669644	0.23374736052503473	24.480742395017337	0.027597853890846052
6.9399656066214845	0.01	0.007	0.007	0.007	0.01	0.012436099908847531	0.01122593500035082	0.0022506316183881357	0.0013335868363003737	0.0073555049175236436	1.4214461301734898	1.4883991473028515	1.5047897150429657	0.5412037047350757	0.23490522049435322	24.06231508411129	0.027517638025467164
7.022764643412853	0.01	0.007	0.007	0.007	0.01	0.012225891056916686	0.01103618368099021	0.0022030164273795275	0.0013051647253527808	0.007221544013104898	1.424246755698187	1.4866522593010585	1.5037636070311668	0.5395542398446992	0.23599915347570044	23.65681626754651	0.02743878671277894
7.104535661697028	0.01	0.007	0.007	0.007	0.01	0.012021781993742636	0.010851938479445997	0.002157222873314767	0.001277840879225178	0.007090705336805223	1.4269095968362222	1.484805867080045	1.5027145913354987	0.5379150191605119	0.23703464103871663	23.263059263205083	0.02736113616347006
7.185415066633163	0.01	0.007	0.007	0.007	0.01	0.011823252972602956	0.010672730233350887	0.00211308810930062	0.0012515168056803363	0.006962748561207839	1.4294460354430623	1.4828657057012975	1.501643655712248	0.536284352937009	0.23801634541549982	22.88004319427549	0.027284548467592658
7.265519902953269	0.01	0.007	0.007	0.007	0.01	0.011629859140442287	0.010498157385052756	0.002070472631795543	0.0012261081383348775	0.00683746844840311	1.4318658610147366	1.4808367537304754	1.5005516560992012	0.5346608025580334	0.2389482845135117	22.50691142540923	0.02720890555125744
7.344949258881551	0.01	0.007	0.007	0.007	0.01	0.011441221770467021	0.01032787806748838	0.002029257040564447	0.0012015426644889499	0.006714691727460393	1.4341775048169274	1.4787234351040774	1.499439372943356	0.5330431790854002	0.2398339278292572	22.142934696172414	0.027134107557186354
7.423787508633745	0.01	0.007	0.007	0.007	0.01	0.011257015993790429	0.010161599029831537	0.0019893382996947285	0.001177758064177254	0.006594271165179037	1.436388293608171	1.4765297291479356	1.498307527762488	0.5314304989852912	0.24067629905643417	21.787487490530143	0.027060069536509353
7.502106735569148	0.01	0.007	0.007	0.007	0.01	0.011076961481734784	0.009999067226631322	0.0019506268832744779	0.0011547001839100342	0.006476081089395159	1.438504644002992	1.4742592584945364	1.4971567972863038	0.5298219516043077	0.24147805477189122	21.440030090402548	0.026986718967346696
7.57996885735533	0.01	0.007	0.007	0.007	0.01	0.010900814597857803	0.009840062733633586	0.001913044421125334	0.0011323216139592373	0.006360013521100165	1.4405322213844596	1.4719153518711536	1.4959878213341238	0.5282168690243924	0.24224154863091527	21.100093458098197	0.02691399359607452
7.657427316769251	0.01	0.007	0.007	0.007	0.01	0.010728362174005515	0.009684393129572465	0.001876521835120843	0.0011105805621958451	0.006245975100159432	1.4424760655456608	1.469501093034404	1.4948012087776297	0.5266147019587835	0.24296888209792067	20.767267246952645	0.02684183972060837
7.734528481507151	0.01	0.007	0.007	0.007	0.01	0.010559416435908952	0.00953188891562716	0.0018409978299536898	0.0010894399423339802	0.006133884559327138	1.4443406920030306	1.4670193579446558	1.4935975414522034	0.5250149994379805	0.24366194529653112	20.441190025897388	0.026770210773388467
7.8113127525413555	0.01	0.007	0.007	0.007	0.01	0.010393810967406257	0.009382399872421576	0.0018064176890637412	0.001068866646442527	0.00602367072266645	1.4461301728339804	1.4644728449428366	1.4923773775139026	0.5234173928134469	0.24432244959291588	20.121541504945494	0.026699066198205276
7.88781608683229	0.01	0.007	0.007	0.007	0.01	0.010231396125814453	0.009235790921582644	0.001772732026408777	0.0010488307933310057	0.005915270007492939	1.447848215915096	1.4618640775647933	1.491141243993571	0.5218215697522696	0.24495195899173342	19.808033698159647	0.026628369963555613
7.964069329383096	0.01	0.007	0.007	0.007	0.01	0.010072039380556301	0.009091942431426511	0.001739896614699161	0.0010293056188937898	0.005808627107229057	1.4494981861232872	1.4591954713793651	1.4898896614421975	0.5202272928479058	0.24555189977319514	19.500411587440173	0.0265580911166437
8.04010011351631	0.01	0.007	0.007	0.007	0.01	0.009915620340116123	0.008950745727896406	0.001707871149149601	0.001010266734494535	0.005703692059721946	1.4510831790899943	1.4564693068617112	1.4886231250518842	0.518634363918944	0.24612358913435228	19.19844353179392	0.0264882019714864
8.115932813994537	0.01	0.007	0.007	0.007	0.01	0.009762030113237972	0.008812102517937275	0.0016766189475515075	0.0009916919433857	0.0056004201372763796	1.4526060449459248	1.4536877611564782	1.4873421149331263	0.5170426282012816	0.24666824514360672	18.90192004118161	0.026418678108727937
8.19158919613029	0.01	0.007	0.007	0.007	0.01	0.009611169323830032	0.008675923097594957	0.0016461063982644488	0.0009735609080262742	0.005498770788816435	1.4540694234197464	1.4508529109378894	1.4860470935400214	0.5154519634945139	0.247187000621547	18.610649950422708	0.026349497740108724
8.267088721001013	0.01	0.007	0.007	0.007	0.01	0.009462946951489472	0.008542125305386235	0.0016163026004991138	0.000955854932426174	0.005398707092752721	1.4554757680226629	1.4479667431100296	1.4847385074359292	0.513862276071154	0.24768091285437852	18.324458185888084	0.026280641396270846
8.342448861875523	0.01	0.007	0.007	0.007	0.01	0.009317279234421438	0.008410633531989823	0.0015871790353900593	0.0009385567633531645	0.005300195218299377	1.4568273676849555	1.4450311617432816	1.483416787824886	0.5122734960068257	0.24815097222268695	18.043183651843922	0.026212091609355323
8.417685368587392	0.01	0.007	0.007	0.007	0.01	0.009174088751227433	0.008281377891398586	0.0015587092886024875	0.0009216504226379267	0.00520320397908254	1.4581263649903595	1.442047994084607	1.4820823510799648	0.5106855733177652	0.24859810946537406	17.766677461437684	0.02614383264777117
8.492812481584554	0.01	0.007	0.007	0.007	0.01	0.009033303662829693	0.008154293536622885	0.001530868817846896	0.0009051210665540115	0.005107704471526297	1.4593747715146486	1.4390189961397741	1.4807355994112996	0.5090984749224261	0.2490232017916062	17.494801476297045	0.026075850300601066
8.5678431317492	0.01	0.007	0.007	0.007	0.01	0.008894857034395251	0.008029320047607506	0.0015036347471278297	0.000888954861411513	0.005013669747797108	1.4605744812506596	1.4359458568257222	1.4793769211654968	0.5075121817068616	0.24942707820754495	17.227427000104967	0.026008131678192794
8.642789092128234	0.01	0.007	0.007	0.007	0.01	0.008758686292331033	0.00790640094107426	0.0014769856968666038	0.0008731388807364658	0.004921074563808742	1.461727281826981	1.432830202383687	1.4780066914638974	0.5059266864418134	0.24981052398037598	16.964433732584954	0.025940665059074653
8.717661097315196	0.01	0.007	0.007	0.007	0.01	0.008624732776320889	0.007785483266156826	0.0014509016403212193	0.0008576610183005837	0.004829895177941803	1.4628348640811855	1.4296736007637618	1.4766252730021951	0.504341992247273	0.2501742844564827	16.705708906686755	0.025873439768236136
8.792469005336704	0.01	0.007	0.007	0.007	0.01	0.008492941247263361	0.0076665171602275225	0.0014253637580679168	0.0008425099002107227	0.004740109107898488	1.4638988312647603	1.426477563030502	1.4752330156940958	0.502758110041179	0.2505190686689895	16.451146340281912	0.025806446019255854
8.867221858761035	0.01	0.007	0.007	0.007	0.01	0.008363259604029467	0.007549455593221852	0.0014003543388983652	0.0008276748247216666	0.004651695019395189	1.4649207058827325	1.4232435479831091	1.4738302578504667	0.501175058022204	0.2508455520899166	16.200645890909747	0.025739674848748142
8.941927998999148	0.01	0.007	0.007	0.007	0.01	0.008235638527540407	0.007434254046355891	0.0013758566713772279	0.0008131456966597741	0.004564632556812951	1.46590193661398	1.41997296369151	1.4724173261116664	0.49959285994310126	0.25115437934673607	15.954112769923379	0.025673118004466016
9.016595134984126	0.01	0.007	0.007	0.007	0.01	0.008110031225811516	0.007320870281983696	0.0013518549592147805	0.0007989129761101406	0.00447890223503994	1.4668439039501708	1.4166671702339588	1.4709945359933436	0.49801154427792604	0.25144616646522744	15.711457051457023	0.025606767875591338
9.09123039619683	0.01	0.007	0.007	0.007	0.01	0.007986393221237323	0.0072092641515849485	0.0013283342483291832	0.0007849676341519646	0.004394485353656565	1.4677479251300547	1.4133274825209516	1.4695621925376738	0.4964311436589393	0.25172150284112244	15.472593262832063	0.025540617437928303
9.165840409721433	0.01	0.007	0.007	0.007	0.01	0.007864682112264619	0.007099397380632945	0.0013052803522307275	0.000771301107701674	0.0043113638879734364	1.468615258916651	1.4099551715097496	1.468120590333496	0.49485169375086274	0.2519809531149296	15.237439925334547	0.025474660178697237
9.240431361902624	0.01	0.007	0.007	0.007	0.01	0.007744857375772304	0.0069912333902074535	0.0012826797880970122	0.000757905260787639	0.004229520402827789	1.4694471097431865	1.4065514655928097	1.4666700136691473	0.4932732324049912	0.25222505880511487	15.005919173490543	0.025408890036019902
9.315009010171245	0.01	0.007	0.007	0.007	0.01	0.007626880260756785	0.0068847372010278456	0.0012605197325610783	0.0007447723575892905	0.004148938024345858	1.47024463095501	1.403117553848743	1.4652107375228665	0.49169579982735384	0.25245433963452935	14.7779565506423	0.025343301383080153
9.389578748844333	0.01	0.007	0.007	0.007	0.01	0.0075107136038363	0.006779875266912941	0.0012387879648862834	0.00073189502806946	0.004069600354518054	1.4710089283729653	1.3996545864922216	1.463743027394485	0.490119437568565	0.2526692949185013	14.553480653373272	0.025277888965216537
9.464145644991419	0.01	0.007	0.007	0.007	0.01	0.007396321702964104	0.006676615360785144	0.00121747282314283	0.0007192662413772175	0.003991491422062737	1.4717410632268706	1.3961636763480199	1.4622671396101148	0.4885441881163276	0.25287040473270617	14.332422888303473	0.025212647864115766
9.538714454312283	0.01	0.007	0.007	0.007	0.01	0.007283670228939991	0.006574926494794398	0.0011965631691478473	0.0007068792844987521	0.003914595656062475	1.4724420546653467	1.3926459009902639	1.460783321934898	0.48697009488236365	0.2530581309340936	14.114717301851558	0.02514757347995588
9.613289656571826	0.01	0.007	0.007	0.007	0.01	0.007172726112757675	0.006474778818629356	0.001176048350418695	0.0006947277391880745	0.003838897840407453	1.4731128822642265	1.3891023037330148	1.459291813722845	0.48539720175101647	0.2532329181557146	13.90030036323549	0.02508266149680075
9.687875495819734	0.01	0.007	0.007	0.007	0.01	0.007063457433124834	0.006376143517984433	0.001155918163623061	0.0006828054598308254	0.0037643830659506465	1.4737544883683968	1.3855338941541526	1.4577928458938965	0.48382555250598835	0.25339519472663924	13.689110747734222	0.02501790784435786
9.762475980967187	0.01	0.007	0.007	0.007	0.01	0.006955833368154258	0.0062789927709529895	0.0011361628311454676	0.0006711065591177664	0.003691036724241665	1.4743677799135535	1.3819416503100466	1.456286641640954	0.4822551910736832	0.25354537343236105	13.4810892439143	0.024953308694590386
9.83709491589344	0.01	0.007	0.007	0.007	0.01	0.006849824107285593	0.006183299668521227	0.0011167729714057495	0.0006596253900533488	0.0036188444722007836	1.4749536303754336	1.3783265193811287	1.4547734164918975	0.4806861611257705	0.25368385228838136	13.27617858394892	0.02488886043289064
9.91173592948102	0.01	0.007	0.007	0.007	0.01	0.006745400768904149	0.0060890381402046116	0.0010977395713087166	0.0006483565292605838	0.003547792198941772	1.4755128815625753	1.3746894181461617	1.4532533783163262	0.4791185056689115	0.25381101524984384	13.074323284894032	0.02482455962974185
9.986402475926571	0.01	0.007	0.007	0.007	0.01	0.006642535363915925	0.005996182921168396	0.0010790539680254419	0.0006372947658412805	0.003477866022276768	1.4760463450578518	1.3710312347579718	1.4517267278894925	0.47755226724544125	0.25392723281823987	12.87546957875458	0.024760403038309002
10.0	0.01	0.007	0.007	0.007	0.01	0.0066239722002235995	0.005979426199481357	0.0010756886544812535	0.0006353026441689586	0.0034652512683554645	1.4761407593163862	1.3703629895240401	1.451448074837647	0.47726725845565665	0.25394724299152455	12.839583235589679	0.024748737341529173
