0.0	0.01	0.007	0.007	0.007	0.01	0.0	0.0	0.0	0.0	0.0	0.0	0.0	0.0	0.0	0.0	100.0	0.035
0.006382856959012314	0.01	0.007	0.007	0.007	0.01	0.0026502727781326854	0.006405473840024876	0.003200123735893739	0.0011244930648817047	0.00027531722714748915	0.00010520737563636712	0.0004899131242401055	0.00041108041087400087	6.906519421639647e-5	6.882599705368764e-6	99.87172598572451	0.03499225840251859
0.01104157786003983	0.01	0.007	0.007	0.007	0.01	0.0044863923365527246	0.010621961888917541	0.005434360312958845	0.0019231227919938748	0.00044448272453081154	0.0003101097049406366	0.0014241035569947354	0.0012142223461119065	0.00020496151667315942	1.9656470710599872e-5	99.77820521073394	0.034986609044850146
0.017719079705042086	0.01	0.007	0.007	0.007	0.01	0.006981225145934582	0.016060125340454083	0.008494174192910993	0.0030361754779947825	0.0006479587146984455	0.0007816392598479365	0.0035204307693970953	0.0030694517620518794	0.0005215854503606114	4.7433200526486866e-5	99.64431142689364	0.034978513220408985
0.024278115916328075	0.01	0.007	0.007	0.007	0.01	0.009283131022765019	0.020779485362434177	0.011343584300740688	0.004094184175882551	0.0008105756748864434	0.001437073295073914	0.006353888747602688	0.005659234160248716	0.0009678785969215654	8.371547671872162e-5	99.5129679763745	0.03497056284787877
0.03190393276127083	0.01	0.007	0.007	0.007	0.01	0.011785691581517583	0.025584191039472157	0.014472151984580702	0.005281698206541731	0.0009621622625853445	0.002422676548468664	0.010491444361368563	0.009571211653848142	0.001649049566140434	0.00013489047399888065	99.36048008476658	0.034961321675545415
0.03987665566244063	0.01	0.007	0.007	0.007	0.01	0.0142154915425483	0.02992275001213883	0.017542961517981816	0.006475936478446976	0.0010862969232732897	0.0036919140932947887	0.0156570874319973	0.014633358078519223	0.002540405763544446	0.00019656194219205465	99.20130520998046	0.03495166272419969
0.048551198048584106	0.01	0.007	0.007	0.007	0.01	0.01665806417282559	0.03395813895321233	0.020665824602937005	0.00772238482665622	0.0011902546562907062	0.005328604930928077	0.02210995052403211	0.021193914798713978	0.0037092582190382598	0.000270972186093473	99.02840819821678	0.03494115654996447
0.057692803352350976	0.01	0.007	0.007	0.007	0.01	0.019022595245970015	0.037551183312913496	0.02372639533562428	0.008978551840843934	0.0012728711697382908	0.007317965652116908	0.029702893820864947	0.029209787123590708	0.005155108484341277	0.00035562005208778977	98.84652800672863	0.03493008811004268
0.06740503036126246	0.01	0.007	0.007	0.007	0.01	0.021318217446271548	0.040742137959371094	0.0267364621656879	0.010251205278821913	0.0013378008508336003	0.009702592269730767	0.03851222855054281	0.038869654151277994	0.006919904056029273	0.00045072061322051066	98.65366076356875	0.03491833261611162
0.077616806029363	0.01	0.007	0.007	0.007	0.01	0.023511899471048554	0.043514920892374895	0.029651983379907737	0.011523401788099552	0.0013872268822568636	0.012482824999962519	0.04845333001973349	0.05019318354705916	0.009016142608168758	0.0005548464772305296	98.45127922512667	0.03490597674470912
0.08836496361284872	0.01	0.007	0.007	0.007	0.01	0.025599098644634152	0.04589920439759754	0.03246498446670177	0.012792618836101534	0.0014240179977088674	0.015681269580617923	0.05952612290638263	0.06329113802993278	0.01147398638690963	0.0006676367582658953	98.23871586995844	0.034892976593608134
0.09963843272340736	0.01	0.007	0.007	0.007	0.01	0.027567019866276306	0.04791702697369961	0.03515544066477335	0.014050412415452705	0.001450558577472355	0.019304467172682308	0.07167667230169249	0.07820936261373045	0.014312576527351363	0.0007883044526528336	98.01625668923687	0.03487934626817111
0.11146327707873306	0.01	0.007	0.007	0.007	0.01	0.02941177471732181	0.0496018212429518	0.037714294869362446	0.015292666861169712	0.0014690563941408595	0.023367400181431065	0.08488475552546584	0.09502839133637596	0.017558569293348827	0.0009165277985155469	97.78345852297828	0.03486505501716279
0.1238557178369077	0.01	0.007	0.007	0.007	0.01	0.031128898627438603	0.05098597475924696	0.040130767764367956	0.01651393979707458	0.0014813634304854245	0.027879944296537753	0.09911786646881401	0.11380744942040438	0.021235601369616997	0.0010519636484820512	97.54007931161915	0.03485008406534585
0.13684774200179164	0.01	0.007	0.007	0.007	0.01	0.03271720754204703	0.05210345891468896	0.04239773345794397	0.017710091459513667	0.0014890485078584324	0.032855800502418694	0.11436094584009067	0.13462084711601513	0.025371304409772005	0.0011945208891580735	97.28557509202071	0.034834395676535866
0.1504730392104528	0.01	0.007	0.007	0.007	0.01	0.034176246137824454	0.05298665682650416	0.04450823321431707	0.018876655108117465	0.0014934149683878627	0.038308038746611185	0.13060184638753328	0.1575389778376984	0.029993695504355062	0.0013442031495831805	97.0193788886994	0.03481795017230701
0.1647749337804775	0.01	0.007	0.007	0.007	0.01	0.03550700971296949	0.053666361715129604	0.04645652841841118	0.020009433379139036	0.0014955587836237123	0.04425235192966528	0.14784116672546824	0.1826412464231122	0.03513381699659463	0.0015011901241610255	96.74074755552077	0.03480069637828836
0.1798023477261682	0.01	0.007	0.007	0.007	0.01	0.03671118319461168	0.054170904102733806	0.04823702633731172	0.02110396766390645	0.0014964200935840269	0.05070571988783235	0.16608775774930756	0.21000967761368927	0.04082456916875291	0.0016657898092689132	96.44884364470148	0.03478257652980316
0.19561244243075268	0.01	0.007	0.007	0.007	0.01	0.037791191005200696	0.05452600456821143	0.049844349965761606	0.02215560085932358	0.0014968351621307905	0.05768760264643229	0.1853617808854956	0.23973292842314436	0.047101639048545814	0.00183846752366369	96.14268709034691	0.034763523119984645
0.21226949312666232	0.01	0.007	0.007	0.007	0.01	0.0387499292685548	0.05475458748111552	0.051272935209149564	0.023159244207911777	0.0014975805260571738	0.06521949673155428	0.20569297768412043	0.2719031213878331	0.054002957891667154	0.0020198383195458645	95.82118080747516	0.03474346029864063
0.22984551955903446	0.01	0.007	0.007	0.007	0.01	0.03959071005002957	0.054876797514360774	0.05251694093736342	0.024109300375898122	0.00149940782738878	0.0733251322704823	0.22712084168164923	0.306615036681473	0.06156861462809785	0.0022106841649199996	95.48310257435891	0.03472230315831803
0.24841913559219786	0.01	0.007	0.007	0.007	0.01	0.04031715554043162	0.05491007423337898	0.05357010593880281	0.024999512991245358	0.0015030672250661336	0.08202977646659138	0.24969246157956804	0.34396107383846075	0.06983980601679744	0.0024119576443578255	95.1271317171291	0.034699959170788004
0.26807380836220734	0.01	0.007	0.007	0.007	0.01	0.04093316597227061	0.05486930876073778	0.054425768156928477	0.025822871316849686	0.0015093182221374724	0.0913591418386622	0.2734595625518113	0.38402404205205165	0.07885717939211387	0.0026247851910902293	94.75188707325076	0.03467633033418626
0.28889376690159185	0.01	0.007	0.007	0.007	0.01	0.04144291463164557	0.054767057862377705	0.05507702847395539	0.026571541052319056	0.0015189266145998444	0.10133708683711619	0.2984727385021847	0.426864326170269	0.08865770363236682	0.00285044981343543	94.35600926213364	0.03465131814062935
0.3109571751407559	0.01	0.007	0.007	0.007	0.01	0.04185091297706494	0.05461381526320961	0.055517198209947806	0.02723690741150969	0.001532646195516344	0.11198194344290766	0.3247726401474361	0.47250091892575197	0.09926978429912042	0.0030903465458727315	93.93829304348704	0.03462483181018862
0.334326701008205	0.01	0.007	0.007	0.007	0.01	0.04216216353572616	0.05441832409404066	0.05574063745070728	0.027809830509819028	0.0015511848500098409	0.12330162915940497	0.35237858810859174	0.5208875187746904	0.11070672189075614	0.003345906651528075	93.49786522002397	0.03459679961052419
0.3590404171915882	0.01	0.007	0.007	0.007	0.01	0.04238239247733404	0.05418788521931182	0.05574398906743841	0.02828122734763473	0.0015751596634223913	0.13528913311926055	0.38127838233360134	0.5718913836335214	0.12296022142314961	0.003618514328908782	93.03435076604751	0.03456717971854581
0.3851088578851656	0.01	0.007	0.007	0.007	0.01	0.042518263362257516	0.05392858466762837	0.055527508862449615	0.028642970027694392	0.001605055480375022	0.1479213837841999	0.41142612123366157	0.6252886807007455	0.1359974086174872	0.003909472274441792	92.54791801228237	0.034535963643407226
0.4125228369759378	0.01	0.007	0.007	0.007	0.01	0.042577390907026204	0.0536453870685414	0.05509589388342891	0.02888883493867351	0.0016412082670084463	0.16116375505158528	0.4427527549024524	0.6807860465957549	0.14976426695854658	0.004220067850060746	92.03912111794747	0.03450316674106832
0.44126862324018984	0.01	0.007	0.007	0.007	0.01	0.042568038190132176	0.053342146436596315	0.05445817300734938	0.02901509456008148	0.0016838245560876872	0.1749783041065018	0.4751844280207763	0.7380591627662827	0.1641939336565288	0.004551715041184982	91.50861026283154	0.034468809973340606
0.47134208246707016	0.01	0.007	0.007	0.007	0.01	0.042498597397323735	0.053021644210507826	0.05362682672384037	0.0290205778049251	0.0017330279516314725	0.18933130767776607	0.5086584086196209	0.7967881212677018	0.17921513815748769	0.004906094758479873	90.95686953079748	0.034432902996998305
0.5027565699583159	0.01	0.007	0.007	0.007	0.01	0.04237707190266664	0.05268570995398263	0.052616669580780845	0.028906358971979695	0.001788913746554565	0.20419737113800257	0.543130866164733	0.8566773659048996	0.1947574887816229	0.005285243307598486	90.38407787100769	0.034395434809297604
0.5355454332562493	0.01	0.007	0.007	0.007	0.01	0.042210705646239355	0.05233539515192587	0.051443884744415594	0.02867533105902364	0.0018515986628774514	0.2195605442977652	0.5785780256884426	0.9174621102694658	0.21075366179676125	0.005691598875135598	89.79007363232603	0.03435637088289864
0.5697615871363929	0.01	0.007	0.007	0.007	0.01	0.04200578585580536	0.05197115274045624	0.05012533464506813	0.02833181878620906	0.0019212604513679464	0.2354137462770654	0.61499389090059	0.9789070572923939	0.2271396702628352	0.006128031023708403	89.17437453980578	0.034315653818264534
0.6054754790015542	0.01	0.007	0.007	0.007	0.01	0.04176758660983696	0.051592998230094764	0.04867814218832572	0.027881290448327132	0.001998165572113395	0.2517572607052686	0.6523862541970169	1.0408010547884048	0.24385398847286247	0.00659786431534806	88.53622726186761	0.03427320592148558
0.6427714611112283	0.01	0.007	0.007	0.007	0.01	0.04150041340278256	0.0512006520764025	0.04711951345429187	0.027330187965236986	0.002082683654268063	0.2685964401926852	0.690771217599831	1.1029488954483457	0.26083576606385267	0.007104890403977637	87.87468479519939	0.0342289336715538
0.6817410721757738	0.01	0.007	0.007	0.007	0.01	0.04120772514687078	0.05079368360383469	0.045466809885871096	0.026685897670897508	0.0021752847659187355	0.28593808982800506	0.7301649442925323	1.1651592058317548	0.2780217915984393	0.007653339429254824	87.18873626357299	0.034182735832231664
0.7224705817380198	0.01	0.007	0.007	0.007	0.01	0.04089232908605875	0.05037168882374423	0.04373790794433398	0.02595690034676266	0.002276511388111593	0.30378458183601426	0.7705704825028056	1.2272265384727934	0.29534163550744935	0.00824775602563439	86.47753176445869	0.03413451829986083
0.7650195147266333	0.01	0.007	0.007	0.007	0.01	0.040556656371854474	0.04993453818762225	0.04195187039056	0.02515313843706191	0.002386912488876174	0.3221246473885619	0.8119573561194219	1.2889064309713902	0.3127105888453644	0.008892698831723073	85.74075223253384	0.03408421948593348
0.8093905276773108	0.01	0.007	0.007	0.007	0.01	0.04020310008319972	0.049482688973923515	0.040129740271564796	0.024286532423775747	0.0025069335035403516	0.34092155258458134	0.8542356751273145	1.3498888873917139	0.33002196443956056	0.00959221628294657	84.97910691470506	0.03403184566250603
0.8555029074457208	0.01	0.007	0.007	0.007	0.01	0.039834302884547146	0.04901743568544408	0.03829477784009503	0.023371284608444183	0.0026367901488648674	0.360104282847342	0.8972375322329247	1.4097899505001257	0.34714457221460693	0.010349239935552828	84.19473882550247	0.0339775016726854
0.9031953444444384	0.01	0.007	0.007	0.007	0.01	0.03945318107359421	0.04854084688463921	0.03647115445000652	0.022423334328059256	0.0027764061227977584	0.3795719909603791	0.9407284759450072	1.4681884556412805	0.363933600337913	0.011165330208619728	83.39110945871163	0.03392138685572158
0.9522709151390107	0.01	0.007	0.007	0.007	0.01	0.039062593195517005	0.04805528268298839	0.03468108532468414	0.021458744523789184	0.002925481266035502	0.39921519115356374	0.9844561311890436	1.5247050731141525	0.3802545292548165	0.01204114195110182	82.57218066623746	0.03386374139086091
1.0025489823460427	0.01	0.007	0.007	0.007	0.01	0.0386649614488219	0.047562868945443836	0.0329423662386388	0.020491992027115474	0.003083615093704443	0.41893750385553835	1.028199130882291	1.5790646689287762	0.3960029130142805	0.012977181174713389	81.74152518345792	0.033804785032067
1.0538981105697154	0.01	0.007	0.007	0.007	0.01	0.038262064785946834	0.04706518568943061	0.03126740492949219	0.019534930737585103	0.003250407791836416	0.4386675997454013	1.0717933648178233	1.6311154972882547	0.4111116176252031	0.013974420742211426	80.90179893529188	0.03374467868491645
1.1062444293423137	0.01	0.007	0.007	0.007	0.01	0.03785503879261754	0.046563210680213546	0.029663634951886658	0.018596575072964496	0.003425503965933503	0.4583603344809967	1.1151337869318942	1.680812666782276	0.42554712370659376	0.01503458559795256	80.05464414234432	0.03368351508732047
1.1595701282033826	0.01	0.007	0.007	0.007	0.01	0.037444452028714166	0.046057362269397	0.02813443939342729	0.01768331381719701	0.003608609469738849	0.4779938528674819	1.158167209840653	1.7281921013837729	0.43930241128194364	0.016160292133874696	79.2007602049685	0.033621321132519436
1.213911425787557	0.01	0.007	0.007	0.007	0.01	0.03703037851066319	0.045547546967601715	0.026680086706921565	0.01679926791321426	0.003799504711031993	0.4975665864060634	1.2008848823601763	1.7733476642500627	0.45239027135763277	0.017355189802336964	78.33998283053158	0.03355806081756081
1.2693594681022216	0.01	0.007	0.007	0.007	0.01	0.03661243925499044	0.045033179359190656	0.02529851271925854	0.01594666099422329	0.003998063635963771	0.5170953946763995	1.243317581125521	1.8164143242985193	0.4648380661460035	0.0186241764501762	77.4713166011725	0.03349363479532285
1.3260645671082902	0.01	0.007	0.007	0.007	0.01	0.03618981271374823	0.0445131728223376	0.023985938381356285	0.01512616219836432	0.00420427836515563	0.5366148264556854	1.2855330951181771	1.857556354591251	0.4766837767402474	0.01997370990892819	76.59291825511481	0.033427876101140896
1.3842398170040011	0.01	0.007	0.007	0.007	0.01	0.03576124705666442	0.04398593953340182	0.0227374282234015	0.014337241049492253	0.004418272747306111	0.5561759836087743	1.327632761184801	1.8969565966409003	0.48797227965839907	0.021412132015081024	75.70209558642647	0.03336054669748804
1.4441437393411807	0.01	0.007	0.007	0.007	0.01	0.035325223169390706	0.0434495809030911	0.021547765807936672	0.013578758809504122	0.004640225470918092	0.5758383976056171	1.369732988330883	1.9347943886084595	0.49874840176861984	0.022949463263108198	74.7956281443734	0.03329135832096768
1.505955584598195	0.01	0.007	0.007	0.007	0.01	0.03488087385962575	0.042903011604215155	0.02041395560944771	0.012850637111959063	0.004869878129939119	0.595628762682511	1.4118767863770214	1.9711690205894379	0.5090348381345879	0.02459418197819452	73.87166674693295	0.03322011673291411
1.5693187049798065	0.01	0.007	0.007	0.007	0.01	0.034431173670562025	0.04234987864838641	0.019341998662132716	0.012158336795148023	0.005104815218852596	0.6154034611485075	1.453745173625381	2.005878734311892	0.5187708678099834	0.026339971349082742	72.93636281304565	0.033147245451209596
1.6328869953099077	0.01	0.007	0.007	0.007	0.01	0.033985849367561716	0.04180213829542224	0.018350215565958183	0.01151514962381337	0.005338875671538644	0.6347341083959007	1.4944279462652055	2.038299103673163	0.5277824632015089	0.028150012802700273	72.0099298485188	0.03307429883859321
1.6955552947331796	0.01	0.007	0.007	0.007	0.01	0.03355247765087342	0.041269104903289174	0.01744702262755434	0.010927773771579666	0.0055669365451423624	0.6533055371160239	1.5332729709923483	2.0681019519712884	0.5359855489422837	0.02998935754707292	71.10813265146543	0.03300254213482183
1.7570596580178448	0.01	0.007	0.007	0.007	0.01	0.03313253934243863	0.04075259707169093	0.01662605382460754	0.010392983937417487	0.005787197189398946	0.6710750613484237	1.5702097355733164	2.095436842793999	0.5434316521940725	0.031844879128070984	70.23406609311945	0.03293226953805281
1.8173256040462895	0.01	0.007	0.007	0.007	0.01	0.032726166575047115	0.04025277582472507	0.015878904545533486	0.009905916653420641	0.00599874681903602	0.6880584932417055	1.6052911694337348	2.1205262987015927	0.5501923344298865	0.03370864876521452	69.38802187469298	0.032863557055849514
1.8764067242246942	0.01	0.007	0.007	0.007	0.01	0.03233263284038021	0.03976874678886306	0.015196694141971388	0.009461169422940547	0.006201294682262516	0.7043064562591586	1.638641325456396	2.1436172903095	0.5563447720161087	0.03557682534130846	68.5685045593332	0.032796334626886726
1.9343776388757465	0.01	0.007	0.007	0.007	0.01	0.03195110506627946	0.03929948489499252	0.014571552334802547	0.009053841880783056	0.006394749373156429	0.7198718064787336	1.6703868193557383	2.1649316976605095	0.561957990581323	0.03744665060175229	67.77379557742438	0.03273050904219554
1.9913403047247462	0.01	0.007	0.007	0.007	0.01	0.03158060910367007	0.03884379175509146	0.013996442009077558	0.008679473851066157	0.0065792080673859775	0.7348108846394813	1.7006591549945274	2.184671283017106	0.5670942034640982	0.03931671888466297	67.00188081222932	0.03266595701061516
2.04739675394646	0.01	0.007	0.007	0.007	0.01	0.031220211978951147	0.03840051973198503	0.013465320201801786	0.008334187148482329	0.006754837956160286	0.7491760941113438	1.7295795471039266	2.2030109711687675	0.5718071544408616	0.04118611139247092	66.2508300181023	0.03260255622521853
2.102651378296003	0.01	0.007	0.007	0.007	0.01	0.030869004986931136	0.037968551095223874	0.012972960901318574	0.008014594779327875	0.006921863967056442	0.7630167837427054	1.7572608860100531	2.2201036412134028	0.5761435560412239	0.04305443659955656	65.51876166415163	0.0325401827441836
2.157202523646789	0.01	0.007	0.007	0.007	0.01	0.030526154791593603	0.037546860846250946	0.012514898549978977	0.007717780242288381	0.00708052718978586	0.7763774323317414	1.7838042915594083	2.2360809324305713	0.5801434923752594	0.04492150535325996	64.80394956402188	0.0324787204378571
2.2111433258877975	0.01	0.007	0.007	0.007	0.01	0.030190894109718255	0.03713450524540792	0.012087298527613336	0.007441223635113499	0.007231076966909877	0.78929826450765	1.8093005962126028	2.251056744354722	0.5838415044109906	0.046787307138430136	64.10480365331044	0.03241805995039626
2.264559385852907	0.01	0.007	0.007	0.007	0.01	0.029862532409579652	0.03673063496305172	0.011686874714171186	0.0071827545845801945	0.007373756648397425	0.8018150647083461	1.8338302162200282	2.2651292844951705	0.5872672822316626	0.04865188117176827	63.41989249256189	0.032358101223442265
2.3175294697850592	0.01	0.007	0.007	0.007	0.01	0.029540447683366527	0.036334484955731126	0.011310798182457265	0.006940496996937126	0.007508800671184119	0.8139597110001382	1.8574644382455436	2.2783835840306033	0.5904464493232432	0.05051529471472817	62.74792630495353	0.03229875260998952
2.3701252383462905	0.01	0.007	0.007	0.007	0.01	0.0292240846022277	0.03594537219462083	0.010956628822864228	0.006712827102361014	0.0076364306078566474	0.8257604370439021	1.8802661438608048	2.29089334741356	0.5934011559338622	0.05237759330017278	62.087753305805656	0.03223993108785713
2.4224119419732593	0.01	0.007	0.007	0.007	0.01	0.028912947093743844	0.03556268653485002	0.010622252340570881	0.00649833399945807	0.007756855017537172	0.8372422820665126	1.9022908769990832	2.302722725311362	0.5961506298789455	0.05423879015359463	61.43834437851632	0.0321815613966278
2.474448799665372	0.01	0.007	0.007	0.007	0.01	0.02860659325172511	0.03518588445407426	0.010305830181394885	0.006295787940014585	0.007870269266275218	0.8484274282832048	1.923587665666476	2.313927723213378	0.5987116180535166	0.05609884981392401	60.79878259496939	0.03212357553929471
2.526289642284865	0.01	0.007	0.007	0.007	0.01	0.028304629031078454	0.03481448129706472	0.010005756366762599	0.006104112705689878	0.007976856510431821	0.859335561776164	1.9441998645997676	2.3245574389110604	0.6010987684893485	0.05795768585246758	60.16825018088492	0.03206591199759365
2.57798391953158	0.01	0.007	0.007	0.007	0.01	0.028006700241633382	0.0344480414282686	0.009720619642887908	0.005922361211902028	0.008076789610147328	0.8699842725576834	1.9641660453157348	2.33465517007772	0.6033249642440627	0.059815175874573794	59.546011907829175	0.03200851455408109
2.629576270796347	0.01	0.007	0.007	0.007	0.01	0.02771249317333608	0.03408617900068562	0.009449179488161145	0.005749699866368301	0.008170230364834965	0.8803891274087088	1.9835202497939153	2.3442590767518054	0.6054015431265702	0.06167112844260342	58.931416494010634	0.03195133271844309
2.681107599416903	0.01	0.007	0.007	0.007	0.01	0.027421726723249044	0.03372854827238698	0.009190338046376917	0.005585390285290037	0.00825733196339429	0.8905640355488765	2.0022927806685566	2.353403024497736	0.6073385459685255	0.0635253068817426	58.32388024637893	0.031894320488403835
2.732615371482428	0.01	0.007	0.007	0.007	0.01	0.027134149295333938	0.03337483979338013	0.008943120437511672	0.005428776355925687	0.00833823984095333	0.9005214287648443	2.020510624910393	2.3621171594809405	0.6091448944459755	0.06537742780253106	57.722880655819374	0.031837435980230755
2.784134124574904	0.01	0.007	0.007	0.007	0.01	0.026849534716061767	0.033024775381998	0.008706657077685746	0.005279272596568631	0.008413092897328918	0.9102724653929651	2.038197908212398	2.3704284349117706	0.6108285493986328	0.06722716921861623	57.12794792550712	0.03178064083247075
2.835695772248081	0.01	0.007	0.007	0.007	0.01	0.026567679491416855	0.03267810475115206	0.008480169586442744	0.005136354825270389	0.008482024320386599	0.9198271778366659	2.0553762330597207	2.378361028438687	0.6123966382772063	0.06907417300074685	56.538659292393206	0.03172389984099828
2.887329957780352	0.01	0.007	0.007	0.007	0.01	0.026288399947000097	0.03233460199080428	0.008262958534718099	0.004999552031028852	0.008545162435329831	0.9291946161734304	2.0720649993415794	2.3859367085928103	0.6138555654255777	0.07091805047990421	55.954633096301045	0.031667180544136225
2.9390643448693172	0.01	0.007	0.007	0.007	0.01	0.02601152986047864	0.031994062656003734	0.008054393214366929	0.004868439562028576	0.00860263139053835	0.938382967842608	2.0882816722338333	2.393175141084253	0.6152111043933844	0.07275838690158534	55.37552387090897	0.03161045288146435
2.9909248513163544	0.01	0.007	0.007	0.007	0.01	0.025736918522012955	0.031656301381316164	0.007853903059864747	0.004742633394080463	0.008654551712226274	0.947399657068415	2.1040420059287905	2.4000941458848133	0.6164684756289083	0.07459474475556704	54.80101832359104	0.03155368891873542
3.0429359000011593	0.01	0.007	0.007	0.007	0.01	0.02546442880716872	0.0313211495106069	0.0076609701743781	0.004621785131051424	0.008701040815980794	0.9562514387552679	2.1193602505080893	2.4067099225368613	0.61763241374246	0.07642666845572194	54.23083133602175	0.031496862556934783
3.095120599606724	0.01	0.007	0.007	0.007	0.01	0.025193935715667415	0.030988453299783555	0.007475123111710344	0.004505577828654411	0.00874221338454445	0.9649444726053813	2.134249317890288	2.413037237189229	0.6187072238774683	0.07825368711725098	53.66470293460322	0.03143994932105244
3.147500935564089	0.01	0.007	0.007	0.007	0.01	0.024925324934226074	0.03065807214916517	0.007295931430538204	0.004393722334015036	0.008778181704741001	0.9734843927305254	2.1487209346284173	2.4190895871353457	0.6196968307394936	0.08007531817400423	53.10239530735355	0.0313829261400357
3.2000979240295933	0.01	0.007	0.007	0.007	0.01	0.02465849166237637	0.030329877159302986	0.007123001069316824	0.004285954167789167	0.008809055923392461	0.9818763654814316	2.162785769626596	2.4248793404299285	0.6206048203717865	0.08189107007241148	52.54369036761698	0.0313257711692645
3.2529317397815176	0.01	0.007	0.007	0.007	0.01	0.02439333963003598	0.030003749922646785	0.006955970379169702	0.004182030843258418	0.008834944247663656	0.9901251384436639	2.176453542812891	2.4304178556629887	0.6214344760871006	0.08370044437025916	51.98838771625097	0.03126846364322003
3.306021860717528	0.01	0.007	0.007	0.007	0.01	0.024129780084016565	0.02967958127700239	0.00679450658839487	0.00408172947817812	0.008855953118028979	0.9982350879666215	2.1897331276319427	2.4357155890515347	0.6221888100795117	0.08550293864591622	51.436302536115406	0.031210983711802247
3.359387173521039	0.01	0.007	0.007	0.007	0.01	0.02386773101864521	0.029357270359237585	0.006638302807618187	0.003984844764467235	0.008872187325921852	1.0062102569002611	2.2026326338839324	2.440782184873557	0.6228705904374608	0.08729804824979158	50.88726399538051	0.031153312320369612
3.413046068589254	0.01	0.007	0.007	0.007	0.01	0.023607116498598216	0.02903672377240399	0.006487075413150134	0.003891187191777649	0.008883750104075536	1.014054387725866	2.2151594802376033	2.4456265545007545	0.6234823647242603	0.08908526784610794	50.34111384205888	0.03109543110268059
3.46701655679915	0.01	0.007	0.007	0.007	0.01	0.02334786591307438	0.028717854668407684	0.006340561670254035	0.0038005814370246013	0.008890743197295789	1.0217709561095303	2.2273204647218665	2.450256948283067	0.6240264809194682	0.09086409378450146	49.797704852814796	0.031037322251543886
3.5213163407126884	0.01	0.007	0.007	0.007	0.01	0.023089913486733147	0.028400582146489543	0.0061985177473744615	0.0037128650114142043	0.008893266899823884	1.0293631952382631	2.2391218180225585	2.4546810152954377	0.6245051053057483	0.09263402501342441	49.25689981816617	0.030978968439851245
3.57596289722838	0.01	0.007	0.007	0.007	0.01	0.022833197763231755	0.028084830618002442	0.006060716916976051	0.003627887036390137	0.00889142008138183	1.036834119795421	2.2505692542380342	2.458905857493517	0.624920238389096	0.09439456443441363	48.71857046893192	0.030920352730265013
3.6309735761553243	0.01	0.007	0.007	0.007	0.01	0.022577661044162776	0.027770529116331103	0.005926947914023645	0.003545507129276099	0.00888530019433965	1.0441865500333496	2.2616680196591266	2.4629380789762214	0.6252737290123082	0.09614522077536419	48.18259630775351	0.030861458468941318
3.6863656566335625	0.01	0.007	0.007	0.007	0.01	0.022323249053726554	0.027457610884456893	0.005797013572289099	0.0034655944712327223	0.008875003267216873	1.0514231282223152	2.2724229279789245	2.4667838266533346	0.6255672864715532	0.09788550909251406	47.64886391273469	0.03080226922552507
3.742156415707315	0.01	0.007	0.007	0.007	0.01	0.02206991056790419	0.02714601291885874	0.005670729572738733	0.0033880269538765656	0.008860623891189506	1.0585463353188092	2.282838394381854	2.470448827482224	0.6258024913480117	0.09961495166583628	47.117266165689976	0.03074276872096289
3.798363202311577	0.01	0.007	0.007	0.007	0.01	0.021817597042155554	0.026835675511598957	0.005547923309531488	0.0033126904070133567	0.00884225519602572	1.0655585068491247	2.292918466905827	2.4739384219952374	0.6259808050893239	0.10133307902758008	46.587701476297696	0.030682940750486318
3.8550035095884323	0.01	0.007	0.007	0.007	0.01	0.021566262270376783	0.026526541830856443	0.005428432876676591	0.0032394779083937263	0.008819988816747025	1.0724618471269065	2.302666853828564	2.4772575939970034	0.6261035784251794	0.10303943087579866	46.06007307086729	0.03062276910937641
3.9120950609107594	0.01	0.007	0.007	0.007	0.01	0.021315862007014835	0.026218557456143175	0.0053121061307120744	0.0031682891472410274	0.008793914845519621	1.079258443727081	2.3120869498618926	2.480410997673705	0.6261720587620916	0.10473355731282397	45.53428820279377	0.03056223750521467
3.96965586437752	0.01	0.007	0.007	0.007	0.01	0.02106635375177188	0.02591167011350014	0.005198799912082764	0.0030990298913676217	0.008764121789197814	1.0859502768284013	2.3211818536999242	2.483402979861695	0.6261873965859956	0.10641501903770172	45.01025770346697	0.03050132950466093
4.027704304136508	0.01	0.007	0.007	0.007	0.01	0.020817696394154536	0.025605829238306406	0.0050883792722909065	0.003031611463490389	0.008730696505971724	1.0925392317753826	2.329954388750721	2.4862376017196834	0.6261506511001647	0.10808338853027345	44.48789523810338	0.030440028442201388
4.086259227593052	0.01	0.007	0.007	0.007	0.01	0.020569849902950695	0.025300985593346655	0.004980716789127835	0.0029659502766291035	0.008693724134685875	1.0990271097369804	2.3384071196893204	2.4889186574454873	0.6260627950313126	0.10973825094762993	43.9671166549569	0.030378317334541747
4.1453400205812505	0.01	0.007	0.007	0.007	0.01	0.020322775091733053	0.024997090980388645	0.004875691973325247	0.0029019674299506195	0.008653288026560969	1.1054156357721328	2.346542364177711	2.4914496900707253	0.6259247187387249	0.11137920451715204	43.4478394934069	0.03031617880894038
4.204966721800698	0.01	0.007	0.007	0.007	0.01	0.020076433245142883	0.02469409778052348	0.004773190667507735	0.0028395883041219708	0.008609469646856488	1.1117064699412709	2.354362207063717	2.4938340067912286	0.625737233589442	0.11300586184631142	42.92998219862013	0.030253594991540986
4.265160106504579	0.01	0.007	0.007	0.007	0.01	0.019830785903497215	0.024391958689238404	0.004673104561013663	0.0027787422310784327	0.008562348491828183	1.1179012137019881	2.361868506961969	2.496074690768679	0.6255010747533205	0.11461785014882561	42.41346366799677	0.030190547429595604
4.325941819116717	0.01	0.007	0.007	0.007	0.01	0.01958579447539583	0.024090626239933514	0.004575330675929959	0.0027193621496926267	0.008512001966367602	1.1240014201194937	2.3690629059999555	2.4981746128642	0.6252169032538832	0.11621481256247113	41.89820243510823	0.030127016963960127
4.387334492224433	0.01	0.007	0.007	0.007	0.01	0.019341419942681303	0.023790052441028962	0.0044797709326017034	0.002661384312942323	0.008458505265827214	1.1300086010559778	2.375946833963096	2.500136440678271	0.6248853074451062	0.11779640878576708	41.38411604667901	0.03006298361783924
4.449361917749801	0.01	0.007	0.007	0.007	0.01	0.019097622395655073	0.02349018820429101	0.004386331685995817	0.0026047479802669316	0.008401931208741439	1.135924237865736	2.3825215144668466	2.501962647221991	0.6245068036303133	0.1193623167230703	40.87112008133155	0.029998426433219146
4.512049181617686	0.01	0.007	0.007	0.007	0.01	0.01885436075842959	0.02319098300701866	0.0042949233723110995	0.002549395179445935	0.008342350096258803	1.1417497866601398	2.388787962604961	2.503655516242504	0.6240818362713619	0.12091223277782576	40.35912756698041	0.029933323347876264
4.575422887121126	0.01	0.007	0.007	0.007	0.01	0.018611592214862045	0.02289238418595319	0.004205460073839249	0.0024952704213115013	0.008279829487140011	1.147486690056636	2.39474698731972	2.505217147987467	0.6236107770617632	0.1224458739241514	39.84804776676268	0.029867650982872994
4.6395113660779845	0.01	0.007	0.007	0.007	0.01	0.018369271744733632	0.022594336366784634	0.0041178591607164295	0.0024423204633296845	0.008214433976355733	1.1531363852617844	2.400399186543839	2.5066494620371147	0.6230939233790543	0.12396297887085003	39.33778519511705	0.02980138444627087
4.704344959971684	0.01	0.007	0.007	0.007	0.01	0.018127351460962206	0.022296780648933385	0.004032040892085265	0.002390494050709597	0.008146224899575874	1.1587003157939808	2.405744942567961	2.5079541992369054	0.6225314955203962	0.1254633102458477	38.828238212974654	0.029734497068294046
4.769956301994431	0.01	0.007	0.007	0.007	0.01	0.017885780024545394	0.02199965388593568	0.00394792807830819	0.002339741696376412	0.008075260031819782	1.1641799401697859	2.4107844101639504	2.5091329207585304	0.6219236331743007	0.12694665600319582	38.31929778425901	0.02966696014025761
4.836380725541626	0.01	0.007	0.007	0.007	0.01	0.017644501684406535	0.021702887504467826	0.0038654456440754465	0.0022900154029594586	0.008001593148237741	1.1695767477770287	2.4155175065429626	2.510187006446517	0.6212703899544165	0.12841283279513285	37.810845439499985	0.02959874252867403
4.903656701660955	0.01	0.007	0.007	0.007	0.01	0.017403455332739005	0.02140640634242947	0.0037845202355226747	0.002241268413213957	0.007925273545880707	1.1748922725447812	2.4199438927008776	2.511117649702183	0.6205717266458358	0.12986168877291945	37.30275126844869	0.029529810266640946
4.971826391572717	0.01	0.007	0.007	0.007	0.01	0.017162573283684358	0.021110127146731317	0.0037050797713228077	0.002193454928426357	0.00784634543446054	1.1801281107348105	2.4240629507682376	2.51192584985266	0.6198275022269588	0.13129310750685738	36.794871325490995	0.029460126035373513
5.040936330342444	0.01	0.007	0.007	0.007	0.01	0.0169217797597247	0.020813956711574617	0.0036270529402905867	0.0021465297964168117	0.007764847174156043	1.185285942554042	2.4278737547410025	2.5126124010241173	0.6190374622028956	0.13270701293580164	36.2870444136359	0.029389648521820164
5.111038274550557	0.01	0.007	0.007	0.007	0.01	0.016680989019666827	0.020517789575892027	0.0035503686318182656	0.0021004481609905863	0.007680810321128005	1.190367558295489	2.4313750323521943	2.513177876553724	0.6182012235631335	0.13410337552064983	35.77908810615162	0.029318331621720897
5.182190285133548	0.01	0.007	0.007	0.007	0.01	0.016440102946787508	0.020221505056793525	0.0034749552515976213	0.002055165044407443	0.007594258395850214	1.1953748919110052	2.4345651164097317	2.513622607849007	0.6173182551140249	0.13548222037259824	35.27079362117478	0.02924612341944655
5.254458155701272	0.01	0.007	0.007	0.007	0.01	0.016199007815138812	0.019924963272160683	0.0034007398508488686	0.0020106348200642473	0.007505205239495806	1.2003100664785933	2.4374418828789217	2.513946655919131	0.616387851220252	0.1368436385529619	34.76191895134154	0.02917296483807218
5.327917209082835	0.01	0.007	0.007	0.007	0.01	0.015957570282719165	0.01962800021229333	0.003327647106271418	0.001966810598146347	0.007413652932075091	1.2051754486614958	2.4400026662845145	2.514149772374696	0.6154090978660425	0.1381878006943422	34.25218034726476	0.029098787944049964
5.402654790092295	0.01	0.007	0.007	0.007	0.01	0.015715631691173945	0.019330420728614187	0.003255597897363514	0.0019236433728179174	0.0073195888731143405	1.2099737283862544	2.4422441512104403	2.514231346815943	0.6143808257222048	0.13951497734209334	33.74124020682507	0.029023513584826764
5.478773669530471	0.01	0.007	0.007	0.007	0.01	0.015473000243305222	0.019031988912109943	0.0031845074037177403	0.0018810808856753252	0.007222981760013152	1.214708028008103	2.4441622242515195	2.5141903337743594	0.6133015455587102	0.1408255670917857	33.22869045605102	0.028947048158729817
5.5563968407810576	0.01	0.007	0.007	0.007	0.01	0.015229439893748777	0.01873241442902043	0.0031142824455957434	0.0018390660411849787	0.007123775874587751	1.219382057970983	2.4457517687403163	2.514025149528241	0.6121693569403073	0.14212013704490004	32.714028949196845	0.02886927905585984
5.635674628464025	0.01	0.007	0.007	0.007	0.01	0.01498465365210206	0.018431331983939737	0.0030448175081153953	0.0017975345415525326	0.007021882539360598	1.2240003539348443	2.4470063740994537	2.5137335220074615	0.6109818132771294	0.14339948496926316	32.19662400694475	0.02879006788406931
5.7167954648260375	0.01	0.007	0.007	0.007	0.01	0.01473825807840571	0.01812826994967423	0.0029759887081640965	0.0017564113019600419	0.006917167068305054	1.2285686407449203	2.4479179039301604	2.51331226444279	0.6097357171583281	0.14466473521793874	31.675660253716238	0.028709240183894078
5.8000034103959095	0.01	0.007	0.007	0.007	0.01	0.01448974125359879	0.017822598671652156	0.002907643835414809	0.0017156045362366878	0.006809427376841958	1.2330944403358588	2.448475828408242	2.512756916353906	0.6084267891966668	0.14591749989419991	31.15004938134	0.02862656866599584
5.885628394298112	0.01	0.007	0.007	0.007	0.01	0.014238389433953608	0.017513440254320476	0.0028395849438216983	0.0016749954216364771	0.006698356787748702	1.2375881434347924	2.4486661197227404	2.5120611365168632	0.6070490986641017	0.14716016427718193	30.618274450210425	0.028541744220433294
5.97414348930604	0.01	0.007	0.007	0.007	0.01	0.013983146483268318	0.01719949566584518	0.0027715348531539598	0.001634418212274467	0.006583473079684009	1.2420650872208976	2.4484692632437586	2.5112155822977056	0.6055939907017007	0.14839644248887074	30.078091547816726	0.028454320890849375
6.066288260307162	0.01	0.007	0.007	0.007	0.01	0.013722307504237067	0.016878667912490736	0.0027030637524705237	0.001593616662719842	0.006463964647321696	1.2465501374223729	2.447856208483857	2.5102055640861494	0.6040477895784446	0.14963260763767983	29.525879679896637	0.028363597116148588
6.163396627374387	0.01	0.007	0.007	0.007	0.01	0.01345269362473215	0.016547047050956727	0.002633390099059444	0.0015521257922582188	0.006338278838620291	1.2510901984629252	2.446778334770744	2.5090050267419186	0.6023857391286608	0.15088086317462251	28.95489007535216	0.028268299329004168
6.268583433300761	0.01	0.007	0.007	0.007	0.01	0.013166637269990455	0.01619520219474556	0.002560649750577345	0.0015088377884377624	0.0062026247394327055	1.255800337161366	2.4451329963846296	2.507555319380042	0.6005501870624745	0.15217180531160673	28.34885142151048	0.028165434941310977
6.393317169052975	0.01	0.007	0.007	0.007	0.01	0.012835313085404091	0.01578767981742139	0.0024778645090257137	0.0014596077903259283	0.006042682862470855	1.2611180450788673	2.4425697052860014	2.5056466415895917	0.5983294951685808	0.15362310373783739	27.646610294232822	0.0280439402000748
6.494938715465553	0.01	0.007	0.007	0.007	0.01	0.012571567125849352	0.01546327385889112	0.0024130483349361553	0.001421089904780608	0.005913273042786581	1.2652451062360874	2.44001505511987	2.50394845332775	0.5964875841049823	0.15474400866247912	27.087368046349823	0.0279453450066571
6.592969152972664	0.01	0.007	0.007	0.007	0.01	0.012322289710058547	0.015156665174572082	0.002352640386965707	0.0013852122427506922	0.005789348559907645	1.2690591314721071	2.437173588893921	2.5021953834585413	0.5946849890589743	0.15577489115087562	26.558610812992352	0.027850562467650677
6.688906481742719	0.01	0.007	0.007	0.007	0.01	0.01208313164941863	0.014862503295866896	0.002295439198852925	0.0013512572691728175	0.005669046712236393	1.2726389843370973	2.4340505845181197	2.500376147666189	0.5928980403596695	0.15673744908883003	26.051138150028255	0.027758114949261285
6.782828478039952	0.01	0.007	0.007	0.007	0.01	0.01185350450013776	0.014580064234028505	0.0022411922074777393	0.0013190720498878021	0.005552298339011058	1.2760028628327056	2.4306798971040067	2.498500829702262	0.5911282052570006	0.15763688941133586	25.56372031501971	0.027667906730286705
6.875072687802616	0.01	0.007	0.007	0.007	0.01	0.011632236708209542	0.014307906970909418	0.002189527375315227	0.001288433297990372	0.005438701679095238	1.2791761547886977	2.42708099639282	2.496572642599158	0.5893716222328081	0.15848032393676445	25.093887217526596	0.027579595311686623
6.965878085371868	0.01	0.007	0.007	0.007	0.01	0.011418463685720326	0.014044968074040615	0.002140163032324616	0.0012591718407885385	0.005327975573982062	1.2821782832723794	2.4232711994509315	2.4945949361391895	0.5876258382971887	0.1592732242471684	24.639817355232033	0.027492936681594433
7.055447299787173	0.01	0.007	0.007	0.007	0.01	0.011211458385590647	0.013790353289342057	0.0020928632928588643	0.001231146040079258	0.005219882375441859	1.2850255648060158	2.4192649048160217	2.4925704261517576	0.5858887514243526	0.16002019785016505	24.199978959165293	0.027407724543743343
7.143948384054081	0.01	0.007	0.007	0.007	0.01	0.011010615904335759	0.013543318598324621	0.002047431383393358	0.0012042377476019607	0.005114226082657072	1.287731681573756	2.4150744855800452	2.4905014681014626	0.5841586531405697	0.16072512161790728	23.773097814532814	0.027323787982872258
7.231523825230892	0.01	0.007	0.007	0.007	0.01	0.010815423638733439	0.013303233510500823	0.0020037004248693135	0.0011783467748045433	0.005010841453058736	1.2903082942039616	2.410710645739438	2.488390096871553	0.5824341128915941	0.16139131063554701	23.35809427121099	0.027240982365049963
7.318294543907747	0.01	0.007	0.007	0.007	0.01	0.010625445326845987	0.013069561433863936	0.0019615280093030745	0.0011533876286979037	0.004909589142355192	1.2927654116187992	2.4061828058610004	2.4862381171807133	0.5807139443446585	0.1620216213018873	22.954049647402513	0.027159185139382962
7.404363901515166	0.01	0.007	0.007	0.007	0.01	0.010440306613018311	0.012841841920016524	0.001920791551682567	0.0011292867194248647	0.004810350805116017	1.2951117045261564	2.4014993561507048	2.4840471512240496	0.5789971611034439	0.16261853831899534	22.560175798360095	0.027078291721198414
7.489820584368415	0.01	0.007	0.007	0.007	0.01	0.010259684337978442	0.012619677491150914	0.00188138480283689	0.0011059802646467146	0.004713025532391449	1.2973547418327591	2.396667863139976	2.481818680643946	0.5772829466075682	0.16318424046739072	22.17579254669744	0.02699821250897988
7.574741043491753	0.01	0.007	0.007	0.007	0.01	0.0100832977319616	0.012402722807735573	0.0018432150294524982	0.001083412595866995	0.004617526829041243	1.2995011811991188	2.3916952223529377	2.4795540748974068	0.575570626902369	0.16372065354661844	21.80030911522134	0.02691887037501667
7.659191486048747	0.01	0.007	0.007	0.007	0.01	0.009910901312667243	0.012190675933123625	0.001806200757534241	0.0010615348035550953	0.004523780141693423	1.3015569212802847	2.3865877751065203	2.4772546119083403	0.573859647784186	0.1642294926373827	21.433209151079822	0.026840198621828123
7.74322950738969	0.01	0.007	0.007	0.007	0.01	0.009742279128574583	0.01198327125293224	0.0017702699548282903	0.001040303646091379	0.00443172083273595	1.3035272241280205	2.3813513986565966	2.474921493233671	0.5721495556336912	0.16471229604471121	21.07403858471427	0.026762139310832194
7.826905440316133	0.01	0.007	0.007	0.007	0.01	0.009577240056953047	0.01178027369168036	0.0017353585548691062	0.001019680663972473	0.004341292509260172	1.3054168143511031	2.3759915759847994	2.4725558551282645	0.5704399812139048	0.16517045275598982	20.722395711398093	0.026684641883839903
7.91026378608073	0.01	0.007	0.007	0.007	0.01	0.009415613347740145	0.01158147323183337	0.0017014091262166273	0.0009996313824826514	0.00425244531306746	1.3072299665399472	2.3705134295213774	2.470158767638656	0.5687306195795442	0.1656052263557696	20.377921776793006	0.026607661734605676
7.993343620209083	0.01	0.007	0.007	0.007	0.01	0.009257246491107901	0.011386682290957933	0.0016683701040495328	0.0009801248486197675	0.004165135350270786	1.3089705593754957	2.3649217973839556	2.4677312554092543	0.5670212292488744	0.1660177703476621	20.04029649865948	0.026531159748748794
8.076179351754996	0.01	0.007	0.007	0.007	0.01	0.009102002589213032	0.011195732489028677	0.001636194969568537	0.0009611331387398703	0.004079323748989183	1.310642130608259	2.3592212705217293	2.4652743032902795	0.565311622908102	0.16640914334389353	19.709232521762086	0.026455101528269163
8.158801704750402	0.01	0.007	0.007	0.007	0.01	0.008949757536062366	0.011008471179709252	0.0016048414378755603	0.0009426308725998683	0.0039949755233058305	1.3122479292759557	2.3534161983120314	2.4627888502916857	0.5636016523976699	0.16678032316368288	19.384469452557195	0.0263794564267193
8.241238053278016	0.01	0.007	0.007	0.007	0.01	0.008800398597734594	0.010824759704054693	0.001574270975066271	0.0009245949228443934	0.003912059140639822	1.3137909488913435	2.3475107253018193	2.460275798560203	0.5618912061259417	0.1671322161062905	19.065770871098703	0.02630419719046367
8.323513014338136	0.01	0.007	0.007	0.007	0.01	0.008653822643319082	0.010644471214597662	0.0015444482726806508	0.0009070041001885891	0.0038305458421180358	1.3152739614698203	2.3415088003893336	2.457736011635764	0.5601802004689579	0.167465666159776	18.752920591464225	0.02622929937191923
8.405648728398704	0.01	0.007	0.007	0.007	0.01	0.008509935062570072	0.010467489344086315	0.0015153408880777507	0.0008898389372300379	0.00375040929859555	1.316699541888558	2.3354141998716256	2.455170319574396	0.5584685770669773	0.16778146174891104	18.44572038152733	0.026154741036010593
8.487665255961366	0.01	0.007	0.007	0.007	0.01	0.008368648565782622	0.010293706729353647	0.0014869188809073814	0.0008730814705484223	0.0036716251650898623	1.3180700914503753	2.329230535542825	2.4525795184546584	0.5567562972506318	0.16808034210688633	18.143987426805765	0.02608050236681293
8.569580803769322	0.01	0.007	0.007	0.007	0.01	0.008229882364686657	0.010123024003834444	0.0014591545439405441	0.0008567150789554742	0.0035941708168161788	1.3193878559056178	2.3229612697062527	2.449964373414419	0.5550433396272049	0.16836300223120168	17.847552603664468	0.026006565434440323
8.651411994343436	0.01	0.007	0.007	0.007	0.01	0.008093561342046888	0.009955348776188951	0.0014320221456494149	0.000840724329086144	0.0035180250540721835	1.3206549421762357	2.316609722408482	2.4473256189012824	0.5533296964481533	0.16863009740545973	17.55625872514562	0.025932913926937532
8.733174033575752	0.01	0.007	0.007	0.007	0.01	0.007959615450487454	0.009790594890870195	0.0014054977306639513	0.0008250948554604008	0.0034431679139924603	1.3218733316753306	2.310179082574038	2.4446639609522776	0.5516153718423806	0.16888224685223863	17.269959273598662	0.025859532978049958
8.814880912865448	0.01	0.007	0.007	0.007	0.01	0.007827979099365655	0.009628681673990428	0.0013795589278590191	0.0008098132453387012	0.003369580458143117	1.3230448927250082	2.3036724132725723	2.441980077355368	0.5499003791062194	0.16912003707931192	16.98851710541116	0.025786408966999668
8.896545522003423	0.01	0.007	0.007	0.007	0.01	0.007698590727986642	0.00946953340838497	0.001354184803947391	0.000794866950646631	0.0032972446492973346	1.3241713903988246	2.297092661261443	2.4392746198508175	0.548184739677943	0.1693440245871972	16.711803551958273	0.02571352940113893
8.978179814069577	0.01	0.007	0.007	0.007	0.01	0.007571392327894392	0.009313078746039148	0.0013293557143089895	0.0007802441984877708	0.003226143187202271	1.3252544960807437	2.290442660111703	2.4365482139039596	0.5464684808638873	0.16955473842890545	16.43969740994884	0.025640882754315978
9.059794887574654	0.01	0.007	0.007	0.007	0.01	0.007446329126632299	0.009159250319121189	0.0013050531918621182	0.0007659339242539311	0.003156259423742058	1.3262957949587963	2.2837251379859653	2.4338014605812286	0.5447516351681829	0.16975268227403956	16.172084275525776	0.025568458381251963
9.141401072733634	0.01	0.007	0.007	0.007	0.01	0.007323349286501284	0.009007984369461795	0.0012812598441133112	0.000751925709710257	0.0030875772772297875	1.3272967928751673	2.2769427235133683	2.431034937788499	0.543034239423046	0.16993833628248659	15.908855909259831	0.025496246429661515
9.2230080437238	0.01	0.007	0.007	0.007	0.01	0.00720240358572308	0.008859220356391	0.0012579592515513847	0.0007382097220138353	0.0030200811288765865	1.328258922831835	2.270097948053415	2.4282492001661304	0.541316333273546	0.1701121588455733	15.649909562323469	0.025424237730908527
9.304624870681215	0.01	0.007	0.007	0.007	0.01	0.007083445209948811	0.008712900700299047	0.0012351358915509913	0.0007247766678750172	0.0029537557739032056	1.329183550167826	2.263193251690983	2.425444780619141	0.539597958845381	0.1702745880200648	15.395147537820526	0.025352423745406916
9.386260071039588	0.01	0.007	0.007	0.007	0.01	0.0069664295580081645	0.008568970543712763	0.00121277506847858	0.0007116177514746602	0.0028885863744936577	1.3300719772880893	2.2562309882929132	2.4226221915504063	0.5378791603535342	0.1704260428350675	15.144476781836614	0.02528079650947193
9.467921698201694	0.01	0.007	0.007	0.007	0.01	0.0068513140079699605	0.008427377463554448	0.0011908628393811813	0.0006987246298771976	0.0028245583853600785	1.3309254483712096	2.2492134264456896	2.4197819245026975	0.5361599828606722	0.17056692454572372	14.897808388702586	0.02520934855040494
9.549617370334692	0.01	0.007	0.007	0.007	0.01	0.006738057782541728	0.008288071305587088	0.001169385961503415	0.0006860893813741318	0.002761657529961729	1.3317451530261362	2.242142754645175	2.416924451595889	0.5344404722402926	0.17069761766132033	14.655057318344673	0.025138072855134592
9.631354298804501	0.01	0.007	0.007	0.007	0.01	0.00662662182287938	0.008151004029204083	0.001148331843747558	0.0006737044762191011	0.0026998697771862543	1.3325322296666349	2.2350210858767356	2.4140502267691994	0.532720675098053	0.17081849089422063	14.416142131162246	0.025066962839661266
9.713139354245476	0.01	0.007	0.007	0.007	0.01	0.006516968619828071	0.008016129499858528	0.0011276884922654844	0.0006615627439767674	0.002639181290768412	1.3332877689694453	2.227850458300562	2.4111596855007056	0.5310006378575323	0.1709298980853442	14.180984631130157	0.02499601228637498
9.794979067437357	0.01	0.007	0.007	0.007	0.01	0.006409062142477059	0.007883403401188918	0.00110744447640108	0.0006496573529016576	0.0025795784293565775	1.3340128164455718	2.220632841054853	2.4082532466368995	0.5292804071792087	0.17103217895965828	13.949509717065176	0.024925215338713422
9.876879705896473	0.01	0.007	0.007	0.007	0.01	0.00630286767230994	0.00775278303102623	0.0010875888785976538	0.0006379817799380438	0.002521047691498801	1.3347083754881695	2.2133701329336284	2.4053313113876813	0.527560028753049	0.17112565992180123	13.721645031027073	0.024854566430655846
9.958847247308801	0.01	0.007	0.007	0.007	0.01	0.006198351780318235	0.007624227273246527	0.001068111272714067	0.0006265297974743359	0.002463575736924682	1.3353754092968588	2.2060641697125516	2.4023942658382302	0.5258395482292568	0.17121065466342694	13.497320913006643	0.024784060305987673
10.0	0.01	0.007	0.007	0.007	0.01	0.006146535012291769	0.007560491982391131	0.0010584779863862968	0.0006208663245719326	0.0024351288389449707	1.3356996272405408	2.2023827980864312	2.400915080636848	0.5249763038088657	0.1712501976184645	13.386082972562097	0.024748737341529176
