0.0	0.01	0.007	0.007	0.007	0.01	0.0	0.0	0.0	0.0	0.0	0.0	0.0	0.0	0.0	0.0	100.0	0.035
0.006706964972181857	0.01	0.007	0.007	0.007	0.01	0.002641653681813058	0.005019285975940886	0.0035794796399112538	0.0011417117530497208	0.00019084438127311458	0.00013435941252858632	0.000399781744433287	0.0003681431512517888	7.807990624082711e-5	8.325482409049665e-6	99.86903158884336	0.03499186534621323
0.01157556835602317	0.01	0.007	0.007	0.007	0.01	0.004450897803004485	0.008290763244634042	0.006063979454332173	0.0019486740273119475	0.0003015032328365396	0.00039358550920497084	0.0011555448395003426	0.0010823273990604916	0.00023069309684671833	2.336339440854346e-5	99.77406873797423	0.03498596156415213
0.018594202669885568	0.01	0.007	0.007	0.007	0.01	0.006908213747661561	0.012515347230051519	0.009484748361305357	0.003080570671545518	0.00042848550971912204	0.0009916047476441422	0.0028572662832856617	0.0027408292842187247	0.0005883348916919716	5.5493519434885165e-5	99.63732810134067	0.03497745235740146
0.025481105460594823	0.01	0.007	0.007	0.007	0.01	0.009156505746165609	0.016157357860593843	0.012665013247362506	0.004156102362056233	0.0005236519212615499	0.0018195098409165423	0.0051504915081739995	0.005053975752939502	0.0010923002566068393	9.641856833408548e-5	99.50333608784142	0.03496910487016003
0.03351925292489628	0.01	0.007	0.007	0.007	0.01	0.011590703778707362	0.01985674139510378	0.0161676864359548	0.0053687662302028556	0.0006068484973192309	0.0030654588739365083	0.008505601466898601	0.008562647924507541	0.001865202496754242	0.00015301287214865075	99.3471732608272	0.03495936450006821
0.041933364627136656	0.01	0.007	0.007	0.007	0.01	0.013935715718973597	0.02317728349409099	0.019606181785222384	0.006590487857109517	0.0006700304451980235	0.004666899946544622	0.012691393633581112	0.01311056307782494	0.0028790365852053024	0.00021973913466716855	99.18396885035216	0.03494917145494041
0.05111536500402875	0.01	0.007	0.007	0.007	0.01	0.016276839220502857	0.026250043266106776	0.023108421874455377	0.007869973181265023	0.0007188487714529076	0.00673130591387486	0.017925188800187387	0.01902479975157512	0.004214095135864798	0.0002987539449570013	99.00617598898339	0.03493805156327082
0.06081112996243748	0.01	0.007	0.007	0.007	0.01	0.01852320360313263	0.028966456668786267	0.026541321501665122	0.009162330286075491	0.0007542875264173753	0.00923694432932816	0.02408311904696058	0.02626847385190679	0.005870972414994091	0.00038703180418835076	98.81878094389661	0.034926313315836954
0.0711382289953806	0.01	0.007	0.007	0.007	0.01	0.02068405725394309	0.031360384052316455	0.029918125763835318	0.010474945676129064	0.0007794867657198313	0.012237218524225954	0.031230120190347866	0.03502265250121453	0.007901002406472415	0.00048468954479331924	98.61957385336491	0.034913815076530644
0.08202012619049844	0.01	0.007	0.007	0.007	0.01	0.022727192684779754	0.03342137439210641	0.033186069617049854	0.011789469779452466	0.0007965925714185554	0.01572969424184916	0.039294831325819374	0.04530875306376888	0.010320402248307907	0.0005901691237904093	98.41009935132197	0.0349006502391298
0.09350018279731595	0.01	0.007	0.007	0.007	0.01	0.02464897014544477	0.035175141711903266	0.03633431149270625	0.013102915304477372	0.000807710541660868	0.01974114265238938	0.04827801113443251	0.05723453443419768	0.01316681540242086	0.0007031535377127608	98.18959266890765	0.034886767133750475
0.10556792571493936	0.01	0.007	0.007	0.007	0.01	0.026438052996531833	0.03664144816004605	0.03933742642708429	0.014405669146971679	0.0008144542820913844	0.024276993473713926	0.0581347483148543	0.07084530525455729	0.016464579085206214	0.0008229330682534973	97.9583304771944	0.034872179279155695
0.11825468332041124	0.01	0.007	0.007	0.007	0.01	0.02809210742369015	0.03784879923488152	0.042182597949649285	0.015692659064482164	0.0008181066432901587	0.029353780605882195	0.0688493319227845	0.08621906723872423	0.020247244832372297	0.0009493255370007074	97.71579298007086	0.034856849717993646
0.1315806965344504	0.01	0.007	0.007	0.007	0.01	0.029608524259525627	0.038824660960781555	0.04485466987513972	0.01695718332481883	0.0008196199343350495	0.03498124394433748	0.08039587099852046	0.1034123682092771	0.024544629338267853	0.0010821385795555674	97.46168122115115	0.034840754993215796
0.1455842692413073	0.01	0.007	0.007	0.007	0.01	0.030988043416087376	0.0395973738303855	0.047342510887008735	0.018193795790558777	0.0008196944300207622	0.04117419286810685	0.0927638423968367	0.12249518800797272	0.02939139732448441	0.001221438219079631	97.19536122563332	0.034823849942018086
0.16030575422963844	0.01	0.007	0.007	0.007	0.01	0.03223225840228796	0.040193672322635994	0.049634915744451336	0.019396508658632506	0.0008188385876941425	0.047946582933400414	0.10594549104498985	0.1435320104311193	0.03482248750573781	0.0013673701763968662	96.91617258965636	0.034806087074238774
0.1757966013861621	0.01	0.007	0.007	0.007	0.01	0.03334423136965428	0.04063864615868863	0.0517218602254026	0.020559442297509233	0.0008174308102558565	0.05531578469134818	0.11994418763395968	0.16659378231366925	0.040876247838713325	0.0015202345341851638	96.62325909963151	0.03478740568103176
0.19211451272128055	0.01	0.007	0.007	0.007	0.01	0.03432773629704798	0.040955087525584154	0.053593275559780995	0.021676230111308224	0.0008157743307353727	0.06330067361890074	0.1347702523485511	0.19175064497703573	0.047592714104980116	0.0016804280663913018	96.31566420256709	0.03476773772279134
0.209326121034465	0.01	0.007	0.007	0.007	0.01	0.035187263462887634	0.041163400087297186	0.05523919138517805	0.022740082134817426	0.0008141461386351311	0.0719229762545905	0.15044316715108835	0.21907442782716383	0.05501437798521417	0.0018484686566657335	95.99228405572393	0.03474700464254575
0.2275049162560225	0.01	0.007	0.007	0.007	0.01	0.03592774854210345	0.04128150422343993	0.056649381949890255	0.02374352894669112	0.00081284125184199	0.08120623469458355	0.16698928847575964	0.24863329856876926	0.06318484516676914	0.0020249820657803285	95.65191083507214	0.03472511991555253
0.2467306331631534	0.01	0.007	0.007	0.007	0.01	0.03655450582348433	0.04132490477387709	0.05781345319737945	0.024678356218344806	0.0008122126437182412	0.09117531597147192	0.18444072757971733	0.28048764518839747	0.07214769083331822	0.002210714711477157	95.29324850952929	0.03470198983832564
0.2670855198126191	0.01	0.007	0.007	0.007	0.01	0.037073135009436965	0.04130681867132838	0.05872100118550172	0.02553549294327068	0.0008127070724711422	0.10185420517083306	0.2028313392191597	0.3146800381565919	0.0819434697846222	0.0024065304456795606	94.91498669069864	0.03467751806985283
0.2886481564723284	0.01	0.007	0.007	0.007	0.01	0.03748951285771705	0.04123837870625219	0.05936215370488724	0.026305022126706646	0.0008148947153027311	0.11326239663364414	0.22219058710015366	0.3512203796317837	0.09260496636706775	0.0026134009024851136	94.51591848203414	0.03465161310114093
0.31148137323765945	0.01	0.007	0.007	0.007	0.01	0.03780983611089463	0.041128905765127254	0.059728586013474985	0.026976325647771148	0.0008194874317396025	0.1254081403630974	0.24253244536826113	0.3900611336838854	0.1041489264439936	0.002832357357985427	94.09516408651773	0.03462420277544616
0.3356123703559735	0.01	0.007	0.007	0.007	0.01	0.03804076998177032	0.04098625974876966	0.05981531970631816	0.027538546066907744	0.000827335087686477	0.13827768426486317	0.26383812674976365	0.43106099240033807	0.11656332326683061	0.003064381530737904	93.65253071753207	0.0345952580839862
0.3610061488585717	0.01	0.007	0.007	0.007	0.01	0.03818973140399313	0.04081724825961177	0.05962348874441609	0.027981609781083043	0.000839384546410354	0.1518214333001906	0.28603427547837057	0.47394199169031	0.12979119131118186	0.00331022866649665	93.18898253062373	0.034564824838154366
0.3875471310012929	0.01	0.007	0.007	0.007	0.01	0.038265250002855716	0.04062796323965159	0.05916353964326159	0.02829801135315018	0.0008565941472488752	0.16594540483980266	0.3089800882699983	0.5182692202048499	0.1437199821090366	0.00357029195826395	92.70694487408474	0.03453304533595352
0.4150557142315675	0.01	0.007	0.007	0.007	0.01	0.038277074739211284	0.040423816978501496	0.05845679886670169	0.02848487007111974	0.0008798330202202832	0.18052231123525173	0.332485645061715	0.5634984904252954	0.1581921103436351	0.003844736189964232	92.20996491071233	0.03450013808816009
0.4433384911676025	0.01	0.007	0.007	0.007	0.01	0.03823563294511936	0.040209289754124654	0.05753342153459144	0.028544866573006037	0.0009098217820620954	0.19542069277493623	0.3563577194042321	0.6090816987557562	0.17303628004721586	0.004133904199632646	91.70177566269824	0.03446633740210211
0.4722317561630877	0.01	0.007	0.007	0.007	0.01	0.03815105119599923	0.03998774628011593	0.05642789906484286	0.02848539253130384	0.0009471325783007267	0.21052941844150325	0.3804367887772085	0.654552455808273	0.18809612729463876	0.004438655703940224	91.18550903333606	0.034431841318163604
0.5016077360300727	0.01	0.007	0.007	0.007	0.01	0.03803238620855965	0.03976157796063429	0.05517529480362454	0.028316877198329694	0.0009922064551394652	0.22576121551287742	0.40460056134832395	0.6995408545173278	0.20323787378499783	0.0047603587994499	90.66359687499359	0.03439680430971264
0.5313736174486279	0.01	0.007	0.007	0.007	0.01	0.03788727548685841	0.03953240615231437	0.053808666046905144	0.02805129135642607	0.0010453850453624538	0.24105164654891	0.4287611318841411	0.7437704002512038	0.21835232182479183	0.00510083457002814	90.13780437174539	0.03436133862760865
0.5614609104617675	0.01	0.007	0.007	0.007	0.01	0.03772192733455451	0.039301327432087654	0.05235792813311513	0.027701098594607725	0.0011069319254795864	0.2563527747100207	0.4528544678316543	0.7870371506256931	0.23335042342948342	0.005462215864808154	89.60943313961248	0.03432552714959413
0.5918196831227326	0.01	0.007	0.007	0.007	0.01	0.037541261222209035	0.03906907801458755	0.05084932087196358	0.027278572865595888	0.0011770548496947294	0.2716293747421067	0.476834425033682	0.8291958042077646	0.2481605296066719	0.005846867302793086	89.07943358388746	0.03428943037159668
0.6224126158532364	0.01	0.007	0.007	0.007	0.01	0.03734911416707043	0.038836160918056285	0.04930539105249023	0.02679539838353739	0.0012559194471012853	0.28685516794066435	0.5006670329473626	0.8701457848320534	0.2627250921660878	0.0062573074469471565	88.54851711350763	0.034253093575385134
0.6532117473104113	0.01	0.007	0.007	0.007	0.01	0.03714844322359171	0.03860292360173302	0.047745150257950765	0.02626243357062334	0.0013436602939953261	0.30201057193831216	0.524327252016507	0.9098218236171555	0.276998487124207	0.006696164604741987	88.0172185257303	0.034216550762857116
0.6841957453390123	0.01	0.007	0.007	0.007	0.01	0.036941509566922104	0.03836961187360544	0.046184376135637896	0.025689596633434304	0.0014403864981932498	0.31708084790322977	0.547796362298753	0.948185939153202	0.29094499883709996	0.0071661394516308735	87.48594746500717	0.03417982794550201
0.7153483991671675	0.01	0.007	0.007	0.007	0.01	0.03673003040798999	0.03813640172453564	0.044635940080342	0.025085817665864082	0.0015461851966164077	0.332054967897074	0.5710604521587739	0.9852216961550072	0.30453736135378234	0.007669983471705813	86.9550174681161	0.03414294496909143
0.7466575217386	0.01	0.007	0.007	0.007	0.01	0.036515302340795204	0.037903420069389016	0.04311015258546949	0.0244590396404694	0.0016611225346436758	0.34692477061353344	0.5941093165656981	1.0209295442615114	0.3177554968222606	0.008210482888758575	86.42466715991635	0.03410591684274447
0.7781143702001324	0.01	0.007	0.007	0.007	0.01	0.03629829766650113	0.037670756706434515	0.04161509200297715	0.023816246677504455	0.0017852438078891312	0.3616844345961763	0.616935808028353	1.0553232731817965	0.3305855118855033	0.00879045041843902	85.89507207450356	0.03406875444822377
0.8097133148753649	0.01	0.007	0.007	0.007	0.01	0.036079739005146244	0.03743847149859188	0.04015691377681161	0.023163511368434267	0.0019185730316012986	0.37633011782278014	0.6395354076603929	1.088427157837446	0.3430188332534871	0.009412721741130376	85.36635197048179	0.03403146495201802
0.8414517101172928	0.01	0.007	0.007	0.007	0.01	0.035860156195896706	0.03720659833391211	0.03874013325309	0.022506053308305525	0.0020611125716319964	0.39085972657519685	0.6619059639084985	1.1202736698723375	0.35505146387839176	0.010080156816597118	84.83857458984262	0.03399405197727356
0.8733298617443428	0.01	0.007	0.007	0.007	0.01	0.03563992954720393	0.03697514737568982	0.03736788223662141	0.021848304905685463	0.0022128429830271497	0.40527275307951394	0.6840475107479045	1.150901584936823	0.3666833172979062	0.010795644932367671	84.31175773914636	0.03395651566127124
0.9053510902835806	0.01	0.007	0.007	0.007	0.01	0.03541932227206273	0.03674410604435796	0.03604213716690001	0.021193980191647897	0.0023737234125995816	0.41957017348913145	0.7059621573675331	1.1803544413131053	0.37791763030770315	0.011562114183191386	83.78586977425437	0.033918852600218506
0.9375218120110338	0.01	0.007	0.007	0.007	0.01	0.03519850495677317	0.03651343955768629	0.03476392185188405	0.020546145132310158	0.002543692408163052	0.4337543648538789	0.7276539900557277	1.2086792372763153	0.38876042509206543	0.01238254426991536	83.26082982632543	0.033881055773833255
0.9698516778000554	0.01	0.007	0.007	0.007	0.01	0.03497757362762913	0.03628309089011597	0.03353348361524115	0.01990728636616659	0.0027226694033374607	0.4478290550006122	0.749129011273271	1.2359253758100928	0.3992200353368789	0.013259983952328743	82.73650713540124	0.03384311440297238
1.0023537249671313	0.01	0.007	0.007	0.007	0.01	0.03475656317017049	0.03605298056695266	0.032350446118939086	0.019279377684071036	0.002910556661848559	0.46179928183153585	0.7703950826575052	1.262143786211089	0.4093066787989926	0.014197572525346093	82.21272025425077	0.03380501379337368
1.03504461140909	0.01	0.007	0.007	0.007	0.01	0.03453545675362794	0.0358230058591167	0.03121393818108387	0.01866394183711361	0.003107242023137642	0.4756713891013118	0.7914619152576995	1.2873862525411544	0.41903209542826836	0.015198567690039065	81.68923502812015	0.03376673508459684
1.067944871220907	0.01	0.007	0.007	0.007	0.01	0.03431419254932722	0.0355930398563448	0.030122703289500265	0.018062108296653973	0.003312602048413393	0.48945302890892156	0.8123410628869471	1.3117048678228116	0.4284092259405797	0.01626637883065432	81.16576237747292	0.03372825497609391
1.1010793014278608	0.01	0.007	0.007	0.007	0.01	0.034092667676238406	0.03536292968423326	0.029075188546315064	0.01747466470056564	0.0035265061314252314	0.5031532140858878	0.8330459849144053	1.3351516700595152	0.4374519570228806	0.017404609844460153	80.64195417683557	0.03368954530271789
1.1344774674245406	0.01	0.007	0.007	0.007	0.01	0.033870739993504914	0.03513249400370799	0.02806961664134209	0.016902102514355068	0.0037488214564423278	0.5167824096327244	0.8535921617436186	1.3577784111874018	0.4461749176789667	0.018617112787714534	80.11739752531516	0.0336505724755273
1.1681744022343206	0.01	0.007	0.007	0.007	0.01	0.03364822766080435	0.03490151932670705	0.02710404161056988	0.016344656155150503	0.003979419208137359	0.5303526880599089	0.8739972997480937	1.379636474199659	0.4545933346708359	0.01990805692299373	79.59160633613016	0.033611296701732254
1.2022116041439537	0.01	0.007	0.007	0.007	0.01	0.03342490612933213	0.03466975450914657	0.026176388887263192	0.015802334839342593	0.004218182678123269	0.5438779819520629	0.8942816739455623	1.4007769600478688	0.4627229563087396	0.0212820202471954	79.06400878403016	0.03357167086429002
1.2366384198487888	0.01	0.007	0.007	0.007	0.01	0.033200502308218284	0.0344369029397292	0.025284481278044446	0.01527494724029115	0.004465017801585137	0.5573744558003373	0.9144686383436444	1.4212509405784264	0.4705800428814138	0.022744111682040265	78.53392951056242	0.0335316389632111
1.2715140851514308	0.01	0.007	0.007	0.007	0.01	0.032974684440656495	0.03420261074181335	0.024426048384730788	0.014762116792451097	0.004719867937188635	0.5708610862650019	0.9345854325734488	1.4411099678813388	0.478181456875609	0.024300142218822623	78.00056275365553	0.03349113380723614
1.306910699162385	0.01	0.007	0.007	0.007	0.01	0.032747046263520214	0.03396644938850154	0.023598718914268305	0.01426328666666074	0.004982734729577436	0.5843605294467663	0.9546643939364203	1.4604068897739766	0.4855448686451228	0.025956868460190893	77.46293275716856	0.03345007364349318
1.3429178392059922	0.01	0.007	0.007	0.007	0.01	0.03251708136455792	0.03372788840296657	0.02279998765208544	0.013777708915780677	0.005253709929997051	0.5979005019724414	0.974744899503763	1.4791972045154014	0.492689160637304	0.027722358929918176	76.91983160514313	0.03340835691730273
1.3796499032657514	0.01	0.007	0.007	0.007	0.01	0.03228414151500243	0.033486251623906546	0.022027146305493083	0.013304410615309455	0.005533025686834566	0.6115160099592566	0.9948765110710431	1.4975412647400297	0.49963513736849774	0.029606566816572092	76.3697196337156	0.03336585392482289
1.4172586551930781	0.01	0.007	0.007	0.007	0.01	0.032047364488875386	0.033240641958697824	0.02127714810212692	0.01284211784651263	0.005821140693580711	0.6252532117255715	1.0151244443115608	1.5155081289346573	0.5064068239822693	0.03162229004728629	75.81055408942527	0.03332239253327188
1.4559563384706196	0.01	0.007	0.007	0.007	0.01	0.0318055399262326	0.032989801974600656	0.020546341034509315	0.012389096252230268	0.0061189001730143685	0.6391766135130386	1.0355797850000816	1.5331827729579366	0.5130339591918592	0.03378691351321658	75.23947169088201	0.03327773184511393
1.4960634801152497	0.01	0.007	0.007	0.007	0.01	0.03155683007022764	0.03273182403445723	0.01982989188641721	0.011942795816156093	0.006427870645178938	0.6533841093402507	1.0563808982942402	1.550681286819208	0.5195573275124644	0.03612595814862017	74.65212860593482	0.03323150767810118
1.5381260256681837	0.01	0.007	0.007	0.007	0.01	0.03129808168031295	0.032463436441210705	0.01912032843831689	0.011498938306975516	0.006751171340236736	0.6680442032731845	1.0777665466475195	1.5681888827064077	0.5260422185959764	0.03868164831572823	74.04107501552012	0.033183098852280955
1.5833072944739977	0.01	0.007	0.007	0.007	0.01	0.03102251020492919	0.032177601274989955	0.018402491736725205	0.01104833803156337	0.007096299201823611	0.6835219642601041	1.100256132173811	1.5860904854092082	0.5326250038610338	0.04154107048090257	73.39028549649444	0.03313117931055136
1.6357482591029389	0.01	0.007	0.007	0.007	0.01	0.030705700639369685	0.03184899393185179	0.017622481814723038	0.01055730206453281	0.007492335339952055	0.7011432253699331	1.1257452867118949	1.6057711755711148	0.5397997491348943	0.045003678337941576	72.64209684493608	0.03307101922651063
1.684822106846631	0.01	0.007	0.007	0.007	0.01	0.030412163931700886	0.03154452720876792	0.01694014854821805	0.010126892923036368	0.007856852012275027	0.717305170127457	1.1490119148138218	1.6231925512820156	0.5460906357327505	0.04837844394866516	71.94885785103719	0.03301482083427439
1.7309726432239338	0.01	0.007	0.007	0.007	0.01	0.03013867444244082	0.031260854764759115	0.016337079245551545	0.009746075577099	0.008192925839969384	0.7322206109955303	1.1703857919226717	1.638756598990219	0.5516582343498018	0.05166551647382164	71.30295232076712	0.03296205729834177
1.7760157951135578	0.01	0.007	0.007	0.007	0.01	0.029874119783450375	0.030986450169484394	0.015781843494334397	0.009395329060292062	0.008513557709926824	0.7465177454192403	1.1907819402684579	1.6532290909236753	0.5567868569655928	0.054974565853787905	70.67813717548131	0.03291064114186784
1.8195139013035169	0.01	0.007	0.007	0.007	0.01	0.02962084478860023	0.030723745407724976	0.015274678100047494	0.009074995705640647	0.008815403535424097	0.7600845514119987	1.2100504016205138	1.6665716744272285	0.561470311884132	0.058259811326919195	70.07995127869424	0.03286106475835241
1.8620170195277737	0.01	0.007	0.007	0.007	0.01	0.029375438315764665	0.030469202245531322	0.014804745081962039	0.008778346786974946	0.009102243175175604	0.7731171779959244	1.2284789015478244	1.679041872910234	0.5658057935761522	0.06155036269931556	69.50033914424515	0.03281269453852461
1.9034795804486382	0.01	0.007	0.007	0.007	0.01	0.02913799984490371	0.03022292381383768	0.014369093061135835	0.00850358548354299	0.009373773088484673	0.7856210524229704	1.2460824573902733	1.690695877499614	0.5698184619414878	0.06483250669383364	68.93953653917744	0.03276557712044944
1.9441481099537237	0.01	0.007	0.007	0.007	0.01	0.02890697368146863	0.02998329646669265	0.013962218514658646	0.008247273079893114	0.009631692367289196	0.7976875316177627	1.2629962262538934	1.7016621394567266	0.5735575582002332	0.06811673013288602	68.39386983949844	0.032719427755258566
1.9840827702788482	0.01	0.007	0.007	0.007	0.01	0.028681899656196136	0.029749842883031338	0.013581140666952922	0.008007542650777162	0.009876487337544388	0.809348527665794	1.2792704395680303	1.712005385061198	0.5770494557697605	0.07140016163963381	67.86225280066432	0.03267417441343711
2.023424059163968	0.01	0.007	0.007	0.007	0.01	0.028461884251032483	0.029521636266773368	0.013222513556395718	0.007782285486459102	0.010109151994852952	0.8206571717309247	1.2949840602223381	1.7218031306447201	0.5803241298488487	0.07468752628668635	67.34257553153013	0.032629654672006486
2.062247323965671	0.01	0.007	0.007	0.007	0.01	0.028246421130514163	0.029298151423904874	0.01288397188915522	0.007570003066280792	0.01033027029861273	0.8316453196780811	1.3101854770528274	1.7311086843099268	0.5834027279713763	0.07797912688802111	66.83364255434215	0.03258578060889311
2.1006457315091005	0.01	0.007	0.007	0.007	0.01	0.028034921023923406	0.02907877714028331	0.012563275165224829	0.007369271675835444	0.010540518001533564	0.8423480819174535	1.3249268595895285	1.7399738818318147	0.586305356193583	0.08127751460664663	66.33406241355266	0.03254244470459229
2.1386860727293846	0.01	0.007	0.007	0.007	0.01	0.027826955393532228	0.028863068920628444	0.012258648103320701	0.00717895783312656	0.010740404945756331	0.852791514353067	1.3392472116754672	1.7484393590658056	0.5890479444726775	0.08458363527083537	65.84282323805873	0.032499569738044375
2.1764354698542134	0.01	0.007	0.007	0.007	0.01	0.02762210604969685	0.02865059300411454	0.011968504445872396	0.006998046187516247	0.010930427220957472	0.863000427984381	1.3531832775540218	1.756541825777483	0.5916447367893682	0.08789898136440545	65.35893753661617	0.03245707853421619
2.2139482833809705	0.01	0.007	0.007	0.007	0.01	0.02742003503043139	0.028440998845165252	0.011691518570648046	0.006825684876235998	0.01111099877143539	0.8729949908011407	1.3667649645554407	1.7643118241309546	0.5941076343292954	0.09122436646946963	64.88160727048923	0.03241490866554694
2.2512751421141854	0.01	0.007	0.007	0.007	0.01	0.027220433598375223	0.028233966211316498	0.01142652476469142	0.006661122903387764	0.01128250085408669	0.882793392083337	1.380019073705697	1.7717763241725095	0.596447096612014	0.0945606330252459	64.41010338698067	0.032373002219772996
2.288459364780898	0.01	0.007	0.007	0.007	0.01	0.027023040157763845	0.028029223767077758	0.01117252098060623	0.006503712578784476	0.01144526687069311	0.8924110419479092	1.3929682775611882	1.7789584533667577	0.5986721074934476	0.09790827308697253	63.94380815009363	0.032331309777094246
2.3255405533014413	0.01	0.007	0.007	0.007	0.01	0.02682761975033119	0.027826527806359483	0.010928623884267765	0.006352881557771692	0.011599601697382618	0.9018616572742182	1.4056326509502595	1.7858786262072848	0.6007905755834155	0.10126769591532545	63.48216671220419	0.032289786332264855
2.362553501876797	0.01	0.007	0.007	0.007	0.01	0.026633968856146627	0.027625667231979917	0.010694061182264228	0.006208128005669321	0.011745778953891398	0.9111570895864943	1.4180294876675537	1.7925546526975935	0.60280940517613	0.10463908787058983	63.02469846037646	0.032248392484320106
2.399529471774838	0.01	0.007	0.007	0.007	0.01	0.026441907744583253	0.027426455621815247	0.01046815024535076	0.006069007239587947	0.011884048689981759	0.9203077517881423	1.4301739176331474	1.7990022549027345	0.6047346877836454	0.10802249225812294	62.57097895219416	0.03220709297720871
2.436496582489698	0.01	0.007	0.007	0.007	0.01	0.026251277689285195	0.02722872834005158	0.010250285277975694	0.005935123669275104	0.012014640750176818	0.9293227973949361	1.442079182510478	1.8052353594225206	0.6065718180856101	0.11141781657210412	62.1206333407078	0.03216585623715454
2.473480295773854	0.01	0.007	0.007	0.007	0.01	0.02606193782358766	0.02703233927551331	0.010039925783542208	0.005806123545921681	0.012137768194264655	0.9382103091887343	1.4537569176095664	1.8112663667188031	0.6083255979575409	0.1148248534649074	61.673328949316215	0.03212465381048817
2.5105037785138644	0.01	0.007	0.007	0.007	0.01	0.025873762738116292	0.026837158349808803	0.00983658732932276	0.005681689141150507	0.012253629942809154	0.9469774456386374	1.4652173721473043	1.8171063658482844	0.610000319961826	0.11824329494654977	61.228769599330846	0.03208345994072185
2.547588227673735	0.01	0.007	0.007	0.007	0.01	0.025686640365648612	0.026643069323437133	0.009639833777413896	0.005561533841791112	0.012362413020476602	0.9556305681569309	1.4764695996092718	1.822765316040369	0.6115998375775126	0.12167274653326714	60.7866906156629	0.03204225119113242
2.584753128986379	0.01	0.007	0.007	0.007	0.01	0.025500470280946992	0.026449968032318603	0.009449270895605408	0.005445398105876342	0.012464294350509395	0.9641753442699555	1.4875216126359125	1.8282521957729647	0.6131276230658284	0.12511273805178413	60.34685481243554	0.0320010061438066
2.622016508616689	0.01	0.007	0.007	0.007	0.01	0.02531516210217396	0.02625776072969115	0.009264540835570835	0.005333045964387462	0.012559442318380994	0.9726168420998903	1.498380523215788	1.8335751326532612	0.6145868173387283	0.1285627360258286	59.90904871821626	0.03195970510883349
2.6593951182292486	0.01	0.007	0.007	0.007	0.01	0.025130634282743213	0.026066362832979955	0.009085317637966614	0.005224262164024304	0.012648017967224976	0.9809596035240531	1.5090526523694023	1.838741508395008	0.6159802706966259	0.132022151700575	59.47307972335583	0.0319183299094292
2.6969046065549547	0.01	0.007	0.007	0.007	0.01	0.02494681301564945	0.025875697787334125	0.00891130335605486	0.00511884969960884	0.012730176014899508	0.9892077094749767	1.5195436273486678	1.8437580497608397	0.617310577898194	0.135490349269536	59.038773492812396	0.03187686368364166
2.734559663732263	0.01	0.007	0.007	0.007	0.01	0.024763631311978933	0.025685696109829296	0.00874222477271423	0.005016627719173582	0.012806065677662093	0.9973648349914044	1.5298584636365968	1.8486309055044525	0.6185801078739565	0.1389666527620709	58.6059717902755	0.03183529071762344
2.772374166717728	0.01	0.007	0.007	0.007	0.01	0.024581028109499838	0.025496294464870423	0.008577830503268314	0.004917429674293432	0.012875831380398287	1.0054343008407027	1.5400016407299346	1.853365714738721	0.6197910297858841	0.14245035398042122	58.174530373160984	0.03179359627900819
2.8103612510575378	0.01	0.007	0.007	0.007	0.01	0.024398947767452463	0.02530743514017284	0.00841788874652067	0.00482110187237346	0.01293961323174709	1.0134191062769784	1.5499771525698132	1.8579676587279934	0.6209453336156657	0.14594071442056109	57.74431779991933	0.03175176653260555
2.8485334474235744	0.01	0.007	0.007	0.007	0.01	0.02421733927243291	0.02511906522308087	0.008262185020201766	0.004727502028577341	0.01299754754671243	1.0213219731509409	1.55978857095489	1.8624415148743125	0.6220448503182122	0.14943697379786738	57.31521355460231	0.0317097883855603
2.8869027220980317	0.01	0.007	0.007	0.007	0.01	0.02403615592748358	0.02493113627808322	0.00811052053444222	0.00463649821053091	0.01304976713703535	1.029145367510571	1.5694390796121618	1.866791693793026	0.6230912668255038	0.1529383502579606	56.887107313005984	0.03166764943913021
2.925480590972673	0.01	0.007	0.007	0.007	0.01	0.023855354708351057	0.024743603679104387	0.007962710452482643	0.004547967722491069	0.013096401666780907	1.0368915346806182	1.5789315240696171	1.8710222808445653	0.6240861414022424	0.15644404775500803	56.459897422301516	0.03162533786024857
2.964278144604403	0.01	0.007	0.007	0.007	0.01	0.023674896057558695	0.024556426395910783	0.007818582673800213	0.004461796309971774	0.013137577834492445	1.0445625144280277	1.5882684360038342	1.8751370636862794	0.6250309149302876	0.15995325564521223	56.03349041505155	0.031582842351448384
3.003306124560627	0.01	0.007	0.007	0.007	0.01	0.02349474344912502	0.024369566542623653	0.007677976551141314	0.004377877330531767	0.013173419593066612	1.0521601652820824	1.5974520681750972	1.8791395625874914	0.625926922296692	0.1634651532576516	55.60779998122908	0.03154015206494574
3.042574966855705	0.01	0.007	0.007	0.007	0.01	0.023314863120585432	0.024182989099764098	0.007540741857314728	0.004296111079673275	0.013204048295674786	1.0596861809544031	1.6064844189757026	1.883033054316819	0.6267754017415559	0.16697891170073384	55.182746335480836	0.03149725655332539
3.082094843099184	0.01	0.007	0.007	0.007	0.01	0.023135223825338593	0.023996661657379497	0.007406737861145764	0.00421640418681137	0.013229582818445227	1.0671421053368881	1.615367254709095	1.8868205935361972	0.6275775031945285	0.17049369566825662	54.758255632362484	0.03145414572311029
3.1218757021081367	0.01	0.007	0.007	0.007	0.01	0.022955796592229065	0.02381055416567551	0.007275832491589107	0.004138669068339389	0.013250139663287721	1.07452934666998	1.6241021303502199	1.8905050322075725	0.6283342957601455	0.1740086654481207	54.33425939862154	0.03141080978819701
3.161927312170485	0.01	0.007	0.007	0.007	0.01	0.02277655449151184	0.023624638692267545	0.00714790158057664	0.00406282343178778	0.013265833040866728	1.081849190939712	1.6326904088731637	1.8940890371978816	0.6290467744296536	0.17752297910419956	53.91069398051069	0.031367239222961626
3.202259271860031	0.01	0.007	0.007	0.007	0.01	0.022597472549207447	0.02343888933334754	0.007022828274946664	0.003988789884114232	0.013276774927138035	1.0891028087957546	1.6411332725441172	1.8975751035039816	0.6297158655710122	0.18103579200236408	53.48750034172053	0.031323424749893476
3.2428810586020793	0.01	0.007	0.007	0.007	0.01	0.022418527498415088	0.0232532819557385	0.006900502385389912	0.0039164955060766666	0.013283075126414344	1.0962912687998903	1.6494317413052806	1.900965569564367	0.6303424325418668	0.18454625975124178	53.06462347599709	0.03127935728640964
3.2838020539627415	0.01	0.007	0.007	0.007	0.01	0.02223969764239535	0.023067794054879874	0.006780819866324165	0.0038458715075086053	0.013284841311229553	1.1034155457261356	1.6575866849465772	1.9042626291552722	0.6309272803286734	0.18805353914256798	52.64201208384251	0.031235027917318817
3.3250315612162487	0.01	0.007	0.007	0.007	0.01	0.02206096275648558	0.02288240465309135	0.006663682363399678	0.0037768529254375515	0.013282179056470349	1.110476527045492	1.6655988329106632	1.9074683416449443	0.6314711596432726	0.1915567884922232	52.21961834095869	0.0311904278758762
3.366578845396219	0.01	0.007	0.007	0.007	0.01	0.021882303897538924	0.022697094101917274	0.006548996737850813	0.003709378311289761	0.01327519186684315	1.117475022810128	1.673468787676062	1.9105846430632978	0.6319747709218294	0.19505516993510394	51.797397448121636	0.031145548500743726
3.408453132675042	0.01	0.007	0.007	0.007	0.01	0.021703703394610915	0.02251184407246677	0.006436674743330998	0.0036433895104449544	0.013263981202032137	1.1244117681377939	1.6811970294768137	1.913613353152787	0.6324387674264543	0.19854784828992217	51.37530760936326	0.03110038123717729
3.450663637603807	0.01	0.007	0.007	0.007	0.01	0.021525144722185575	0.02232663742391994	0.006326632653686282	0.0035788314150864966	0.013248646499731564	1.1312874301730202	1.6887839259219855	1.916556183916472	0.6328637584297326	0.20203399233669914	50.953309732549904	0.03105491760823963
3.493219594043796	0.01	0.007	0.007	0.007	0.01	0.02134661236369841	0.022141458061969918	0.006218790914260528	0.003515651733135121	0.013229285189576594	1.1381026151571834	1.6962297414212255	1.9194147476091996	0.6332503120982192	0.20551277637211635	50.53136710700094	0.031009149182321533
3.5361302613684793	0.01	0.007	0.007	0.007	0.01	0.02116809178397014	0.021956290910230332	0.006113073884575294	0.0034538008127768566	0.01320599271319309	1.144857871117258	1.7035346415527803	1.922190562367673	0.633598957860398	0.20898337971778908	50.109445338482715	0.030963067567516666
3.579404953838845	0.01	0.007	0.007	0.007	0.01	0.020989569307693558	0.021771121784198266	0.006009409544751553	0.0033932314475358417	0.013178862533686265	1.1515536940029023	1.7106987010323986	1.924885058881674	0.6339101887681224	0.2124449881311649	49.687512062154866	0.03091666438125091
3.62305306231017	0.01	0.007	0.007	0.007	0.01	0.02081103203523586	0.021585937303921856	0.005907729245583201	0.0033338987086685467	0.013147986144099611	1.1581905321957984	1.71772190965065	1.9274995859430462	0.6341844635382736	0.21589679454123917	49.26553674368572	0.030869931228427034
3.6670840620124294	0.01	0.007	0.007	0.007	0.01	0.020632467819127514	0.02140072486961393	0.0058079675105256745	0.0032757598094293526	0.013113453085054964	1.1647687886217002	1.7246041754899217	1.9300354146936556	0.6344222083130446	0.2193379986603198	48.843490623785975	0.030822859694689016
3.711507550196561	0.01	0.007	0.007	0.007	0.01	0.020453865122510077	0.02121547251482969	0.005710061786676177	0.003218773941044365	0.01307535093987932	1.1712888271021378	1.7313453324314605	1.9324937442034935	0.6346238184190659	0.2227678089166255	48.42134638373446	0.030775441307942825
3.7563332523907227	0.01	0.007	0.007	0.007	0.01	0.020275213009900928	0.021030168896887726	0.005613952285527156	0.0031629021624147617	0.013033765351383335	1.177750973656029	1.7379451421403413	1.9348757047563734	0.6347896597602103	0.2261854418613482	47.99907812362191	0.030727667533715912
3.8015710439199144	0.01	0.007	0.007	0.007	0.01	0.020096501079085984	0.020844803226226973	0.00551958180281635	0.0031081072788456264	0.012988780028237057	1.1841555198804792	1.7444032980984843	1.9371823616904436	0.6349200701590685	0.22959012274329904	47.57666120143787	0.030679529754394017
3.8472309783996237	0.01	0.007	0.007	0.007	0.01	0.01991771937017552	0.0206593651720767	0.005426895539209935	0.0030543537224762235	0.012940476742794462	1.1905027269998159	1.7507194300932518	1.9394147191898212	0.6350153605557286	0.23298108653189603	47.154072018160804	0.03063101924131724
3.893323317453662	0.01	0.007	0.007	0.007	0.01	0.01973885827573189	0.020473844769238074	0.0053358409343891655	0.0030016074416526098	0.012888935324562614	1.1967928296923689	1.756893108211222	1.9415737236938213	0.6350758160337587	0.23635757891559073	46.731287805359955	0.030582127125919113
3.939858536849905	0.01	0.007	0.007	0.007	0.01	0.019559908547218667	0.020288232424773442	0.005246367560662461	0.0029498358258181812	0.01283423367958624	1.2030260363953755	1.76292384316513	1.9436602658525683	0.6351016966769525	0.23971885548194463	46.30828664046131	0.03053284439618215
3.9868473736587826	0.01	0.007	0.007	0.007	0.01	0.019380861146937028	0.020102518764430123	0.005158426947198075	0.002899007591158787	0.012776447764182098	1.2092025349247673	1.7688110916447992	1.9456751840888158	0.6350932383558097	0.24306418381220096	45.88504709676773	0.030483161849882784
4.034300834373672	0.01	0.007	0.007	0.007	0.01	0.019201707256362294	0.019916694641287265	0.00507197249240722	0.0028490927181862107	0.012715651602745313	1.2153224924776596	1.7745542559600616	1.9476192660265879	0.6350506533442304	0.2463928426156466	45.46154826315644	0.030433070089570274
4.082230241787773	0.01	0.007	0.007	0.007	0.01	0.019022438141682918	0.019730750996288623	0.0049869593137142855	0.0028000623539375653	0.012651917259042404	1.2213860604546591	1.7801526880898513	1.9494932513063508	0.6349741308232203	0.24970412352051852	45.03776942621154	0.030382559476901234
4.1306472582311065	0.01	0.007	0.007	0.007	0.01	0.018843045116150255	0.019544678819190454	0.004903344153188715	0.0027518887472557634	0.012585314835719645	1.22739337578169	1.7856056901191137	1.9512978330343496	0.6348638372554941	0.25299733102205985	44.61368998118081	0.030331620112405422
4.179563919705548	0.01	0.007	0.007	0.007	0.01	0.018663519467279645	0.019358469073052186	0.0048210852729123725	0.0027045451788468215	0.012515912460874403	1.2333445633109523	1.7909125154628827	1.9530336593933983	0.6347199166436702	0.25627178305553694	44.18928925982785	0.030280241804160325
4.228992678301765	0.01	0.007	0.007	0.007	0.01	0.01848385236104302	0.019172112594861696	0.004740142346978638	0.002658005890095794	0.012443776262861266	1.2392397388210217	1.796072370320072	1.9547013352148845	0.6345424906411997	0.25952681194127863	43.7645463038697	0.030228414028262852
4.278946450092854	0.01	0.007	0.007	0.007	0.01	0.01830403473514332	0.018985599984836222	0.00466047635610978	0.002612246014065779	0.0123689703362732	1.2450790121700595	1.801084414878039	1.9563014233517504	0.6343316585035192	0.2627617654580717	43.339439612574196	0.03017612588415174
4.329438648590855	0.01	0.007	0.007	0.007	0.01	0.01812405725335946	0.018798921559067216	0.004582049515985753	0.002567241526476941	0.012291556729823867	1.2508624882737884	1.8059477622743945	1.9578344452308793	0.6340874969713969	0.26597600674590144	42.91394703470692	0.030123366065659067
4.380483260914919	0.01	0.007	0.007	0.007	0.01	0.01794391011672568	0.01861206715366944	0.004504825148888996	0.002522969164713009	0.012211595370233874	1.256590272510871	1.8106614809232735	1.9593008823762288	0.6338100598327666	0.26916891669389775	42.48804532198816	0.030070122788068105
4.432094872782548	0.01	0.007	0.007	0.007	0.01	0.017763583068488305	0.018425026129922067	0.004428767646173918	0.002479406399494803	0.012129144065173514	1.262262469672443	1.8152245909489888	1.9607011759762862	0.6334993775911465	0.27233989276766407	42.06171014063327	0.030016383769422797
4.484288771678829	0.01	0.007	0.007	0.007	0.01	0.017583065135110622	0.018237787105630447	0.004353842323296099	0.0024365313454566767	0.012044258385350984	1.2678791910792075	1.8196360668650295	1.962035728306646	0.6331554565747175	0.2754883524080796	41.6349154588273	0.029962136131126194
4.53708099218595	0.01	0.007	0.007	0.007	0.01	0.017402344585906705	0.01805033791325666	0.004280015374888885	0.0023943227295701655	0.011956991638383043	1.2734405544662235	1.8238948337128535	1.9633049020226825	0.6327782781994393	0.2786137324177585	41.2076334510361	0.029907366359867047
4.590488410351912	0.01	0.007	0.007	0.007	0.01	0.017221408736830222	0.01786266539640278	0.004207253769885399	0.0023527598256754614	0.011867394766614399	1.2789466884862943	1.8279997662986405	1.9645090203153048	0.6323677977798416	0.2817154909401876	40.779834033819704	0.029852060219570327
4.644528850802381	0.01	0.007	0.007	0.007	0.01	0.017040243731652405	0.017674755182841166	0.004135525145581326	0.0023118223889123826	0.011775516224245072	1.2843977374701119	1.8319496876975314	1.965648366714392	0.6319239430252809	0.28479310960563964	40.35148434811938	0.02979620265154561
4.699221170922494	0.01	0.007	0.007	0.007	0.01	0.01685883442146269	0.01748659155952821	0.00406479774773703	0.0022714906168765574	0.01168140189626916	1.2897938628079304	1.8357433643697778	1.9667231837889716	0.63144661251896	0.2878460937787559	39.9225484739547	0.029739777699826126
4.754585424387519	0.01	0.007	0.007	0.007	0.01	0.0166771640030815	0.017298157097553987	0.003995040282712876	0.0022317450610047965	0.011585094885973148	1.2951352511052687	1.839379505102665	1.9677336728190673	0.6309356733145299	0.29087397663415804	39.4929865750126	0.029682768356223094
4.810642967298133	0.01	0.007	0.007	0.007	0.01	0.016495213877664453	0.017109432505481408	0.003926221864086361	0.0021925665922859516	0.011486635405176526	1.3004221152021183	1.8428567536040135	1.968679991508491	0.6303909587610442	0.29387631919633866	39.06275456377805	0.029625156466656543
4.867416677772425	0.01	0.007	0.007	0.007	0.01	0.016312963169941144	0.01692039613068431	0.003858311837269142	0.0021539362978722993	0.01138606047333297	1.3056547045485132	1.8461736860077191	1.9695622528983707	0.629812265000364	0.29685271567217564	38.63180296413104	0.02956692252297008
4.924931109033134	0.01	0.007	0.007	0.007	0.01	0.016130388504683114	0.016731023727492196	0.0037912797121194396	0.002115835439636813	0.011283403740054895	1.3108333072872675	1.8493288010150275	1.9703805220509922	0.6291993477523989	0.2998027940636895	38.20007638204647	0.02950804552596438
4.983212778156522	0.01	0.007	0.007	0.007	0.01	0.01594746339314344	0.016541287820784432	0.003725094960386116	0.002078245336260732	0.011178695077377324	1.3159582626779034	1.8523205145183728	1.9711348136923947	0.6285519173525137	0.302726222633997	37.76751205388885	0.02944850271248942
5.042290399730876	0.01	0.007	0.007	0.007	0.01	0.015764157852271157	0.016351157311025995	0.0036597269121350987	0.00204114730208015	0.011071960281684643	1.3210299657749012	1.8551471467525529	1.971825087584747	0.6278696339012988	0.30562271192977963	37.33403894495484	0.029388269342973856
5.102195285490365	0.01	0.007	0.007	0.007	0.01	0.015580437569368851	0.016160596607821896	0.0035951445017199284	0.0020045225009619034	0.010963220493144793	1.3260488835659792	1.8578069129792618	1.9724512444092839	0.6271521000549335	0.3084920232883483	36.899575772911746	0.02932731832407552
5.162961741274313	0.01	0.007	0.007	0.007	0.01	0.015396263162745732	0.015969564863040932	0.003531316067697737	0.0019683518314159197	0.01085249163831825	1.3310155666826018	1.860297907339857	1.9730131194099771	0.6263988531456547	0.3113339747567753	36.46402925795375	0.029265619840173406
5.224627573927399	0.01	0.007	0.007	0.007	0.01	0.015211589203436932	0.015778014956109088	0.003468209088140167	0.0019326157756439505	0.01073978369939893	1.335930665740104	1.8626180843224072	1.9735104748385057	0.6256093552544435	0.31414844956161064	36.027291807609764	0.029203140879972937
5.2872347616298105	0.01	0.007	0.007	0.007	0.01	0.015026362869763736	0.015585892098473334	0.0034057898149603585	0.0018972941920980062	0.010625099718262906	1.3407949550210623	1.864765237369412	1.973942990821049	0.6247829802925917	0.3169354086605623	35.589238332848936	0.029139844606213636
5.3508302666808785	0.01	0.007	0.007	0.007	0.01	0.014840522338914901	0.015393132165294265	0.0033440228517103332	0.0018623660769190441	0.010508434582994674	1.3456093598532874	1.8667369706767873	1.9743102534590484	0.623918998039214	0.31969490524868116	35.14972244171709	0.029075689592584344
5.415467073015925	0.01	0.007	0.007	0.007	0.01	0.014653994718447833	0.015199659549928095	0.00328287061661677	0.0018278092614661399	0.010389773460405932	1.3503749919471242	1.8685306636389007	1.9746117396737617	0.6230165537241869	0.3224271036013886	34.70857154421301	0.029010628847949103
5.481205560063564	0.01	0.007	0.007	0.007	0.01	0.014466693262840905	0.01500538427683908	0.003222292620509683	0.0017936000064781264	0.010269089689028451	1.3550931978037952	1.8701434260919971	1.9748467977501007	0.6220746411147757	0.32513230510441526	34.26558026538845	0.028944608520279733
5.548115346123303	0.01	0.007	0.007	0.007	0.01	0.014278513594674769	0.014810198082079342	0.003162244489050581	0.0017597124534644054	0.010146341916374396	1.3597656251476384	1.8715720403103744	1.9750146217400777	0.6210920664808239	0.32781098419233606	33.820501503087236	0.028877566153501164
5.61627776648593	0.01	0.007	0.007	0.007	0.01	0.014089328604140552	0.01461396912288398	0.003102676652383355	0.001726117890562601	0.010021470219808974	1.3643943125485365	1.8728128831929522	1.975114216965617	0.6200674000368722	0.33046383697794873	33.373034358068324	0.028809428341486754
5.685789380641651	0.01	0.007	0.007	0.007	0.01	0.013898981131513097	0.014416534387682128	0.0030435324586952283	0.001692783696405929	0.009894390552937804	1.368981819920817	1.8738618214523461	1.975144352699735	0.6189989075604218	0.33309185243382194	32.92280681805958	0.028740107399168324
5.7567670303641805	0.01	0.007	0.007	0.007	0.01	0.01370727332158312	0.01421768865415069	0.002984745429361243	0.0016596718043479625	0.009764986665981018	1.3735314198031883	1.8747140647087677	1.9751034950605153	0.6178844519681742	0.33569641708550135	32.4693505667313	0.02866949655297791
5.829355571826603	0.01	0.007	0.007	0.007	0.01	0.01351395012096824	0.01401716737206321	0.002926234978996602	0.0016267363082226513	0.009633097620858583	1.3780473984837358	1.8753639537856346	1.974989708184651	0.6167213437824265	0.3382794805641167	32.01206193357813	0.02859746256924495
5.903740043132413	0.01	0.007	0.007	0.007	0.01	0.01331867309502677	0.013814619505302897	0.0028678996145141203	0.0015939196587302416	0.009498497995305666	1.382535537208399	1.875804637918733	1.974800501600884	0.615506106400514	0.340843820876218	31.550139937870146	0.028523834134578974
5.980166450430598	0.01	0.007	0.007	0.007	0.01	0.013120975120525466	0.013609560537561842	0.002809605092496428	0.001561146039560239	0.009360863746442431	1.3870039565831842	1.8760275565570947	1.9745325793224207	0.6142340776057885	0.3433935115563658	31.082479081769684	0.028448381957877012
6.0589801977194	0.01	0.007	0.007	0.007	0.01	0.012920175691952779	0.013401284625187032	0.0027511621671873748	0.0015283089200334753	0.009219708579585801	1.3914647132418776	1.876021533978561	1.9741813914852673	0.6128986767522173	0.34593480760547346	30.607468950245686	0.028370781905359042
6.140706280584695	0.01	0.007	0.007	0.007	0.01	0.012715202177799216	0.01318867919817761	0.0026922793518574266	0.001495244625884438	0.009074250103152777	1.395937210287145	1.8757710076633893	1.9737402336834944	0.611489884690464	0.34847804320702686	30.12257127961433	0.028290537909030522
6.226250193761735	0.01	0.007	0.007	0.007	0.01	0.012504136875233541	0.012969755150129547	0.002632442449568183	0.0014616649228860622	0.008923071920775452	1.4004569465886583	1.8752518997728003	1.9731980830917655	0.6099904603869027	0.3510425134527053	29.623248247992095	0.028206788421069977
6.317588445156665	0.01	0.007	0.007	0.007	0.01	0.012282642423927957	0.012740013625180511	0.0025704929429776076	0.001426921013724715	0.008762953727890292	1.405106312619602	1.8744185303569563	1.9725324920155984	0.6083630282964667	0.3536737014128767	29.099236930619043	0.028117639807824623
6.42255211405031	0.01	0.007	0.007	0.007	0.01	0.012032948849233073	0.012481023021544085	0.002501662042408189	0.0013883428961034493	0.008580720061504695	1.41023224860438	1.8731195617020873	1.971662342451389	0.6064611776719502	0.35656528900782775	28.508492532627972	0.028015540301925847
6.520801728630661	0.01	0.007	0.007	0.007	0.01	0.011803829936700446	0.012243373088066726	0.002439411809689952	0.0013534756402546653	0.008411954126661077	1.414827950049791	1.8715872863027216	1.9707509506493657	0.6046523042909439	0.35914820171214185	27.966406701141775	0.027920307594539232
6.604887202170932	0.01	0.007	0.007	0.007	0.01	0.01161121081652394	0.012043581956676788	0.002387731871877807	0.0013245450218536776	0.008268942316708083	1.4186114426895087	1.870043264906145	1.9699001562119658	0.60308359474532	0.36126690023787666	27.51066391830956	0.027839061220909227
6.685642167391685	0.01	0.007	0.007	0.007	0.01	0.011429181628555073	0.011854775066892172	0.002339427546701174	0.0012975170966519228	0.008132891209663018	1.4221195108182187	1.8683663133589619	1.9690243239074405	0.6015601836581154	0.3632243778733139	27.079965379358136	0.027761255472245998
6.765830692704162	0.01	0.007	0.007	0.007	0.01	0.011251253997571337	0.01167022244573244	0.0022927014777200257	0.0012713840934036437	0.007999090997890831	1.4254850634448604	1.866519854972286	1.9681000366545347	0.6000320463561203	0.3650953400815748	26.658960241750837	0.027684210650298226
6.845385118507523	0.01	0.007	0.007	0.007	0.01	0.011077471533410826	0.011489969323321865	0.0022475207266639545	0.0012461263045491799	0.007867653215767113	1.4287114832480134	1.8645159592270875	1.9671314637753896	0.5985016568894527	0.36688188024959084	26.24775233965435	0.02760798636045558
6.92412271297036	0.01	0.007	0.007	0.007	0.01	0.01090811737075867	0.01131430937636673	0.002203915825399888	0.0012217595738732876	0.00773886853778148	1.4317978019368998	1.8623699952753658	1.9661242518309197	0.5969737010792407	0.36858373496856267	25.847012305664368	0.027532751362275926
7.0020994275207045	0.01	0.007	0.007	0.007	0.01	0.010742952417180424	0.011142994610608456	0.0021617844475215753	0.0011982255782909115	0.0076126278391178736	1.4347525943251105	1.8600910269814896	1.965081013898075	0.5954482148937207	0.3702059448214298	25.45617505167504	0.027458445460367537
7.079409235100812	0.01	0.007	0.007	0.007	0.01	0.010581669812599163	0.010975706740857762	0.0021210117706557193	0.0011754591617447491	0.00748876175541252	1.4375852053367115	1.8576859103642986	1.964003492692094	0.5939243706387255	0.37175395010031914	25.07451505889863	0.027384973044594123
7.156135438555164	0.01	0.007	0.007	0.007	0.01	0.010423999542039552	0.010812165698845664	0.0020814969192679096	0.0011534030937698056	0.007367121042631334	1.4403038725998005	1.8551606817264852	1.962893207776328	0.5924014322386155	0.37323255322679577	24.701393924775477	0.027312249640750887
7.232349844631245	0.01	0.007	0.007	0.007	0.01	0.010269707706759092	0.010652128877238884	0.002043151998378225	0.0011320075061431879	0.007247577394443213	1.4429158161978473	1.8525207765622507	1.9617515295508026	0.5908787915256515	0.37464597313966674	24.33625865067721	0.027240202530878506
7.308113878156076	0.01	0.007	0.007	0.007	0.01	0.010118591976725528	0.010495386412807301	0.00200590028708704	0.001111228864536878	0.007130021106072717	1.4454273852414048	1.8497711638007681	1.9605797178689686	0.5893559633079217	0.3759979304748156	23.978630891605487	0.02716876954090508
7.383480156075207	0.01	0.007	0.007	0.007	0.01	0.009970476495335568	0.010341755901432501	0.00196967442576726	0.001091028940654088	0.00701435808584684	1.4478442009978605	1.8469164329914225	1.9593789436832891	0.5878325679754626	0.37729172994502436	23.62809490754949	0.027097897418546863
7.458493953718502	0.01	0.007	0.007	0.007	0.01	0.009825207387724754	0.010191077739178987	0.001934414865268607	0.0010713739339213077	0.0069005071384215634	1.4501712781189937	1.8439608561728444	1.9581503030584113	0.5863083133640561	0.3785303298500506	23.28428694131504	0.027027540339721327
7.533194406604722	0.01	0.007	0.007	0.007	0.01	0.009682649116730883	0.010043211342579213	0.0019000686143014617	0.0010522337621625246	0.006788397751529417	1.4524131222520495	1.8409084357754062	1.9568948278122802	0.5847829796272259	0.379716397971537	22.94688660079641	0.02695765868681312
7.607615973320923	0.01	0.007	0.007	0.007	0.01	0.009542680628445328	0.009898031150670604	0.0018665880109290471	0.0010335813679270315	0.006677967588411772	1.454573822598163	1.8377629216261069	1.9556134854157143	0.5832563968633041	0.38085236384961985	22.61560774182309	0.026888217603638815
7.68178819219582	0.01	0.007	0.007	0.007	0.01	0.009405194936666292	0.009755426193979696	0.001833930375475217	0.0010153925176092785	0.006569162590404724	1.4566570847374951	1.8345278841142691	1.9543072032639326	0.5817284562451098	0.38194043886818996	22.290197489090787	0.026819187159318858
7.755737109207016	0.01	0.007	0.007	0.007	0.01	0.009270095684550348	0.009615296528151521	0.0018020569794960231	0.0009976452207540636	0.00646193462773227	1.4586663060911234	1.8312067072337914	1.9529768611325418	0.5801990858936923	0.38298265835455536	21.970428102029175	0.026750540960738027
7.829485659837622	0.01	0.007	0.007	0.007	0.01	0.009137295843595425	0.009477551884492005	0.0017709325656273414	0.000980319457414388	0.006356240767331007	1.4606046137402011	1.8278026145930317	1.9516232981435737	0.5786682471936794	0.3839809033051959	21.65609389851407	0.02668225575393906
7.903054114706982	0.01	0.007	0.007	0.007	0.01	0.009006716390440341	0.009342110297500794	0.0017405248891387798	0.0009633969184198782	0.006252042476477759	1.4624748996476227	1.8243186857104534	1.9502473164105423	0.5771359291215807	0.3849369204189509	21.347008125575595	0.02661431097301388
7.976460483858337	0.01	0.007	0.007	0.007	0.01	0.008878285149501054	0.009208896904415178	0.0017108043219224854	0.0009468607811099576	0.006149304917852735	1.4642798507814658	1.8207578679642422	1.9488496834746354	0.5756021428480539	0.3858523391554579	21.04300022217389	0.026546688334059987
8.049720785513715	0.01	0.007	0.007	0.007	0.01	0.008751935949808809	0.009077843070654993	0.0016817435487988671	0.0009306955370232164	0.0060479964622765	1.4660219725641648	1.817122989929132	1.947431135690304	0.5740669186926114	0.3867286850904049	20.743913825323187	0.02647937155978678
8.122849337071214	0.01	0.007	0.007	0.007	0.01	0.008627607801754845	0.008948885535914866	0.0016533172840225686	0.0009148868313015599	0.005948088190593831	1.4677036102812935	1.8134167695988248	1.94599237991209	0.5725303022339776	0.3875673919945512	20.44960482303094	0.026412346087997373
8.195858967913942	0.01	0.007	0.007	0.007	0.01	0.008505244261224744	0.00882196575462345	0.0016255020442139283	0.000899421333885996	0.00584955352295303	1.4693269663719621	1.8096418229924567	1.9445340955933328	0.5709923517370572	0.3883698116183982	20.15993985054543	0.02634559885590598
8.26876119424873	0.01	0.007	0.007	0.007	0.01	0.008384792898986181	0.008697029345574949	0.0015982759561838024	0.0008842866304505557	0.005752367914058144	1.470894115070386	1.8058006719245563	1.9430569367566557	0.5694531361187473	0.3891372219768167	19.874795035545205	0.026279118122308136
8.341566409930142	0.01	0.007	0.007	0.007	0.01	0.008266204779499992	0.008574025551334581	0.001571618576203868	0.0008694711199852294	0.005656508540164	1.4724070158537708	1.801895748557243	1.9415615328877482	0.5679127323566076	0.38987083487962726	19.594054765447574	0.026212893277909412
8.414283978262471	0.01	0.007	0.007	0.007	0.01	0.008149434133146227	0.008452906898260911	0.001545510760804483	0.0008549639412635777	0.005561954128689671	1.4738675234826668	1.7979294031940773	1.9400484912076235	0.5663712248049192	0.3905718016537751	19.31761091243246	0.02614691474823296
8.486922379631702	0.01	0.007	0.007	0.007	0.01	0.00803443796094382	0.008333628786507907	0.001519934528885779	0.0008407548946851033	0.005468684722205906	1.4752773981773757	1.7939039074873688	1.9385183972890134	0.5648287031784158	0.39124121881709084	19.045361898527883	0.02608117384750488
8.559489304511828	0.01	0.007	0.007	0.007	0.01	0.00792117575053234	0.008216149195431895	0.0014948729545728424	0.0008268343813816815	0.0053766815225380704	1.4766383137187338	1.789821459132138	1.9369718163344958	0.5632852615593041	0.3918801326390266	18.77721202397638	0.026015662683966382
8.631991740397185	0.01	0.007	0.007	0.007	0.01	0.007809609219498267	0.008100428417361106	0.0014703100709904915	0.0008131933485420721	0.005285926748798245	1.4779518646696579	1.7856841857214456	1.9354092942052559	0.5617409974229064	0.3924895431919084	18.51307086024293	0.0259503740720464
8.704436057682102	0.01	0.007	0.007	0.007	0.01	0.007699702076641918	0.007986428809973928	0.001446230782279201	0.0007998232394473767	0.00519640350276152	1.4792195728932818	1.7814941476153014	1.9338313581365716	0.5601960105895514	0.3930704079853271	18.252852685410954	0.025885301446770818
8.776828056332795	0.01	0.007	0.007	0.007	0.01	0.007591419856870313	0.007874114625044367	0.0014226207954726507	0.0007867159546517564	0.005108095687885757	1.4804428927946416	1.777253342176596	1.9322385180171966	0.5586504029299268	0.39362364493473806	17.996476093820487	0.025820438814515016
8.84917304066801	0.01	0.007	0.007	0.007	0.01	0.007484729724642512	0.007763451804569047	0.0013994665486504897	0.0007738638111952657	0.005020987897365582	1.4816232165739536	1.7729637056413317	1.930631266816377	0.5571042774007628	0.3941501352709878	17.74386353118869	0.02575578067937757
8.921475874391604	0.01	0.007	0.007	0.007	0.01	0.007379600318635121	0.0076544078196492	0.0013767551509974258	0.0007612595085176406	0.00493506533091434	1.4827618786748797	1.7686271154372917	1.929010081216454	0.5555577374390719	0.39465072601845286	17.494940927265183	0.025691321988214662
8.993741006468415	0.01	0.007	0.007	0.007	0.01	0.0072760016475953435	0.007546951562466113	0.0013544743363910277	0.0007488961019588136	0.004850313749194409	1.4838601594028094	1.7642453936847733	1.9273754227140987	0.55401088692676	0.39512623205231245	17.24963744963901	0.025627058102369187
9.065972530148857	0.01	0.007	0.007	0.007	0.01	0.007173904945390666	0.007441053195933775	0.001332612410331994	0.0007367669726335883	0.004766719391282406	1.4849192887489597	1.7598203082236274	1.9257277378188278	0.5524638293997282	0.395577438199214	17.007885160891085	0.025562984740431317
9.138174212974373	0.01	0.007	0.007	0.007	0.01	0.007073282575586902	0.007336684054724216	0.0013111582095383296	0.0007248658043965881	0.004684268929294273	1.4859404494574937	1.7553535749286702	1.9240674587537974	0.5509166678362474	0.3960051009600342	16.769618792979212	0.02549909794747791
9.210349536106882	0.01	0.007	0.007	0.007	0.01	0.006974107928847947	0.00723381653884714	0.0012901010617208779	0.0007131865609627389	0.0046029494142690395	1.4869247799783742	1.750846859072749	1.9223950038177697	0.5493695042096666	0.39640995014359964	16.53477550459248	0.02543539405653179
9.282501704785389	0.01	0.007	0.007	0.007	0.01	0.006876355365533836	0.007132424054110737	0.0012694307565108442	0.0007017234692627929	0.004522748256503131	1.4878733767989007	1.7463017781496204	1.9207107783022856	0.54782243962809	0.3967926902049932	16.30329474550367	0.025371869675966205
9.35463369684913	0.01	0.007	0.007	0.007	0.01	0.006780000110599376	0.007032480903107173	0.0012491375076301478	0.000690470997985729	0.0044436531645260565	1.4887872971003615	1.7417199020251457	1.9190151744282682	0.546275573629844	0.3971540016841085	16.075118007944265	0.025308521643689887
9.426748272898395	0.01	0.007	0.007	0.007	0.01	0.006685018205581268	0.006933962235412011	0.0012292119284280018	0.0006794238435743867	0.0043656521287746795	1.4896675607120253	1.7371027552145644	1.9173085720813474	0.5447290042761368	0.39749454232422904	15.850188713139884	0.025245347015564003
9.498847986359408	0.01	0.007	0.007	0.007	0.01	0.006591386463083112	0.006836844000374676	0.0012096450089772537	0.0006685769171202538	0.004288733405526473	1.4905151519423363	1.732451818968584	1.9155913394819946	0.5431828282235731	0.39781494812071044	15.628452103744484	0.02518234305406041
9.570935236424624	0.01	0.007	0.007	0.007	0.01	0.006499082369008895	0.0067411028457117165	0.0011904280832691332	0.0006579253258019165	0.004212885456276155	1.4913310217724778	1.7277685303811487	1.9138638327625948	0.5416371398570964	0.39811583447789073	15.409855012514518	0.02511950717974778
9.643012263620296	0.01	0.007	0.007	0.007	0.01	0.006408084063467749	0.006646716097700659	0.0011715528138261854	0.0006474643640097836	0.004138096950152551	1.4921160892226035	1.7230542849813404	1.912126396837804	0.5400920316355627	0.3983977970215087	15.194345817269145	0.02505683697331143
9.715081154872554	0.01	0.007	0.007	0.007	0.01	0.00631837031032264	0.006553661729595023	0.0011530111746736473	0.0006371895035855977	0.004064356755714934	1.492871242759046	1.71831043858836	1.9103793660051092	0.5385475942172868	0.39866141241415054	14.98187436894836	0.024994330169303452
9.787143881930447	0.01	0.007	0.007	0.007	0.01	0.0062299204274495834	0.006461918289286791	0.0011347954269396575	0.0006270963800013955	0.003991653899251594	1.4935973419541875	1.713538306823615	1.9086230636861385	0.5370039158560665	0.3989072392370454	14.772391826607384	0.0249319846211513
9.8592022920201	0.01	0.007	0.007	0.007	0.01	0.006142714279126422	0.006371464891411913	0.0011168981080116886	0.000617180786073239	0.003919977572968446	1.4942952185433105	1.7087391676195751	1.9068578032751957	0.5354610828079543	0.39913581863777914	14.565850639539802	0.02486979830785123
9.931258141416809	0.01	0.007	0.007	0.007	0.01	0.006056732217251884	0.006282281156380725	0.0010993120107595942	0.0006074386601907095	0.003849317100165969	1.494965677842387	1.7039142607749656	1.9050838879027723	0.5339191788066624	0.39934767508386865	14.362204408202015	0.024807769303652822
10.0	0.01	0.007	0.007	0.007	0.01	0.005975826967448648	0.0061983632719141354	0.0010828182160514436	0.000598302563771983	0.003782840467051621	1.4955804701235331	1.6992882906184843	1.9033837395055981	0.5324491123487315	0.3995346699702706	14.170578622323385	0.024748737341529173
