0.0	0.01	0.007	0.007	0.007	0.01	0.0	0.0	0.0	0.0	0.0	0.0	0.0	0.0	0.0	0.0	100.0	0.035
0.006966819627812748	0.01	0.007	0.007	0.007	0.01	0.0027051331664896625	0.0056835906885425135	0.003745423583493117	0.0012754106909474547	8.535131764024983e-5	0.00011785273928335438	0.00033647526356837056	0.00027584794616922697	7.165296385629816e-5	2.737720909282156e-6	99.85601946202829	0.034991550215228595
0.01217570154923885	0.01	0.007	0.007	0.007	0.01	0.0046291327912216336	0.009503271404828855	0.006423315170057273	0.0022036761990272577	0.00013608510885367947	0.0003546727728341661	0.000996970446220499	0.0008313508792412242	0.00021701543704134624	7.859520417464751e-6	99.7485049918847	0.03498523389760144
0.019600551112996772	0.01	0.007	0.007	0.007	0.01	0.007233291478053352	0.014379952604336539	0.010067538324392663	0.003490405254019308	0.00019322622288006706	0.0009000826953040623	0.0024760561463128467	0.0021140557006941382	0.0005556975430314831	1.8708773220190063e-5	99.5954516860129	0.03497623245680223
0.026954024982488348	0.01	0.007	0.007	0.007	0.01	0.009660426263990584	0.018622948444639797	0.013485656402757413	0.004723705497022902	0.0002360743945644768	0.001667514915469946	0.004493185623444633	0.003924235063405589	0.0010385347971878453	3.264658938210398e-5	99.44410116365177	0.034967319830316354
0.03550987214142197	0.01	0.007	0.007	0.007	0.01	0.012305501746398405	0.022916820020954857	0.017236157495022105	0.006108868760669893	0.0002730278456553527	0.002826451214708177	0.007440801358705883	0.006666456198648277	0.0017780066128065001	5.183215500480261e-5	99.26829264013354	0.034956952750518445
0.04448984725973207	0.01	0.007	0.007	0.007	0.01	0.014887959453030343	0.026778706806821984	0.020925420384766674	0.007507027577503031	0.0003008358916195246	0.004329069500048928	0.01113185676431283	0.010233841228061936	0.002751413121698976	7.446197779367982e-5	99.08410328546273	0.034946075062795116
0.05427899402284715	0.01	0.007	0.007	0.007	0.01	0.017492911599021835	0.030345372258434616	0.024676629126844967	0.008968593791083826	0.0003220123695087766	0.00627538805641086	0.015745032360544114	0.01487080844249319	0.004032497070455294	0.00010116631996147386	98.88370622992232	0.034934221059546994
0.06462137924944159	0.01	0.007	0.007	0.007	0.01	0.02002462080337179	0.03349682394444733	0.028353451073104004	0.010444579017790024	0.0003371590518987772	0.008652400444345936	0.02117697619801692	0.020554445909209244	0.005623411583164403	0.00013094355951309992	98.6724239270149	0.03492170148969419
0.07563120105538373	0.01	0.007	0.007	0.007	0.01	0.022490576644993095	0.036269207526432715	0.031966749867133916	0.011941965374330043	0.0003477308959165156	0.011513020896460632	0.02747804889310184	0.027419808408739484	0.00757138018156713	0.00016379034409607298	98.44800276850832	0.034908378910930356
0.08723127222214096	0.01	0.007	0.007	0.007	0.01	0.02485454806070804	0.038652360545351205	0.03546273360050516	0.013440734548354144	0.00035474790756786747	0.014860941414216232	0.034586279891058065	0.03548488407721186	0.009892149163835016	0.0001991890975753459	98.21210231311228	0.0348943475917463
0.09946414807573159	0.01	0.007	0.007	0.007	0.01	0.027110200582745464	0.040675996233886125	0.03883021737545208	0.01493744439554769	0.00035917111164308056	0.018725792875518114	0.04249862536956909	0.044830332687399777	0.012620529655935258	0.00023702055048882665	97.96394539646525	0.03487955694862549
0.11231994957640049	0.01	0.007	0.007	0.007	0.01	0.029242627956651987	0.042363957247994966	0.04204428867262753	0.01642188913190237	0.00036173091803649035	0.023118309915535314	0.051174819029181334	0.05549147193537793	0.015779541094289255	0.00027705174559301273	97.70382747732623	0.034864019888825516
0.1258309147024782	0.01	0.007	0.007	0.007	0.01	0.031246427630271956	0.04374967710466688	0.04509319074591203	0.017888888898237948	0.0003629975192908999	0.028059279855547178	0.06059881683162262	0.0675278523941815	0.019400552589194854	0.000319220692264507	97.43119763894373	0.034847698480768616
0.1400190519292548	0.01	0.007	0.007	0.007	0.01	0.03311565179012034	0.04486549278154051	0.04796337234440528	0.019331738391817677	0.0003633920787972835	0.03356353457810076	0.07074674072800191	0.08098421416324243	0.0235118625923199	0.0003634678943318066	97.14572238999399	0.034830567265435645
0.15492497525306625	0.01	0.007	0.007	0.007	0.01	0.034847911572421356	0.04574454927078678	0.05064572853257129	0.020745240953260694	0.0003632269358273666	0.03965066988186484	0.08160784228701844	0.09591620899004474	0.028146439768144287	0.0004098190602552133	96.84670573081216	0.03481257844351802
0.17059214668847178	0.01	0.007	0.007	0.007	0.01	0.03644163761684297	0.046418069868381165	0.053131443846522165	0.022123791093149783	0.0003627392593163788	0.04633973963929048	0.09317430377047109	0.11237706280080322	0.03333799407265263	0.00045833034451601404	96.53341027252576	0.034793680943680995
0.18707597552693633	0.01	0.007	0.007	0.007	0.01	0.03789685313826999	0.046915262678397934	0.05541317080914616	0.023462050143837353	0.0003621248242956669	0.053653221911639404	0.10544816302795153	0.13042678401634195	0.039123936222852526	0.0005091135133325934	96.20487822457393	0.03477380947845184
0.20443928715744203	0.01	0.007	0.007	0.007	0.01	0.03921434573960489	0.04726260338475712	0.05748371558178049	0.024754298362797036	0.00036156976927362473	0.06161539453970436	0.11843805937172756	0.15012753838070336	0.045544080826718715	0.0005623221927095407	95.86002667977176	0.034752890058892226
0.2227553720490604	0.01	0.007	0.007	0.007	0.01	0.04039572013449751	0.04748372832030982	0.05933607395501378	0.025994480704581834	0.0003612810613550298	0.07025374949251548	0.13216126459177197	0.17154631193499048	0.05264164139776594	0.0006181662068904779	95.49759182792411	0.03473083637198875
0.24210653588506045	0.01	0.007	0.007	0.007	0.01	0.0414431046172743	0.0475993367338788	0.060962921753500404	0.02717589753198938	0.0003615168722141282	0.07959829131900578	0.14664216566537722	0.19475212187558721	0.06046246306945177	0.0006769180929839678	95.11616361329006	0.03470755159014793
0.26258429118001997	0.01	0.007	0.007	0.007	0.01	0.04235909036254091	0.047627270247434274	0.06235648573725514	0.028291072172380277	0.000362617467520393	0.0896814014683549	0.161911807500345	0.2198143324548682	0.0690545429565514	0.0007389326890705944	94.7141882654885	0.034682928208816334
0.28428647190693535	0.01	0.007	0.007	0.007	0.01	0.04314661421990224	0.047582663477730394	0.06350837999115136	0.029331516326276643	0.00036503671777205214	0.1005360473266328	0.1780050434188228	0.2467965297200897	0.07846592244766133	0.0008046678737481915	94.29003167964711	0.03465685158972566
0.3073111463884948	0.01	0.007	0.007	0.007	0.01	0.04380892176539835	0.047478188926087427	0.06440969754460768	0.030287536190860657	0.00036937231383461907	0.11219217518824813	0.1949553453041484	0.2757455584692101	0.08874060826360186	0.0008747088023307188	93.84210417437663	0.0346292073401943
0.33174094435070206	0.01	0.007	0.007	0.007	0.01	0.04434955811435436	0.04732441839919815	0.06505144213556041	0.031148017532711514	0.00037638788915868434	0.12466805638477563	0.21278286383258768	0.30666788727846045	0.0999094305841431	0.0009497774445382936	93.36916747971185	0.03459990015883684
0.35761043885248556	0.01	0.007	0.007	0.007	0.01	0.04477252771558191	0.047130371926747155	0.06542585249304056	0.03190039234022191	0.0003870094865917449	0.13795287755111962	0.23147107385951793	0.33948479540414295	0.11197207941950243	0.001030699356466129	92.87095772270628	0.0345688928852833
0.3848531099038708	0.01	0.007	0.007	0.007	0.01	0.04508287533042696	0.04690427745734581	0.06552945400040357	0.0325313348833349	0.0004022635763315232	0.15197920016103872	0.25093075437742274	0.3739647043246621	0.1248686812256242	0.0011182932756910327	92.3491760769939	0.03453626975599091
0.4132661286769131	0.01	0.007	0.007	0.007	0.01	0.04528796618152057	0.04665415668953868	0.06536791808088657	0.03302930906096557	0.00042314130683861754	0.16660593773732707	0.27097972630639716	0.4096860235198995	0.1384603771489885	0.001213257374815947	91.8081015582046	0.03450227793274623
0.44256774863454795	0.01	0.007	0.007	0.007	0.01	0.04539860007144079	0.04638745416450368	0.06495907845960489	0.033388539053901704	0.00045046935645596864	0.1816510344073933	0.2913892026685732	0.44612621239259465	0.15255784814112744	0.0013162736242293624	91.25342546248436	0.03446725807578024
0.4725072285612783	0.01	0.007	0.007	0.007	0.01	0.045428187660319565	0.046110081471176526	0.06433003509063136	0.033610672577846126	0.0004848851133841442	0.19695165727099437	0.31196303750237886	0.4828165373090486	0.16697972420320906	0.0014282712088027336	90.69013600497105	0.03443151259392335
0.5029047835759141	0.01	0.007	0.007	0.007	0.01	0.04539059973931998	0.04582618258731537	0.06351166076544489	0.0337029180698343	0.0005268627832051705	0.21238669625418485	0.33256337008659204	0.5193998892474725	0.18157813184950497	0.0015505011046869715	90.12178536806358	0.034395258130977394
0.5336394015737033	0.01	0.007	0.007	0.007	0.01	0.04529860209141622	0.045538497120313576	0.06253475250540168	0.033675560449762956	0.0005767375463140362	0.22787075901515552	0.35309905383261	0.5556165185724976	0.19623689458350965	0.0016844615167725548	89.55075378427487	0.034358640471844164
0.5646330621766246	0.01	0.007	0.007	0.007	0.01	0.04516319320257706	0.04524876717089674	0.06142800436640049	0.033540224470760834	0.00063473259777834	0.24334545885669503	0.3735123068655093	0.5912822072959493	0.21086586083124456	0.0018318233190880108	88.97857332614667	0.0343217536634595
0.5958364608635103	0.01	0.007	0.007	0.007	0.01	0.04499349288652943	0.044958077445980744	0.06021720661196224	0.03330881949394601	0.0007009820748217597	0.2587712192147256	0.3937672539441962	0.626267455695944	0.22539465978701137	0.001994365919593267	88.40621391080877	0.034284657241093267
0.6272206413932374	0.01	0.007	0.007	0.007	0.01	0.044796883058390476	0.0446670785723676	0.058925009840563584	0.03299293664689987	0.0007755545738029334	0.2741220919425236	0.4138430933990152	0.6604838036134653	0.23976859430919162	0.002173940820141009	87.83425218443341	0.034247386339156506
0.658770454375867	0.01	0.007	0.007	0.007	0.01	0.04457924779132645	0.04437614347075271	0.05757103732305291	0.032603526672074196	0.0008584711918390328	0.28938163169701575	0.43372893921039535	0.6938727797463734	0.2539450799931862	0.0023724448132789594	87.26300160954855	0.034209959575625476
0.6904803729482631	0.01	0.007	0.007	0.007	0.01	0.04434522768484571	0.044085466557600594	0.056172126501210944	0.03215074411444443	0.0009497202229142321	0.30454011243452794	0.45342052941640887	0.7263981564821705	0.26789107771785897	0.002591804962199293	86.69259566267169	0.03417238409588246
0.7223513177904823	0.01	0.007	0.007	0.007	0.01	0.044098456757911485	0.0437951303676401	0.05474263559394218	0.03164389476009036	0.001049267092413421	0.3195924053997077	0.4729178129023103	0.7580399493216237	0.28158099570468414	0.0028339679806697496	86.12305007480461	0.034134659390864075
0.7543885870329959	0.01	0.007	0.007	0.007	0.01	0.04384176546016869	0.043505147257789666	0.05329474612583325	0.031091438331175312	0.0011570613045517979	0.33453653615983936	0.49222339401303095	0.7887901577611365	0.2949951490324983	0.0031008945833401183	85.55430325843118	0.034096779785314
0.7866003783514871	0.01	0.007	0.007	0.007	0.01	0.04357734912807383	0.043215486570807836	0.05183874791424285	0.030501022691908002	0.0012730405064990328	0.3493726408085602	0.5113414532206824	0.8186495835352945	0.30811855795980986	0.003394555856660385	84.98624485062193	0.03405873621116546
0.818996873206221	0.01	0.007	0.007	0.007	0.01	0.04330690339891394	0.04292609113313069	0.05038329011641797	0.029879531259213353	0.0013971328565664696	0.36410227719432103	0.5302770827935781	0.8476255781717029	0.3209400654714567	0.0037169319844991286	84.41873339147635	0.03402051730675215
0.8515896639604731	0.01	0.007	0.007	0.007	0.01	0.04303173176815952	0.042636887324684965	0.04893560043528812	0.029233135712506565	0.0015292580652944041	0.37872796228584316	0.5490358729151464	0.8757304004138713	0.33345166576594387	0.004070012333159769	83.8516074079681	0.0339821101051695
0.8843914796623249	0.01	0.007	0.007	0.007	0.01	0.04275282971289853	0.04234779050015905	0.04750167228837085	0.028567348113990254	0.0016693278054621858	0.39325289431054117	0.5676236995670098	0.9029800566820267	0.3456480083605727	0.004455797296038559	83.28469094993248	0.03394350036691863
0.9174160951914723	0.01	0.007	0.007	0.007	0.01	0.042470950216222554	0.04205870763859337	0.04608642571706549	0.027887070901241	0.0018172457151625747	0.4076807905329946	0.586046630427904	0.9293934529385962	0.3575260154006692	0.004876301577298391	82.71779579796767	0.033904672695068035
0.9506784129647592	0.01	0.007	0.007	0.007	0.01	0.04218665417985377	0.04176953783471917	0.04469384438618986	0.027196643065240295	0.001972907446359141	0.42201582291764045	0.6043109308636052	0.9549917964893767	0.36908459352663786	0.0053335595903035255	82.15072067874496	0.03386561044733127
0.9841946399747645	0.01	0.007	0.007	0.007	0.01	0.04190034921844404	0.04148017163075659	0.043327094315873706	0.02649988323411859	0.0021362007894908217	0.43626260753115914	0.622423117720486	0.9797981443244363	0.3803243996338122	0.0058296328103509465	81.58324893360489	0.033826295537244304
1.0179825609506485	0.01	0.007	0.007	0.007	0.01	0.04161231913879439	0.04119048937655587	0.041988626509342535	0.025800129402152094	0.0023070061175615286	0.45042624063895165	0.640390055475081	1.0038370709835338	0.39124765189175126	0.006366619742102481	81.01514470701919	0.03378670812447053
1.0520619048309685	0.01	0.007	0.007	0.007	0.01	0.04132274597870189	0.04090035877376963	0.0406802657239542	0.025100275409413085	0.0024851973149736576	0.4645123737303293	0.6582190875432953	1.0271344294658005	0.40185797649305965	0.006946669214402077	80.44614778287273	0.033746826198511326
1.0864547750478988	0.01	0.007	0.007	0.007	0.01	0.04103172633134158	0.040609631946426666	0.03940328844784552	0.02440280500218687	0.002670643147012802	0.4785273096739396	0.6759181822434003	1.0497171652164934	0.4121602735711851	0.007571997270557483	79.87596763600324	0.03370662509128721
1.1211862015254628	0.01	0.007	0.007	0.007	0.01	0.040739282636288794	0.04031814161402866	0.03815848958773741	0.023709822602724036	0.0028632094236434127	0.49247813892131764	0.6934961188428241	1.071613206125655	0.42216061379624115	0.008244909437905918	79.30427580679584	0.03366607685178954
1.1562847722760965	0.01	0.007	0.007	0.007	0.01	0.0404453707332416	0.04002569678996847	0.03694624116808933	0.023023082053348475	0.0030627617497242013	0.5063728930384809	0.7109626858406677	1.0928513825297002	0.4318661454025059	0.00896782861702455	78.73069739234202	0.03362514953326408
1.1917834628710886	0.01	0.007	0.007	0.007	0.01	0.04014988344155144	0.03973207708011167	0.03576654049702595	0.022344011479583672	0.003269169487396381	0.5202207571639875	0.7283289442580724	1.1134614334559236	0.44128503771266386	0.009743332039735276	78.15479981872622	0.03358380625630271
1.2277206744813323	0.01	0.007	0.007	0.007	0.01	0.03985265071740389	0.03943702559210492	0.034619049663429685	0.02167373483681611	0.0034823109625664937	0.5340323366424397	0.7456075493739952	1.1334740762467166	0.4504264508022241	0.0105741993759865	77.57607890261242	0.033542004037731984
1.2641415874484445	0.01	0.007	0.007	0.007	0.01	0.0395534360484656	0.03914023969131553	0.03350312524613487	0.021013089093536615	0.003702080442725485	0.5478200088192463	0.7628131685629367	1.152921168950655	0.4593005443274844	0.01146347661541451	76.99394069580512	0.033499692263712466
1.3011000446637082	0.01	0.007	0.007	0.007	0.01	0.03925192783823905	0.038841358032152266	0.03241783488248627	0.020362634625016772	0.003928398036733293	0.5615984256704404	0.779963074768355	1.171836033479172	0.4679185555000295	0.012414564300530158	76.40767602573216	0.033456810562512304
1.3386611423589128	0.01	0.007	0.007	0.007	0.01	0.03894772487085431	0.03853994270253739	0.031361960186868064	0.019722658005430983	0.004161223395202197	0.5753852094203338	0.7970779636788722	1.190253958739257	0.4762929528030935	0.013431339966335014	75.81642544807409	0.03341328587781804
1.3769050803171108	0.01	0.007	0.007	0.007	0.01	0.03864031200131104	0.03823545245650049	0.03033397696259539	0.01909316121157219	0.004400576252864869	0.5892020086110713	0.814183195591878	1.2082130539369287	0.4844377390484639	0.014518337493441514	75.2191267122417	0.03336902811324047
1.4159330080739738	0.01	0.007	0.007	0.007	0.01	0.038329021014404344	0.037927201868433985	0.02933200372654711	0.018473831013520355	0.004646567810825724	0.6030761201946594	0.8313107039479478	1.2257556252434239	0.49236897522151446	0.01568101778359152	74.61443459977536	0.03332392351338803
1.4558764906831196	0.01	0.007	0.007	0.007	0.01	0.038012965011926796	0.037614294760634145	0.028353694322090367	0.017863972656516774	0.0048994520253882595	0.6170431534750576	0.8485021363642923	1.2429305241582522	0.5001057149705642	0.016926201727103806	74.00059027719665	0.03327782393515591
1.4969139054223366	0.01	0.007	0.007	0.007	0.01	0.0376909224420006	0.037295508166948405	0.027396025517286232	0.017262375696170278	0.005159715479274046	0.6311517042051467	0.8658143786847742	1.2597973714879613	0.5076717316018198	0.018262811073518806	73.37519358251356	0.033230528243853086
1.5393015447419394	0.01	0.007	0.007	0.007	0.01	0.037361114324204046	0.03696907089798577	0.02645486157626796	0.016667035092831604	0.005428250164714644	0.645472328831016	0.883330186869396	1.2764348181767151	0.5150989533578593	0.019703256132134448	72.73476848363688	0.033181746987543614
1.5834406453888663	0.01	0.007	0.007	0.007	0.01	0.03702071994526464	0.03663218354141934	0.025523967573838093	0.01607451408410038	0.005706731366868453	0.6601171106312927	0.9011814236491107	1.292958836460078	0.5224351540098472	0.021266387427008183	72.07382115002241	0.03313102619216053
1.6300561931842639	0.01	0.007	0.007	0.007	0.01	0.03666457500868955	0.036279729654953685	0.02459226513859724	0.015478165450837978	0.005998642846186799	0.6752925360103528	0.9196120281277899	1.3095730028128871	0.5297652742888195	0.022985243295307184	71.38231091511189	0.03307754385523664
1.6808600773964382	0.01	0.007	0.007	0.007	0.01	0.036280316971603485	0.035899471502267535	0.02363337255575051	0.014861340830497833	0.00631313348821088	0.691497576542718	0.9392144099201403	1.3267591968713197	0.5372927071833699	0.024935419122956666	70.63622298503557	0.033019354525381454
1.742702560873139	0.01	0.007	0.007	0.007	0.01	0.035817986118865046	0.03544196936012407	0.022540216541564677	0.014154887094740198	0.006689223276218485	0.7107638826174947	0.9624095364980395	1.3464693987614245	0.5458473022711505	0.027412846894660878	69.7385418258323	0.032948660023556973
1.7923042733845205	0.01	0.007	0.007	0.007	0.01	0.03545142250754572	0.03507924253416284	0.02171804364090431	0.013621653929603792	0.006984374487596309	0.7258599801070922	0.9804966507981288	1.3613821390401306	0.5522569554262334	0.0294779447915265	69.02679437298028	0.03289206781319922
1.8439890885564998	0.01	0.007	0.007	0.007	0.01	0.03507345250737299	0.03470523377693749	0.020909333045187904	0.013095882165331424	0.007284739438574474	0.7412597401972135	0.9988649597916838	1.3761289016014855	0.5585357178975493	0.03169952515314763	68.29288290569677	0.03283320233167012
1.8919234107483827	0.01	0.007	0.007	0.007	0.01	0.03472651169658884	0.03436193210707556	0.02020017843044788	0.012634036875112643	0.007556022433060144	0.7552468506188751	1.0154730617672132	1.3891263727778649	0.5640155257006045	0.03381989537369035	67.6192036402303	0.03277870256947689
1.9396741344308648	0.01	0.007	0.007	0.007	0.01	0.034384312156590456	0.03402332396291041	0.01953028150201443	0.012197271449945804	0.007818663749785924	0.7689036433525314	1.0316170771341242	1.4014623577942193	0.569164965175542	0.03598601395546095	66.95471220884355	0.03272450149795391
1.9856350625969303	0.01	0.007	0.007	0.007	0.01	0.03405812494700928	0.03370056137283957	0.018917767486632594	0.011797663052644779	0.008063805696936157	0.7817927221292623	1.0467859229592409	1.4127915185032804	0.5738460117103221	0.038118443935831775	66.32129543153734	0.03267241664397768
2.030949797215815	0.01	0.007	0.007	0.007	0.01	0.03373955443363974	0.03338533634637209	0.018342943373057932	0.011422552847012511	0.008297748416617824	0.7942595769397226	1.0613930210041616	1.4234668669564052	0.5782111855255864	0.040263376432678646	65.70265109697084	0.03262114524327876
2.075219020198722	0.01	0.007	0.007	0.007	0.01	0.03343121299325966	0.033080233520040934	0.017807588764440625	0.011073228204821548	0.008518545673575222	0.8062119910727377	1.0753352927100628	1.4334464856438904	0.5822485270021923	0.04239660469011119	65.10385319192716	0.03257113448355353
2.1188674760261876	0.01	0.007	0.007	0.007	0.01	0.03312995565242517	0.03278214074986869	0.0173036105155266	0.010744493498419262	0.008728500033423165	0.8177813364383814	1.0887707604785506	1.4428733225669104	0.5860207994200086	0.044533671573013	64.51879523187841	0.032521900067738904
2.1618377595306972	0.01	0.007	0.007	0.007	0.01	0.03283603228394097	0.03249130515229135	0.01682928516757006	0.010435280289420663	0.00892748737470828	0.828965683507204	1.1017010678711376	1.451772971654903	0.5895424254285141	0.046667603684010836	63.94796338535375	0.032473503311765246
2.2043194128260577	0.01	0.007	0.007	0.007	0.01	0.03254801606135468	0.0322063148020792	0.01638043984666034	0.010142902501344137	0.009116553682128152	0.8398262069815138	1.1142004638548182	1.4602179050981625	0.5928459099722208	0.04880405122789832	63.388587467013814	0.032425727689503366
2.2463443466693565	0.01	0.007	0.007	0.007	0.01	0.03226558349880489	0.03192684955298349	0.01595498636162116	0.009866019122915903	0.009295993361836754	0.8503809469100833	1.1262927126327118	1.4682423867541152	0.5959480265199851	0.05094129968355295	62.84003997786613	0.03237853486136148
2.2880157910634926	0.01	0.007	0.007	0.007	0.01	0.03198794802611537	0.03165213105874891	0.01555035668627948	0.009602966916426307	0.009466399432783155	0.860664474997997	1.1380200987404698	1.475890438133772	0.5988688563706707	0.0530815881037911	62.30079392157358	0.03233180681316549
2.329381960438662	0.01	0.007	0.007	0.007	0.01	0.0317147106855311	0.031381764526002165	0.015164769790029377	0.00935258819764869	0.009628111507562322	0.8706960724913387	1.1494069439515484	1.4831918492052005	0.6016225308577253	0.0552246665907759	61.77007502900485	0.032285487781436875
2.3705091115084165	0.01	0.007	0.007	0.007	0.01	0.03144536734604434	0.031115251101725156	0.014796457980791404	0.009113729460662509	0.009781526830696536	0.8804982443818332	1.1604808694978868	1.490176662814515	0.6042228943019822	0.05737146385060527	61.24690466424877	0.03223950216969988
2.4114421694099644	0.01	0.007	0.007	0.007	0.01	0.03117956782332786	0.030852244267962074	0.014444010975870412	0.008885466340281454	0.009926944532244188	0.8900872661700931	1.1712620964831246	1.4968685782205424	0.6066810619824444	0.05952201446955685	60.730603126067024	0.03219379861637109
2.452228514186997	0.01	0.007	0.007	0.007	0.01	0.03091695704008882	0.030592392669195553	0.014106129150451008	0.00866694438902543	0.010064660106579101	0.8994791006083476	1.1817702087783903	1.5032895518880502	0.6090072071768616	0.06167665641490164	60.22048113749772	0.03214832331740749
2.4929063220893473	0.01	0.007	0.007	0.007	0.01	0.030657249481935264	0.030335413784678838	0.013781704964251977	0.008457432528922372	0.01019492486892702	0.9086867755259466	1.1920212404859456	1.5094581944970722	0.6112100146140982	0.06383539192091783	59.71598447993931	0.0321030330130929
2.5335116951103323	0.01	0.007	0.007	0.007	0.01	0.030400181490673757	0.030081046722128	0.013469743800432008	0.008256272249252943	0.010317973258816816	0.9177221716778757	1.2020297242613782	1.5153912264925662	0.6132972554457566	0.06599823802633743	59.216601334399485	0.032057886991474445
2.5740756979105024	0.01	0.007	0.007	0.007	0.01	0.03014552901479158	0.02982906978112374	0.013169373190544582	0.008062883874462532	0.010434015038095944	0.9265954489821884	1.2118080850477968	1.5211032641938527	0.6152757460599575	0.06816505007836167	58.721896770587705	0.0320128503574748
2.61462705256135	0.01	0.007	0.007	0.007	0.01	0.029893089393261917	0.02957928242790868	0.01287980926169669	0.007876745110873015	0.010543245464806034	0.9353157399339106	1.2213674400159864	1.5266074262958214	0.6171515942675885	0.07033564884878331	58.23147736780811	0.03196789100651539
2.65519133824999	0.01	0.007	0.007	0.007	0.01	0.02964268551538229	0.029331509411241925	0.012600352628331968	0.0076973885314430834	0.010645844362276089	0.9438910454433054	1.2307175083127857	1.5319153862257153	0.618930243932127	0.07250976481042123	57.744999302200505	0.03192298049070988
2.6957920889357863	0.01	0.007	0.007	0.007	0.01	0.029394158192330405	0.02908559321391034	0.012330371864201708	0.007524391019854898	0.010741980430477856	0.9523285352553568	1.2398669629858539	1.5370376651463684	0.620616598712574	0.07468708607585782	57.262153532472794	0.031878092781100896
2.736450699030341	0.01	0.007	0.007	0.007	0.01	0.0291473660996345	0.02884139399566799	0.012069297053930035	0.0073573696700889165	0.010831812040653732	0.9606345800499779	1.2488234845792916	1.5419837369256326	0.6222150774346243	0.07686724452351046	56.78266569279473	0.03183320435550077
2.7771869382700403	0.01	0.007	0.007	0.007	0.01	0.028902182059283927	0.028598785914313512	0.011816610289803844	0.007195975705909641	0.010915489389903965	0.9688149041899692	1.257593943375935	1.5467621939568832	0.6237296866415586	0.07904983608841161	56.306288873756124	0.031788293614523684
2.818019058865919	0.01	0.007	0.007	0.007	0.01	0.028658491918644648	0.028357656016317626	0.011571839897409668	0.007039890779150013	0.010993155482874087	0.9768746457654158	1.2661844782374518	1.5513808444584567	0.6251640675957901	0.08123442043258754	55.83280144777282	0.03174334075113899
2.8589640569411836	0.01	0.007	0.007	0.007	0.01	0.02841619256566094	0.028117902272830786	0.011334554450260265	0.006888823124855792	0.011064947315856872	0.9848184423364417	1.2746006010154365	1.5558468155765866	0.6265215427957165	0.08342052987713108	55.36200321588491	0.03169832745184598
2.900037819862452	0.01	0.007	0.007	0.007	0.01	0.028175190700278362	0.027879432363981084	0.011104358171586913	0.006742504598543614	0.011130996684974208	0.9926504883304733	1.2828472685496195	1.5601666316734435	0.6278051524845111	0.08560767301580725	54.89371302335266	0.031653236725556554
2.941255284780302	0.01	0.007	0.007	0.007	0.01	0.027935401593713632	0.027642162451156464	0.010880886815443452	0.006600688016751371	0.011191430908531388	1.0003745903555388	1.2909289508173865	1.564346284724088	0.6290176869281627	0.08779533957169892	54.42776635124568	0.03160805272164112
2.982630565784297	0.01	0.007	0.007	0.007	0.01	0.027696748082348212	0.027406016181452556	0.01066380419489533	0.006463144909024177	0.011246373397317481	1.007994212636068	1.2988496871627209	1.5683912934491624	0.630161713696825	0.08998300409322597	53.96401336356366	0.03156276058383964
3.0241770554244884	0.01	0.007	0.007	0.007	0.01	0.02745915975110467	0.02717092387961745	0.010452799233987712	0.006329663603034883	0.011295944109750104	1.0155125145220785	1.3066131329909705	1.5723067533719588	0.6312396009225464	0.09217012871037372	53.50231732225521	0.031517346333400996
3.065907528444388	0.01	0.007	0.007	0.007	0.01	0.027222572139105117	0.02693682176204793	0.010247583334012642	0.00620004751032256	0.011340259943571667	1.0229323857157087	1.3142226030056607	1.5760973815941846	0.6322535378430963	0.09435616634811442	53.04255304527734	0.03147179675079096
3.1078342233004355	0.01	0.007	0.007	0.007	0.01	0.026986926104104754	0.026703651307895235	0.01004788813380862	0.006074113663391836	0.011379435041155173	1.0302564750750705	1.3216811068298777	1.5797675547077719	0.6332055523634916	0.0965405630392314	52.58460567296356	0.031426099282591886
3.1499689181590487	0.01	0.007	0.007	0.007	0.01	0.026752167244700545	0.02647135868734049	0.009853463532859909	0.005951691421049929	0.011413581041517266	1.0374872164368052	1.328991380738509	1.5833213422171966	0.6340975264705564	0.0987227601693473	52.12836954647222	0.03138024195519449
3.1923229818760444	0.01	0.007	0.007	0.007	0.01	0.026518245484989204	0.02623989435061425	0.009664076031467147	0.005832621376029736	0.011442807272209289	1.0446268484163042	1.3361559125587605	1.5867625344360048	0.6349312093937458	0.10090219560612651	51.67374740177107	0.031334213316391274
3.2349074533475934	0.01	0.007	0.007	0.007	0.01	0.02628511452165878	0.026009212480895383	0.00947950711417223	0.005716754292422953	0.01146722092993849	1.051677437555461	1.3431769693026467	1.5900946698185752	0.63570822987407	0.10307830644125165	51.22064929612123	0.03128800234669987
3.2777330649099583	0.01	0.007	0.007	0.007	0.01	0.02605273159821167	0.02577927077090566	0.009299552033973356	0.005603950297722444	0.011486927193684706	1.058640890707209	1.3500566134189431	1.5933210551852321	0.6364301060395693	0.10525052896889871	50.76899217020126	0.031241598432036513
3.320810317100793	0.01	0.007	0.007	0.007	0.01	0.02582105701247904	0.025550029935597584	0.009124018499765017	0.005494078016584219	0.011502029346855855	1.0655189748549232	1.3567967259753477	1.5964447878459216	0.6370982551456739	0.10741830139150516	50.31869889176696	0.031194991281093078
3.364149488441585	0.01	0.007	0.007	0.007	0.01	0.025590053991751273	0.025321453588596818	0.008952725752509692	0.005387013950919311	0.011512628847474242	1.0723133252922175	1.363399017859621	1.5994687708473203	0.6377140012219054	0.10958106329727514	49.869698013697395	0.031148170913591074
3.4077607029394525	0.01	0.007	0.007	0.007	0.01	0.025359688268236015	0.025093507822120456	0.008785503499852328	0.005282641773737444	0.011518825406299489	1.0790254622346347	1.3698650488852022	1.6023957308359869	0.6382785828189094	0.11173825811530254	49.421922949505	0.031101127586424474
3.4516539406419837	0.01	0.007	0.007	0.007	0.01	0.025129927971458032	0.024866161100507683	0.008622191167651602	0.00518085182367965	0.011520717032716031	1.0856567975814728	1.3761962369003367	1.6052282303542573	0.6387931591458075	0.11388933275599716	48.97531176479186	0.031053851781760823
3.4958390804188704	0.01	0.007	0.007	0.007	0.01	0.02490074335795154	0.024639383992752083	0.008462637097212067	0.0050815405678170285	0.011518400079681697	1.0922086460912492	1.3823938708914105	1.6079686811538625	0.639258816042739	0.11603373890402023	48.529806652387016	0.031006334160627005
3.5403259407745633	0.01	0.007	0.007	0.007	0.01	0.024672106563774093	0.02441314892761585	0.008306697824437702	0.004984610117995902	0.011511969272767165	1.0986822354361683	1.3884591226260368	1.6106193560655162	0.6396765712718666	0.11817093420783006	48.08535345176006	0.03095856551904298
3.585124291824789	0.01	0.007	0.007	0.007	0.01	0.024443991515189546	0.024187430105251588	0.008154237522366903	0.004889967851038893	0.011501517733273445	1.1050787114082523	1.3943930534342173	1.6131823980661177	0.6400473789939475	0.12030038208377604	47.64190147583669	0.03091053677546869
3.630243867359074	0.01	0.007	0.007	0.007	0.01	0.024216373842611525	0.023962203412050232	0.008005127487000383	0.004797526057678907	0.011487137003186355	1.1113991428641694	1.4001966206096614	1.6156598286595731	0.6403721338907461	0.12242155157705509	47.199403344125656	0.030862238958297542
3.6756944194781793	0.01	0.007	0.007	0.007	0.01	0.023989230586414247	0.023737446129542695	0.007859245528364778	0.004707201534747051	0.011468917052569763	1.117644532201417	1.4058706886716235	1.6180535578158037	0.6406516752008609	0.12453391923589618	46.75781441118304	0.03081366314802391
3.7214857291824406	0.01	0.007	0.007	0.007	0.01	0.023762540135352783	0.023513136873467493	0.007716475556541784	0.004618915300325496	0.011446946290839834	1.1238158190338832	1.4114160340668236	1.6203653905964124	0.6408867899952321	0.12663696887302342	46.31709264721371	0.03076480046695184
3.767627629450103	0.01	0.007	0.007	0.007	0.01	0.02353628210705319	0.023289255475516586	0.007576707161175388	0.004532592306538541	0.011421311573658617	1.1299138853037773	1.4168333510348787	1.6225970338854923	0.6410782162494607	0.12873019192174784	45.87719840602371	0.03071564205574328
3.814130032109599	0.01	0.007	0.007	0.007	0.01	0.02331043721664301	0.02306578285334629	0.007439835214561699	0.004448161168671603	0.01139209820456097	1.1359395604988043	1.4221232573600013	1.6247501026908415	0.6412266456263479	0.13081308794522464	45.43809416987434	0.030666179046200084
3.8610029618539925	0.01	0.007	0.007	0.007	0.01	0.02308498711866292	0.02284270085414975	0.007305759488036192	0.004365553904227564	0.011359389927457433	1.1418936273444735	1.4272863003010576	1.6268261261561663	0.6413327259755456	0.13288516542386883	44.99974424234117	0.030616402526777928
3.9082565599284207	0.01	0.007	0.007	0.007	0.01	0.02285991440211297	0.022619992249755617	0.00717438438536567	0.004284705745681952	0.011323268937299917	1.1477768232458823	1.4323229586224404	1.6288265516858418	0.6413970634965832	0.13494594116171868	44.56211473887672	0.03056630354061816
3.9559011387214813	0.01	0.007	0.007	0.007	0.01	0.02263520234742452	0.02239764049615289	0.007045618557437172	0.004205554881582167	0.01128381585337938	1.15358984783755	1.4372336497317688	1.6307527508414075	0.6414202247800028	0.1369949419028825	44.12517311444194	0.030515873029825308
4.003947180774942	0.01	0.007	0.007	0.007	0.01	0.022410834956709563	0.02217562976342277	0.006919374699257615	0.004128042311320706	0.011241109731253047	1.1593333631712206	1.4420187302761995	1.6326060223632195	0.6414027385200335	0.13903170345627908	43.688888222450444	0.03046510183905057
4.052405392655314	0.01	0.007	0.007	0.007	0.01	0.02218679673104427	0.021953944715361672	0.006795569219574628	0.004052111622878683	0.01119522802983157	1.1650080003175145	1.446678502007185	1.6343875970397677	0.6413450970733164	0.14105577214201534	43.253229881806504	0.0304139806612916
4.101286708830668	0.01	0.007	0.007	0.007	0.01	0.021963072690077756	0.02173257052888417	0.0066741220659943595	0.0039777088673659195	0.011146246619938956	1.170614359559584	1.4512132120676657	1.6360986401842925	0.6412477578141504	0.14306670403698243	42.818168915103044	0.03036250003693372
4.1506023450472505	0.01	0.007	0.007	0.007	0.01	0.021739648169192646	0.02151149269331408	0.006554956441929728	0.0039047823683575154	0.011094239746853026	1.1761530160959508	1.455623057645976	1.6377402555974327	0.6411111442711322	0.14506406623510304	42.38367675422571	0.03031065030090171
4.200363820787348	0.01	0.007	0.007	0.007	0.01	0.021516508768985417	0.02129069696039557	0.006437998623709401	0.0038332825938169252	0.011039280020138452	1.1816245216944437	1.4599081870674062	1.6393134879753308	0.6409356471046616	0.1470474367202556	41.949725342110725	0.03025842156288548
4.250582992757159	0.01	0.007	0.007	0.007	0.01	0.021293640261777696	0.021070169251786203	0.00632317776697098	0.0037631620224651517	0.01098143839339157	1.1870294072946634	1.4640687014792986	1.6408193253866155	0.6407216249144965	0.14901640461967056	41.51628695091379	0.030205803676347735
4.301272103429777	0.01	0.007	0.007	0.007	0.01	0.021071028441095447	0.020849895510117015	0.006210425697078031	0.003694375001430613	0.01092078412589988	1.1923681868136333	1.468104657214884	1.6422587018289043	0.6404694048124553	0.15097057094110594	41.083333889219496	0.030152786192258436
4.352443821585775	0.01	0.007	0.007	0.007	0.01	0.020848659018588973	0.020629861596995036	0.006099676737552593	0.0036268776281240945	0.010857384751733305	1.1976413595840991	1.4720160668039675	1.6436324991303326	0.6401792828415075	0.15290954885751942	40.650838301461874	0.03009935832181681
4.404111291687969	0.01	0.007	0.007	0.007	0.01	0.02062651749374325	0.020410053164081718	0.005990867536429324	0.003560627631759677	0.010791306038051092	1.2028494132549938	1.4758029000532782	1.6449415487319192	0.6398515241859379	0.15483296419676126	40.21877191437808	0.030045508890542805
4.456288178685068	0.01	0.007	0.007	0.007	0.01	0.020404589055879403	0.020190455556123383	0.00588393691964479	0.003495584272214487	0.010722611949273193	1.2079928257317623	1.4794650841181396	1.6461866329797328	0.639486363246015	0.1567404556099471	39.7871058462164	0.02999122629780488
4.508988732673262	0.01	0.007	0.007	0.007	0.01	0.02018285841469302	0.019971053643269024	0.0057788257200580865	0.003431708224875743	0.010651364586087958	1.2130720685798007	1.4830025043052155	1.6473684865365397	0.6390840034206823	0.1586316753094206	39.355810276892775	0.029936498456398494
4.562227856866749	0.01	0.007	0.007	0.007	0.01	0.01996130963415242	0.01975183165671243	0.005675476619790189	0.003368961474424837	0.010577624119075247	1.2180876100722837	1.4864150041878568	1.6484877974118595	0.6386446166698071	0.16050628970731673	38.92485412460975	0.029881312729599954
4.616021175535525	0.01	0.007	0.007	0.007	0.01	0.019739925984432104	0.0195327730421802	0.00557383401147609	0.0033073072208745697	0.010501448722857586	1.2230399175616975	1.4897023848172435	1.6495452075557266	0.6381683428937414	0.1623639798267299	38.494204757485164	0.029825655869223013
4.670385120153743	0.01	0.007	0.007	0.007	0.01	0.019518689737987913	0.019313860258147877	0.0054738438435689065	0.0032467097766476815	0.010422894485996299	1.2279294608312183	1.4928644041177084	1.650541313378228	0.6376552889736008	0.16420444210013166	38.06382759644685	0.029769513935887133
4.72533701661849	0.01	0.007	0.007	0.007	0.01	0.01929758198414353	0.019095074592372765	0.005375453484531907	0.0031871344758194575	0.010342015320490958	1.2327567147058702	1.4959007752279967	1.651476665786749	0.6371055275965427	0.16602738890963598	37.63368575404585	0.029712872219431693
4.780895218331548	0.01	0.007	0.007	0.007	0.01	0.019076582285329175	0.018876395821741977	0.005278611527291074	0.00312854754788393	0.010258862805404707	1.2375221647464236	1.4988111661164387	1.6523517704550672	0.636519095401242	0.16783255030908242	37.20373936511487	0.029655715113496406
4.837079194309044	0.01	0.007	0.007	0.007	0.01	0.018855668544729347	0.01865780208130891	0.005183267698850682	0.0030709160558704566	0.010173486098822626	1.2422263079016478	1.5015951952594626	1.653167086711672	0.635895991328382	0.1696196738565982	36.77394532857932	0.029598026038133725
4.893909702571155	0.01	0.007	0.007	0.007	0.01	0.01863481656767918	0.018439269430294326	0.005089372646008178	0.0030142077601216792	0.010085931726167473	1.2468696593282231	1.504252430269435	1.6539230271473981	0.6352361738281134	0.17138852678989414	36.34425645333982	0.029539787276537277
4.951408943301795	0.01	0.007	0.007	0.007	0.01	0.018413999746935087	0.01822077154066069	0.004996877788901904	0.0029583910238022855	0.009996243401391014	1.2514527559277537	1.5067823834035263	1.6546199560650303	0.634539557951657	0.1731388969698195	35.91462084497113	0.02948097983496068
5.009600764659579	0.01	0.007	0.007	0.007	0.01	0.018193188590462008	0.018002279229856512	0.004905735120504195	0.0029034346864073263	0.00990446177253451	1.2559761625551733	1.5091845073773416	1.6552581877742494	0.6338060115037111	0.17487059484408615	35.48498098583299	0.02942158325131531
5.068510893861611	0.01	0.007	0.007	0.007	0.01	0.017972350210688912	0.017783759955433152	0.00481589700573769	0.0028493079377538105	0.009810624133757691	1.26044047820596	1.5114581895936154	1.655837984134276	0.633035350482972	0.1765834554063017	35.05527273996941	0.029361575381167966
5.128167207890305	0.01	0.007	0.007	0.007	0.01	0.017751447730649527	0.01756517722741944	0.0047273159627539835	0.0027959801819163596	0.009714764083603656	1.2648463429836672	1.5136027449692977	1.6563595513606617	0.6322273335812251	0.1782773404486498	34.625424196013476	0.029300932147064532
5.18860008396415	0.01	0.007	0.007	0.007	0.01	0.01753043947404919	0.017346489806890564	0.004639944376180741	0.002743420860949279	0.009616911066803862	1.2691944482767905	1.5156174080957983	1.6568230361866316	0.6313816551005916	0.17995214203781948	34.19535408930877	0.0292396272112419
5.249842787662979	0.01	0.007	0.007	0.007	0.01	0.017309278116303624	0.017127650865918432	0.004553734217749581	0.00269159928388966	0.009517089869607214	1.2734855463085442	1.517501322256379	1.6572285206547768	0.6304979367261989	0.18160778573429548	33.76497014766495	0.029177631615694647
5.3119319821042374	0.01	0.007	0.007	0.007	0.01	0.017087909513758517	0.01690860682908118	0.004468636665963677	0.002640484395923345	0.009415319938087443	1.2777204643361317	1.5192535271328795	1.6575760158405526	0.6295757168665499	0.183244235575099	33.33416681036133	0.029114913306264024
5.374908344678092	0.01	0.007	0.007	0.007	0.01	0.016866271297996883	0.01668929598252633	0.004384601667488578	0.0025900445135916507	0.009311614545277555	1.2819001212315915	1.5208729430322083	1.657865453765246	0.6286144375105736	0.18486149993928527	32.90282248934844	0.029051436556490708
5.438817341735133	0.01	0.007	0.007	0.007	0.01	0.01664429109723629	0.016469646714038343	0.004301577394959855	0.0025402469989957537	0.009205979732110276	1.2860255485023067	1.5223583512422068	1.6580966771255499	0.627613427615423	0.18645963907399948	32.4707961039118	0.02898716124267835
5.50371023131463	0.01	0.007	0.007	0.007	0.01	0.016421884199039206	0.016249575200284232	0.004219509543360498	0.0024910578385861698	0.0090984129164426	1.2900979183589443	1.5237083696246518	1.6582694261790052	0.6265718815943173	0.18803877527062823	32.03792252697433	0.02892204190292043
5.569645356066213	0.01	0.007	0.007	0.007	0.01	0.01619895052219075	0.016028982410478555	0.004138340432872816	0.0024424411077196757	0.008988901081582701	1.2941185800448205	1.524921421204338	1.6583833216701471	0.6254888314406806	0.18959910613289477	31.604006685472314	0.028856026522265075
5.636689825993847	0.01	0.007	0.007	0.007	0.01	0.01597537066626313	0.015807750197416894	0.004058007854404209	0.0023943582832767056	0.008877418400620944	1.2980891070599516	1.5259956930753396	1.6584378423508659	0.6243631102713745	0.19114092191259538	31.168815863776903	0.028789054950261274
5.704921854954431	0.01	0.007	0.007	0.007	0.01	0.015751000310674883	0.015585735755331174	0.0039784434261805	0.002346767266473569	0.008763922889538513	1.3020113659546941	1.5269290833594051	1.658432294982258	0.6231933020235082	0.1926646309911333	30.732068792062304	0.028721056695890937
5.774433997016797	0.01	0.007	0.007	0.007	0.01	0.015525662395384903	0.015362763882667873	0.0038995703103023704	0.002299621026808528	0.008648351728244122	1.305887612912981	1.5277191291783254	1.658365773057949	0.6219776717371752	0.19417079582348806	30.293420413117847	0.028651947868281406
5.8453377224683125	0.01	0.007	0.007	0.007	0.01	0.015299136001428097	0.01513861597935193	0.0038212999788410397	0.002252865683354823	0.008530614595661408	1.3097206315270253	1.528362906088124	1.6582370986434198	0.6207140668890079	0.19566018438513247	29.852440220142668	0.02858162684562841
5.917770308276636	0.01	0.007	0.007	0.007	0.01	0.015071139357749907	0.014913013232012884	0.003743527247704695	0.002206437559218252	0.00841058352561138	1.3135139470468173	1.528856885065712	1.6580447374741936	0.6193997695388904	0.1971338505571165	29.40857915302331	0.028509967736553267
5.991905585068381	0.01	0.007	0.007	0.007	0.01	0.014841303051523534	0.014685590105538951	0.0036661224289155363	0.002160258528046128	0.008288076945006547	1.3172721678772776	1.5291967183704795	1.657786669297144	0.6180312663772928	0.19859326269341815	28.961117411700734	0.02843681016167184
6.067971687710488	0.01	0.007	0.007	0.007	0.01	0.014609125301548006	0.014455850086019142	0.003588918184200672	0.0021142282192221024	0.008162833087614492	1.3210015621679971	1.5293769012397087	1.6574601786329153	0.6166038701777257	0.20004052135446188	28.509077330427278	0.028361942342879472
6.1462829477031296	0.01	0.007	0.007	0.007	0.01	0.014373890592789075	0.014223085169481134	0.003511685481332218	0.002068209760458714	0.008034461803330051	1.324711121196511	1.5293901981899098	1.6570614901090763	0.6151110428541744	0.2014787620861643	28.051064885810288	0.028285070652852892
6.227303260309883	0.01	0.007	0.007	0.007	0.01	0.01413450616985796	0.013986214071937909	0.0034340850357789782	0.0020220009797083443	0.007902348037948094	1.3284147224712335	1.5292265657511657	1.656585064690772	0.6135430563881998	0.20291297686302903	27.58495121101773	0.028205758990648373
6.311793247475245	0.01	0.007	0.007	0.007	0.01	0.01388911782637518	0.01374340205247024	0.003355552545780226	0.001975266327854082	0.007765425913395639	1.332136278596051	1.5288708080193876	1.6560220181715435	0.6118838987941606	0.20435197419222972	27.107124234187776	0.02812328769740536
6.4012564308290125	0.01	0.007	0.007	0.007	0.01	0.013633930068743106	0.013490893464184622	0.0032749438439984365	0.001927326325272434	0.00762148828267573	1.3359257763846784	1.5282960113903323	1.6553555105685054	0.6101019507273675	0.2058145000943684	26.610190681113735	0.028036224863578606
6.500119056710469	0.01	0.007	0.007	0.007	0.01	0.013357383689739256	0.013217250461651517	0.003188774305546671	0.001876112649250616	0.007463792812760796	1.3399393088101375	1.5274335879727783	1.654538940395947	0.6081046597723323	0.20735983761427115	26.071635878119775	0.027940328235109568
6.61813734382407	0.01	0.007	0.007	0.007	0.01	0.013034592607884393	0.012897848289872886	0.0030897076636880747	0.0018172760185304166	0.007277611001028684	1.3445010496372656	1.526106133155856	1.653460077202507	0.6056845331001187	0.20911073113359313	25.442983862351408	0.027826280043615027
6.701799004610503	0.01	0.007	0.007	0.007	0.01	0.012810508456836097	0.012676116499034546	0.003021864353510322	0.001777009074609694	0.007147003750162887	1.3475897036008333	1.5249777050620354	1.6526303141988197	0.6039470294458101	0.2102922778273785	25.006543591379803	0.02774571481682994
6.782525260989893	0.01	0.007	0.007	0.007	0.01	0.01259794120060392	0.012465780753695574	0.0029581928358043716	0.001739237066347071	0.00702216625475735	1.350460232112572	1.523747849036882	1.6517811053222946	0.6022544581278275	0.21138707284326325	24.592515101412932	0.027668197485605867
6.8640450576403405	0.01	0.007	0.007	0.007	0.01	0.012386865352537484	0.012256920752076675	0.0028956126221061254	0.0017021300772163735	0.0068973331247420624	1.3532532403198736	1.5223706799836287	1.650877240872067	0.6005302560163701	0.2124488534831432	24.181372723968227	0.027590137931396752
6.945042022297455	0.01	0.007	0.007	0.007	0.01	0.012180647708364327	0.012052867926998142	0.0028350791022968406	0.0016662531397975465	0.006774559411879743	1.355926576454607	1.520872831376267	1.6499350485073003	0.5988031137799602	0.2134615749306388	23.779675049031475	0.02751279713125449
7.02503021937559	0.01	0.007	0.007	0.007	0.01	0.011980369548682904	0.011854692206048751	0.002776850045393931	0.0016317571359362741	0.006654579370940684	1.3584703516238008	1.519271721983125	1.6489632535069854	0.5970846463569486	0.21442161104695417	23.38952952957732	0.027436632334570957
7.1041078950352645	0.01	0.007	0.007	0.007	0.01	0.011785610026259505	0.011661977161639487	0.0027207442636636276	0.001598532894623779	0.006537230356108505	1.3608942011060716	1.5175742146306979	1.6479638297583257	0.5953739936452574	0.21533276335977622	23.01011761860341	0.027361541802510415
7.18239166066828	0.01	0.007	0.007	0.007	0.01	0.011595926125201265	0.011474284430274442	0.0026665821357626973	0.001566472437191328	0.006422324466210483	1.363207497798634	1.515785675836314	1.6469381109949974	0.5936697421870756	0.21619872065686435	22.640577424301114	0.0272874075814838
7.259980568162913	0.01	0.007	0.007	0.007	0.01	0.011410939860665045	0.011291239996646276	0.0026142097334172485	0.001535483227417689	0.0063097025787996475	1.365418319190905	1.513910844361935	1.6458872846059482	0.5919707204037	0.21702266955974045	22.280173597646453	0.02721412958340645
7.336959731328538	0.01	0.007	0.007	0.007	0.01	0.011230325225739059	0.011112521277560773	0.0025634937717387315	0.0015054851385333547	0.006199228399210817	1.367533699993702	1.511953941113101	1.644812414562103	0.5902759458692614	0.2178073923062627	21.9282719306739	0.02714162192129429
7.413402055990976	0.01	0.007	0.007	0.007	0.01	0.011053800620195793	0.010937849630196363	0.0025143184171881224	0.001476408529654817	0.006090785394129229	1.3695597976544884	1.5099187807474819	1.6437144738756413	0.5885846080151985	0.2185553312846536	21.58432462840227	0.027069811084267967
7.489370319795476	0.01	0.007	0.007	0.007	0.01	0.010881121125108743	0.010766982707843674	0.0024665822721644582	0.001448192434142187	0.0059842733062152416	1.3715020443027064	1.507808843567962	1.6425943608599973	0.5868960388678123	0.2192686479749192	21.247855275827227	0.02699863381885936
7.564918797187639	0.01	0.007	0.007	0.007	0.01	0.010712072434928518	0.010599708455700628	0.002420196003091716	0.0014207831345095959	0.005879605421137485	1.373365266369163	1.5056273328178549	1.6414529122443113	0.5852096903102931	0.2199492693572952	20.918447030291087	0.026928035471448033
7.640094660652867	0.01	0.007	0.007	0.007	0.01	0.010546465776510205	0.010435840083253822	0.0023750803820350515	0.0013941329864554197	0.005776706238821222	1.375153782666927	1.5033772173967195	1.640290912074411	0.583525113592191	0.22059892589927746	20.595732733726088	0.026857968567249587
7.714939117627059	0.01	0.007	0.007	0.007	0.01	0.010384133808389638	0.010275212006615506	0.0023311647083436794	0.0013681994711384068	0.005675509591174999	1.3768714832832434	1.5010612656127404	1.6391090986356505	0.5818419425984512	0.22121918208498684	20.279386932402172	0.026788391658501273
7.78948852384477	0.01	0.007	0.007	0.007	0.01	0.010224926896483027	0.010117676163329321	0.0022883854218275265	0.0013429443635390097	0.005575956866617989	1.3785218975430635	1.4986820661289193	1.637908166901064	0.5801598759420127	0.22181146257412757	19.96911862804699	0.026719268213499067
7.8637748953519875	0.01	0.007	0.007	0.007	0.01	0.010068710941706735	0.009963099862803705	0.0022466852046982124	0.0013183331917449978	0.00547799610302933	1.3801082402397995	1.496242057173511	1.6366887767656713	0.5784786712702046	0.22237707019277092	19.66466705161391	0.026650566079035005
7.937826297326	0.01	0.007	0.007	0.007	0.01	0.0099153656216741	0.009811364046474615	0.0022060122443507235	0.0012943347928888243	0.005381581267031154	1.3816334499551164	1.4937435528024112	1.6354515607591154	0.5767981414133247	0.22291720088639178	19.36579824291124	0.0265822570651845
8.01166783267343	0.01	0.007	0.007	0.007	0.01	0.009764781544719544	0.009662360471710178	0.0021663192518345895	0.001270920726419966	0.005286670787061915	1.3831002347676395	1.4911887424421795	1.6341971194111664	0.5751181360966853	0.22343296105550925	19.07229950928396	0.02651431598573214
8.085321824045964	0.01	0.007	0.007	0.007	0.01	0.00961685923898991	0.009515990711519404	0.002127563006828193	0.001248064999331107	0.005193227184649872	1.3845110964175522	1.4885797113371362	1.6329260278636786	0.5734385412218261	0.22392537701005852	18.783977459756596	0.026446720452853893
8.158808306376557	0.01	0.007	0.007	0.007	0.01	0.009471507598979348	0.009372164617398508	0.00208970378705516	0.0012257437241559213	0.0051012163249254654	1.3858683576681556	1.4859184463553212	1.6316388357984681	0.5717592705748727	0.22439540540658695	18.500654981042295	0.026379450391234176
8.232145275361956	0.01	0.007	0.007	0.007	0.01	0.00932864292150473	0.00923079936542975	0.002052704977411469	0.0012039348837875915	0.005010607004339202	1.3871741819845604	1.483206846578134	1.63033607020385	0.5700802626409167	0.22484394084038606	18.222169361789323	0.02631248778226613
8.305348986830095	0.01	0.007	0.007	0.007	0.01	0.009188187912421021	0.009091818473426695	0.002016532691217575	0.0011826181041138118	0.004921370492359136	1.3884305919222262	1.4804467291598935	1.6290182362141652	0.5684014758979201	0.22527182286868203	17.94837035929326	0.026245816365934923
8.378434133763701	0.01	0.007	0.007	0.007	0.01	0.009050070994975377	0.008955151116551518	0.001981155486452149	0.0011617744832066103	0.004833480241046668	1.389639483399603	1.477639837217332	1.6276858192306902	0.5667228866098262	0.2256798415071878	17.679118853753316	0.026179421458274035
8.45141410096002	0.01	0.007	0.007	0.007	0.01	0.00891422552191428	0.008820731347694996	0.001946544071285448	0.001141386414682611	0.004746911514195164	1.3908026396956203	1.4747878427253847	1.6263392849046825	0.565044484589665	0.22606874253533588	17.41428531453999	0.02611328970134767
8.52430105645982	0.01	0.007	0.007	0.007	0.01	0.008780589341901172	0.008688497668447755	0.0019126711123900902	0.001121437472024325	0.0046616412253385085	1.3919217413668954	1.471892353914815	1.624979081463638	0.5633662725012416	0.22643923133626295	17.153748956853043	0.02604740896437446
8.597106131955078	0.01	0.007	0.007	0.007	0.01	0.008649104233742407	0.008558392469266972	0.001879511019283708	0.0011019122791168904	0.004577647678129369	1.3929983765334155	1.4689549178325152	1.6236056399040757	0.5616882629436774	0.22679197679248086	16.897396640424496	0.02598176816621818
8.66983953807998	0.01	0.007	0.007	0.007	0.01	0.008519715495639643	0.008430361623042058	0.0018470397768991372	0.0010827964094888606	0.004494910393606592	1.3940340491227978	1.4659770241682024	1.622219374927342	0.5600104768835048	0.2271276144323947	16.64512207021512	0.025916357159029402
8.742510649020245	0.01	0.007	0.007	0.007	0.01	0.008392371615316653	0.00830435415868554	0.0018152348057716777	0.0010640763020629068	0.0044134099791978375	1.3950301858777274	1.4629601093110256	1.6208206860894865	0.5583329426698234	0.2274467491162659	16.39682515460338	0.02585116664111089
8.815128124147837	0.01	0.007	0.007	0.007	0.01	0.00826702389793837	0.008180321892959098	0.0017840748180119983	0.0010457391746439267	0.0043331279621687015	1.3959881431834995	1.459905557988366	1.6194099579198864	0.5566556940879894	0.22774995761100447	16.15241128111078	0.025786188037983496
8.887699956312618	0.01	0.007	0.007	0.007	0.01	0.008143626243567209	0.008058219210267078	0.0017535397162017894	0.0010277729628618817	0.00425404671123751	1.3969092122699043	1.4568147071617645	1.6179875611670114	0.5549787700138931	0.22803779059559784	15.911790883547436	0.02572141345059742
8.960233567268554	0.01	0.007	0.007	0.007	0.01	0.008022134859569867	0.007938002778083132	0.0017236104808156325	0.0010101662525253037	0.004176149310207311	1.3977946245370114	1.4536888473016396	1.6165538528959649	0.5533022129011265	0.2283107746660047	15.674878882197161	0.025656835562384774
9.032735830269274	0.01	0.007	0.007	0.007	0.01	0.007902508111922384	0.007819631399817107	0.0016942690961981406	0.000992908234804393	0.004099419514917285	1.3986455555066415	1.4505292261908536	1.6151091778050852	0.5516260688824108	0.22856941387271393	15.441594394738127	0.025592447612281067
9.10521316407231	0.01	0.007	0.007	0.007	0.01	0.007784706269257632	0.007703065761549926	0.0016654984537284685	0.0009759886481195322	0.00402384163662919	1.399463129269252	1.4473370491690791	1.6136538679548056	0.5499503861611844	0.22881419137842166	15.21186023791504	0.025528243304947688
9.177671544815528	0.01	0.007	0.007	0.007	0.01	0.007668691395274122	0.007588268325572676	0.0016372822947075488	0.0009593977435082228	0.003949400516138721	1.4002484215991788	1.4441134824952246	1.6121882439654014	0.5482752152495776	0.22904557067682874	14.985602718439177	0.025464216794796105
9.250116579872845	0.01	0.007	0.007	0.007	0.01	0.007554427149383223	0.007475203133126857	0.0016096051336110734	0.0009431262385427488	0.0038760814353268006	1.40100246349032	1.4408596536215728	1.6107126148380142	0.5466006077281549	0.22926399691130714	14.762751244867674	0.025400362615666545
9.322553509398091	0.01	0.007	0.007	0.007	0.01	0.007441878712561027	0.007363835731035458	0.001582452214370175	0.0009271652907569451	0.0038038701055964266	1.4017262436343316	1.4375766543404975	1.609227279112107	0.5449266166373757	0.22946989785463184	14.543238183593337	0.02533667567503521
9.394987274757016	0.01	0.007	0.007	0.007	0.01	0.007331012614621152	0.007254133000789145	0.0015558094449695519	0.0009115064584028663	0.003732752590166654	1.4024207113791936	1.4342655406493365	1.6077325245575416	0.5432532952875726	0.22966368500595197	14.32699852251933	0.025273151189698476
9.467422514774112	0.01	0.007	0.007	0.007	0.01	0.007221796681499194	0.00714606310638479	0.0015296633630778103	0.000896141679520314	0.003662715300622995	1.4030867787442243	1.4309273356102543	1.6062286292451833	0.5415806977060249	0.22984575439502336	14.113969768745939	0.025209784685468674
9.539863614560876	0.01	0.007	0.007	0.007	0.01	0.007114199906754565	0.007039595367176446	0.0015040010851807071	0.0008810632413714255	0.003593744942549176	1.4037253227820456	1.4275630296003354	1.6047158614551384	0.5399088778411056	0.230016487466145	13.90409169840643	0.025146571951028766
9.612314711014438	0.01	0.007	0.007	0.007	0.01	0.0070081923945953745	0.00693470020149884	0.0014788102745083055	0.0008662637609771722	0.003525828504846209	1.4043371873667814	1.4241735823407757	1.6031944804041176	0.538237889742422	0.23017625178437306	13.697306245964935	0.025083509030127196
9.684779731776038	0.01	0.007	0.007	0.007	0.01	0.006903745257589223	0.006831349025452202	0.0014540790995876205	0.0008517361601960224	0.0034589532181339352	1.4049231851404396	1.4207599231968728	1.6016647362084655	0.5365677869463992	0.2303254017674327	13.493557305089285	0.025020592184856933
9.757262400498307	0.01	0.007	0.007	0.007	0.01	0.006800830568578033	0.00672951420532225	0.001429796207030587	0.0008374736492125707	0.0033931065461295087	1.4054840990355664	1.4173229528816869	1.6001268704904907	0.5348986226194242	0.23046427928892757	13.292790635221294	0.02495781788861011
9.82976626602727	0.01	0.007	0.007	0.007	0.01	0.006699421281548292	0.006629168979281323	0.001405950688139651	0.0008234697064356221	0.0033282761556198566	1.4060206838826825	1.4138635438935712	1.5985811164273909	0.5332304491317126	0.23059321428872204	13.094953707558796	0.024895182798488763
9.902294702707769	0.01	0.007	0.007	0.007	0.01	0.0065994911970249275	0.006530287423145923	0.0013825320571076458	0.0008097180652440778	0.0032644499134811917	1.4065336676888847	1.4103825421902731	1.597027699363023	0.5315633182800721	0.23071252528707337	12.899995637866732	0.0248326837529668
9.97485092983428	0.01	0.007	0.007	0.007	0.01	0.0065010149029363674	0.006432844391862814	0.0013595302243916507	0.0007962126979320785	0.003201615866736264	1.4070237529776475	1.4068807678425292	1.5954668369708607	0.5298972810547034	0.23082251990187272	12.707867071414606	0.024770317753136966
10.0	0.01	0.007	0.007	0.007	0.01	0.0064672257586323	0.006399409776327295	0.001351655134387357	0.0007915892377528111	0.0031800665576251783	1.407188358562935	1.4056626404704244	1.5949242720500927	0.5293202338756768	0.2308585162094728	12.641942438420049	0.024748737341529183
