0.0	0.01	0.007	0.007	0.007	0.01	0.0	0.0	0.0	0.0	0.0	0.0	0.0	0.0	0.0	0.0	100.0	0.035
0.006954229587135252	0.01	0.007	0.007	0.007	0.01	0.0027126005735442567	0.005609148834040275	0.003943688336894592	0.0015474591596205658	0.00011325133406282424	0.0001540155526441036	0.00031806740937433787	0.00028124054311009714	9.527945199461827e-5	3.2001137640048192e-6	99.89208390948879	0.03499156548335957
0.012068951867350422	0.01	0.007	0.007	0.007	0.01	0.00460037127699478	0.009321565840409806	0.006713569822172738	0.0026550675941446928	0.00017734457474943312	0.00045653468888064115	0.0009300537155531827	0.0008357642381618924	0.00028461472014667486	8.994233731491902e-6	99.81278771973108	0.034985363331383086
0.01943718757042788	0.01	0.007	0.007	0.007	0.01	0.007169040128941334	0.014119331128961046	0.010518294979514958	0.004206434430970072	0.0002480071199558992	0.0011574588059837716	0.002313373249415833	0.002126501916555157	0.0007295302471560992	2.120802709959514e-5	99.6986647881978	0.034976430484010106
0.026701868941663164	0.01	0.007	0.007	0.007	0.01	0.00953727095372147	0.018281751712318592	0.014065196700086727	0.005686236797953906	0.0002987559866215493	0.0021363292675667437	0.004192725183443756	0.0039384219892918786	0.0013608560171027761	3.6608985171376985e-5	99.5862735056245	0.034967625413242893
0.035197344188264604	0.01	0.007	0.007	0.007	0.01	0.012113591235107505	0.02252308241692858	0.017969648182552707	0.007355996677961396	0.0003409656890279691	0.0036177928131928836	0.0069557737937048095	0.006695766208023919	0.002332770476687394	5.763755043381354e-5	99.45500141961033	0.034957331385079074
0.04411296866735208	0.01	0.007	0.007	0.007	0.01	0.014609337700231002	0.026343958156076246	0.021801185574869524	0.009040126402998007	0.0003712767607758716	0.005533382177424864	0.010420578490506486	0.010282091335802778	0.0036128159752137077	8.214167886990747e-5	99.31742327129028	0.03494653151801329
0.05385807916261261	0.01	0.007	0.007	0.007	0.01	0.01711264823177425	0.029888665626011706	0.02569686849444823	0.010803710820706488	0.0003932809080503225	0.00801471457448488	0.014769567934672037	0.01495585873989731	0.005303168781411624	0.0001108293383438629	99.1672629061169	0.03493473067660432
0.06416293428102221	0.01	0.007	0.007	0.007	0.01	0.019525718500984113	0.0330293013397773	0.029505704208277625	0.012583842780299425	0.00040818028800652755	0.011039697222740487	0.019903565265477947	0.020689247934640123	0.007405774559674875	0.00014255716395189654	99.00872451221551	0.03492225634727213
0.0751491018603359	0.01	0.007	0.007	0.007	0.01	0.02185689242265163	0.03580197417760327	0.03323862920605981	0.014389074783972652	0.00041797705036848915	0.014675458391666785	0.025877810492632283	0.027623659153659476	0.00998584747350327	0.00017734946736003358	98.83998338021493	0.034908962174942895
0.08673324481629281	0.01	0.007	0.007	0.007	0.01	0.024070368806116068	0.03819288200904624	0.03683419016117904	0.016192711257187173	0.0004240476450518279	0.018921749718565587	0.03263367810528764	0.03577322672859297	0.01306377574440586	0.00021465892756844821	98.66236917765728	0.03489494988436171
0.09895911301883031	0.01	0.007	0.007	0.007	0.01	0.026161093167207987	0.04023063243745332	0.04027736217302407	0.017989037540862018	0.00042756684668785366	0.0238132522162855	0.04017191954200967	0.04521850329150074	0.016686481571167134	0.0002543969740369158	98.4752618747306	0.03488016745717693
0.1118138253492713	0.01	0.007	0.007	0.007	0.01	0.028115846625430308	0.04193752417175365	0.04353737089807453	0.0197632417659534	0.00042937122812405237	0.029358709006101123	0.0484550106423735	0.05598933635967103	0.02088350064281693	0.0002963469978989672	98.27891327841387	0.03486463144148845
0.12532908207812668	0.01	0.007	0.007	0.007	0.01	0.02993123829229551	0.043346307386451816	0.04659722680574208	0.021506584126899625	0.0004300607788068843	0.035580272439241396	0.0574697571730421	0.06813973967540456	0.02569541208425246	0.00034048051520941814	98.07289740831924	0.03484830456395187
0.13952510054855427	0.01	0.007	0.007	0.007	0.01	0.03160364686047865	0.04448873294116482	0.04943735408498924	0.02320796804325865	0.0004300402044456144	0.04249184923314856	0.06719456352268136	0.08170509791814086	0.031157353310618956	0.0003867642103205891	97.85696956382168	0.03483116353677393
0.1544414428358843	0.01	0.007	0.007	0.007	0.01	0.03313315161784121	0.04539767203237425	0.052042337939207095	0.024857801927374957	0.00042957597376083685	0.05011359201627656	0.07762088793908357	0.09672933363971493	0.037309739484943275	0.0004352504309853273	97.63059745640116	0.034813161836084364
0.17011998878766	0.01	0.007	0.007	0.007	0.01	0.03452079880515267	0.04610417651610888	0.054396489567091776	0.026445554348812746	0.0004288392972705622	0.05846471691729241	0.08874275463932454	0.11324965431949292	0.04419228837823085	0.0004860134527097457	97.393222524335	0.03479425030329281
0.1866144633176226	0.01	0.007	0.007	0.007	0.01	0.035769273600532885	0.046637402261758526	0.056485157177375324	0.027960609426496544	0.0004279402374185441	0.06756875435349205	0.1005637922896977	0.1313054362557683	0.051847737847610174	0.0005391743135808278	97.14411729414668	0.03477436568283083
0.20398523568614654	0.01	0.007	0.007	0.007	0.01	0.03688206401027182	0.04702383146188791	0.05829350707302986	0.02939148818032883	0.00042695348553765635	0.07745122913325478	0.11309374663135764	0.1509319356626358	0.06031937013712857	0.0005948797024851744	96.88246669746546	0.03475343694248757
0.22230204903977943	0.01	0.007	0.007	0.007	0.01	0.037863466035462236	0.04728716279627802	0.05980679463671677	0.030725966933821038	0.00042593729162955735	0.08814130088803498	0.12635031675412625	0.1721615015449184	0.06965159777354192	0.0006533083834444882	96.60732949296198	0.03473138203169133
0.2416416630328633	0.01	0.007	0.007	0.007	0.01	0.038718282297232225	0.04744820070355954	0.06101023986007768	0.031950820982704166	0.0004249480605817123	0.09967043673199243	0.14035717123894811	0.19501857144825155	0.0798878142884655	0.0007146630205011666	96.31767676425616	0.034708110777225507
0.26208696396850817	0.01	0.007	0.007	0.007	0.01	0.03945174921206314	0.04752493886036902	0.06188946837440037	0.033051871612038354	0.0004240519705692368	0.1120716892816546	0.15514288617235744	0.2195155713068757	0.09106841844354216	0.0007791687197421868	96.01240826463645	0.03468352601057398
0.2837229418025384	0.01	0.007	0.007	0.007	0.01	0.04006944025206411	0.047532711226911294	0.06243120512170937	0.034014071020591126	0.0004233350878537811	0.12537693786347232	0.17073756784175423	0.2456446493142032	0.10322664848549874	0.0008470639907931577	95.6904153945889	0.034657528460767646
0.3066310806126744	0.01	0.007	0.007	0.007	0.01	0.0405772751383608	0.04748442161604788	0.06262452818351898	0.03482188084241995	0.000422912565427475	0.1396129919638663	0.18716838452140588	0.2733674297089668	0.11638295867028947	0.0009185897370193735	95.35066674159332	0.03463002353542683
0.3308812008061665	0.01	0.007	0.007	0.007	0.01	0.04098159595345936	0.04739081683770085	0.06246268611756736	0.03545999878380523	0.0004229370329414434	0.1547960751620444	0.2044534523766973	0.3026025433240208	0.13053760413687157	0.0009939739158377407	94.99232953010598	0.03460093112806949
0.3565230984049058	0.01	0.007	0.007	0.007	0.01	0.04128931922659457	0.047260773661353	0.06194536849973033	0.035914546815715515	0.00042360562348001276	0.17092631829348254	0.22259589647200134	0.3332150835238033	0.14566324845557016	0.0010734195918287353	94.61489112713231	0.03457019561602846
0.3835815807929098	0.01	0.007	0.007	0.007	0.01	0.04150808873037536	0.047101555648233026	0.06108088945060426	0.03617461015749181	0.0004251650381298126	0.18798475586861785	0.24158068634583515	0.36501360720791876	0.16170049203593323	0.0011571072004675981	94.2182273095532	0.034537791728367004
0.4120560029293376	0.01	0.007	0.007	0.007	0.01	0.041646296369381566	0.0469190245111586	0.05988755620056126	0.03623374904263867	0.0004279145784814793	0.20593366259966964	0.2613749051361868	0.3977564106671746	0.17855772460746447	0.0012452133589752313	93.80260217614551	0.03450372498043272
0.44191909215958747	0.01	0.007	0.007	0.007	0.01	0.041712905817392835	0.046717853782979046	0.05839398084819628	0.03609112546334218	0.0004322069186053189	0.22471688875394769	0.28192767078416375	0.4311604928363477	0.19611254331498987	0.001337928741705545	93.36867706003166	0.0344680329332795
0.47310406883358347	0.01	0.007	0.007	0.007	0.01	0.0417171791146686	0.046501837067818665	0.056639000497171875	0.03575231255307857	0.00043844343397135826	0.24425318784556888	0.3031622847925272	0.4649009297578249	0.21420841840955296	0.0014354386803948481	92.9176866921156	0.03443080038863279
0.505477039085467	0.01	0.007	0.007	0.007	0.01	0.04166850109189364	0.04627430969721427	0.05467180134083799	0.035230172327450945	0.00044705664737315854	0.2644208504264543	0.3249592197122645	0.4986000204892104	0.2326457019086588	0.0015378506919330192	92.45182011455411	0.03439219201352895
0.5388168075607735	0.01	0.007	0.007	0.007	0.01	0.04157631582698321	0.04603850273648264	0.05255089198267121	0.034545505907137924	0.0004584761617035153	0.2850478397359818	0.34714546613938146	0.5318318498198137	0.2511809007091166	0.0016451264088021547	91.97448202107105	0.034352475874785966
0.5728457146777722	0.01	0.007	0.007	0.007	0.01	0.04144986658697929	0.045797498290732805	0.050338710039317204	0.03372580902920605	0.00047309603542755997	0.305933966344564	0.36951834245284	0.5641792753895952	0.2695569315036118	0.001757150456446322	91.48981866326628	0.034311986092443285
0.6072928592656233	0.01	0.007	0.007	0.007	0.01	0.04129762037138181	0.04555392144574919	0.048093455499257524	0.03280170548512597	0.0004912638434297525	0.32689171865996797	0.3918887374609719	0.5953075174654224	0.28754739570154286	0.001873893535847222	91.00179965159734	0.03427104727101901
0.6419417045183363	0.01	0.007	0.007	0.007	0.01	0.04112672647564787	0.04530972334765263	0.04586290597773462	0.03180293597006556	0.0005132906295423425	0.3477751773112541	0.41411120666796514	0.6250016250058655	0.30498428167744246	0.001995537840266525	90.51354914968131	0.03422991801304514
0.6766318655280527	0.01	0.007	0.007	0.007	0.01	0.040942870016333704	0.04506626822175573	0.04368312667207715	0.030756059628236968	0.0005394580173002118	0.36847948034565453	0.43608280467113253	0.6531504127170455	0.3217553817896099	0.002122467571882131	90.02734073554006	0.03418878916019068
0.7112495342536541	0.01	0.007	0.007	0.007	0.01	0.04075039003434928	0.044824474159527	0.04157943471773007	0.0296834985498704	0.0005700231665760141	0.38893315910527276	0.4577347355070673	0.679720045467882	0.33779389118903114	0.0022552295417135036	89.54475193191688	0.0341477955180934
0.7457151551979923	0.01	0.007	0.007	0.007	0.01	0.040552514054726256	0.04458494835627047	0.039568303834353	0.028603466330074774	0.0006052203114688033	0.40908909044917147	0.47902280117365936	0.7047287826642102	0.3530667014400951	0.0023944872352088774	89.06685265998577	0.034107030757979974
0.7799748805506895	0.01	0.007	0.007	0.007	0.01	0.04035159482582841	0.04434807728095597	0.037659262542611	0.027530270707525638	0.0006452623298561248	0.4289180900061724	0.4999207705056285	0.7282287734712712	0.3675653347899908	0.0025409894368793296	88.59433609011866	0.03406655775297716
0.8139938615098672	0.01	0.007	0.007	0.007	0.01	0.04014931972007764	0.044114091852482204	0.035856626050499885	0.026474810394761558	0.0006903415558545546	0.44840393875795165	0.5204152928452667	0.7502926514007584	0.3812986950428727	0.0026955459961915647	88.12762037210572	0.03402641667557425
0.8477519915941749	0.01	0.007	0.007	0.007	0.01	0.0399468759811947	0.043883108088118974	0.03416090545213735	0.02544510015147596	0.0007406313987859046	0.4675401233298219	0.5405026095065855	0.7710045623329422	0.3942878198032797	0.0028590136365615844	87.66691382731406	0.033986630148360626
0.8812396111621492	0.01	0.007	0.007	0.007	0.01	0.039745085634327	0.0436551634290016	0.03256999306550715	0.024446816654691925	0.0007962861990155891	0.4863267881392615	0.5601854672128344	0.7904532816849772	0.4065614763834039	0.0030322808621393795	87.21227862092329	0.03394720840257666
0.914455239301389	0.01	0.007	0.007	0.007	0.01	0.03954450172670765	0.04343023638058935	0.031080023303988288	0.023483756042054636	0.0008574424645382649	0.5047690254565796	0.5794714155138724	0.8087281953410201	0.4181532868703461	0.0032162614001401317	86.76366512545793	0.03390815201667799
0.947403597989132	0.01	0.007	0.007	0.007	0.01	0.03934548139179051	0.0432082625497518	0.029686033409164585	0.02255823733473388	0.0009242197174926244	0.5228754558030666	0.5983713874281695	0.8259165300776404	0.42909951379518063	0.0034118888094627335	86.32094128532924	0.03386945429162712
0.9800940816106445	0.01	0.007	0.007	0.007	0.01	0.03914823982660998	0.04298914664561877	0.028382448119497156	0.021671440303654622	0.0009967212570263415	0.5406571558217091	0.6168986282881009	0.8421016253519565	0.43943745734881773	0.003620112837366673	85.88391512548336	0.03383110308671753
1.0125395750745003	0.01	0.007	0.007	0.007	0.01	0.03895288989230663	0.042772771486469296	0.027163425970642235	0.020823681789259505	0.0010750348394838205	0.5581268527804807	0.6350678917785395	0.8573619403425919	0.4492043228157386	0.0038418970921926207	85.45235193829001	0.033793082233913564
1.044755562268262	0.01	0.007	0.007	0.007	0.01	0.03875947093126101	0.04255900464429556	0.026023099219786343	0.020014637181158326	0.00115923332473411	0.5752983324400004	0.6528948502945133	0.8717705766529052	0.4584364486209712	0.004078217838192689	85.0259871118046	0.033755372602490716
1.0767594275228196	0.01	0.007	0.007	0.007	0.01	0.03856796984643186	0.04234770352793108	0.024955735566150924	0.019243516202867017	0.0012493752053268931	0.5921859914753845	0.6703956499945442	0.8853951327373321	0.4671687926661561	0.004330063424558997	84.60453603577407	0.03371795293069499
1.1085699466031564	0.01	0.007	0.007	0.007	0.01	0.03837833628791263	0.04213871902433281	0.02395584113613132	0.018509199821977323	0.0013455051282053754	0.6088045205138459	0.6875865975004665	0.8982977915999677	0.47543461959183203	0.004598434469073851	84.18770123658756	0.033680800430480724
1.1402069016318461	0.01	0.007	0.007	0.007	0.01	0.03819049367553448	0.04193189819897269	0.023018222090667166	0.017810346248797567	0.0014476543492364926	0.6251686735012761	0.7044839332043548	0.9105355438380611	0.4832653261449359	0.00488434448253213	83.77517769291315	0.03364389124369727
1.1716908010032683	0.01	0.007	0.007	0.007	0.01	0.03800434713752591	0.041727086223514995	0.02213801672246549	0.01714547196854792	0.001555841150822694	0.6412931067311998	0.7211036745860571	0.9221604923673645	0.49069036695547075	0.005188820912626177	83.36665664162985	0.0336072007730228
1.203042686659762	0.01	0.007	0.007	0.007	0.01	0.03781978916799089	0.04152412767818073	0.02131070702264629	0.016513012913426644	0.0016700712500304848	0.6571922731142464	0.7374615150184799	0.9332202004376681	0.497737251255061	0.005512906606846974	82.96182815392748	0.03357070390917894
1.234284253614998	0.01	0.007	0.007	0.007	0.01	0.03763670219183195	0.04132286580880715	0.020532110553081368	0.015911365505985858	0.0017903391711333416	0.6728804797616267	0.7535728890884741	0.9437581356115347	0.5044316383415368	0.005857664451409155	82.5603796413841	0.03353437489389455
1.2654372366756963	0.01	0.007	0.007	0.007	0.01	0.0374549645268667	0.041123146493555904	0.019798383331206162	0.015338931014690502	0.001916626654607725	0.6883715802499933	0.7694526614975327	0.9538138422774765	0.5107972927771045	0.006224173945719536	82.16200376152003	0.03349818803465916
1.2965238350678776	0.01	0.007	0.007	0.007	0.01	0.03727444959688691	0.040924815492145	0.01910599132380156	0.014794130731616123	0.0020489047548677493	0.7036791936415091	0.7851153567272362	0.9634234478605286	0.5168562794815184	0.006613538624250588	81.76639292738166	0.03346211721135526
1.3275665043507394	0.01	0.007	0.007	0.007	0.01	0.0370950284022205	0.04072771978538206	0.018451696071428044	0.014275427208941477	0.0021871334678017465	0.7188166039986728	0.8005750593293897	0.9726199178530556	0.5226290218926982	0.007026886810163264	81.37324197747449	0.0334261361192339
1.358588132458446	0.01	0.007	0.007	0.007	0.01	0.03691656942107244	0.04053170645911454	0.017832530409661557	0.013781333455861175	0.002331262815728674	0.7337968501757891	0.8158455084713839	0.9814334034319262	0.5281344376734716	0.00746537701710524	80.98224594850407	0.033390218065995986
1.3896120523038276	0.01	0.007	0.007	0.007	0.01	0.03673893923388798	0.04033662265015034	0.017245778269545466	0.013310421438773859	0.002481233198546975	0.7486327324145495	0.8309401063565257	0.9898915043710169	0.5333900363716605	0.00793020169404093	80.59309996687763	0.033354335959313315
1.4206621999150006	0.01	0.007	0.007	0.007	0.01	0.03656200214948128	0.04014231459042114	0.016688952395536676	0.012861325489485912	0.0026369763544704223	0.7633368867062819	0.8458719948886808	0.9980195431449854	0.5384120366092573	0.008422593380375655	80.20549734166084	0.0333184621265946
1.4517632445451647	0.01	0.007	0.007	0.007	0.01	0.036385619890327466	0.0399486268585699	0.016159774131538317	0.012432744335496038	0.0027984161794905437	0.7779218411842754	0.8606541129013744	1.0058407994618725	0.5432154685160675	0.008943831161894657	79.81912807133668	0.0332825681684751
1.482940770413613	0.01	0.007	0.007	0.007	0.01	0.03620965091787416	0.03975540134054895	0.015656153913454623	0.012023441067972585	0.0029654697760076597	0.7924000923034507	0.8752992723733345	1.0133767296926124	0.5478142747413433	0.009495248711573333	79.43367677007019	0.03324662475401902
1.5142215187501538	0.01	0.007	0.007	0.007	0.01	0.036033949384438345	0.03956247585692401	0.015176172638300197	0.01163224153259891	0.0031380488061936197	0.8067842031578165	0.8898202557204079	1.0206471729366662	0.5522214093097967	0.010078244426487111	79.04881992899932	0.03321060134813065
1.5456336457379147	0.01	0.007	0.007	0.007	0.01	0.035858363989463925	0.03936968274176551	0.01471806476811533	0.011258032160140341	0.003316060916062358	0.8210869019470056	0.904229911685821	1.027670533517037	0.5564489266706671	0.010694293196080834	78.66422308077976	0.03317446592279562
1.5772070752779048	0.01	0.007	0.007	0.007	0.01	0.035682736319241105	0.03917684689623151	0.01428020201807858	0.01089975658356409	0.0034994116528287776	0.835321215525988	0.9185412848512078	1.0344639589267786	0.560508071317138	0.011344961605193995	78.27953691599808	0.03313818456170706
1.6089739132733791	0.01	0.007	0.007	0.007	0.01	0.035506898882834016	0.038983783539657695	0.013861078318880574	0.010556411849293259	0.0036880066941480842	0.8495006202724749	0.9327677603605194	1.04104350418866	0.5644093613480953	0.012031926528654518	77.8943927958621	0.03310172099739603
1.6409689927381506	0.01	0.007	0.007	0.007	0.01	0.035330672483896326	0.038790295254580234	0.013459295232943513	0.01022704376907858	0.0038817547707404444	0.8636392387871259	0.9469232519836883	1.0474242961570615	0.568162673068784	0.012756999203044612	77.50839685599937	0.03306503600210588
1.673230553929591	0.01	0.007	0.007	0.007	0.01	0.035153862938007895	0.03859616833041343	0.013073548055286053	0.009910741790329717	0.004080571288759987	0.8777520800760715	0.9610224302988046	1.0536206950682887	0.5717773239361057	0.013522155872924295	77.12112271066393	0.03302808662892714
1.7058011435751652	0.01	0.007	0.007	0.007	0.01	0.03497625671148402	0.038401167935859785	0.01270261187951207	0.009606632963022207	0.004284383112159689	0.8918553550300996	0.9750810217412543	1.0596464654732851	0.5752621598826336	0.014329578192866023	76.73210181973457	0.03299082520851195
1.738728817231553	0.01	0.007	0.007	0.007	0.01	0.03479761507710573	0.03820503167266742	0.012345327200240312	0.009313874801768592	0.004493134957644661	0.905966895851925	0.989116205439875	1.0655149646292246	0.5786256502912368	0.015181707314528163	76.34081062576097	0.03295319800770269
1.7720687818377028	0.01	0.007	0.007	0.007	0.01	0.03461766611760016	0.03800746077364086	0.01200058431659556	0.009031646579831056	0.004706798143772161	0.9201067271918829	1.0031471529878833	1.0712393619058393	0.5818759966130915	0.01608131782529893	75.94665299024226	0.03291514339698239
1.8058857346335588	0.01	0.007	0.007	0.007	0.01	0.03443609330467853	0.037808107546352096	0.011667305040044026	0.008759137966290614	0.004925383126450725	0.9342978811133243	1.0171957989774387	1.076832916430133	0.5850212675526177	0.01703162239301181	75.5489351385189	0.032876589239672634
1.840257286203727	0.01	0.007	0.007	0.007	0.01	0.03425251874601111	0.03760655696680494	0.011344419744587745	0.008495533549685486	0.0051489579780712455	0.9485675923316585	1.0312879716100214	1.0823093500336334	0.5880695776865218	0.018036424289689375	75.1468289314162	0.0328374490692709
1.8752792082941618	0.01	0.007	0.007	0.007	0.01	0.03406647742569653	0.03740229838781721	0.011030835772610796	0.00823999017285889	0.00537767700381948	0.9629491387466933	1.045455135695089	1.0876833899874963	0.5910293445961599	0.019100349587991262	74.73931541184643	0.0327976162252569
1.9110739224172617	0.01	0.007	0.007	0.007	0.01	0.03387737540409003	0.03719467963847313	0.010725389635671986	0.007991601174308168	0.005611827589794933	0.9774848350262302	1.0597372317137956	1.0929716235680362	0.5939096915235134	0.020229219656935138	74.32509321486323	0.032756954360722984
1.9478052096663556	0.01	0.007	0.007	0.007	0.01	0.03368441713616063	0.036982827220088256	0.010426766927028222	0.007749334886736439	0.005851912496034246	0.9922312529564027	1.0741876350023505	1.0981939666384113	0.5967211390008046	0.02143069056551586	73.9024193277076	0.032715280980517354
1.9857062640249319	0.01	0.007	0.007	0.007	0.01	0.033486466336725806	0.03676549354356165	0.010133350776629801	0.007511916459255853	0.00609880921119372	1.0072692498890528	1.088882700908848	1.1033764806200257	0.5994769368579174	0.022715458694689352	73.46880427140594	0.032672336019875375
2.025140511634837	0.01	0.007	0.007	0.007	0.01	0.03328174322253661	0.03654072452323689	0.009842891096634132	0.007277567772840402	0.006354120805726641	1.0227258683541098	1.1039426489694835	1.1085575572606443	0.6021960064077116	0.024099844155806002	73.02034883153772	0.03262771366632062
2.0667658800864412	0.01	0.007	0.007	0.007	0.01	0.033067003239836024	0.03630495788599912	0.009551592168202448	0.007043286395555722	0.006621139991774362	1.0388339974711245	1.1195885870470155	1.1138049830874346	0.6049111342550606	0.02561266484401398	72.54994487791616	0.03258067803538262
2.1121770271558873	0.01	0.007	0.007	0.007	0.01	0.03283431367935392	0.03604948416247414	0.009250463582090737	0.006801953781809455	0.006908677451823111	1.0561674477437335	1.1363676511481646	1.1192840602439644	0.607701967311825	0.027321736805425823	72.04021389328547	0.03252944190199887
2.172840059938129	0.01	0.007	0.007	0.007	0.01	0.03252602647807184	0.035711010591968254	0.008873158691374223	0.006500906424197213	0.007285128974757392	1.0789382286377045	1.1583176336699161	1.126227876160646	0.611169499366174	0.029696779101304326	71.36486674261451	0.032461123178774746
2.2155145417764306	0.01	0.007	0.007	0.007	0.01	0.032310893243475435	0.0354748123053991	0.008623488004306047	0.006302575403002576	0.007543804398946475	1.0946973794238561	1.173445390703624	1.1308708086565222	0.6134416987927865	0.031427892175089074	70.8935787745913	0.03241314915492759
2.262760922337342	0.01	0.007	0.007	0.007	0.01	0.03207437211078047	0.03521513190531802	0.008361048227688747	0.0060949040814307085	0.007823406326481942	1.1118988778128125	1.1898967841997388	1.13579211720065	0.615806673509547	0.033399826013226185	70.37542923363831	0.03236011816661162
2.3050749838371534	0.01	0.007	0.007	0.007	0.01	0.03186401360207746	0.03498417587735154	0.008137626280176538	0.005918787783967863	0.00806723409336626	1.1270881633327678	1.2043694487786583	1.1400143464247026	0.6177978171761688	0.03521297756886209	69.91458777286178	0.032312697039623535
2.347951362025801	0.01	0.007	0.007	0.007	0.01	0.03165226756454921	0.03475169645704798	0.007921683685396788	0.00574918606277658	0.008307471221217567	1.142273516558317	1.2187861485015823	1.1441231272874282	0.6196997532551497	0.03709330345511631	69.45070020730294	0.0322647166102514
2.3887597798021787	0.01	0.007	0.007	0.007	0.01	0.031452041982248324	0.034531865528012774	0.007725310568704236	0.0055955003627145205	0.00852938494742246	1.1565365636468996	1.2322784796938109	1.1478827313494129	0.6214073441742792	0.03892111528342546	69.01204542471541	0.032219116488817104
2.4291985730253542	0.01	0.007	0.007	0.007	0.01	0.03125488006519341	0.03431539824180352	0.00753898595712665	0.005450173795061642	0.008742516926075163	1.1704900512643253	1.2454311506132567	1.1514696809723772	0.6230056429885319	0.04076707367960473	68.58009687648331	0.03217399296758994
2.468557522271517	0.01	0.007	0.007	0.007	0.01	0.03106417056241549	0.03410601516070966	0.0073650803210767455	0.005314979123349181	0.00894326665724069	1.1839006528653249	1.25802739444259	1.1548341796636503	0.6244758289888843	0.04259500863290598	68.1622791208659	0.03213013507580059
2.5074243505441847	0.01	0.007	0.007	0.007	0.01	0.030876988136068245	0.03390050450832518	0.007200146438256427	0.005187164925691121	0.009134859528500688	1.1969807465487978	1.2702699943050877	1.1580392144363427	0.6258487354661474	0.04442853623433789	67.75218354707903	0.032086884225599493
2.5456404467493683	0.01	0.007	0.007	0.007	0.01	0.030694039977788325	0.03369964272188585	0.00704419878259337	0.005066684399251862	0.0093166811001646	1.2096859709340155	1.2821199259182925	1.1610815288322918	0.627125615133835	0.04625719548194481	67.3513598285771	0.03204441427447498
2.5834411602862866	0.01	0.007	0.007	0.007	0.01	0.03051414729270233	0.033502135583231	0.006895694212307241	0.004952293468359244	0.009490036208776316	1.222102847852667	1.2936602052348853	1.1639886532169503	0.6283204525124472	0.048089512203646	66.9572256006654	0.032002461242485014
2.6208219335622585	0.01	0.007	0.007	0.007	0.01	0.03033729047556408	0.03330796156754953	0.006754169098328377	0.00484359074996447	0.009655062059362748	1.2342365478779838	1.3048975353268624	1.166767495739584	0.6294381594396821	0.04992289738087306	66.56973813230971	0.031961028294111904
2.6578962525327396	0.01	0.007	0.007	0.007	0.01	0.030162896580443608	0.03311649162820213	0.00661877349520225	0.004739884179272478	0.009812416152756158	1.2461297701174516	1.3158731518715203	1.1694328646063195	0.6304865624031121	0.051760763927584066	66.18764231540075	0.03191998800525182
2.6946968255399164	0.01	0.007	0.007	0.007	0.01	0.029990782317434586	0.03292752452831566	0.006489028829672405	0.00464077284786996	0.009962379098228892	1.257797894585444	1.3266026812044234	1.1719925543665715	0.6314703754260969	0.05360280261358839	65.81053672962481	0.03187930286257476
2.731289639885722	0.01	0.007	0.007	0.007	0.01	0.029820614057882732	0.03274069397160972	0.0063643879324568175	0.004545808191516933	0.010105355726958967	1.2692660712479327	1.3371105090923414	1.1744559331815332	0.6323946883584989	0.055450546855717875	65.43769053395393	0.03183889882800194
2.767711402259861	0.01	0.007	0.007	0.007	0.01	0.029652200529710702	0.03255578995743057	0.0062444514183201145	0.004454658712864243	0.0102416162171629	1.2805493811995023	1.3474115377166296	1.1768296379351244	0.6332633297458204	0.057304226995136806	65.06868476759104	0.03179873451076805
2.8040064292131035	0.01	0.007	0.007	0.007	0.01	0.02948531968657657	0.032372568697531315	0.0061288309540235885	0.004367004869125107	0.0103714474196771	1.2916646257968345	1.3575220534447372	1.1791202384903001	0.634079921795724	0.05916459178636297	64.70303302013357	0.0317587603544207
2.8402075109738263	0.01	0.007	0.007	0.007	0.01	0.029319806835080706	0.03219084937239641	0.00601720757788814	0.00428258288558238	0.010495081438450916	1.3026244558391507	1.3674543843834104	1.181333057968794	0.6348474714985137	0.06103191679072197	64.34037452637784	0.03171893972282646
2.876347211586183	0.01	0.007	0.007	0.007	0.01	0.02915550183057051	0.03201045615663848	0.005909289561744224	0.00420115225347443	0.010612739670561989	1.3134409549996426	1.3772201962870458	1.1834729853290926	0.6355686927233133	0.06290656096287953	63.98035847142193	0.03167923641165531
2.9124525497649976	0.01	0.007	0.007	0.007	0.01	0.028992272961387545	0.031831244441913334	0.005804824928854567	0.004122504804042635	0.01072461600832741	1.3241240946622588	1.386829111967711	1.1855442102400375	0.6362459349112622	0.06478867773350275	63.62269632612295	0.03163962047796871
2.948548933828359	0.01	0.007	0.007	0.007	0.01	0.028829998550591138	0.03165308063714649	0.005703585954742913	0.004046452653680369	0.010830891698605207	1.3346829856229354	1.3962898638606096	1.1875505165495335	0.6368813029323507	0.06667840545424368	63.26712153631075	0.031600063891638164
2.984658608131688	0.01	0.007	0.007	0.007	0.01	0.028668573636366417	0.03147584950306678	0.005605370890134155	0.003972829218390476	0.010931731735298263	1.3451254691402508	1.4056099418303234	1.1894952369909124	0.6374766580660548	0.06857577618799757	62.91340416242782	0.031560542222933176
3.020802127785614	0.01	0.007	0.007	0.007	0.01	0.028507903003755598	0.03129944650162869	0.00550999734668042	0.003901483997024373	0.011027290510637633	1.3554585976341695	1.4147960391878363	1.1913813752195606	0.6380336713405073	0.07048078400893461	62.56133561238408	0.03152103300942195
3.056998002330204	0.01	0.007	0.007	0.007	0.01	0.02834790251740769	0.031123779259262158	0.005417301290945207	0.003832281612219051	0.01111771175795359	1.3656885698377355	1.4238540068310286	1.1932116183202128	0.6385538393677608	0.07239335916226247	62.2107315632207	0.031481516133002034
3.0932633222441783	0.01	0.007	0.007	0.007	0.01	0.028188496099221815	0.030948764248577537	0.005327133678699685	0.003765099115012239	0.0112031310870713	1.3758209445089589	1.4327890542242416	1.1949883973069861	0.6390385129893228	0.07431339505186452	61.86142533958641	0.03144197312316791
3.129613756540839	0.01	0.007	0.007	0.007	0.01	0.028029615545397905	0.03077432658750367	0.005239359044093673	0.0036998247808472705	0.011283676660976136	1.3858606681072019	1.4416057830255387	1.1967139099534656	0.6394889129319119	0.07624074313760565	61.51326751383485	0.031402387150004096
3.166063846305812	0.01	0.007	0.007	0.007	0.01	0.027871199064397563	0.030600398434091403	0.005153853548150815	0.0036363565245993244	0.011359470491106874	1.3958121818961313	1.4503082896909518	1.198390155099693	0.6399061473309061	0.07817522427143796	61.166122703146755	0.03136274269556475
3.202627105326016	0.01	0.007	0.007	0.007	0.01	0.027713190692717583	0.03042691834508237	0.0050705037026832255	0.0035746008386068925	0.011430629146285991	1.4056794709107823	1.4589002154470847	1.2000189542714703	0.6402912244788411	0.08011663050090047	60.819868290050955	0.03132302543714462
3.239316176599113	0.01	0.007	0.007	0.007	0.01	0.02755553948850135	0.030253830390562144	0.004989205111884116	0.0035144717598965623	0.011497264492791103	1.4154661252025624	1.4673848060159098	1.2016019734609085	0.640645064569503	0.08206473037530762	60.474392656007836	0.03128322207083405
3.276142931867717	0.01	0.007	0.007	0.007	0.01	0.02739819899286319	0.03008108356253971	0.004909861478620225	0.003455890047606298	0.011559484230903031	1.425175382686115	1.475764954314505	1.203140740120276	0.640968509319095	0.0840192716744762	60.12959400154473	0.031243320198087468
3.313118567785407	0.01	0.007	0.007	0.007	0.01	0.027241126721652888	0.029908631216947888	0.004832383724803445	0.0033987824563946546	0.0116173923602746	1.4348101688221069	1.484043239648244	1.204636658257664	0.6412623303631612	0.08597998432375095	59.78537923301774	0.031203308216775947
3.3502536893889086	0.01	0.007	0.007	0.007	0.01	0.027084283726030733	0.029736430591191545	0.004756689231244467	0.0033430811080702562	0.01167108956456403	1.444373130905809	1.4922219615521728	1.2060910214697689	0.6415272365032867	0.08794658293694772	59.441663000094266	0.031163175226758332
3.3875583860336436	0.01	0.007	0.007	0.007	0.01	0.026927634197826355	0.029564442370865016	0.0046827011717371705	0.00328872294125545	0.011720673533479626	1.4538666686095285	1.5003031698018727	1.2075050243577923	0.6417638800059502	0.08991876920782418	59.09836683131328	0.031122910944282094
3.425042292533497	0.01	0.007	0.007	0.007	0.01	0.02677114514840143	0.029392630337170402	0.004610347943868793	0.003235649239594997	0.011766239221030893	1.4632929591844794	1.5082886893261431	1.2088797722474445	0.6419728620407749	0.09189623372287366	58.75541843067287	0.031082505632959237
3.4627146354163494	0.01	0.007	0.007	0.007	0.01	0.026614786158692397	0.029220961092485516	0.004539562684243854	0.003183805228263213	0.011807879052590856	1.472653977661742	1.516180140436798	1.210216289433695	0.6421547374064296	0.09387865716098208	58.41275113016476	0.031041950051267416
3.5005842842714663	0.01	0.007	0.007	0.007	0.01	0.02645852911558388	0.02904940377092422	0.004470282821114297	0.0031331397033718344	0.011845683111589891	1.481951517277672	1.5239789588740098	1.2115155268260203	0.6423100187520748	0.09586571190777195	58.070303312314714	0.031001235394967214
3.5386598035096557	0.01	0.007	0.007	0.007	0.01	0.026302347954509274	0.02887792975573344	0.004402449669631835	0.0030836046974675553	0.01187973929864613	1.4911872089231297	1.531686414643841	1.2127783688659013	0.6424391803014651	0.09785706380658472	57.72801784633148	0.030960353239507014
3.5769494614064854	0.01	0.007	0.007	0.007	0.01	0.026146218583601923	0.028706512596017794	0.0043360081393920644	0.003035155231274021	0.011910133431837049	1.5003625293673852	1.5393036211722628	1.2140056384154116	0.6425426610192019	0.09985237177479996	57.385841922109385	0.030919295528638497
3.6154612951351766	0.01	0.007	0.007	0.007	0.01	0.025990118583173544	0.028535127676792008	0.004270906372537135	0.002987749018374346	0.011936949382084897	1.5094788223769413	1.5468315549693883	1.2151981029971153	0.6426208676245229	0.10185129043661795	57.04372639181519	0.030878054503187306
3.6542031074491015	0.01	0.007	0.007	0.007	0.01	0.025834027189441687	0.028363752201115318	0.004207095529123721	0.002941346280592626	0.01196026913711091	1.5185373027148095	1.5542710608089452	1.216356478348183	0.6426741770884196	0.103853469260974	56.70162573441351	0.030836622703423886
3.6931825146917783	0.01	0.007	0.007	0.007	0.01	0.025677925073013426	0.028192364946885044	0.004144529506815415	0.002895909518320047	0.011980172895157386	1.5275390718910336	1.561622866461433	1.217481433226138	0.6427029390037216	0.1058585544369682	56.35949757035669	0.030794992916621553
3.7324069566557814	0.01	0.007	0.007	0.007	0.01	0.02552179427589159	0.028020946197674906	0.004083164746175591	0.0028514033457168655	0.011996739121884812	1.536485124362856	1.5688875893479013	1.218573592673692	0.6427074776357454	0.10786618882088167	56.017302523680804	0.030753158165688247
3.7718837195303263	0.01	0.007	0.007	0.007	0.01	0.025365618098395024	0.02784947761858297	0.004022960031532355	0.0028077943249019397	0.012010044609667042	1.5453763564321026	1.5760657452718325	1.21963354139355	0.6426880937997289	0.10987601261135396	55.67500397431653	0.030711111683950083
3.8116199592649767	0.01	0.007	0.007	0.007	0.01	0.025209380987864415	0.02767794213404009	0.003963876308157878	0.002765050814030824	0.012020164528686216	1.554213574788081	1.5831577566911974	1.2206618268404241	0.6426450665413925	0.11188766407978301	55.33256781429749	0.030668846889690324
3.8516227014227624	0.01	0.007	0.007	0.007	0.01	0.025053068522407445	0.027506323909963486	0.003905876548630609	0.0027231428527776233	0.012027172466760784	1.5629974994786102	1.5901639563843135	1.221658961463709	0.6425786546807588	0.11390077914475209	54.989962412260454	0.03062635738584667
3.8918988810514334	0.01	0.007	0.007	0.007	0.01	0.024896667239738397	0.027334608165837018	0.003848925572489378	0.0026820420156560116	0.01203114047461356	1.5717287754626883	1.5970845978781691	1.222625425767436	0.6424890981660525	0.11591499300080059	54.64715823841633	0.03058363691728853
3.9324553296277673	0.01	0.007	0.007	0.007	0.01	0.02474016467544575	0.027162781216725954	0.003792989954680397	0.0026417213309882963	0.012032139096624756	1.5804079722081734	1.6039198562101002	1.2235616698395997	0.6423766193747066	0.11792993910353425	54.30412794853308	0.030540679384468677
3.973298813095954	0.01	0.007	0.007	0.007	0.01	0.024583549204051404	0.026990830298773208	0.003738037870738434	0.0026021551554940305	0.012030237405920921	1.5890355942016077	1.6106698372727373	1.2244681159643263	0.6422414242028122	0.11994525074120252	53.96084603566651	0.030497478802954125
4.0144360326856745	0.01	0.007	0.007	0.007	0.01	0.024426810026977414	0.02681874355598798	0.0036840390044889696	0.0025633190952096046	0.012025503031597206	1.5976120830951321	1.6173345804140533	1.2253451601643797	0.6420837031205319	0.12196056075555914	53.617288803876065	0.030454029302583608
4.055873625606638	0.01	0.007	0.007	0.007	0.01	0.02426993716107605	0.02664651002765281	0.003630964461904598	0.0025251899318432863	0.012018002188423122	1.6061378197972556	1.6239140609805072	1.2261931736584428	0.6419036321689444	0.12397550129427026	53.2734343431743	0.030410325126765215
4.097618182336979	0.01	0.007	0.007	0.007	0.01	0.024112921365013872	0.026474119567499454	0.0035787866700098636	0.00248774553934062	0.012007799703960584	1.6146131298828459	1.6304081953819274	1.2270125045604212	0.6417013738175721	0.12598970439715299	52.92926236825353	0.030366360614318706
4.139676261629394	0.01	0.007	0.007	0.007	0.01	0.02395575407664613	0.026301562774951263	0.003527479286621684	0.0024509648091658198	0.011994959042044522	1.6230382882543966	1.6368168454638392	1.2278034793839232	0.6414770777353678	0.12800280246955303	52.58475408129219	0.030322130183876663
4.1820543805270605	0.01	0.007	0.007	0.007	0.01	0.023798427445012663	0.02612883103025217	0.0034770171465229437	0.0024148276025127034	0.011979542332880148	1.6314135186464835	1.6431398188938429	1.2285664039750086	0.6412308816271396	0.13001442757096948	52.23989224216481	0.030277628344651045
4.22475904663886	0.01	0.007	0.007	0.007	0.01	0.0236409342054768	0.025955916357379528	0.003427376161381623	0.0023793146700902988	0.011961610389542314	1.63973900146688	1.6493768758354759	1.2293015651499128	0.6409629117846646	0.13202421273779333	51.89466089481938	0.030232849662832705
4.267796751371265	0.01	0.007	0.007	0.007	0.01	0.023483267702100012	0.025782811448609676	0.003378533272514843	0.0023444076104688328	0.011941222735152452	1.6480148736605702	1.6555277294894624	1.2300092315056348	0.6406732837849984	0.1340317914415785	51.549045416387656	0.030187788769144616
4.311173980180195	0.01	0.007	0.007	0.007	0.01	0.023325421847229463	0.025609509620148636	0.003330466387126417	0.0023100888171786434	0.01191843762474794	1.6562412318870374	1.6615920491157516	1.2306896544800006	0.6403621030508371	0.13603679787242995	51.20303242866396	0.030142440348558553
4.354897223155142	0.01	0.007	0.007	0.007	0.01	0.02316739108132546	0.02543600476802588	0.003283154318816249	0.0022763414294414	0.011893312065448048	1.6644181355976033	1.6675694629110571	1.2313430693307381	0.6400294653527225	0.1380388672355876	50.856609710104024	0.03009679912976849
4.398972977132568	0.01	0.007	0.007	0.007	0.01	0.023009170364576937	0.025262291358888987	0.003236576741263473	0.0022431492928234077	0.011865901840627892	1.672545608398598	1.6734595595766022	1.2319696959153308	0.6396754573285193	0.14003763566053712	50.50976617750248	0.030050859883594558
4.443407750795182	0.01	0.007	0.007	0.007	0.01	0.02285075515813983	0.025088364409404977	0.0031907141416304603	0.0022104969201489147	0.011836261532966312	1.6806236399258572	1.6792618902400906	1.2325697394693704	0.639300156949012	0.14203274025905108	50.162491844921156	0.030004617418311025
4.488208084875601	0.01	0.007	0.007	0.007	0.01	0.022692141352752587	0.024914219407886004	0.0031455477619233055	0.0021783694442868125	0.011804444536424846	1.6886521903337517	1.684975972197335	1.2331433915223284	0.6389036338133444	0.14402381985759444	49.81477766725425	0.02995806655935013
4.5333805309139255	0.01	0.007	0.007	0.007	0.01	0.022533325345458245	0.024739852398524113	0.00310105958557887	0.002146752603523924	0.011770503096523496	1.69663118721298	1.6906012872007574	1.2336908302157994	0.6384859497690557	0.1460105138797039	49.46661570846834	0.029911202172177097
4.578931695986212	0.01	0.007	0.007	0.007	0.01	0.022374303883591993	0.02456525981010224	0.0030572322602378976	0.0021156326819139625	0.011734488303502193	1.7045605342457752	1.6961372880646044	1.234212221418393	0.6380471589173048	0.14799246416079342	49.11799879963768	0.02986401911668901
4.624868215650966	0.01	0.007	0.007	0.007	0.01	0.022215074163240027	0.02439043856409425	0.0030140490949340723	0.0020849965028851233	0.01169645013716729	1.7124401069661672	1.701583396080642	1.2347077188899496	0.6375873082324424	0.14996931358160862	48.76892075483262	0.029816512276241387
4.671196775190781	0.01	0.007	0.007	0.007	0.01	0.02205563375797213	0.024215385996418978	0.0029714940113528005	0.0020548313904988885	0.011656437476405327	1.7202697570487662	1.7069390044483184	1.2351774650093406	0.6371064377200791	0.15194070683856437	48.41937621492845	0.02976867653659589
4.717924119237368	0.01	0.007	0.007	0.007	0.01	0.021895980590175647	0.024040099825967543	0.0029295515095489623	0.0020251251412928342	0.011614498115837774	1.7280493143706777	1.712203480056463	1.2356215912964772	0.6366045806431102	0.15390629068288963	48.06936058480058	0.02972050677705831
4.7650570397257885	0.01	0.007	0.007	0.007	0.01	0.02173611297695454	0.023864578204996722	0.002888206654878008	0.001995866011409381	0.011570678802211897	1.735778585419686	1.717376162773126	1.2360402186987747	0.636081763961674	0.15586571325083434	47.71887013399131	0.02967199788401447
4.812602404559733	0.01	0.007	0.007	0.007	0.01	0.02157602953755504	0.02368881961748986	0.002847445030117199	0.0019670426793136865	0.011525025234286198	1.7434573584255004	1.722456369261407	1.2364334582341356	0.6355380083168508	0.1578186251064902	47.36790179379281	0.029623144722564766
4.860567152248644	0.01	0.007	0.007	0.007	0.01	0.021415729218259582	0.023512822906488564	0.0028072527202100297	0.001938644231853068	0.011477582092660851	1.7510854027144187	1.727443392835375	1.2368014112676906	0.6349733283541262	0.1597646788411242	47.01645321185834	0.02957394214334461
4.908958295952776	0.01	0.007	0.007	0.007	0.01	0.021255211285275678	0.023336587266285205	0.002767616289665218	0.0019106601453109276	0.011428393061850213	1.758662469627662	1.7323365043768602	1.2371441698635424	0.6343877329364489	0.16170352907680904	46.664522736647505	0.029524384979683713
4.957782934183744	0.01	0.007	0.007	0.007	0.01	0.021094475296282538	0.023160112211183564	0.002728522755994631	0.0018830802638608157	0.01137750084551244	1.7661882944207237	1.737134953858239	1.2374618171559093	0.633781225260101	0.1636348327330202	46.31210935507781	0.02947446803802848
5.007048258646251	0.01	0.007	0.007	0.007	0.01	0.020933521082763036	0.02298339755610073	0.002689959567295832	0.0018558947811377028	0.011324947183959853	1.7736625976005165	1.7418379714474084	1.2377544276610009	0.633153802982552	0.1655582491629286	45.95921265381905	0.02942418609141235
5.05676156570636	0.01	0.007	0.007	0.007	0.01	0.020772348721675535	0.02280644338546518	0.002651914578587496	0.0018290942211050085	0.011270772867401486	1.7810850867124326	1.746444768847396	1.2380220675765046	0.6325054582847146	0.16747344041728562	45.60583275721161	0.029373533869339847
5.106930241507873	0.01	0.007	0.007	0.007	0.01	0.020610958593164235	0.02262925011657807	0.0026143760494024702	0.0018026694340495762	0.0112150177781046	1.7884554541508522	1.7509545381504685	1.2382647949199403	0.6318361782658355	0.16938007049082057	45.25197045382861	0.029322506074596834
5.157561793716659	0.01	0.007	0.007	0.007	0.01	0.020449351287648954	0.02245181839760531	0.0025773326066853676	0.00177661156827702	0.011157720881884539	1.7957733818959787	1.7553664549775003	1.2384826599010879	0.6311459447207133	0.17127780636369502	44.89762699279311	0.02927109735262682
5.20866385053291	0.01	0.007	0.007	0.007	0.01	0.02028752762080159	0.022274149124020735	0.002540773234469414	0.0017509120608198564	0.011098920254513757	1.803038541214069	1.7596796784168667	1.238675705076412	0.6304347343209176	0.17316631775515395	44.54280411663789	0.0292193022944203
5.260244159591899	0.01	0.007	0.007	0.007	0.01	0.020125488648582046	0.02209624345511421	0.0025046872638990205	0.001725562628496653	0.011038653109210221	1.810250592390647	1.7638933510169539	1.2388439655072756	0.6297025188001074	0.17504527688891752	44.18750409429919	0.029167115439537386
5.31231061111147	0.01	0.007	0.007	0.007	0.01	0.019963235606705335	0.021918102747531504	0.002469064347101494	0.0017005552477393627	0.010976955795977527	1.817409187819092	1.768006600725885	1.2389874689831817	0.628949264787908	0.17691435913906386	43.8317295884112	0.02911453125468417
5.364871233964817	0.01	0.007	0.007	0.007	0.01	0.01980076993680705	0.021739728584001826	0.0024338944513894937	0.0016758821488210079	0.010913863832149082	1.8245139711743221	1.7720185404774302	1.2391062361229244	0.6281749340105548	0.1787732426649658	43.47548371269842	0.029061544139845383
5.417934209228934	0.01	0.007	0.007	0.007	0.01	0.0196380932585023	0.021561122742660945	0.0023991678420241603	0.0016515358021460852	0.010849411912667912	1.8315645789824717	1.7759282691575786	1.2392002805178448	0.627379483236342	0.18062160867598775	43.11876997072878	0.02900814841684138
5.471507880730964	0.01	0.007	0.007	0.007	0.01	0.01947520735242675	0.021382287178431585	0.002364875068260879	0.0016275089069472239	0.010783633923631212	1.8385606416559863	1.7797348722018311	1.2392696088366875	0.6265628642495074	0.18245914156411247	42.76159221874376	0.02895433832108596
5.525600747941709	0.01	0.007	0.007	0.007	0.01	0.019312114197713656	0.02120322406417014	0.00233100696135886	0.0016037943884496615	0.01071656297775993	1.8455017821828632	1.7834374209002508	1.2393142208955363	0.6257250240880694	0.1842855284250841	42.4039547478555	0.028900108011184446
5.580221505919496	0.01	0.007	0.007	0.007	0.01	0.019148815868143813	0.021023935676647867	0.0022975546036207045	0.0015803853748278338	0.010648231391847765	1.852387620835596	1.7870349749119077	1.239334109759828	0.6248659045508248	0.18610046016722281	42.045862056336794	0.028845451531457542
5.635379031808845	0.01	0.007	0.007	0.007	0.01	0.018985314591947508	0.02084442446220852	0.0022645093324029203	0.0015572751987404264	0.010578670730068396	1.859217772830954	1.7905265809117414	1.2393292617607	0.6239854425121667	0.18790363077321465	41.68731898076713	0.028790362828292466
5.69108240037206	0.01	0.007	0.007	0.007	0.01	0.018821612724408437	0.020664693006689713	0.0022318627262115165	0.0015344573863835976	0.010507911811817823	1.8659918497211312	1.7939112732422695	1.2392996565350363	0.6230835697891558	0.18969473754586247	41.328330635969124	0.02873483573747702
5.747340892674285	0.01	0.007	0.007	0.007	0.01	0.018657712742501855	0.020484744029536	0.002199606595882576	0.001511925650173411	0.010435984728182926	1.872709459820682	1.7971880740098332	1.2392452670412717	0.6221602131072307	0.19147348110445384	40.968902403260444	0.028678863978569134
5.8041640241057	0.01	0.007	0.007	0.007	0.01	0.018493617185060783	0.020304580318106308	0.002167732965643781	0.0014896738744283732	0.01036291883373659	1.8793702108200074	1.8003559941793545	1.2391660595315757	0.6212152937383061	0.1932395659647652	40.60903979924653	0.028622441130240442
5.861561531479342	0.01	0.007	0.007	0.007	0.01	0.018329328713638713	0.02012420479449621	0.0021362340783513947	0.0014676961179985945	0.01028874279097918	1.8859737074279002	1.8034140322022154	1.2390619935470344	0.6202487278049666	0.19499269980618475	40.24874860929543	0.028565560646523856
5.919543409772812	0.01	0.007	0.007	0.007	0.01	0.01816485003098318	0.019943620426028562	0.002105102373293599	0.0014459865977931603	0.010213484551389892	1.8925195547956124	1.8063611753828737	1.238933021836954	0.6192604257589402	0.1967325942738423	39.88803470875267	0.02850821582392304
5.978119899692686	0.01	0.007	0.007	0.007	0.01	0.018000183942533082	0.019762830292772413	0.0020743304919837897	0.0014245396918954002	0.010137171400267724	1.8990073561381033	1.8091963984749357	1.2387790903401807	0.6182502926774673	0.19845896424415627	39.5269041978082	0.02845039981751611
6.0373015259337395	0.01	0.007	0.007	0.007	0.01	0.01783533327520449	0.019581837498376636	0.0020439112571234985	0.001403349924012023	0.010059829936271344	1.9054367160373809	1.8119186648231989	1.2386001380473908	0.6172182276962691	0.20017152860235338	39.1653632233869	0.028392105607098296
6.0970991092923175	0.01	0.007	0.007	0.007	0.01	0.01767030087363374	0.019400645165944884	0.0020138376669343976	0.0013824119586967516	0.00998148608517016	1.9118072405745417	1.8145269259445451	1.23839609688227	0.6161641238729638	0.2018700101810725	38.8034179709008	0.028333325989537774
6.15752377926406	0.01	0.007	0.007	0.007	0.01	0.017505089596710367	0.019219256434229236	0.001984102889757373	0.0013617205967998906	0.009902165113619072	1.9181185374386238	1.8170201210637975	1.2381668915700674	0.615087868041287	0.20355413569413758	38.44107465663581	0.028274053570888715
6.218586978974731	0.01	0.007	0.007	0.007	0.01	0.017339702336448083	0.019037674478348802	0.0019547002628005302	0.0013412707738407127	0.009821891653716972	1.9243702151838313	1.8193971762953185	1.2379124395289873	0.6139893408038434	0.205223635444107	38.07833956913076	0.028214280766245162
6.280300511509911	0.01	0.007	0.007	0.007	0.01	0.01717414192680071	0.018855902409677026	0.0019256232715828775	0.0013210575449912716	0.00974068967380899	1.9305618866224346	1.8216570053410166	1.2376326505738733	0.6128684157781902	0.2068782441357154	37.71521886917592	0.028153999759354457
6.3426765426393965	0.01	0.007	0.007	0.007	0.01	0.01700841117463339	0.01867394330984554	0.0018968655517446495	0.0013010760856632477	0.00965858250738187	1.9366931674989036	1.8237985082267594	1.237327426760093	0.6117249596136304	0.20851770043161932	37.35171865771953	0.02809320250536768
6.405727620374889	0.01	0.007	0.007	0.007	0.01	0.0168425128467317	0.01849180021648125	0.001868420883076122	0.0012813216867099463	0.009575592860770858	1.9427636768339274	1.825820570658417	1.2369966621527528	0.6105588317096422	0.2101417469541947	36.98784494735467	0.028031880717381323
6.469466708197896	0.01	0.007	0.007	0.007	0.01	0.01667644962407003	0.018309476072996513	0.0018402831782959683	0.001261789746017323	0.009491742803858345	1.9487730384101878	1.8277220636465306	1.2366402424987506	0.6093698836766637	0.21175013059381706	36.62360356198899	0.02797002584009242
6.533907211280162	0.01	0.007	0.007	0.007	0.01	0.016510224078870657	0.0181269737034018	0.001812446476258309	0.0012424757632086038	0.009407053771179548	1.9547208813306238	1.8295018426512237	1.2362580448976481	0.6081579589167749	0.2133426025699582	36.25900008649372	0.027907629030783823
6.599062999570703	0.01	0.007	0.007	0.007	0.01	0.016343838663332513	0.01794429579993094	0.0017849049374111972	0.0012233753359411584	0.009321546568473742	1.9606068401040715	1.8311587464662675	1.2358499374664418	0.6069228922606403	0.21491891836577418	35.89403984194398	0.02784468114381011
6.664948445170351	0.01	0.007	0.007	0.007	0.01	0.01617729566563662	0.017761444874738245	0.0017576528341107932	0.0012044841526637957	0.009235241361945236	1.9664305558341162	1.8326915962905321	1.235415778890456	0.6056645093319863	0.2164788379578253	35.52872778907603	0.027781172701776335
6.7315784571043285	0.01	0.007	0.007	0.007	0.01	0.016010597177839647	0.017578423224648313	0.0017306845433791033	0.001185797987100851	0.009148157672708608	1.972191676884315	1.8340991944480676	1.2349554179502824	0.604382625953767	0.21802212590505338	35.16306845781077	0.02771709386986889
6.798968513292814	0.01	0.007	0.007	0.007	0.01	0.01584374507566304	0.017395232908966028	0.0017039945419223212	0.001167312694329675	0.009060314376827056	1.9778898590523546	1.8353803228120178	1.234468693035913	0.6030770476054265	0.21954855130504727	34.79706590286256	0.02765243443350887
6.867134698637715	0.01	0.007	0.007	0.007	0.01	0.015676740987918533	0.017211875715908015	0.001677577399738594	0.0011490242059046423	0.008971729699456605	1.9835247660327062	1.8365337411341456	1.2339554315890813	0.6017475687620485	0.22105788782599758	34.43072363660774	0.027587183770776152
6.9360937773576765	0.01	0.007	0.007	0.007	0.01	0.015509586188836914	0.01702835304438815	0.0016514277620455029	0.0011309285169243573	0.00888242116704013	1.9890960723475102	1.8375581855993401	1.2334154492396603	0.6003939715586522	0.22254991439757885	34.06404439281945	0.0275213307928879
7.0058632271864045	0.01	0.007	0.007	0.007	0.01	0.015342281592154849	0.016844665897525285	0.001625540347943934	0.0011130216847165177	0.008792405612220158	1.9946034626712232	1.8384523662860186	1.2328485491685441	0.599016025188005	0.22402441493270303	33.69703011360295	0.02745486392218129
7.076461294168168	0.01	0.007	0.007	0.007	0.01	0.01517482770145293	0.01666081482811812	0.0015999099424144222	0.0010952998229264565	0.008701699155078324	2.000046632540253	1.8392149646826204	1.2322545212786638	0.5976134848984171	0.2254811784166176	33.32968184035324	0.027387771051269095
7.147907079105046	0.01	0.007	0.007	0.007	0.01	0.01500722449468784	0.016476799811870627	0.001574531378823508	0.0010777590890713067	0.008610317147552284	2.005425291023045	1.8398446310817929	1.231633141038984	0.596186090356661	0.2269199995158611	32.96199946033384	0.02732003947326273
7.220220624029364	0.01	0.007	0.007	0.007	0.01	0.014839471321634943	0.016292620134791942	0.0015493995243758497	0.0010603956741666077	0.008518274122881482	2.010739162680182	1.8403399812654297	1.2309841682341687	0.5947335639938373	0.22834067899020788	32.593981481548454	0.02725165581349197
7.293422974140175	0.01	0.007	0.007	0.007	0.01	0.01467156687025552	0.016108274356270033	0.0015245092765623037	0.0010432057999765825	0.00842558378158848	2.015987987109148	1.8406995924317286	1.2303073458591602	0.5932556098383761	0.22974302345101702	32.225624958795336	0.027182605985911105
7.367536327628211	0.01	0.007	0.007	0.007	0.01	0.01450350894402592	0.015923760064596497	0.001499855532165065	0.0010261856973345662	0.008332258871945587	2.0211715241743096	1.8409219989706074	1.2296023981284228	0.5917519105733946	0.23112684662951624	31.856925004977306	0.027112875068189022
7.442584174397895	0.01	0.007	0.007	0.007	0.01	0.014335294286889282	0.015739073684777116	0.001475433164975941	0.001009331590529003	0.008238311093433528	2.026289557214772	1.8410056869534113	1.2288690284269337	0.5902221247883521	0.232491970089648	31.48787440683365	0.02704244718980551
7.518591407527232	0.01	0.007	0.007	0.007	0.01	0.014166918489400087	0.015554210375485626	0.0014512370164143076	0.0009926396906242887	0.008143751043447013	2.0313418933626664	1.8409490875919123	1.2281069174019514	0.5886658847758004	0.23383822315414776	31.11846341875881	0.026971305448158803
7.595584591273114	0.01	0.007	0.007	0.007	0.01	0.013998375571112383	0.01536916357055865	0.0014272618408269957	0.0009761061575517208	0.008048587979795976	2.036328373100009	1.8407505694527837	1.22731571934487	0.5870827911134795	0.23516544527291933	30.748678846259157	0.02689943168094344
7.673592173083817	0.01	0.007	0.007	0.007	0.01	0.013829657724867233	0.015183924698242942	0.0014035022766872738	0.0009597270801323223	0.007952829669046967	2.0412488740306065	1.8404084286479796	1.2264950588702113	0.5854724083483934	0.2364734868183549	30.378503484514983	0.026826806295245358
7.752644836784033	0.01	0.007	0.007	0.007	0.01	0.013660754794103424	0.014998482607323125	0.001379952782410172	0.0009434984317592213	0.007856482079084195	2.046103321567832	1.8399208764561805	1.225644525866859	0.5838342577416503	0.23776221168357342	30.007914971089473	0.02675340796972038
7.832775917325837	0.01	0.007	0.007	0.007	0.01	0.013491653676204196	0.01481282291204286	0.0013566075657309728	0.0009274160217326545	0.007759549022035637	2.050891700307485	1.8392860234750668	1.2247636693974329	0.5821678086780177	0.23903150000776976	29.63688447620199	0.026679213306159213
7.914021986305017	0.01	0.007	0.007	0.007	0.01	0.013322337437280765	0.01462692702020579	0.0013334604779009335	0.000911475422459418	0.007662031622898307	2.05561407178271	1.8385018586178086	1.2238519892451476	0.5804724664572586	0.24028125252140664	29.26537475966575	0.026604196331125284
7.99642370108433	0.01	0.007	0.007	0.007	0.01	0.01315278398037595	0.01444077067096688	0.0013105048537931441	0.0008956718595519261	0.007563927517651392	2.0602706020146657	1.8375662200362093	1.222908923810786	0.5787475544778008	0.24151139737685648	28.89333724766866	0.026528327765759394
8.080026913990974	0.01	0.007	0.007	0.007	0.01	0.012982964323437814	0.01425432204418129	0.0012877333090731283	0.000880000072577404	0.00746522980684549	2.06486159596219	1.8364767552778887	1.2219338340582526	0.5769922908236328	0.24272189864446325	28.520708252899258	0.02645157407234466
8.164884495453364	0.01	0.007	0.007	0.007	0.01	0.012812839632175338	0.014067538502711231	0.0012651373843106937	0.0008644540707567149	0.007365925259239755	2.06938756018378	1.8352308611334673	1.2209259777658914	0.5752057496534051	0.24391277201584827	28.14740246197619	0.026373895868344065
8.251059134298464	0.01	0.007	0.007	0.007	0.01	0.01264235662445967	0.013880361546816555	0.0012427069959508304	0.0008490267562615031	0.00726599152126747	2.0738492997856808	1.83382559122083	1.219884469945006	0.5733868016580878	0.24508410914205617	27.773302848588457	0.026295245482575086
8.33862802913966	0.01	0.007	0.007	0.007	0.01	0.012471439759245117	0.013692708238199364	0.0012204295009798658	0.0008337092825712473	0.007165392372840033	2.078248085010321	1.8322575043425358	1.2188082168857124	0.5715340140466395	0.24623611961652772	27.398243529195426	0.026215562843615325
8.427691526755284	0.01	0.007	0.007	0.007	0.01	0.012299976637898977	0.013504455171803825	0.001198287941424771	0.0008184898502277618	0.007064068867960766	2.0825859668761995	1.8305223927412442	1.2176957955821173	0.5696454660606284	0.24736921084282235	27.02197772132583	0.02613476787792053
8.518390216729157	0.01	0.007	0.007	0.007	0.01	0.012127788869198195	0.013315406487858499	0.0011762575352325356	0.0008033512997414333	0.006961921657661629	2.0868664112022657	1.8286147517693068	1.2165452159578247	0.5677183833810313	0.2484841488011484	26.644113797464094	0.026052745429336898
8.610943374907093	0.01	0.007	0.007	0.007	0.01	0.011954566064786188	0.013125221404048619	0.0011542977092275156	0.0007882656464901359	0.006858770969745799	2.091095744644006	1.8265266045025224	1.2153533881387497	0.5657483152974466	0.24958242540222914	26.263970417988155	0.025969311276963638
8.705750509421538	0.01	0.007	0.007	0.007	0.01	0.011779690656800866	0.012933221878982222	0.0011323309227585664	0.0007731795542454898	0.006754250456424808	2.0952870096638874	1.8242444276329228	1.214114718823789	0.5637269602195286	0.2506672389966268	25.88019204205341	0.025884122257699385
8.803733370918	0.01	0.007	0.007	0.007	0.01	0.01160164616897787	0.012737742940238862	0.001110171069204881	0.0007579652194433791	0.006647448869709296	2.099473022319961	1.8217388632962048	1.2128163914201464	0.5616348402112313	0.2517468180620102	25.489450209028465	0.025796373325473274
8.90816699818913	0.01	0.007	0.007	0.007	0.01	0.011414842764092244	0.01253264738501558	0.0010871390403297467	0.0007421566469587675	0.006534989843565011	2.1037765812716627	1.8189099174904797	1.211413129906572	0.5594020796756188	0.252852301684667	25.079476310552042	0.025703174856708793
9.01097067822032	0.01	0.007	0.007	0.007	0.01	0.011233893983097406	0.012333979728041402	0.0010650374724968017	0.0007269910504081548	0.0064256958835491335	2.1078586509418202	1.8159714824588704	1.2100130235002589	0.5572017489459752	0.2538963694145892	24.68234209244421	0.025611759859095713
9.086805522075021	0.01	0.007	0.007	0.007	0.01	0.011102255738077616	0.012189451174614454	0.0010490854983632436	0.0007160477747041485	0.006345912987710981	2.1107745688612978	1.8137096481664483	1.2089687807242455	0.5555773881021758	0.2546392487705015	24.393425485158865	0.025544534505638303
9.15908507146295	0.01	0.007	0.007	0.007	0.01	0.010978225509660067	0.012053275633622336	0.0010341515675880355	0.0007058048485093655	0.006270562030457485	2.113480414818715	1.8114817198001962	1.2079647906841922	0.5540283856471879	0.2553262659537264	24.121202239630133	0.025480625059987418
9.23246611398445	0.01	0.007	0.007	0.007	0.01	0.010853723034834907	0.011916581599297362	0.0010192532826025277	0.0006955882407736564	0.0061947623870524295	2.116155907213971	1.80914983568047	1.2069370916709092	0.5524551475111996	0.2560032140072771	23.847938038815958	0.025415905241602737
9.307153620261314	0.01	0.007	0.007	0.007	0.01	0.010728454266700192	0.01177904622870259	0.0010043556060486867	0.0006853739011729514	0.006118331596792999	2.118806638297842	1.8067060338919052	1.2058826759665036	0.5508534109787149	0.25667143146761334	23.57298739345878	0.025350201961874184
9.382361650275703	0.01	0.007	0.007	0.007	0.01	0.010603773893354717	0.011642156863230875	0.0009896186341167182	0.0006752715506985503	0.006042096561111473	2.121403732441744	1.8041754783648989	1.2048126093745912	0.549240175875788	0.25732359303313274	23.299323645202886	0.025284212402553678
9.457610881371181	0.01	0.007	0.007	0.007	0.01	0.01048047589867075	0.011506785235436882	0.0009751329153867219	0.0006653431703440984	0.005966548766382343	2.123931499453591	1.8015755366564257	1.2037338941732305	0.5476258792648908	0.2579557792461174	23.02868960040661	0.02521835861198181
9.532772665025337	0.01	0.007	0.007	0.007	0.01	0.010358752891748094	0.01137314281536386	0.0009609168412987892	0.0006556012574798976	0.005891814549900975	2.1263873163269085	1.7989126914787406	1.2026486492888895	0.546013435072718	0.2585673881096304	22.76150815558906	0.025152752570632205
9.607835041885773	0.01	0.007	0.007	0.007	0.01	0.01023860230622637	0.011241226785575152	0.0009469658182743015	0.0006460425570859256	0.005817900873575446	2.128772640027233	1.7961895342313599	1.201557334695372	0.544403248167069	0.25915884548043355	22.497773815232044	0.025087403635047197
9.682805943239703	0.01	0.007	0.007	0.007	0.01	0.010119989721333026	0.011110999354941194	0.0009332717342830471	0.0006366614093118053	0.005744794741661758	2.1310895270192067	1.7934078899347048	1.2004601131970232	0.5427952906079583	0.25973072596514685	22.237411160024454	0.025022303809483087
9.757693862033497	0.01	0.007	0.007	0.007	0.01	0.010002880746872016	0.010982422765888039	0.0009198267048619405	0.0006274523167601098	0.005672482716715695	2.1333399755304985	1.790569477795953	1.199357126863071	0.541189516688901	0.2602835879857109	21.980344832577256	0.02495744468922961
9.832506056460339	0.01	0.007	0.007	0.007	0.01	0.009887243810809953	0.010855462354956335	0.0009066233799184946	0.0006184101541748505	0.005600952669702593	2.135525874427227	1.7876759828017803	1.1982485240927583	0.5395859018286119	0.2608179612276531	21.726505656663818	0.024892819016000368
9.907248873370495	0.01	0.007	0.007	0.007	0.01	0.009773049534390827	0.010730085866728207	0.0008936548544810139	0.0006095301067927142	0.00553019343218065	2.1376490201494778	1.78472905096319	1.197134455906592	0.537984435942362	0.26133435100274227	21.475829266019918	0.024828420385144396
9.981928010089296	0.01	0.007	0.007	0.007	0.01	0.009660270238582791	0.010606262911944997	0.000880914597616403	0.0006008076212157939	0.005460194522923069	2.139711129970266	1.7817302850896326	1.1960150729167507	0.5363851181042771	0.2618332416410025	21.228255021307138	0.024764243010204023
10.0	0.01	0.007	0.007	0.007	0.01	0.009633174417271188	0.0105765137917859	0.0008778636051287647	0.0005987189744840116	0.005443354275878092	2.1402014072491	1.7809966194937916	1.195743270599488	0.5359982220475276	0.26195145237522277	21.168773408620048	0.02474873734152919
