0.0	0.01	0.007	0.007	0.007	0.01	0.0	0.0	0.0	0.0	0.0	0.0	0.0	0.0	0.0	0.0	100.0	0.035
0.006821002616529038	0.01	0.007	0.007	0.007	0.01	0.0027734755126145164	0.005247339491747835	0.0034814261204312623	0.00114964426983873	9.67555990637579e-5	0.00012916708413704444	0.0003667510646966586	0.00032184071442803273	7.463411309229206e-5	3.4205394083042054e-6	99.86294236492549	0.034991727050111256
0.011783751331034084	0.01	0.007	0.007	0.007	0.01	0.004685690391025978	0.008662354930124537	0.005904910962598987	0.001963331538496651	0.0001533863613468361	0.00037953714412923176	0.0010610063703918437	0.00094814756097144	0.00022087205239059983	9.633163664605122e-6	99.7633415754311	0.0349857091388273
0.018914647064579626	0.01	0.007	0.007	0.007	0.01	0.007285989664655268	0.01304120694257019	0.009232930886685583	0.0030998720808587347	0.0002186256409600875	0.0009564037091119987	0.002616193336111729	0.002398071841591658	0.0005622390545004875	2.2902850434952706e-5	99.6204006584128	0.03497706390849187
0.025914300647074114	0.01	0.007	0.007	0.007	0.01	0.009678753104306615	0.016801313816049684	0.012330743533625286	0.0041791026071859175	0.00026797283577262196	0.0017569242578507262	0.004707881665412086	0.004420911871958017	0.0010429754628595357	3.985998220877533e-5	99.48028971728112	0.0349685798689033
0.03406631163591067	0.01	0.007	0.007	0.007	0.01	0.01227879305305042	0.02059519124756672	0.015738560135789174	0.005392015249438498	0.0003114398597690419	0.002961606077641289	0.007754264925375647	0.007482339157274479	0.0017778688805788596	6.332491676195585e-5	99.31736059604752	0.034958701690429285
0.04259432953747802	0.01	0.007	0.007	0.007	0.01	0.014798389311935984	0.023982083908576472	0.019085921013538173	0.006611912025389605	0.00034480203277837974	0.0045125106959181	0.01154313664175853	0.011447606504621751	0.002740091450771375	9.104902003594739e-5	99.14720204555462	0.03494837087301759
0.05188794572423207	0.01	0.007	0.007	0.007	0.01	0.01732818569426427	0.027096258140618744	0.02249556187510549	0.007886389292774618	0.00037086612395183417	0.00651381818919652	0.016262747777800214	0.016596849754752497	0.0040039345608843995	0.00012391805241105102	98.96209954644074	0.034937116088242924
0.06169474239592217	0.01	0.007	0.007	0.007	0.01	0.019772624787844605	0.029832835037627233	0.0258410838047351	0.009171479234539197	0.00039003907788577315	0.008947338644624526	0.0217988001504333	0.022899288354328532	0.005569446452379834	0.00016070063970744154	98.76715066002193	0.034925243760203645
0.07213221759709225	0.01	0.007	0.007	0.007	0.01	0.022141707572090222	0.03222928928508359	0.02913609477575618	0.010474496705486922	0.00040387535997758826	0.01186686442799756	0.02820491309538469	0.030511183447113566	0.007483873508480597	0.00020144461873226397	98.56008640164582	0.034912612350538906
0.08312609204767661	0.01	0.007	0.007	0.007	0.01	0.024400722697564065	0.03427939373790407	0.032331265606491834	0.011777808590815163	0.0004134321641880696	0.015273558231743988	0.03541567050820854	0.039453815959526815	0.009762115052625659	0.0002455118075988496	98.34245341440142	0.03489931252787665
0.09472135085088262	0.01	0.007	0.007	0.007	0.01	0.02654509131749372	0.036012264225663705	0.03541737375941013	0.013078833760826969	0.0004197746642709047	0.01919692664925058	0.04343006664858676	0.04982335164686826	0.012439098516754142	0.0002927700225725684	98.11343620844865	0.034885290671199574
0.10691005168051813	0.01	0.007	0.007	0.007	0.01	0.028561413797576034	0.037450849951083	0.03837118602851162	0.014368626395439817	0.000423729683977752	0.023646505595077298	0.052208020608334516	0.06166412839717671	0.015537736293929502	0.0003429258811072369	97.87327291550616	0.03487055725345136
0.11972603296023435	0.01	0.007	0.007	0.007	0.01	0.030445704663374252	0.03862614993611242	0.04118153309230401	0.015642714838319242	0.000425967843774863	0.02864288345877461	0.06173587973256253	0.07504989737762444	0.019089760718842108	0.00039590309460463795	97.62138384441694	0.03485507230474223
0.1331924903477721	0.01	0.007	0.007	0.007	0.01	0.032193315170522	0.039567689469009425	0.043834917038562404	0.016895092323776367	0.0004269965088810933	0.034200463053904125	0.07199184850992334	0.09003772689950706	0.023123824035908427	0.0004516227550644163	97.35740855113058	0.03483880882499132
0.14735096928374836	0.01	0.007	0.007	0.007	0.01	0.03380305113114353	0.040305357998074984	0.04632167459090137	0.018121017200691845	0.0004271973669430416	0.04033889677214725	0.0829682634762598	0.10669802492169088	0.027673488405434904	0.0005101148758531479	97.0806376911156	0.03482171777229561
0.16224555168718574	0.01	0.007	0.007	0.007	0.01	0.03527445895414512	0.040867051567889015	0.04863199122341589	0.01931525650881831	0.00042685488868503317	0.04707735223278886	0.09466053544975384	0.12509856983921475	0.03277308592401674	0.0005714456794002351	96.79032662785548	0.03480374720032801
0.1779320300309497	0.01	0.007	0.007	0.007	0.01	0.03660860309497147	0.04127866288484173	0.050757122741163785	0.020472714120330138	0.0004261878612222169	0.05443871099546785	0.1070744789576605	0.14531514170587537	0.03846073617472221	0.0006357496448994315	96.4855192423114	0.03478483121894381
0.19447328891166407	0.01	0.007	0.007	0.007	0.01	0.03780725846793809	0.04156349939332992	0.052688156993209126	0.021587837910356747	0.0004253789814934084	0.06244776493274728	0.12022271951039395	0.16742570117255084	0.04477690250649754	0.0007032071920360862	96.16514213809789	0.03476489561279536
0.21194226159265295	0.01	0.007	0.007	0.007	0.01	0.03887296968114556	0.04174223386904039	0.05441610286803303	0.022654664823204117	0.00042460333929774855	0.07113263614906985	0.1341267484199475	0.19151308558419367	0.051765295514519145	0.0007740572016402825	95.82795163446303	0.03474385432578974
0.2304202149738101	0.01	0.007	0.007	0.007	0.01	0.03980877311261196	0.04183285610408573	0.05593144516588466	0.023666541468077142	0.0004240565139476954	0.08052387932617246	0.1488150964124759	0.21766100069384203	0.05947186369308074	0.0008485952889190064	95.47257216421235	0.03472161158632509
0.24999658385211068	0.01	0.007	0.007	0.007	0.01	0.04061815110812859	0.04185077575684157	0.0572240986328357	0.024616017391990378	0.0004239826800558276	0.09065414356269048	0.16432258908452532	0.24595111271308412	0.06794400837619072	0.0009271850632710962	95.09750495429776	0.03469806216925835
0.27076578494479747	0.01	0.007	0.007	0.007	0.01	0.04130494528055175	0.04180898283068797	0.05828337454568895	0.025494672553669925	0.000424702952308077	0.1015561413316759	0.18068713587971238	0.2764549436171927	0.07722811561126058	0.0010102660212454831	94.70119479817247	0.034673095294479664
0.2928219329135399	0.01	0.007	0.007	0.007	0.01	0.041873373465574265	0.041718277874538905	0.059098275895074784	0.02629304816130676	0.0004266426947575356	0.11325934256759612	0.19794491769775058	0.3092217270200386	0.0873655691988214	0.001098364407365828	94.28213571135838	0.03464660103613616
0.31624817137366706	0.01	0.007	0.007	0.007	0.01	0.042328105278670765	0.04158756413040918	0.059658181128739905	0.027000680918612727	0.0004303541532992693	0.12578371696803603	0.21612160919429518	0.344257758056907	0.09838565357813488	0.0011920958188815602	93.83907592577468	0.034618483169150525
0.34109959520471395	0.01	0.007	0.007	0.007	0.01	0.04267447081180939	0.041424205366991027	0.0599542178882271	0.027606423375013737	0.0004365267419061546	0.13913009786310826	0.2352192313756614	0.3814966818282827	0.11029481466753474	0.0012921546100072335	93.37133735587571	0.034588679635140764
0.36737866862629964	0.01	0.007	0.007	0.007	0.01	0.0429188120446256	0.041234442515930024	0.059981522496186226	0.02809922612317461	0.000445972346831699	0.15326689080409	0.2551983294274162	0.4207612859718489	0.12306207993910732	0.0013992777453401925	92.87926436119487	0.0345571918768627
0.3950101803838362	0.01	0.007	0.007	0.007	0.01	0.04306896170431142	0.04102380271722728	0.05974230672961608	0.02846960045314543	0.00045957254342276203	0.1681173944306859	0.27596139292009003	0.4617307299993453	0.1366049444225174	0.0015141918027597092	92.36466372375473	0.034524114533239815
0.42383585657006306	0.01	0.007	0.007	0.007	0.01	0.04313462692559202	0.040797326954892216	0.05924864481459557	0.028711646398817653	0.0004781914198144115	0.1835589619327383	0.29735256498192847	0.5039459183488122	0.15078708024408	0.0016375980109878778	91.83086175298594	0.034489641412458104
0.4536473701320051	0.01	0.007	0.007	0.007	0.01	0.043127210546655054	0.040559464294895896	0.05852287064446997	0.028824738936556456	0.0005025915037369504	0.19944371793919421	0.3191859653910883	0.5468782103138866	0.165438165110434	0.001770263292802261	91.28204861410168	0.03445402551962091
0.48423920293761546	0.01	0.007	0.007	0.007	0.01	0.043058854881653716	0.04031380520334747	0.05759470260672451	0.02881369310920921	0.0005333945573518872	0.2156295455083445	0.34128644018325677	0.5900251987515498	0.18038568287296886	0.0019131690533024763	90.72227985937461	0.03441751561256669
0.5154427983761449	0.01	0.007	0.007	0.007	0.01	0.04294122121797723	0.0400629864075463	0.05649699538959429	0.028687453327294086	0.0005710865165843991	0.23199960843065393	0.36351378074787116	0.6329702165206152	0.19547715312352307	0.0020675922514219285	90.15485326223705	0.0343803154521459
0.5471284865079855	0.01	0.007	0.007	0.007	0.01	0.042784663968501814	0.03980886014529845	0.05526251943333072	0.028457413448747425	0.0006160337516466589	0.2484633897509546	0.38576221910884884	0.6753874095374586	0.21058469258518467	0.002235065376045149	89.58229152528565	0.034342581696812376
0.5792026146844571	0.01	0.007	0.007	0.007	0.01	0.04259788724542464	0.03955267501492374	0.053921858245191974	0.02813603898057334	0.0006685106806376391	0.2649544567746374	0.4079564060122372	0.7170352518652607	0.22560540598134857	0.0024173336701061327	89.00641396853882	0.0343044275359548
0.6115969845876201	0.01	0.007	0.007	0.007	0.01	0.04238796120550538	0.03929527707381869	0.05250252191217046	0.027735948325519854	0.00072871920651849	0.2814239705541379	0.43004233181244816	0.7577376434620602	0.24045683738036053	0.002616285372607001	88.42854416796422	0.03426593545331102
0.6442628524213281	0.01	0.007	0.007	0.007	0.01	0.04216049170377507	0.03903723587851843	0.05102856892449606	0.027269328858479155	0.0007968089687340774	0.2978366228234101	0.4519819462576226	0.7973709220273268	0.25507392106359345	0.0028339113113464453	87.84963024781959	0.034227164502966125
0.6771648718387053	0.01	0.007	0.007	0.007	0.01	0.041919856774125366	0.03877894211766683	0.049520655137637745	0.026747612712924116	0.0008728903836835801	0.3141666946560341	0.4737481291874586	0.835851224636356	0.26940557010283145	0.0030722667543523594	87.27036228574534	0.03418815761050246
0.710277568302438	0.01	0.007	0.007	0.007	0.01	0.04166943643769505	0.03852066568201844	0.047996223024682545	0.026181299468235282	0.0009570452359863973	0.3303955797852238	0.4953216869368283	0.8731257319931647	0.28341230096254943	0.0033334491683662945	86.69124149640851	0.03414894583235394
0.7435824167963296	0.01	0.007	0.007	0.007	0.01	0.04141182060113876	0.03826259668833775	0.046469799932923606	0.025579886252508444	0.0010493325035420217	0.346509771128026	0.5166889628113743	0.9091653520030325	0.2970641082345227	0.003619579502566765	86.11263656203872	0.03410955187507718
0.7770661105697229	0.01	0.007	0.007	0.007	0.01	0.04114898087006811	0.03800486967846771	0.044953309428000715	0.024951854433202494	0.001149792122392484	0.36249957284927103	0.5378403819248578	0.943959451393148	0.3103388940491725	0.003932791022925177	85.53481745869597	0.03406999218550245
0.8107193116090764	0.01	0.007	0.007	0.007	0.01	0.0408824099921493	0.03774757964670512	0.04345638719735404	0.024304695793489046	0.0012584464729691017	0.3783581521862074	0.5587694055505793	0.9775116769959664	0.32322115512703015	0.004275221027370969	84.95797984952254	0.034030278459210896
0.8445359451766485	0.01	0.007	0.007	0.007	0.01	0.0406132309812236	0.037490791289967726	0.04198667563030298	0.023644958942745094	0.0013753009481650394	0.3940809325425279	0.5794718964993243	1.009836819467694	0.3357009525267063	0.004649006593821229	84.38225937293319	0.03399041849824317
0.8785127688557266	0.01	0.007	0.007	0.007	0.01	0.04034228189671303	0.03723454469098095	0.04055009681641152	0.022978309015729007	0.0015003438197035669	0.4096651739109601	0.5999456951839127	1.0409583286774002	0.3477730470885388	0.005056282779810882	83.8077408075981	0.03395041674029462
0.9126491763142619	0.01	0.007	0.007	0.007	0.01	0.04007018064899841	0.03697885839601812	0.03915109922194697	0.022309593779155052	0.0016335459993687678	0.42510970389542707	0.6201903631409618	1.0709063637481215	0.3594361782865519	0.005499183585567007	83.2344630016605	0.03391027450872381
0.9469471448798621	0.01	0.007	0.007	0.007	0.01	0.03979737422561478	0.036723730964996586	0.03779287905201387	0.021642912825452908	0.0017748609267366888	0.44041474295657984	0.6402070249500373	1.0997162269166474	0.370692445279911	0.0059798454274802015	82.66242126654933	0.033869990092318406
0.9814112551922537	0.01	0.007	0.007	0.007	0.01	0.039524176027327995	0.03646914175214924	0.0364775781773771	0.020981687832838273	0.001924224658058474	0.45558178153322165	0.6599982578077496	1.127427072390589	0.38154676061553927	0.006500412769204389	82.09156853525822	0.03382955874030801
1.0160488054256214	0.01	0.007	0.007	0.007	0.01	0.039250793680925544	0.036215050877686596	0.03520645783063707	0.020328731087326597	0.0020815564705593953	0.470613511849611	0.6795680364720057	1.1540808731504304	0.3920063798844585	0.00706304671356817	81.5218149745342	0.03378897254699405
1.05086993232991	0.01	0.007	0.007	0.007	0.01	0.03897735005804519	0.03596139911604937	0.0339800522943226	0.019686312316384368	0.002246759732874458	0.48551377014018576	0.6989216790305747	1.1797215440535136	0.4020804754252075	0.007669935694081404	80.95302755578024	0.033748220329584196
1.0858877835866274	0.01	0.007	0.007	0.007	0.01	0.03870389874379626	0.03570810741277076	0.03279830199844548	0.019056221826909456	0.0024197232606270424	0.5002875053684924	0.7180658171915748	1.2043942352784025	0.4117797657368716	0.008323309184765117	80.38502887208057	0.033707287447358576
1.1211187552937965	0.01	0.007	0.007	0.007	0.01	0.03843043509946611	0.035455075966583184	0.03166066728824563	0.018439829023439692	0.002600323242463933	0.5149407762213529	0.7370083951944951	1.2281447793917588	0.4211161990056603	0.009025455154015921	79.81759502268032	0.033666155546614424
1.156582731718713	0.01	0.007	0.007	0.007	0.01	0.038156904380378935	0.035202183356862975	0.030566226776411326	0.017838137064171665	0.002788425386795088	0.5294807467258812	0.7557586602953776	1.2510192259916946	0.4301026685564042	0.009778740472239266	79.25045362162241	0.03362480230537464
1.1923034598286921	0.01	0.007	0.007	0.007	0.01	0.037883206632917374	0.03494928478911282	0.029513757915938278	0.01725183123838854	0.0029838879024293046	0.5439157325079187	0.7743272129685578	1.273063532366569	0.4387527899219519	0.010585637357723483	78.68327984018651	0.03358320102376141
1.2283089830412182	0.01	0.007	0.007	0.007	0.01	0.037609199554956105	0.034696210041084766	0.028501804569781148	0.016681322653227717	0.0031865648820672567	0.5582552614530738	0.7927260701318302	1.294323331500789	0.4470807104987508	0.01144875523292473	78.11569178354361	0.03354132014937156
1.2646322453687247	0.01	0.007	0.007	0.007	0.01	0.03733469893538608	0.034442760362949694	0.027528730494931736	0.01612678582285332	0.003396310608178035	0.572510189017208	0.8109687930422133	1.3148438220227885	0.45510097037944797	0.012370881422188887	77.54724352379877	0.033499122609380906
1.3013119011079652	0.01	0.007	0.007	0.007	0.01	0.03705947680291801	0.03418870415601807	0.02659276051141072	0.015588190433896466	0.003612984926038485	0.5866928742026774	0.829070686486461	1.3346697654080664	0.46282840884738957	0.013355033281209383	76.97741539350298	0.033456564910635096
1.3383934468355116	0.01	0.007	0.007	0.007	0.01	0.03678325674886615	0.03393377071212942	0.02569200922578514	0.015065326630761744	0.0038364602816432056	0.6008174515271523	0.8470491126311233	1.3538456156253018	0.4702781258114953	0.014404527158119731	76.40559992773727	0.03341359587502085
1.3759307565038053	0.01	0.007	0.007	0.007	0.01	0.03650570614966309	0.03367764159224226	0.024824498719472697	0.014557824158582986	0.0040666307951029886	0.6149002155289965	0.8649239376941545	1.3724157736593958	0.47746549378272557	0.015523069899617438	75.83108250766944	0.03337015492059511
1.4139883520959202	0.01	0.007	0.007	0.007	0.01	0.03622642317321878	0.03341993756515771	0.02398816146343654	0.014065162804629638	0.0043034252143231855	0.6289602227307323	0.8827182402798447	1.3904250692559839	0.484406257534877	0.016714887700933278	75.2530120400248	0.0333261695095638
1.4526446732534875	0.01	0.007	0.007	0.007	0.01	0.03594491708125394	0.03316019963919494	0.023180828443256713	0.013586673776922591	0.00454682512553482	0.643020175378235	0.900459355177062	1.4079194952368566	0.49111672677247736	0.017984908885760927	74.67035837816987	0.03328155146840467
1.4919971218805017	0.01	0.007	0.007	0.007	0.01	0.035660576767446064	0.032897859447402804	0.022400193895374097	0.013121526663299672	0.004796892784767432	0.6571078202199502	0.9181805353650236	1.4249474081007076	0.4976141369959295	0.019339038603117923	74.08184584854592	0.03323619129915367
1.5321700879804303	0.01	0.007	0.007	0.007	0.01	0.035372619777768496	0.032632191780575484	0.02164374530817756	0.012668694913442859	0.005053815327988084	0.6712582080455223	0.9359236462448193	1.441561479951079	0.5039172751400061	0.02078458910772289	73.4858467095645	0.033189949117327366
1.573328586159773	0.01	0.007	0.007	0.007	0.01	0.03508000461472149	0.032362233362730634	0.0209086302061669	0.012226882478345724	0.005317980351634264	0.685517587996512	0.9537438250531318	1.4578220831903375	0.5100476066125385	0.022330999528451505	72.88019884645152	0.03314263923587878
1.6157033376801082	0.01	0.007	0.007	0.007	0.01	0.03478126804162957	0.03208663252210125	0.020191395505239098	0.011794372552121719	0.005590116442940004	0.6999506589455501	0.9717181826504963	1.4738036292172094	0.5160314331238516	0.023991141752715345	72.26186837303457	0.03309400177923437
1.659642468933889	0.01	0.007	0.007	0.007	0.01	0.03447418740222464	0.03180333749787624	0.019487427849594084	0.011368694152970555	0.005871586908270627	0.714655691080776	0.989964000945173	1.4896078978028577	0.5219044934750094	0.02578397597523354	71.62625008589723	0.03304364411424306
1.7057377898740451	0.01	0.007	0.007	0.007	0.01	0.034154950715874446	0.03150883070668251	0.018789541594958784	0.010945770293231245	0.006165118483197179	0.7298018832227394	1.0086838119312806	1.5053973295806526	0.5277235636634281	0.027740948459359444	70.96544894077785	0.032990897645621506
1.7552417827059534	0.01	0.007	0.007	0.007	0.01	0.03381539892022049	0.031195584561044525	0.01808316090360504	0.01051699571362868	0.006477248872966557	0.7457542385672674	1.0283165255956404	1.5215079582865316	0.5336061175122953	0.02992678463091046	70.26257034138858	0.03293434442720076
1.8124858863737408	0.01	0.007	0.007	0.007	0.01	0.033426965124607536	0.030837245043144033	0.01731779607155047	0.010051902974177148	0.0068326975347571045	0.7638037461862404	1.0504228302158498	1.5391162620208563	0.539965586196502	0.03255877817360801	69.45846937787088	0.032869069782829434
1.8665470398564945	0.01	0.007	0.007	0.007	0.01	0.03306422918589148	0.030502613406741878	0.016641653588132146	0.009640835362522809	0.0071615846137504545	0.7804670088445942	1.070725825716237	1.5548080054921727	0.5455649620856764	0.03514238907354011	68.70752975128003	0.03280754339772924
1.9171580662602492	0.01	0.007	0.007	0.007	0.01	0.03272821324757418	0.030192632065120698	0.016046490237849046	0.009279041332131817	0.0074623752263603	0.7957372119169203	1.0892387595104163	1.5687284365186314	0.5504733714020238	0.03764275466036192	68.01187402909027	0.03275004794578457
1.9667144367436584	0.01	0.007	0.007	0.007	0.01	0.032402510674412126	0.029892165305435904	0.015496516323535001	0.008944897713424924	0.00774933824944236	0.8103866673573878	1.1069124093818414	1.5816828647828272	0.5549868821238741	0.04016316373221216	67.33753998388002	0.03269384824528678
2.0145258030108213	0.01	0.007	0.007	0.007	0.01	0.032091351628777895	0.029605115392279786	0.01499446044093191	0.008640130470066343	0.008018396642868767	0.8242421292850433	1.1235469811297705	1.5935849990723265	0.5590837167771816	0.04265840903751203	66.69328865775601	0.03263971888488241
2.0613046584509536	0.01	0.007	0.007	0.007	0.01	0.0317898065457223	0.02932693462911411	0.014528513217330962	0.008357596117668677	0.00827365426493325	0.8375390615235216	1.1394339790537493	1.6046958605826398	0.5628614447265137	0.045156326112491964	66.06891631771843	0.03258684521342005
2.106936795495791	0.01	0.007	0.007	0.007	0.01	0.031498385846813706	0.029058093841165082	0.01409646644585362	0.008095958082893878	0.008514581596511313	0.850267515904467	1.1545685029745594	1.6150531059017033	0.5663391598629599	0.047643244658549216	65.46548212771353	0.03253535019468897
2.1517238653697257	0.01	0.007	0.007	0.007	0.01	0.031214961902196667	0.028796630223386806	0.013692616968716206	0.007851748598239243	0.008742929499381479	0.8625315993282844	1.1690806434130356	1.624780796700988	0.569564155004921	0.050128866756341386	64.87858256714318	0.032484887947268816
2.1957106301439655	0.01	0.007	0.007	0.007	0.01	0.030939086877981598	0.02854213062397315	0.01331424191816448	0.0076232990706588824	0.008959084280762463	0.8743599970846418	1.183009632704879	1.63393408733146	0.5725595287990054	0.052609928180298	64.3072920326013	0.03243540359750533
2.239059743704913	0.01	0.007	0.007	0.007	0.01	0.030669598429776082	0.028293522749356172	0.012957978393621285	0.007408551718978238	0.009164020432458609	0.8858106734323424	1.1964283928788966	1.6425855099303557	0.5753532845283169	0.0550905189230627	63.7492050429033	0.032386710343381815
2.281846110987266	0.01	0.007	0.007	0.007	0.01	0.030405912115707406	0.02805026743538611	0.012621566846578341	0.0072061151105682055	0.009358262189286773	0.8969153998461098	1.2093781621161577	1.650782495596045	0.5779644702623128	0.05757046348620741	63.203112584504616	0.03233872089503121
2.324173744608624	0.01	0.007	0.007	0.007	0.01	0.030147285488289797	0.02781167975742834	0.012302787011851496	0.007014622863306489	0.009542451803570459	0.9077114934830496	1.2219059736022535	1.6585727847172314	0.58041161460606	0.06005180396092915	62.667478201083526	0.03229131593501269
2.3661126454845185	0.01	0.007	0.007	0.007	0.01	0.029893205440867734	0.027577286363353912	0.01199991486448789	0.006833009315496625	0.009717056930141573	0.9182256186917465	1.2340458290644563	1.6659930510034675	0.5827091891278668	0.0625350688744777	62.14124020364984	0.03224441487373269
2.407736343522957	0.01	0.007	0.007	0.007	0.01	0.02964315400437392	0.027346609416296127	0.011711386429473987	0.006660307360821899	0.009882541702031525	0.928483808291659	1.2458304789074195	1.6730768856047031	0.5848702449319705	0.06502136808721826	61.623326666704656	0.03219793366468872
2.4491028140432363	0.01	0.007	0.007	0.007	0.01	0.029396721795994403	0.02711927125270717	0.011435904548000041	0.006495712429469801	0.010039287892788632	0.9385068911398502	1.2572862167335532	1.6798520208428502	0.5869056291915519	0.06751120075513879	61.11289042043852	0.032151806086077
2.4902670262941644	0.01	0.007	0.007	0.007	0.01	0.029153529785827453	0.026894922210477852	0.011172320954679798	0.0063385115977562575	0.010187649523078815	0.9483138476905656	1.2684368265061594	1.68634309005788	0.5888249075761409	0.07000514304166418	60.609147040643336	0.032105969644636724
2.531275491868442	0.01	0.007	0.007	0.007	0.01	0.028913259958316704	0.026673268914524196	0.010919650908033656	0.00618809208893262	0.010327934425400791	0.957920660275789	1.2793023298494477	1.692571165510611	0.5906362835469497	0.07250347592977538	60.11143837698808	0.03206037160280248
2.5721710748124713	0.01	0.007	0.007	0.007	0.01	0.02867562509558111	0.026454046401278263	0.010677023363292707	0.006043911259576159	0.010460424687466106	0.9673416247040916	1.2899005374114807	1.6985549026642384	0.5923469901155413	0.07500643841705977	59.61916998144692	0.032014963570070346
2.6129911823647745	0.01	0.007	0.007	0.007	0.01	0.02844037802619841	0.026237026650807214	0.010443677474848277	0.005905494255047389	0.010585372638009698	0.9765890517136049	1.30024675745597	1.7043105612513385	0.5939633385226418	0.07751408761591828	59.13183028103485	0.03196970347557955
2.653769603792687	0.01	0.007	0.007	0.007	0.01	0.028207299651899245	0.02602200754118961	0.010218938998042161	0.005772419717173026	0.010703009292062247	0.9856738077229201	1.3103544479785896	1.7098525348021145	0.5954909081087199	0.08002638626850712	58.64896578816945	0.03192455348840655
2.6945366246519633	0.01	0.007	0.007	0.007	0.01	0.027976197283120136	0.025808811313014435	0.01000220959703622	0.005644313205921646	0.010813546556584553	0.9946054325867448	1.3202353833997431	1.7151935724108307	0.5969346400962375	0.08254318992176995	58.17017766324612	0.03187947986140882
2.735319755117091	0.01	0.007	0.007	0.007	0.01	0.02774689960664955	0.025597279926931837	0.009792954455064111	0.005520839645091616	0.010917181001044567	1.0033923807656489	1.3298999533645386	1.7203450503593396	0.5982989397514672	0.08506427552460666	57.69511129842742	0.03183445209924577
2.776143974507141	0.01	0.007	0.007	0.007	0.01	0.02751925457340067	0.025387273115079625	0.009590694067203923	0.005401698275073483	0.011014095907647682	1.012042140723147	1.3393573206671372	1.7253171468544581	0.5995877469402935	0.08758934324978761	57.22345194938882	0.031789442666700016
2.817032185819782	0.01	0.007	0.007	0.007	0.01	0.027293126221034792	0.025178665449892355	0.009394996121136338	0.005286617684319487	0.011104463623043886	1.0205613890546235	1.3486156131842164	1.7301190194713796	0.6008046033812467	0.09011803366719508	56.754918159016015	0.0317444264685714
2.8580054273246827	0.01	0.007	0.007	0.007	0.01	0.027068392967424984	0.024971344769789978	0.009205469604375276	0.005175352178450979	0.011188447061289018	1.0289560828839868	1.3576820441796678	1.7347589316254681	0.6019527029947636	0.09264993182113956	56.289258227332304	0.03169938060096671
2.899083193208501	0.01	0.007	0.007	0.007	0.01	0.02684494538622679	0.024765210127101187	0.009021759176632303	0.005067678326753325	0.011266201259811693	1.0372315673785166	1.3665630459199882	1.7392443755333198	0.6030349384377692	0.09518457958174908	55.826245607453366	0.03165428398511154
2.9402835996190566	0.01	0.007	0.007	0.007	0.01	0.02662268491209343	0.02456017059360189	0.008843540938460496	0.0049633923483080825	0.011337874423005372	1.0453926444653074	1.3752643584294952	1.7435821632995512	0.6040539371096921	0.09772147966662179	55.365676226962975	0.03160911717365932
2.981623595885392	0.01	0.007	0.007	0.007	0.01	0.026401522359728303	0.024356143894315244	0.008670518526174344	0.004862307705782874	0.011403608918551801	1.0534436453847629	1.383791120137052	1.7477785119140579	0.6050120935829363	0.10026010344249622	54.9073654228981	0.03156386210923245
3.023119113214697	0.01	0.007	0.007	0.007	0.01	0.026181376837832872	0.024153055405610156	0.00850241993843111	0.004764253142461549	0.011463542028287964	1.0613884858889193	1.3921479378916208	1.751839111879033	0.6059115962689872	0.10279989566172781	54.45114569443391	0.0315185019533126
3.0647852089735594	0.01	0.007	0.007	0.007	0.01	0.02596217473228677	0.023950837217167734	0.008338994753769181	0.004669070960564276	0.011517806588446726	1.0692307166331805	1.4003389501696772	1.7557691875167514	0.6067544505864532	0.10534027956666932	53.99686459855434	0.031473020921396144
3.1066361769027955	0.01	0.007	0.007	0.007	0.01	0.025743848909864534	0.02374942739739678	0.008180011800317539	0.004576615574722394	0.011566531490741863	1.0769735636327822	1.408367878325166	1.7595735472706304	0.6075424985142932	0.10788066042229516	53.54438310233249	0.03142740415665101
3.148685653971796	0.01	0.007	0.007	0.007	0.01	0.025526337972702925	0.023548769305667534	0.008025257099550693	0.004486752235005915	0.011609842106945923	1.0846199652571231	1.4162380729538888	1.7632566281528324	0.6082774356898107	0.1104204292641697	53.09357404003791	0.03138163760829636
3.190946716033543	0.01	0.007	0.007	0.007	0.01	0.025309585601644757	0.023348810986535545	0.007874532078287418	0.004399355914876337	0.01164786063391295	1.0921726045892697	1.4239525542866378	1.7668225343370283	0.6089608262143423	0.11295896629475773	52.644320754121914	0.03133570792317741
3.233431942721564	0.01	0.007	0.007	0.007	0.01	0.0250935400833245	0.023149504733470622	0.007727652080689285	0.004314310381117709	0.01168070635645135	1.0996339341141723	1.4315140437258556	1.7702750690747393	0.6095941152054655	0.11549564269795659	52.19651611676281	0.031289602371619825
3.2761534993938755	0.01	0.007	0.007	0.007	0.01	0.02487815377103835	0.02295080659150048	0.007584444978167605	0.004231507327431809	0.011708495883934866	1.1070062016752784	1.4389249958433623	1.7736177646635036	0.6101786401658634	0.1180298237031403	51.750061413945495	0.031243308755456334
3.3191231970199717	0.01	0.007	0.007	0.007	0.01	0.02466338267872309	0.022752675982649736	0.007444749997398366	0.004150845640622666	0.011731343328313163	1.1142914708471252	1.4461876239068496	1.7768539075472254	0.6107156407032045	0.12056087049486004	51.30486550522438	0.031196815340697088
3.362352535310058	0.01	0.007	0.007	0.007	0.01	0.024449186174784632	0.022555075423492017	0.00730841671910816	0.004072230770950393	0.011749360445020588	1.1214916371405894	1.4533039205998515	1.7799865596672102	0.611206266969613	0.12308814128437306	50.860844190294024	0.031150110808877675
3.405852775084555	0.01	0.007	0.007	0.007	0.01	0.024235526545446563	0.02235797012233149	0.007175304085610768	0.003995574112530947	0.011762656762064054	1.1286084479054088	1.4602756818108193	1.7830185797654896	0.6116515875008499	0.12561099420958566	50.417919304929654	0.03110318417731342
3.4496349478578123	0.01	0.007	0.007	0.007	0.01	0.024022368882233663	0.02216132787540529	0.007045279694536482	0.0039207925532067645	0.011771339662414436	1.135643510727917	1.467104518530704	1.7859526382382729	0.6120525955263606	0.1281287866576654	49.97601848871383	0.031056024787645874
3.4937099325259506	0.01	0.007	0.007	0.007	0.01	0.02380968065041886	0.021965118668768116	0.006918218961499628	0.0038478079528745557	0.011775514472761098	1.142598311959037	1.4737918782458925	1.7887912350820514	0.612410215283913	0.13064087856380405	49.5350742912797	0.031008622222377918
3.538088462986913	0.01	0.007	0.007	0.007	0.01	0.02359743160678975	0.021769314602431148	0.006794004560414598	0.0037765467852480536	0.011775284518163474	1.1494742231502002	1.4803390540873178	1.791536711598378	0.6127253070140988	0.13314663176600536	49.09502400260701	0.03096096629628733
3.5827811861162915	0.01	0.007	0.007	0.007	0.01	0.023385593482313356	0.021573889597614634	0.006672525774098012	0.003706939731265546	0.011770751173969836	1.1562725148140405	1.486747200700124	1.7941912641668727	0.6129986718571397	0.13564541229034444	48.65580899582751	0.03091304699398099
3.6277987063247057	0.01	0.007	0.007	0.007	0.01	0.023174139742852744	0.021378819176004794	0.006553677944088189	0.003638921332609981	0.011762013896777557	1.1629943671082907	1.493017346663299	1.7967569557617908	0.6132310560528254	0.13813659184175808	48.21737423172411	0.030864854422396514
3.6731515587308867	0.01	0.007	0.007	0.007	0.01	0.02296304569233474	0.021184080554928868	0.0064373621528311786	0.003572429780880385	0.011749170264004707	1.1696408693289937	1.4991503961829962	1.799235722457684	0.6134231543678564	0.14061954537264304	47.779668473210926	0.030816378840011507
3.7188502845969227	0.01	0.007	0.007	0.007	0.01	0.022752288099829005	0.020989652303328495	0.006323484670921122	0.0035074065746199855	0.011732315994076137	1.1762130343431496	1.5051471445431097	1.8016293850489629	0.6135756137411471	0.14309365436444588	47.34264351263557	0.030767610576760387
3.7649054540291926	0.01	0.007	0.007	0.007	0.01	0.022541845085887365	0.020795514236905868	0.006211956587997397	0.003443796283851453	0.011711544962332659	1.1827118043583575	1.511008285054262	1.8039396566149808	0.6136890362179099	0.14555830712998344	46.90625393653825	0.030718540010882117
3.8113276738007755	0.01	0.007	0.007	0.007	0.01	0.02233169608176368	0.02060164738050377	0.006102693508997543	0.00338154635386891	0.011686949223447166	1.1891380542524983	1.5167344136120857	1.8061681487195442	0.6137639815817839	0.1480128983367837	46.47045704149879	0.03066915756184547
3.8581276420919006	0.01	0.007	0.007	0.007	0.01	0.02212182158121288	0.020408033739135408	0.005995615166889624	0.0033206068632784694	0.011658619008506234	1.1954926010640898	1.522326038556366	1.8083163792873065	0.6138009698173937	0.15045683101824003	46.03521231980271	0.030619453633599362
3.9053161580076523	0.01	0.007	0.007	0.007	0.01	0.0219122031060791	0.02021465626623907	0.005890645172692766	0.0032609303620620834	0.01162664273852784	1.201776206644445	1.5277835841113758	1.8103857775771197	0.6138004831958678	0.15288951612835594	45.60048138837855	0.030569418606338522
3.952904163074875	0.01	0.007	0.007	0.007	0.01	0.021702823034149894	0.020021498704870383	0.0057877107153301395	0.0032024716826310833	0.011591107017893842	1.2079895843030375	1.53310739714348	1.812377690112238	0.6137629681711855	0.1553103737427049	45.166227632054884	0.03051904279458794
4.000902752285836	0.01	0.007	0.007	0.007	0.01	0.02149366456942954	0.01982854556027901	0.0056867423524912435	0.0031451878040878226	0.011552096645492043	1.2141334009698244	1.5382977497797996	1.8142933847313913	0.61368883705195	0.15771883263587283	44.73241614212866	0.030468316437928206
4.04932322427608	0.01	0.007	0.007	0.007	0.01	0.021284711546940047	0.019635781919833666	0.00558767373744971	0.003089037681446524	0.011509694595049818	1.2202082840807997	1.5433548458510284	1.8161340557969985	0.6135784694443491	0.160114331795249	44.29901331169655	0.030417229650637954
4.098177100959583	0.01	0.007	0.007	0.007	0.01	0.02107594837983937	0.019443193404237714	0.005490441432471718	0.0030339821252755262	0.011463982015489985	1.2262148240295583	1.5482788232787628	1.817900827625627	0.6134322135163677	0.16249632030024355	43.86598672609574	0.03036577240407377
4.147476157808859	0.01	0.007	0.007	0.007	0.01	0.020867359966385383	0.019250766081701516	0.005394984716313337	0.0029799836790800932	0.011415038223104919	1.2321535776531014	1.553069757149443	1.819594757957799	0.61325038708909	0.16486425767731616	43.433304970023144	0.030313934498146695
4.197232472043833	0.01	0.007	0.007	0.007	0.01	0.020658931529569057	0.019058486320000633	0.005301245374964629	0.0029270064882876753	0.01136294067390525	1.2380250734292497	1.5577276638960205	1.821216841593022	0.6130332784825773	0.16721761501508303	43.00093729493096	0.030261705514419295
4.247458439413367	0.01	0.007	0.007	0.007	0.01	0.020450648598120565	0.018866340768953615	0.005209167569656642	0.0028750162139182718	0.011307764965990355	1.243829812459125	1.5622525018185016	1.822768012528449	0.6127811473130805	0.16955587446551418	42.56885357962271	0.03020907480269515
4.2981668425347745	0.01	0.007	0.007	0.007	0.01	0.02024249678077601	0.018674316152177958	0.005118697623597941	0.0028239799012314557	0.011249584786824198	1.249568275077168	1.566644175789171	1.8242491473654825	0.6124942249047276	0.1718785310611361	42.13702386192848	0.03015603141400398
4.349370867706449	0.01	0.007	0.007	0.007	0.01	0.0200344617655928	0.018482399266458532	0.005029783920253533	0.0027738659122309105	0.011188471914487675	1.2552409209443487	1.570902536524985	1.825661066657577	0.6121727147805995	0.17418509197032495	41.705418337171224	0.030102564088205306
4.401084177814066	0.01	0.007	0.007	0.007	0.01	0.019826529098645115	0.018290576777588954	0.004942376715089208	0.002724643810107252	0.011124496155266414	1.26084819504954	1.5750273841081395	1.8270045375358313	0.6118167927003432	0.1764750781866067	41.27400689888331	0.030048661183484985
4.453320946934342	0.01	0.007	0.007	0.007	0.01	0.019618684132165738	0.01809883517253122	0.004856428030863367	0.002676284291542438	0.011057725324287126	1.266390528811171	1.5790184674022572	1.828280274786879	0.6114266067547445	0.1787480242803982	40.84275903098315	0.029994310646620878
4.506095924913056	0.01	0.007	0.007	0.007	0.01	0.019410911863470177	0.017907160610819095	0.004771891515054397	0.0026287590983363495	0.010988225190572243	1.2718683439404883	1.5828754851880984	1.8294889423524565	0.6110022771240357	0.18100347931027044	40.411643473290084	0.02993949995269177
4.559424505290527	0.01	0.007	0.007	0.007	0.01	0.019203196776588483	0.017715538778459657	0.0046887223083350695	0.0025820409359175018	0.010916059416189974	1.277282055935069	1.5865980865480291	1.830631154413661	0.610543895630995	0.18324100762551196	39.980627892561216	0.029884216042226762
4.613322800443274	0.01	0.007	0.007	0.007	0.01	0.01899552267272994	0.017523954731532548	0.004606876917760873	0.0025361033951203007	0.010841289485183597	1.2826320775624238	1.5901858707286385	1.8317074761426941	0.610051525058699	0.1854601897002434	39.54967853025644	0.029828445251870346
4.667807724466668	0.01	0.007	0.007	0.007	0.01	0.01878787248968334	0.01733239272958218	0.004526313094468981	0.002490920877073061	0.010763974621876357	1.2879188223059679	1.5936383864091201	1.8327184241021395	0.6095251982200949	0.18766062298237904	39.11875982723389	0.02977217323815254
4.722897080688243	0.01	0.007	0.007	0.007	0.01	0.018580228124063753	0.017140836071635437	0.00444698972092308	0.0024464685239778666	0.010684171703628956	1.2931427074001498	1.5969551300841616	1.8336644662098873	0.6089649168040514	0.18984192259583554	38.68783405423558	0.029715384897711153
4.778609684048588	0.01	0.007	0.007	0.007	0.01	0.018372570145685642	0.016949266832703674	0.004368866665579016	0.0024027221321496818	0.010601935124385932	1.298304159193621	1.600135545207387	1.8345460217304923	0.6083706496727282	0.1920037230359726	38.25686071836658	0.029658064252993672
4.834965471798569	0.01	0.007	0.007	0.007	0.01	0.01816487758488268	0.016757665667579157	0.004291904675078396	0.0023596580866007406	0.010517316675806649	1.3034036161966347	1.603179018975389	1.835363460375432	0.6077423310448153	0.19414567891911982	37.82579612079281	0.02960019435173111
4.891985655294943	0.01	0.007	0.007	0.007	0.01	0.01795712759816361	0.016566011502393847	0.004216065229794492	0.002317253275576818	0.010430365370198764	1.3084415346530158	1.6060848797081793	1.836117101345111	0.6070798580062535	0.19626746680103516	37.39459266175747	0.029541757126043195
4.949692885092926	0.01	0.007	0.007	0.007	0.01	0.01774929512386064	0.016374281216945535	0.004141310406512421	0.0022754850095814496	0.010341127245419855	1.3134183937168067	1.608852392763114	1.836807211692508	0.6063830875852325	0.19836878684254108	36.963198124598044	0.029482733240236047
5.008111438370644	0.01	0.007	0.007	0.007	0.01	0.01754135249978917	0.016182449291978485	0.004067602737870886	0.0022343309390538426	0.010249645139899408	1.3183347008630788	1.6114807552211645	1.837434004060849	0.6056518332694971	0.20044936457672854	36.53155488066323	0.029423101918360027
5.067267466355747	0.01	0.007	0.007	0.007	0.01	0.01733326891789492	0.015990487306080697	0.003994905025700032	0.0021937689467773844	0.010155958379466734	1.3231910003427843	1.6139690905499846	1.8379976340230857	0.6048858604391287	0.20250895396247676	36.09959875555362	0.029362840713621403
5.127189266619611	0.01	0.007	0.007	0.007	0.01	0.01712500985510851	0.015798363410631483	0.0039231801605968996	0.0021537770442922417	0.010060102430952447	1.3279878811379886	1.616316440856872	1.8384981963466132	0.6040848810572379	0.2045473402234595	35.66725784558565	0.029301925256335806
5.187907590902269	0.01	0.007	0.007	0.007	0.01	0.016916536451647556	0.015606041756267817	0.0038523909376402712	0.002114333266642899	0.009962108509512414	1.3327259850016924	1.6185217568008141	1.838935720168017	0.6032485474513346	0.20656434270290974	35.23445122473619	0.02924032897015082
5.249456082955843	0.01	0.007	0.007	0.007	0.01	0.016707804529215234	0.015413481587146007	0.003782499766553126	0.002075415508837818	0.009862002989441761	1.3374060213005836	1.6205838877085963	1.839310163441787	0.6023764437860786	0.208559820584838	34.80108690346582	0.0291780226617154
5.311871732679339	0.01	0.007	0.007	0.007	0.01	0.016498763666586716	0.015220636388144287	0.0037134684235532356	0.0020370013861693613	0.00975980680383866	1.3420287786954044	1.6225015662740758	1.8396214052973006	0.6014680766195046	0.21053367723303382	34.3670599059902	0.02911497410076889
5.375195523782319	0.01	0.007	0.007	0.007	0.01	0.01628935575597342	0.015027452553069651	0.0036452576547030945	0.0019990680125200715	0.009655534550824256	1.3465951462341537	1.6242733925725232	1.8398692369671448	0.6005228619095729	0.212485868485457	33.93224926871487	0.029051147412777985
5.439473143262643	0.01	0.007	0.007	0.007	0.01	0.01607951352600646	0.014833868022068935	0.003577826800060449	0.001961591791048124	0.00954919352655381	1.3511061323244686	1.6258978109209472	1.8400533497498617	0.599540110110055	0.2144164099647121	33.49651496828347	0.028986502419848393
5.504756020415509	0.01	0.007	0.007	0.007	0.01	0.015869158194722986	0.014639810116445107	0.003511133173672876	0.0019245480700371687	0.009440782253706925	1.3555628990466528	1.6273730845917742	1.8401733201809842	0.5985190050955143	0.21632539083478503	33.05969304180407	0.02892099366309087
5.57110251762166	0.01	0.007	0.007	0.007	0.01	0.01565819691489434	0.014445193181902268	0.0034451314282540565	0.0018879107914295359	0.009330288810243307	1.3599667961065776	1.6286972595037488	1.8402285903239082	0.5974585791390107	0.21821298725068686	32.62159027404584	0.028854569290155046
5.638579649457124	0.01	0.007	0.007	0.007	0.01	0.015446518888285778	0.014249915003844853	0.00337977256218683	0.001851651942144587	0.009217688353030003	1.3643194167735098	1.629868120885778	1.8402184422953922	0.5963576775816668	0.22007948500273708	32.181976118178405	0.028787169435709525
5.707265295203937	0.01	0.007	0.007	0.007	0.01	0.015233990421005438	0.014053852245802762	0.0033150026846524385	0.001815740873117267	0.009102939920094234	1.368622667233467	1.6308831337461147	1.8401419639731238	0.5952149128170604	0.22192530759971255	31.74057241415769	0.02871872413962568
5.777251303199677	0.01	0.007	0.007	0.007	0.01	0.01502044787184789	0.013856853944087949	0.0032507612490577783	0.0017801433259541412	0.008985981889850229	1.3728788674666492	1.6317393638472883	1.8399980022442932	0.5940286000128705	0.22375105741093046	31.29703872674554	0.028649150417437968
5.848647906604233	0.01	0.007	0.007	0.007	0.01	0.01480568752703283	0.013658732166968748	0.0031869785194511726	0.001744820037996425	0.008866725462733694	1.377090897345161	1.6324333684120675	1.839785097348771	0.5927966657753344	0.22555757552148453	30.850951293376966	0.028578348085449425
5.921590280224451	0.01	0.007	0.007	0.007	0.01	0.014589450386810962	0.01345924797990731	0.0031235717550836153	0.0017097246424392111	0.008745044889050783	1.3812624189187728	1.6329610404804236	1.8395013874117072	0.5915165129213824	0.22734603321451316	30.401771394126687	0.028506193547792165
5.996248659491521	0.01	0.007	0.007	0.007	0.01	0.014371398448956914	0.013258089566451924	0.0030604392506801688	0.0016748003891306235	0.0086207622597939	1.3853982264492255	1.6333173773259957	1.8391444637477656	0.5901848122808355	0.22911807654938648	29.948796044462544	0.02843253018963903
6.0728449148458665	0.01	0.007	0.007	0.007	0.01	0.014151075420426817	0.013054835983705446	0.0029974504253598984	0.0016399746915645797	0.008493622381841216	1.3895048333000752	1.6334961181618501	1.8387111392889037	0.5887971628650338	0.23087606962061677	29.49107631674278	0.028357152608664657
6.151681802090132	0.01	0.007	0.007	0.007	0.01	0.01392783657157111	0.012848892451003192	0.0029344280432361002	0.0016051493442628244	0.008363248068523624	1.3935915329979656	1.6334891368533246	1.8381970503213716	0.5873474945394221	0.23262353579156267	29.027271516232908	0.02827977872739947
6.233200023549062	0.01	0.007	0.007	0.007	0.01	0.013700710292512634	0.01263936263209312	0.002871112937571119	0.00157018111074261	0.008229052222464565	1.3976725200755882	1.6332853222084989	1.8375959008799116	0.5858269078810031	0.23436604229674726	28.55536138603763	0.028199995274692368
6.318106441673558	0.01	0.007	0.007	0.007	0.01	0.013468083474307814	0.01242475839124021	0.002807083405281076	0.001534837359318422	0.008090038809867892	1.4017717695407101	1.6328682083243196	1.8368978132833975	0.5842210793339476	0.2361132410569214	28.071992106001375	0.02811713503348443
6.4077421970442225	0.01	0.007	0.007	0.007	0.01	0.013226786626399175	0.012202155791263677	0.0027415192054332377	0.0014986661384253847	0.007944226982937883	1.4059374295897824	1.6322096674754984	1.836084758083643	0.5825028539836711	0.23788490558132128	27.570574601968886	0.02802992360240246
6.505674464298886	0.01	0.007	0.007	0.007	0.01	0.012968098158598278	0.01196350894808348	0.0026721653499240635	0.0014604256036684082	0.007786146029567681	1.4103053733294462	1.6312443461968416	1.835111363257677	0.5806003645280821	0.23973764485382287	27.032979262957188	0.027934949240749393
6.626438934774285	0.01	0.007	0.007	0.007	0.01	0.012656058502680484	0.011675644395473342	0.002589756456512308	0.0014150149743862425	0.0075931736703679234	1.4154388281606278	1.6297167002823965	1.833795212094549	0.5782206840210143	0.24190733036926984	26.384458766696824	0.02781827526227736
6.702503462378038	0.01	0.007	0.007	0.007	0.01	0.012463385668936969	0.011497898338346142	0.0025395334501954626	0.0013873549882733663	0.007472752108475896	1.4185344137971807	1.628571742486001	1.8329039095334974	0.5767040999602944	0.24321096552034635	25.98399221917681	0.027745037423300253
6.7836490932545725	0.01	0.007	0.007	0.007	0.01	0.012261076968947699	0.011311263106993846	0.002487327487970856	0.0013586146901947316	0.007345370595426362	1.4217237065338277	1.6272011000944793	1.8319025147388501	0.5750721314224109	0.24454978680544565	25.563473210886556	0.02766711985635583
6.866378516365339	0.01	0.007	0.007	0.007	0.01	0.012058202152102524	0.011124105633091423	0.002435506855085074	0.0013300982914169722	0.00721668085348608	1.4248588852597297	1.6256509077224919	1.8308300647764324	0.5733942405654876	0.24586116321455617	25.141751940531343	0.027587906765313364
6.948190479158037	0.01	0.007	0.007	0.007	0.01	0.011860880711572933	0.010942071274032404	0.002385603411792351	0.00130264787324644	0.007090627075965859	1.427847505636341	1.6239718602836282	1.8297205142435824	0.5717218506151044	0.24710636948630305	24.731549775637966	0.02750979517565829
7.029157675930447	0.01	0.007	0.007	0.007	0.01	0.011668778122685082	0.010764851419524558	0.00233748152795608	0.0012761875251340855	0.00696709694853313	1.4306993664176622	1.622172525975292	1.8285764631891195	0.5700547025268285	0.24828967495233636	24.332172989375128	0.027432707894353446
7.109348895239716	0.01	0.007	0.007	0.007	0.01	0.011481585510507597	0.010592161125031866	0.0022910181097516246	0.0012506484009950048	0.00684598245607843	1.433423388841941	1.6202605249891309	1.827400178292484	0.5683924852761912	0.24941497800641801	23.942981007329315	0.02735657232458176
7.188838797458019	0.01	0.007	0.007	0.007	0.01	0.011298995732892341	0.010423717045074662	0.002246095909040335	0.001225965018151917	0.006727165960512419	1.436028013703496	1.6182423915674424	1.8261934886230813	0.5667346481407948	0.25048596830463227	23.563336697351854	0.02728131114421482
7.267694503100868	0.01	0.007	0.007	0.007	0.01	0.011120733703031144	0.010259265406048018	0.0022026103973584637	0.0012020790156362874	0.006610541149472049	1.438520803775643	1.6161239788019115	1.8249580168986086	0.565080691857423	0.2515059612316829	23.19266942707055	0.02720685500492701
7.3459781147285135	0.01	0.007	0.007	0.007	0.01	0.01094654870007226	0.010098574912484122	0.0021604671764735885	0.0011789377112752495	0.0064960094328722255	1.4409086102560826	1.6139105114475463	1.8236951851473537	0.5634301308937283	0.2524779673295318	22.830459096018938	0.02713314004199079
7.42374636005403	0.01	0.007	0.007	0.007	0.01	0.010776213607323913	0.009941436044272074	0.0021195812142696235	0.0011564936653210617	0.006383480598138008	1.4431976309338508	1.6116066923932082	1.8224062566528587	0.5617825132447896	0.25340471712005286	22.476234568408277	0.027060108126931822
7.501050882514159	0.01	0.007	0.007	0.007	0.01	0.01060952280023142	0.009787659108273523	0.002079875831230011	0.0011347041096054604	0.006272872415510441	1.4453934819502456	1.609216781621213	1.8210923636126275	0.5601374250576048	0.25428869164225854	22.12956929664208	0.02698770651253838
7.577938418194792	0.01	0.007	0.007	0.007	0.01	0.010446290430962403	0.0096370726558204	0.002041281856167551	0.0011135304718631468	0.006164110353313267	1.4475012587331835	1.606744667822799	1.8197545324963627	0.5584944961494442	0.25513214858538463	21.790077767750883	0.026915887591264547
7.654451142478777	0.01	0.007	0.007	0.007	0.01	0.010286348481961192	0.009489521687078931	0.0020037367900838034	0.0010929379064246666	0.006057127011707228	1.4495255951079118	1.6041939252944668	1.818393702870275	0.5568534006091783	0.25593714761665637	21.45741146768732	0.0268446085009513
7.7306269736704465	0.01	0.007	0.007	0.007	0.01	0.010129545049734442	0.009344866067806138	0.00196718408017385	0.0010728948869861798	0.005951861598221108	1.4514707148635906	1.6015678632660537	1.817010743596531	0.5552138571522541	0.2567055725508095	21.131255322843426	0.02677383077781563
7.806500313354433	0.01	0.007	0.007	0.007	0.01	0.009975741872719376	0.009202978248749716	0.0019315722670287569	0.001053372731286045	0.005848258799116152	1.453340488364887	1.5988695517129758	1.8156064579785427	0.5535756190394003	0.2574391553013141	20.811322567655868	0.026703519611587078
7.882101706223226	0.01	0.007	0.007	0.007	0.01	0.009824814192527898	0.00906374313765062	0.001896854715594935	0.0010343454470334817	0.005746269137402827	1.4551384567684866	1.596101877712207	1.8141816060387659	0.5519384864118708	0.2581394868730408	20.497354464461143	0.026633644110391964
7.957458597219102	0.01	0.007	0.007	0.007	0.01	0.009676648459122958	0.008927055982212292	0.001862988877850455	0.001015789322045724	0.005645847817786412	1.456867879904826	1.5932675579394397	1.812736904666903	0.5503022942792338	0.25880803753932347	20.189115537530306	0.026564176551749707
8.032595659665429	0.01	0.007	0.007	0.007	0.01	0.00953114103885146	0.008792821178231162	0.0018299358209992532	0.0009976826608546292	0.005546954183694238	1.4585317686180508	1.590369159763733	1.8112730333432	0.5486669090631202	0.2594461706668429	19.886390891889928	0.02649509203957534
8.107535056135148	0.01	0.007	0.007	0.007	0.01	0.009388197142012304	0.008660951280253768	0.00179765983114753	0.0009800055633857666	0.005449551274802723	1.460132912110128	1.587409120171176	1.8097906394589256	0.5470322260691588	0.2600551544286442	19.588983987932043	0.02642636822839108
8.182296773206932	0.01	0.007	0.007	0.007	0.01	0.00924772968721401	0.008531365953919469	0.001766128024383445	0.0009627397083015545	0.005353605300606218	1.4616739038535247	1.5843897576933874	1.8082903407150985	0.5453981648956296	0.2606361727912072	19.296714283686498	0.026357984984512216
8.256898833559385	0.01	0.007	0.007	0.007	0.01	0.009109658473073134	0.008403991211833169	0.0017353100460326591	0.0009458681851578516	0.005259085288228204	1.4631571621482542	1.5813132855165477	1.8067727286451651	0.5437646671284266	0.26119033429245536	19.009415515794412	0.02628992416437248
8.331357526049006	0.01	0.007	0.007	0.007	0.01	0.00897390937408812	0.008278758671739852	0.0017051777907582672	0.0009293753384048463	0.005165962717933566	1.4645849488578502	1.5781818209149971	1.8052383707251514	0.54213169332427	0.26171867999049203	18.726934030177752	0.02622216938001725
8.40568763004466	0.01	0.007	0.007	0.007	0.01	0.008840413602857103	0.00815560487590274	0.0016757051510401407	0.0009132466272991504	0.0050742111790841	1.4659593860115463	1.5749973922380858	1.8036878116507145	0.540499219843267	0.26222219047174794	18.44912725019424	0.02615470577347204
8.479902536852006	0.01	0.007	0.007	0.007	0.01	0.008709107204830356	0.008034470825000958	0.0016468678285540127	0.0008974685205574909	0.004983806164708408	1.4672824687883366	1.57176194803284	1.802121575956485	0.5388672377095113	0.262701791399344	18.175862628212133	0.026087519887656424
8.554014456054952	0.01	0.007	0.007	0.007	0.01	0.008579930438840847	0.007915301406653655	0.0016186431299238149	0.0008820283827255713	0.0048947247700603415	1.4685560786762792	1.568477360672489	1.800540168204653	0.5372357494137319	0.26315835901815615	17.90701635909048	0.026020599462713553
8.628034496154743	0.01	0.007	0.007	0.007	0.01	0.008452827415730016	0.0077980450620442916	0.0015910098275837522	0.0008669143964040201	0.004806945553476105	1.4697819931291443	1.565145433802452	1.7989440752381225	0.5356047683134012	0.2635927242864514	17.64247263042459	0.02595393334853163
8.701972836060257	0.01	0.007	0.007	0.007	0.01	0.008327745606770513	0.007682653332428304	0.0015639479992130322	0.0008521154729485552	0.004720448294762664	1.4709618957690178	1.5617679044136048	1.7973337660160382	0.5339743158940666	0.26400567711760586	17.38212260151491	0.025887511337083408
8.775838796641176	0.01	0.007	0.007	0.007	0.01	0.008204635552055148	0.007569080590115342	0.0015374389169951813	0.000837621190596419	0.004635213880286749	1.4720973839637594	1.5583464481506735	1.7957096931577265	0.5323444211109756	0.26439796960358386	17.125863798248353	0.025821324086748393
8.84964094018016	0.01	0.007	0.007	0.007	0.01	0.008083450541503834	0.007457283744190402	0.0015114649360964008	0.00082342173231045	0.004551224159804862	1.4731899761279186	1.5548826823867354	1.7940722935356543	0.5307151190149683	0.26477031907603693	16.87359945077274	0.02575536302286796
8.923387149009752	0.01	0.007	0.007	0.007	0.01	0.007964146350443173	0.007347221996579849	0.0014860093995560197	0.0008095078327263175	0.004468461832756685	1.474241118016221	1.5513781693638398	1.79242198900651	0.5290864497493789	0.2651234107523541	16.62523794456186	0.025689620258328
8.997084698257273	0.01	0.007	0.007	0.007	0.01	0.007846681001575175	0.007238856622461836	0.0014610565528512236	0.0007958707305007561	0.0043869103456911866	1.475252188348112	1.5478344188489714	1.7907591870011355	0.5274584576013313	0.2654579000950432	16.38069232623864	0.02562408852056076
9.070740322880392	0.01	0.007	0.007	0.007	0.01	0.007731014551197135	0.007132150773048952	0.0014365914671770935	0.0007825021255223714	0.004306553800263052	1.4762245038357522	1.5442528903909567	1.7890842810025587	0.5258311901135787	0.26577441491633963	16.139879859727355	0.025558761084691434
9.14436025478035	0.01	0.007	0.007	0.007	0.01	0.007617108935148304	0.007027069333470728	0.0014125999784539945	0.0007693941448032949	0.004227376897246411	1.477159323376825	1.5406349964584696	1.787397651498495	0.5242046978006227	0.2660735571604542	15.902721706618683	0.025493631734115715
9.217950298374822	0.01	0.007	0.007	0.007	0.01	0.007504927765571051	0.0069235787352806095	0.0013890686186501153	0.0007565393042478415	0.004149364841640569	1.4780578523692187	1.5369821032059903	1.7856996658787183	0.5225790329656373	0.2663559046815181	15.669142504014317	0.025428694687757932
9.291515861842978	0.01	0.007	0.007	0.007	0.01	0.007394436207462835	0.00682164684257245	0.0013659845663923083	0.0007439304810284644	0.004072503298941983	1.4789212460954269	1.5332955329490732	1.7839906791796813	0.5209542494535262	0.2666220126794881	15.43907010838656	0.025363944567378584
9.365061978287496	0.01	0.007	0.007	0.007	0.01	0.007285600877214393	0.00672124285837977	0.0013433356041986648	0.0007315608896368184	0.003996778363040608	1.4797506127305637	1.5295765667992713	1.782271034937053	0.5193304025885435	0.26687241498765546	15.212435385138456	0.025299376374197154
9.438593370429903	0.01	0.007	0.007	0.007	0.01	0.007178389683663862	0.006622337178044164	0.0013211100656124782	0.0007194240524724886	0.0039221764808667235	1.480547016593801	1.5258264447724226	1.7805410649019127	0.5177075481169675	0.26710762540060246	14.989171878382907	0.02523498542777396
9.512114456615905	0.01	0.007	0.007	0.007	0.01	0.007072771763663182	0.006524901329774083	0.0012992968037462652	0.000707513782173272	0.0038486844397853347	1.4813114804876355	1.5220463685464651	1.7788010900139781	0.5160857424163003	0.2673281386926997	14.769215677451532	0.025170767356998833
9.58562940531532	0.01	0.007	0.007	0.007	0.01	0.006968717352409439	0.0064289078550221965	0.0012778851477838124	0.0006958241574117369	0.0037762893070603094	1.4820449883683386	1.5182375014921674	1.7770514201407972	0.5144650416079393	0.26753443170763436	14.552505147492322	0.02510671804899967
9.659142145637546	0.01	0.007	0.007	0.007	0.01	0.006866197723451263	0.0063343302531400705	0.0012568648752888944	0.0006843495073617411	0.0037049784154152966	1.4827484873536336	1.5144009707082786	1.7752923547643205	0.5128455016175801	0.26772696422625847	14.338980805104157	0.025042833636984285
9.732656372846975	0.01	0.007	0.007	0.007	0.01	0.00676518513849693	0.006241142935075215	0.001236226187649119	0.0006730843979092664	0.003634739353325746	1.4834228895581287	1.5105378691441522	1.7735241837222686	0.5112271783238773	0.26790617976848274	14.128585214346595	0.02497911049257835
9.806175592714174	0.01	0.007	0.007	0.007	0.01	0.006665652747282069	0.006149321130996456	0.0012159596763850083	0.0006620236129079128	0.0035655599187225393	1.4840690741550941	1.5066492555081326	1.7717471869511303	0.5096101268328503	0.26807250643404945	13.921262778688673	0.024915545184727335
9.879703136567604	0.01	0.007	0.007	0.007	0.01	0.006567574532993584	0.00605884083994632	0.0011960562998385505	0.0006511621411292103	0.0034974281026578825	1.4846878890102322	1.5027361555217889	1.7699616348628828	0.5079944013819228	0.2682263576024421	13.716959627792745	0.024852134464443676
9.953242171401739	0.01	0.007	0.007	0.007	0.01	0.0064709252671527485	0.005969678788219731	0.0011765073626608825	0.0006404951647655941	0.003430332078015607	1.4852801521673917	1.498799563296795	1.7681677887893106	0.5063800553372914	0.2683681325769265	13.515623523967845	0.02478887525401897
10.0	0.01	0.007	0.007	0.007	0.01	0.006410214829694316	0.005913671450479793	0.0011642600983424478	0.0006338129202943752	0.003388203745158701	1.4856432243254853	1.4962852072959987	1.7670232026339605	0.5053545192879536	0.26845216044792575	13.389148937494909	0.02474873734152917
