0.0	0.01	0.007	0.007	0.007	0.01	0.0	0.0	0.0	0.0	0.0	0.0	0.0	0.0	0.0	0.0	100.0	0.035
0.006359457421090485	0.01	0.007	0.007	0.007	0.01	0.0026329621509120407	0.00632018346782771	0.003182373147638738	0.001135329325912207	0.0002855830776268761	0.00010656746373893684	0.000492679194657062	0.00041820042992566384	7.197698876008801e-5	7.206694110166689e-6	99.87439512080743	0.034992286780068466
0.01094798972180944	0.01	0.007	0.007	0.007	0.01	0.004436738217859339	0.010424540009804088	0.0053802445810705556	0.0019329577713009204	0.00045916241499610567	0.00031115372749905497	0.0014178901940385096	0.0012237008458695765	0.00021159832141182542	2.0394053574812923e-5	99.78386556532809	0.03498672252472014
0.017548313655685613	0.01	0.007	0.007	0.007	0.01	0.0068976882275537015	0.015728617851022458	0.008403647549428822	0.003049474193275566	0.0006690052458478959	0.0007825909892166911	0.0034947954340990377	0.0030872053526129076	0.00053738353834564	4.912017885872114e-5	99.65378821362738	0.03497872023436623
0.024007592753940578	0.01	0.007	0.007	0.007	0.01	0.009161436901603405	0.020306352768566082	0.011211716274838222	0.0041078675732957	0.000836398368343796	0.0014348389648378178	0.006285888641998481	0.005676890289860252	0.0009945121644017105	8.648498465187031e-5	99.52665470696587	0.03497089072006701
0.03152133753645425	0.01	0.007	0.007	0.007	0.01	0.01162580812475054	0.024961363994216702	0.014300283890225637	0.005297720526340005	0.0009928849142989335	0.0024154682627809576	0.010356421857768121	0.00958875841305687	0.0016921855991050203	0.000139205460926966	99.37897093808338	0.03496178525665677
0.039366603931436886	0.01	0.007	0.007	0.007	0.01	0.014017634422224149	0.029151642091240538	0.017332057130094614	0.006494195986868877	0.0011212136041447323	0.0036762086771235905	0.015424304794717304	0.01464344157505412	0.0026037550482977127	0.0002026689159061122	99.22500491666074	0.03495228057180903
0.04790205558631257	0.01	0.007	0.007	0.007	0.01	0.016424465542135516	0.033041831258001496	0.020419802243464104	0.007744581006461159	0.0012290173302242032	0.0053015996176656414	0.021746652807540515	0.02119438103994611	0.003799037375015706	0.00027926637181977074	99.05776470008037	0.03494194264969099
0.05689290195086037	0.01	0.007	0.007	0.007	0.01	0.018756032688530478	0.036497403876351656	0.02344962049850028	0.009005952104343486	0.0013149551730519148	0.007276341854050806	0.029174355384698862	0.029196768691637134	0.005277152811905927	0.00036640631200693635	98.88190649033025	0.03493105647178708
0.06644455569078259	0.01	0.007	0.007	0.007	0.01	0.0210224322552723	0.039560129565360994	0.026434720011652767	0.010285811833283772	0.0013827633874990517	0.00964368513361924	0.037783276959645694	0.03884368238966539	0.007081818586881525	0.0004643585910102928	98.69542106768954	0.03491949497999554
0.076486551499133	0.01	0.007	0.007	0.007	0.01	0.023190944278227398	0.042215775624652674	0.029331420406240226	0.011567220302441743	0.0014346104246685785	0.01240420590402779	0.04748908784360785	0.050156668373809034	0.00922615126657425	0.0005716609573894506	98.49974149508343	0.034907344095741456
0.08705683441562972	0.01	0.007	0.007	0.007	0.01	0.025257367823322496	0.0444945960812706	0.03213231018289365	0.012847992449502408	0.0014734089941485832	0.015581296630197408	0.05829265243381083	0.06325130925504088	0.011741940960178898	0.0006879699606343949	98.2941867581637	0.03489455854803575
0.09814496382624932	0.01	0.007	0.007	0.007	0.01	0.02720893825503296	0.04641897864049913	0.03481744828806574	0.014119766294532972	0.0015015747568623485	0.01918217925631838	0.07014144926646869	0.07817760351111712	0.01464961415645431	0.0008124862011848606	98.07902271758356	0.03488115165896626
0.10977777300506966	0.01	0.007	0.007	0.007	0.01	0.029041744787033096	0.04802216850946635	0.03737784176756944	0.015378590729010847	0.0015213593765141349	0.02322279761443034	0.0830169627588796	0.09502180634310337	0.017977653356139083	0.0009448951115779489	97.85379546511273	0.03486709172301593
0.12197205766810881	0.01	0.007	0.007	0.007	0.01	0.03075114768826644	0.04933614953209303	0.03980253761817628	0.01661908606146168	0.0015346547772306521	0.027714001651718587	0.09688859183036357	0.11384897422579165	0.02175154532163645	0.0010848531915342058	97.61825250813416	0.03485235924673151
0.13476043609566418	0.01	0.007	0.007	0.007	0.01	0.03233573499336219	0.05039426385740295	0.042084163123608756	0.01783717993999565	0.0015430666118938774	0.03267063807822687	0.1117433009071975	0.1347402815645007	0.02600116034191715	0.0012322780377966706	97.37184318179479	0.034836915705640265
0.14817718491511753	0.01	0.007	0.007	0.007	0.01	0.03379474889677554	0.05122815606046735	0.04421537373560887	0.019028418525597682	0.0015479259375544448	0.03810699381945665	0.12757103517175636	0.15777347510047993	0.03075696795703158	0.0013871820998582226	97.11399483082872	0.03482072068577305
0.16226629648957597	0.01	0.007	0.007	0.007	0.01	0.03512884804138266	0.051867804265022646	0.04618996100203406	0.020188593551609305	0.0015503446240615814	0.04404012490252047	0.14437455048670203	0.18303621704882936	0.03605284481167867	0.0015497590493973915	96.84395970259	0.03480372217783266
0.17707741481712796	0.01	0.007	0.007	0.007	0.01	0.03633934456076007	0.05234069636671284	0.04800175290146396	0.021313186962593413	0.0015512637588487525	0.05048848621516202	0.1621648940159844	0.21061949277192754	0.041924863194352915	0.0017203321018976205	96.56089595263727	0.034785861515901184
0.1926685685782019	0.01	0.007	0.007	0.007	0.01	0.037428272668088916	0.05267170918024516	0.049644697009051726	0.022397437409743856	0.0015515037491934426	0.057473172965397785	0.18096451036372735	0.24062183732328282	0.04841231471706429	0.0018993835532909041	96.26381832409588	0.034767070115181105
0.2091050499250937	0.01	0.007	0.007	0.007	0.01	0.038398123069431626	0.05288294499333191	0.05111243939357351	0.023436088825104867	0.0015518075990539838	0.06501746865224996	0.20080551282673484	0.27314605887984417	0.05555716345171395	0.0020875439139200354	95.95162322303149	0.034747270866109035
0.22646009490964353	0.01	0.007	0.007	0.007	0.01	0.0392517957011242	0.05299376293094059	0.052398227075974434	0.02442330191829266	0.0015528762472649233	0.07314706107092728	0.22172989565409962	0.3082984208214844	0.0634039894730268	0.0022856066718518796	95.62307976811277	0.03472637736090354
0.24481372815019223	0.01	0.007	0.007	0.007	0.01	0.03999249727713104	0.053020864409024315	0.05349474732918407	0.025352482162224396	0.0015553940426435656	0.08188932364042999	0.24378737967042052	0.3461833268451004	0.07199888810143755	0.00249452739511663	95.27685614536121	0.03470429533692657
0.26425098673836406	0.01	0.007	0.007	0.007	0.01	0.04062371442567579	0.052978456582406866	0.05439413463624306	0.02621616200459037	0.0015600433366011943	0.09127217381295034	0.2670324299144396	0.38689562281681106	0.08138769384545848	0.0027154213662237757	94.91155765646162	0.034680924867456504
0.28485772854578567	0.01	0.007	0.007	0.007	0.01	0.04114921471567398	0.0528784701730788	0.05508812981993865	0.027005907006305414	0.0015675070326355716	0.10132166318234109	0.29151841851881716	0.4305068671648284	0.09161258873356135	0.0029495387731522608	94.52580962384026	0.03465616545162956
0.3067136311461881	0.01	0.007	0.007	0.007	0.01	0.041573121101938205	0.05273083131425869	0.055568543753714957	0.02771233962005781	0.001578457740477261	0.11205812281161755	0.31728869088828493	0.47704499651513804	0.10270677113592969	0.0031982111386968785	94.11839100627779	0.03462992445964337
0.3298826022797575	0.01	0.007	0.007	0.007	0.01	0.04190007999439183	0.05254377102679002	0.055828148015664505	0.028325393764069746	0.0015935329526886072	0.12349106718038014	0.3443651045154176	0.5264688164112387	0.11468731959884843	0.0034627672226006144	93.68841259387979	0.03460212864506972
0.35440358965569413	0.01	0.007	0.007	0.007	0.01	0.04213551337410632	0.05232412834508152	0.05586200457593483	0.028834927299241288	0.0016132998242393605	0.1356145066330268	0.37273782749315004	0.5786454152480656	0.1275480859756035	0.003744445533220169	93.23548240674536	0.03457273511748954
0.3802876505791049	0.01	0.007	0.007	0.007	0.01	0.04228585268062017	0.052077574489095335	0.05566892640305365	0.029231688824300307	0.0016382215660425497	0.14840576214938334	0.40236317602210886	0.6333448747564482	0.1412563209802195	0.004044363703632779	92.75975012790649	0.034541734750501395
0.40752568825919255	0.01	0.007	0.007	0.007	0.01	0.04235856627179899	0.05180871091006765	0.055252441173966244	0.029508359583004014	0.0016686435094473266	0.16183000154850327	0.433173946810607	0.6902620485703602	0.1557560700155873	0.004363595142747262	92.2617535999993	0.03450914279219811
0.436103227297895	0.01	0.007	0.007	0.007	0.01	0.042361859855144325	0.051521092864000105	0.05462079104197135	0.02966023530512829	0.001704808645647439	0.1758484583025103	0.46509713312603235	0.749055604794403	0.17097662576624179	0.0047033208842024755	91.74214057660934	0.034474981096959886
0.4660139443106349	0.01	0.007	0.007	0.007	0.01	0.04230415155725587	0.0512172802876699	0.05378612108167542	0.029685356886984652	0.0017468955920673943	0.19042586996647892	0.4980690866720491	0.8093837531517571	0.18684112887388088	0.005064973725702167	91.20142107866955	0.034439261936317675
0.4972670291624973	0.01	0.007	0.007	0.007	0.01	0.04219354239715002	0.05089896332239301	0.05276338847159896	0.029584247201662126	0.0017950636383734775	0.20553449380942274	0.532042784063984	0.8709246197887993	0.2032719830699417	0.0054503246752633785	90.63983894400181	0.034401979266015244
0.5298891873972739	0.01	0.007	0.007	0.007	0.01	0.04203743173063902	0.0505671340525037	0.05156939269072141	0.029359514042892238	0.0018494939615380757	0.22115510844579583	0.5669886413305973	0.9333830572921291	0.22019310607837614	0.005861521767298966	90.05734433627177	0.03436310644112099
0.5639234082748128	0.01	0.007	0.007	0.007	0.01	0.04184230894420902	0.05022226361900916	0.05022207215339141	0.0290154837268833	0.0019104218804912752	0.2372761663650304	0.6028916759931737	0.9964892428066674	0.2375300884923217	0.006301103476780001	89.45362579974477	0.034322597808106745
0.5994253923911844	0.01	0.007	0.007	0.007	0.01	0.04161369445599186	0.04986446710365887	0.048740087130675715	0.028557937964738895	0.001978157349029455	0.25389168927386524	0.6397463173051061	1.0599922007098261	0.25520890211841063	0.0067719923898839395	88.8281835465687	0.03428039308159472
0.6364571671840458	0.01	0.007	0.007	0.007	0.01	0.041356195015301245	0.04949366133066317	0.04714268371429701	0.027993989382728176	0.0020530905968096772	0.27099785971907225	0.6775486870705622	1.1236490517559425	0.2731532590022148	0.00727745494779443	88.18045001709025	0.034236425039874126
0.6750759973227034	0.01	0.007	0.007	0.007	0.01	0.04107365233586955	0.04910973873375813	0.04544985731099198	0.0273321311389844	0.0021356769561095947	0.28858765196881003	0.7162848531332384	1.1872089371441428	0.29128024520553414	0.007820988240163008	87.5099875497294	0.03419063274745972
0.7153165643553989	0.01	0.007	0.007	0.007	0.01	0.04076937383684945	0.04871278127939311	0.04368280548186651	0.02658248547311489	0.0022263927285591477	0.30664289728882554	0.755913744428034	1.2503915273183315	0.3094941466592198	0.00840608181288253	86.81679281870912	0.03414298263938191
0.7571669576187927	0.01	0.007	0.007	0.007	0.01	0.040446420009395086	0.04830331092482693	0.04186449977927351	0.025757193640607724	0.002325657624744456	0.3251244370495344	0.7963462380800096	1.3128648862468588	0.3276798631360605	0.009035826647151704	86.1016910904774	0.03409349673080499
0.8005472390469164	0.01	0.007	0.007	0.007	0.01	0.0401078615090518	0.04788249224775152	0.040019837769752216	0.024870667194757397	0.002433740134632665	0.3439645429770439	0.8374296119800736	1.3742379631777952	0.3457005685446273	0.00971246695794715	85.36666453641439	0.03404227751223381
0.8453092282418015	0.01	0.007	0.007	0.007	0.01	0.039756846714596165	0.04745211285815061	0.03817456340992049	0.023939180843315814	0.0025506974991297052	0.3630694226066471	0.8789542529522416	1.4340894199228666	0.363406477207742	0.010437188429256922	84.61480370101695	0.03398950756897354
0.8912665195618158	0.01	0.007	0.007	0.007	0.01	0.03939641113084964	0.04701427130967208	0.03635289744599935	0.022979581260498906	0.0026763955369191656	0.38233440779500943	0.9206877734571843	1.4920304906458166	0.380654569325708	0.01121037406421665	83.84975456897429	0.03393541358789844
0.9382347866020718	0.01	0.007	0.007	0.007	0.01	0.03902920410233597	0.04657098118680225	0.034575198039650014	0.02200770715636669	0.0028105804725505313	0.4016619691978554	0.9624146365019329	1.5477618694438748	0.39732738364871223	0.012032120418083762	83.07502244550939	0.03388021858950971
0.9860628162863281	0.01	0.007	0.007	0.007	0.01	0.03865730164807205	0.046123882147414495	0.032856679187540726	0.021037190254426543	0.002952956238037116	0.4209740865587333	1.0039628790845676	1.6010994844296258	0.41334272409610934	0.012902732223865824	82.29346419963423	0.03382410548887926
1.0346410260998589	0.01	0.007	0.007	0.007	0.01	0.038282206716487605	0.04567417542538213	0.031207541949534925	0.020079032166693447	0.0031032187889130417	0.44021427076727115	1.0452080805359967	1.6519632649331277	0.4286518475028976	0.013822923812496949	81.50717357055876	0.03376720739000934
1.0839010944268004	0.01	0.007	0.007	0.007	0.01	0.037904918511236736	0.045222645514449114	0.029633689869232597	0.0191416290987556	0.003261072081878699	0.4593457383243475	1.0860689420544323	1.7003551152576502	0.44323372819194423	0.014793899388808027	80.71751768434444	0.033709608388588296
1.1338115957089336	0.01	0.007	0.007	0.007	0.01	0.03752602431932791	0.04476971808883738	0.02813763800845284	0.018231045329324434	0.003426233100001717	0.47834810252810456	1.1264997019048208	1.7463356697934593	0.45708837116810563	0.015817368028040325	79.92523731558636	0.03365134905069872
1.184374797358867	0.01	0.007	0.007	0.007	0.01	0.03714577128387809	0.044315505365218284	0.026719330658683992	0.01735134927121952	0.003598438901053482	0.4972147218693176	1.1664840093343103	1.7900061013008803	0.47023124460914484	0.016895579845476873	79.13052544300648	0.033592430502100874
1.235625006974307	0.01	0.007	0.007	0.007	0.01	0.03676411634600039	0.043859836124342175	0.025376823681141383	0.016504953336278112	0.0037774563181359553	0.5159507906249062	1.2060304148783971	1.8314946115972406	0.4826888830805347	0.018031394331910866	78.33307911442718	0.033532816689287016
1.2876294278638858	0.01	0.007	0.007	0.007	0.01	0.03638074981448286	0.04340226298496005	0.02410680699242788	0.015692914136132798	0.003963097328263519	0.5345724276367105	1.2451699830668213	1.8709474133286979	0.4944957162267826	0.019228408572718132	77.5321115716817	0.03347243372195572
1.3404918713493554	0.01	0.007	0.007	0.007	0.01	0.03599509323913836	0.042942045579986834	0.02290498373692487	0.014915180632193662	0.004155241246978695	0.5531067473947927	1.2839559395144629	1.9085232845748212	0.5056919124990904	0.020491165634423422	76.72632218628583	0.033411165931161085
1.394360647230495	0.01	0.007	0.007	0.007	0.01	0.035606265331833635	0.0424781003023629	0.021766311654832973	0.014170777059212639	0.004353868078800567	0.5715932055370844	1.3224658940950444	1.944391450166088	0.516322191332175	0.021825491110542418	75.91380777468628	0.033348847162525466
1.449442704037954	0.01	0.007	0.007	0.007	0.01	0.03521300495343229	0.042008902075832986	0.020685112184533786	0.013457912160293389	0.004559109564459025	0.5900866777693117	1.360807488789304	1.978732746257924	0.5264355833930852	0.02323903520302294	75.09188969347875	0.03328524498690244
1.5060275064033608	0.01	0.007	0.007	0.007	0.01	0.03481353148667291	0.041532313622928745	0.019655044545016823	0.012774004764509402	0.004771328308408493	0.6086630569852298	1.399128926531306	2.0117444121652763	0.5360861983263226	0.024742151025709872	74.25681355485402	0.033220033927895784
1.564522331015576	0.01	0.007	0.007	0.007	0.01	0.03440533796616073	0.04104533597476408	0.018668997322487182	0.012115655933203849	0.004991225473438536	0.627427344206971	1.4376340693564444	2.043647143418775	0.5453345238224238	0.026349214644706454	73.40331031157963	0.033152755964361576
1.625467417419395	0.01	0.007	0.007	0.007	0.01	0.033985142162983976	0.04054404837593091	0.017719450083042085	0.011478937797585008	0.0052198472319029245	0.6465137558056713	1.4765804474741755	2.0746765286872986	0.5542440498261761	0.028079545386456475	72.5244885160773	0.03308280475575712
1.6892203107246055	0.01	0.007	0.007	0.007	0.01	0.0335510883837202	0.0400262338291203	0.016803394525942095	0.010862760395186832	0.005457326669722262	0.6659850745294573	1.516073071439244	2.104922066151046	0.5628348511720165	0.02994853790673003	71.61643634918262	0.033009788764343
1.7541826908899398	0.01	0.007	0.007	0.007	0.01	0.033114514310989086	0.0395054157072154	0.01594352861964447	0.010283241177290741	0.005696367830019565	0.6853187120045388	1.5550357595428468	2.1336094691512315	0.5708853060382273	0.031912273331260226	70.7028511290186	0.032935553315213036
1.817653903282266	0.01	0.007	0.007	0.007	0.01	0.03269346178065734	0.039003115794161686	0.015168268414807427	0.009760272910340621	0.005925963113408751	0.7037266810204753	1.5918893139069747	2.1597342151046677	0.5781225380392725	0.03388573288916582	69.82149382124206	0.03286318313693426
1.8797423932441255	0.01	0.007	0.007	0.007	0.01	0.032286775292377425	0.038517954764482984	0.014466078458963262	0.009286582841484934	0.006145818138533652	0.7212843345100244	1.6268081478506482	2.183617499528273	0.5846504297567809	0.03586550624001861	68.96996816088833	0.03279254341006606
1.9403251169934623	0.01	0.007	0.007	0.007	0.01	0.03189484105244251	0.03805039289922128	0.013829569528551387	0.00885747595097151	0.006355018453650024	0.7379983430718507	1.6598282393139394	2.2054521952821418	0.5905358150215817	0.03784118173270828	68.14910490391928	0.03272376319779585
1.9996059484772208	0.01	0.007	0.007	0.007	0.01	0.0315159470718398	0.03759838763554492	0.013249125589426492	0.008466614334329575	0.0065539584573286605	0.7539632307679093	1.691157741365079	2.225518392646502	0.5958672633411716	0.0398133573527943	67.3553394394047	0.03265660068492057
2.0576582423339493	0.01	0.007	0.007	0.007	0.01	0.031149279117833856	0.037160967509344264	0.012717850838803757	0.008109407706872728	0.006742689267322807	0.7692322040879025	1.7209202033690052	2.2440131362838374	0.6007087746573428	0.041779060337709895	66.58698466820027	0.03259096364118242
2.11464037737153	0.01	0.007	0.007	0.007	0.01	0.03079353030815685	0.03673657340493278	0.012229135112593	0.007781408175415185	0.006921622380990939	0.7838764494276681	1.7492716509927069	2.2611320919975806	0.6051219954960603	0.043738784973009565	65.84131876627399	0.03252666487757538
2.170664112336989	0.01	0.007	0.007	0.007	0.01	0.030447736559017054	0.03632405518148076	0.011777730733602472	0.007479057167335187	0.007091067172631849	0.797950319756798	1.7763326410962341	2.2770305200208987	0.6091561907685503	0.04569203593478521	65.11633571938728	0.03246357124868943
2.2258592650175766	0.01	0.007	0.007	0.007	0.01	0.030110864540142068	0.03592218010580059	0.011358999815480796	0.00719919299890655	0.007251420957729538	0.8115087665393147	1.8022224951872823	2.291848008652181	0.6128550012144707	0.04763945360063838	64.40988209469629	0.03240153045006805
2.2803334525775907	0.01	0.007	0.007	0.007	0.01	0.029782056944880723	0.035529925441790636	0.010969110965769916	0.0069391906139861315	0.007403031886564861	0.8245975971225878	1.8270408004462984	2.305700346583813	0.616254639622006	0.04958135041081032	63.72017147062354	0.032340416288686766
2.334192490122231	0.01	0.007	0.007	0.007	0.01	0.02946050174558626	0.03514632247337163	0.010604758671525638	0.006696778004086993	0.007546251971709455	0.8372590830189085	1.8508784908145322	2.318688420712048	0.619386393841211	0.05151835428958131	63.045510593965886	0.03228010558537487
2.3875284308059936	0.01	0.007	0.007	0.007	0.01	0.029145500059455407	0.034770537463570776	0.01026315581375438	0.006470033319292799	0.007681398000300798	0.8495295097277245	1.873813471820476	2.33089768985002	0.6222767185414195	0.05345092341026863	62.38444198215589	0.03222049147875475
2.440426644781351	0.01	0.007	0.007	0.007	0.01	0.028836419127275525	0.034401815558925165	0.0099419051802697	0.006257300047457505	0.007808768286509855	0.861441283262559	1.8959148723820214	2.342402125963403	0.6249483905516398	0.05537954530122325	61.735645528138804	0.032161475366410855
2.492962728280851	0.01	0.007	0.007	0.007	0.01	0.02853270679321171	0.034039498062735665	0.009638956621236074	0.006057158583003976	0.0079286333393945	0.8730225702180731	1.9172426038026609	2.3532652484981487	0.6274209220613459	0.05730457994932101	61.097969097791385	0.03210297025526788
2.5452053898692	0.01	0.007	0.007	0.007	0.01	0.0282338710968893	0.03368299808894365	0.009352537579887042	0.005868379779810689	0.008041242753366346	0.8842982694906133	1.9378493784980955	2.3635422193096893	0.6297111950423461	0.05922632645441718	60.47038588578203	0.0320448974413123
2.5972160293923587	0.01	0.007	0.007	0.007	0.01	0.027939479767489415	0.03333179995849412	0.009081114159449613	0.0056898986055566965	0.008146824489755029	0.8952901850261655	1.95778120972192	2.373280931073559	0.6318338330425824	0.061144976097745156	59.85199351556535	0.03198718689507415
2.649050225582666	0.01	0.007	0.007	0.007	0.01	0.02764914911125529	0.03298544594252221	0.008823349073094197	0.005520785706174098	0.00824558881353635	0.9060175787696877	1.9770785834905444	2.3825232737865636	0.6338015905754142	0.06306064088603709	59.24199084512987	0.03192977553325642
2.7007587466819967	0.01	0.007	0.007	0.007	0.01	0.027362536201835513	0.032643526945731915	0.008578069386246938	0.005360225479560854	0.008337730931496545	0.9164975707868592	1.9957773167129735	2.3913061010796666	0.6356256532137371	0.06497336950885108	58.63966167847835	0.03187260603767349
2.752386733630899	0.01	0.007	0.007	0.007	0.01	0.027079341507283593	0.03230568564034893	0.008344247880928617	0.005207503137582714	0.00842343045489331	0.9267451405276946	2.0139086824731405	2.399661747841983	0.6373158270745367	0.0668830994668555	58.04438039225184	0.03181562770320346
2.803975700931571	0.01	0.007	0.007	0.007	0.01	0.02679929611572387	0.03197160122684895	0.008120974877363117	0.005061985594335359	0.00850285599352508	0.9367736783488709	2.0315005015126077	2.4076189203466876	0.6388807921982936	0.06878971661733796	57.45558518266223	0.03175879417628257
2.8555632961612516	0.01	0.007	0.007	0.007	0.01	0.02652216169803328	0.03164098938948192	0.00790744424319044	0.00492311172863653	0.008576165541679297	0.946595055822588	2.048577355349101	2.415203101719595	0.6403282423983	0.07069303447269254	56.872778062808536	0.03170206368086935
2.9071841944807955	0.01	0.007	0.007	0.007	0.01	0.0262477244462578	0.03131359506506118	0.007702936862977401	0.004790381061655534	0.00864350867229196	0.9562199034525094	2.065161152907326	2.422437066318535	0.6416650373697683	0.0725928175581509	56.295512185482764	0.031645397997664824
2.958870279008302	0.01	0.007	0.007	0.007	0.01	0.02597579309731873	0.030989190085354144	0.007506809441513866	0.004663345984702429	0.008705027470621398	0.9656577317939542	2.0812714089085143	2.4293412178332177	0.6428973112132862	0.07448878006363091	55.7233877438883	0.03158876223639319
3.0106511235967814	0.01	0.007	0.007	0.007	0.01	0.02570619548913102	0.030667569068686975	0.007318483802359193	0.004541604373548543	0.00876085778975372	0.9749170966558486	2.0969255884002242	2.435933920566003	0.6440305724161446	0.0763805970085226	55.15604477732497	0.031532124280255744
3.0625542588163848	0.01	0.007	0.007	0.007	0.01	0.025438776418023713	0.0303485468639528	0.007137438518966318	0.00442479377601198	0.00881113009128943	0.9840057114301519	2.1121393503445716	2.442231756359651	0.6450697836604301	0.07826790849639231	54.59315870597826	0.031475454472961496
3.1146054498161027	0.01	0.007	0.007	0.007	0.01	0.025173395548100396	0.03003195605657839	0.006963201669933805	0.004312586379101124	0.008855970207256238	0.992930551934551	2.126926770629416	2.4482497483620835	0.6460194303914395	0.08015032528260438	54.03443596863611	0.03141872529625816
3.1668289613475884	0.01	0.007	0.007	0.007	0.01	0.02490992549574694	0.02971764468343125	0.006795344632554107	0.004204684693668546	0.008895499983846178	1.0016979500596022	2.141300538857983	2.454001553229654	0.6468835792107076	0.08202743454464308	53.47961002308721	0.03136191106492344
3.2192477355323925	0.01	0.007	0.007	0.007	0.01	0.024648250449445637	0.029405474586325964	0.006633476981580847	0.00410081799231031	0.008929837763605017	1.01031366505975	2.1552721117945435	2.459499618639816	0.647665926543913	0.08389880303627359	52.92843846855081	0.03130498771973103
3.271883615241115	0.01	0.007	0.007	0.007	0.01	0.02438826463611923	0.029095319582442315	0.006477241913541008	0.00400073912134182	0.008959098829352537	1.0187829562800517	2.1688518637621836	2.4647553254244228	0.6483698413209594	0.08576398231088032	52.38069984070036	0.03124793257325886
3.324757478723621	0.01	0.007	0.007	0.007	0.01	0.02412987130099484	0.028787064247353417	0.006326312516426603	0.003904221887295559	0.008983395718973875	1.0271106356904884	2.182049199350222	2.469779102860651	0.6489984005502787	0.08762251109593273	51.836191484492424	0.031190724154388907
3.3778894009816187	0.01	0.007	0.007	0.007	0.01	0.023872981610623144	0.028480602606377744	0.006180388425266457	0.003811058718278464	0.009002838505340335	1.0353011203016218	2.194872661947488	2.4745805324426056	0.6495544205638579	0.08947391889031962	51.29472726205736	0.031133342025637892
3.4312987797506365	0.01	0.007	0.007	0.007	0.01	0.023617513782460395	0.028175837096211517	0.00603919298272172	0.003721058672916362	0.009017535007502834	1.0433584748408846	2.207330023033194	2.4791684357784067	0.6500404837235008	0.09131772850376123	50.756135735135835	0.03107576664059812
3.485004468773819	0.01	0.007	0.007	0.007	0.01	0.02336339222565154	0.0278726775399212	0.005902470719795385	0.0036340456752234885	0.00902759096116192	1.0512864519862881	2.219428364324946	2.4835509525835056	0.650458961729105	0.09315345898946305	50.2202583686389	0.031017979195107882
3.5390248546114327	0.01	0.007	0.007	0.007	0.01	0.023110546991035843	0.027571040490827984	0.005769985271396152	0.0035498570455089673	0.009033110140094421	1.059088521096028	2.2311741393100255	2.4877356049644974	0.6508120354984356	0.094980626739842	49.68694838403652	0.03095996154066396
3.5933779877936427	0.01	0.007	0.007	0.007	0.01	0.02285891299884915	0.027270848311188783	0.005641517397355397	0.0034683421149935383	0.009034194459475169	1.0667679023475765	2.2425732405135204	2.4917293585437	0.6511017129750535	0.09679874851813007	49.15606914212657	0.030901696040613366
3.6480816469521415	0.01	0.007	0.007	0.007	0.01	0.02260842961518203	0.02697202866693174	0.005516863383999079	0.0033893610970808737	0.009030944042320856	1.0743275886586956	2.2536310458922895	2.4955386715386725	0.6513298442569756	0.09860734224722419	48.62749325961222	0.030843165499628646
3.703153462216684	0.01	0.007	0.007	0.007	0.01	0.022359039983858953	0.02667451373061458	0.005395833488020758	0.003312783998444884	0.00902345726512364	1.0817703738551472	2.2643524723882607	2.4991695424322455	0.6514981351559762	0.10040592979422107	48.101101208174214	0.03078435303079068
3.7586109528025426	0.01	0.007	0.007	0.007	0.01	0.02211069077998496	0.02637823988741911	0.005278250736445958	0.0032384897672919403	0.009011830787849557	1.0890988669877648	2.2747420072134137	2.502627546532914	0.6516081587260995	0.10219403690036229	47.57678080193289	0.03072524201561698
3.8144716132627887	0.01	0.007	0.007	0.007	0.01	0.02186333176225141	0.026083147201070352	0.005163949747514439	0.003166365464807927	0.008996159570930673	1.0963155118797667	2.2848037452840395	2.5059178717930672	0.6516613656435906	0.10397119472556882	47.05442625919735	0.030665816012901147
3.870753009511174	0.01	0.007	0.007	0.007	0.01	0.021616915309913276	0.02578917886146775	0.00505277565862513	0.0030963055134900193	0.008976536870140503	1.103422606119582	2.2945414239554185	2.5090453510242225	0.6516590932474436	0.10573694162883147	46.5339372305203	0.030606058658329476
3.927472839937593	0.01	0.007	0.007	0.007	0.01	0.021371396139599274	0.02549628084685151	0.004944583235237825	0.003028211067795274	0.008953054226751547	1.1104223139493465	2.3039584475697614	2.5120144884505375	0.6516025733855598	0.1074908237569885	46.0152182053604	0.03054595360233313
3.9846490097913807	0.01	0.007	0.007	0.007	0.01	0.02112673098441798	0.025204401540988006	0.004839236044768773	0.0029619894328564754	0.008925801446080298	1.1173166795748177	2.313057911247771	2.514829484047428	0.6514929393080585	0.10923239598832833	45.49817783821041	0.030485484434787623
4.042299723522559	0.01	0.007	0.007	0.007	0.01	0.02088287821987439	0.02491349128690062	0.004736605683314978	0.0028975535229313755	0.008894866557103	1.1241076412489097	2.321842624166003	2.5174942558824593	0.651331231607299	0.11096122331272787	44.9827281613037	0.030424634591826653
4.100443549605515	0.01	0.007	0.007	0.007	0.01	0.020639797631419675	0.024623502109564634	0.0046365711303073915	0.002834821406043321	0.00886033577603946	1.1307970406870071	2.3303151252010146	2.520012458472452	0.651118403378588	0.11267688124246454	44.46878409564973	0.030363387292913855
4.159099523192171	0.01	0.007	0.007	0.007	0.01	0.020397450045435986	0.02433438727568265	0.004539018104441148	0.0027737158545665937	0.008822293442703952	1.1373866356677644	2.3384777012949165	2.522387500531134	0.65085532453371	0.11437895721401813	43.95626267248258	0.030301725439164935
4.218287229498515	0.01	0.007	0.007	0.007	0.01	0.020155797068038533	0.02404610098208258	0.004443838518842238	0.002714163962735683	0.00878082195885969	1.143878108987737	2.3463323996031686	2.5246225595198504	0.6505427854529423	0.11606705122649695	43.445082481617	0.0302396315333526
4.278026898983534	0.01	0.007	0.007	0.007	0.01	0.01991480080024704	0.023758598015924077	0.004350929973442555	0.002656096791592401	0.008736001714227504	1.150273077490311	2.3538810383272364	2.526720594652762	0.6501814999615682	0.11774077663607253	42.93516306892215	0.030177087588857534
4.338339527265844	0.01	0.007	0.007	0.007	0.01	0.01967442348199259	0.023471833330006426	0.004260195263690974	0.0025994490279448302	0.008687910987876062	1.1565731023576948	2.361125217412435	2.5286843587456467	0.6497721075429956	0.11939976141084128	42.426424182184114	0.030114075014270904
4.399246976640655	0.01	0.007	0.007	0.007	0.01	0.019434627241869572	0.023185761744226836	0.004171541970031046	0.002544158697214593	0.008636625857415703	1.1627796959576142	2.368066323465331	2.530516407432333	0.6493151750702697	0.121043648597869	41.918785239616795	0.030050574518999156
4.460772136486111	0.01	0.007	0.007	0.007	0.01	0.019195373647426253	0.022900337409085137	0.004084882009191159	0.0024901668555399247	0.008582220055095256	1.1688943332399282	2.374705538013108	2.5322191083138943	0.6488111975552451	0.12267209808980904	41.41216437502757	0.02998656595931823
4.522939063300324	0.01	0.007	0.007	0.007	0.01	0.018956623378126404	0.022615513415530936	0.004000131267336753	0.0024374173358124173	0.008524764832371544	1.1749184591554336	2.381043839017631	2.533794647339648	0.6482605984289018	0.12428478743699695	40.90647774121669	0.029922028208045803
4.585773149830054	0.01	0.007	0.007	0.007	0.01	0.018718335827432635	0.022331241320253426	0.003917209238707702	0.0023858564996590064	0.008464328795000966	1.1808534971672262	2.387082001389849	2.5352450340579455	0.6476637290356396	0.1258814130208703	40.40163866192297	0.0298569389964115
4.649301342550085	0.01	0.007	0.007	0.007	0.01	0.018480468571922773	0.022047470512343226	0.003836038649254087	0.0023354329824816656	0.008400977686268908	1.1867008602097895	2.3928205972827885	2.5365721058611257	0.6470208670783912	0.12746169195468335	39.897556500392646	0.02979127470878463
4.713552342371863	0.01	0.007	0.007	0.007	0.01	0.018242976962596646	0.021764147725723087	0.0037565451529898756	0.0022860974858935736	0.008334774180863463	1.1924619576446525	2.398259989235166	2.5377775295656027	0.6463322146013893	0.129025362963726	39.39413578491891	0.029725010198225012
4.778556927264971	0.01	0.007	0.007	0.007	0.01	0.018005813329866494	0.021481216090709694	0.003678656927187687	0.0022378025093662845	0.00826577755059625	1.198138210575533	2.403400327790973	2.538862802988942	0.6455978940550458	0.13057218957400057	38.89127451341916	0.029658118480167927
4.844348229941327	0.01	0.007	0.007	0.007	0.01	0.017768926439691114	0.021198614485182486	0.003602304383906741	0.002190502156044091	0.008194043368400364	1.2037310596945443	2.40824153746932	2.5398292527537873	0.6448179440674049	0.1321019613178866	38.388862987567144	0.029590570477488018
4.910962160145868	0.01	0.007	0.007	0.007	0.01	0.01753226051678813	0.020916276369282956	0.0035274197695510977	0.002144151870910108	0.008119623055091783	1.2092419820397848	2.4127833057525443	2.5406780314873605	0.6439923128015319	0.13361449738706724	37.886781725944026	0.029522334622474927
4.978437861667366	0.01	0.007	0.007	0.007	0.01	0.01729575426582864	0.020634128617703994	0.0034539367999148235	0.0020987082027745757	0.008042563379812748	1.2146725058460055	2.4170250636004864	2.5414101116859777	0.6431208499129164	0.13510964978611492	37.3848993688216	0.02945337643051969
5.046818286427108	0.01	0.007	0.007	0.007	0.01	0.017059339619573618	0.02035209002622266	0.003381790245192325	0.0020541285370203155	0.007962905825456468	1.2200242295581807	2.420965961474516	2.5420262768567468	0.6422032959929329	0.13658730762404148	36.883069998958554	0.02938365796254223
5.116150906770222	0.01	0.007	0.007	0.007	0.01	0.016822940181937886	0.0200700694542828	0.0033109154623048916	0.0020103707975476968	0.007880685791525727	1.2252988450719249	2.424604838490633	2.5425271090117234	0.6412392689413374	0.13804740255109463	36.38112980903649	0.029313137157071623
5.18648861866154	0.01	0.007	0.007	0.007	0.01	0.01658646923700641	0.0197879634497615	0.0032412478440242507	0.0019673930991780018	0.007795931570692861	1.230498167285565	2.4279401831332468	2.542912971569405	0.6402282462146189	0.13948991589776993	35.878892840147024	0.02924176698144849
5.257890886052175	0.01	0.007	0.007	0.007	0.01	0.016349827223796003	0.019505653236373013	0.0031727221668915234	0.0019251533395982148	0.007708663037455783	1.2356241710764475	2.4309700820544484	2.543183986143745	0.6391695417938938	0.14091488779775704	35.37614557611246	0.029169494355320978
5.330425199308336	0.01	0.007	0.007	0.007	0.01	0.016112898523437398	0.019223000880793862	0.003105271807552121	0.001883608712364466	0.007618889961555229	1.2406790376498253	2.433692152691529	2.5433400012629312	0.6380622762586001	0.14232242879361254	34.87264006484338	0.02909625877807715
5.404169036977659	0.01	0.007	0.007	0.007	0.01	0.015875547063210284	0.01893984404830419	0.003038827706437736	0.0018427150667849842	0.007526609715258731	1.2456652188997908	2.436103456616416	2.543380550331284	0.6369053363399193	0.14371273627133227	34.36808450927918	0.02902199047666416
5.479212498970706	0.01	0.007	0.007	0.007	0.01	0.01563761038390484	0.018655988925190235	0.00297331701282416	0.0018024260747996621	0.007431804167106906	1.2505855241414723	2.4382003833948604	2.543304794126022	0.6356973201657441	0.1450861168590326	33.86213056962512	0.028946607915990175
5.555661950927927	0.01	0.007	0.007	0.007	0.01	0.015398891354421004	0.018371200334324607	0.0029086612304571277	0.0017626920946229021	0.007334435344262563	1.255443241867252	2.439978492935953	2.5431114409753452	0.6344364611845958	0.1464430181876387	33.35435563210361	0.028870014346750166
5.6336452167194135	0.01	0.007	0.007	0.007	0.01	0.015159146255466912	0.018085187519121235	0.0028447735853424673	0.0017234585615985268	0.007234439199734028	1.26024231600726	2.441432296126542	2.5427986333837134	0.6331205195776034	0.14778407524486933	32.844237310909406	0.028792092877397188
5.713319277570654	0.01	0.007	0.007	0.007	0.01	0.014918066912065422	0.01779758282779184	0.0027815551039746507	0.0016846635944885882	0.00713171629335082	1.2649876127836142	2.442554940548363	2.542363781882556	0.6317466213635887	0.14911018105868243	32.33111522312284	0.02871269915144778
5.794882151517391	0.01	0.007	0.007	0.007	0.01	0.014675252844985649	0.017507908490318014	0.0027188885214499818	0.0016462342809876935	0.007026117300850722	1.2696853402076993	2.443337741018694	2.541803311806747	0.6303110104344406	0.15042259844311226	31.81413142035153	0.028631650026778355
5.878592389139697	0.01	0.007	0.007	0.007	0.01	0.014430165009631216	0.017215521429551874	0.002656628148480473	0.0016080805023880186	0.006917419047064202	1.2743437530874493	2.4437694432735424	2.5411122561262816	0.6288086429485454	0.15172314880443416	31.29213145699946	0.02854870495505699
5.964803273757677	0.01	0.007	0.007	0.007	0.01	0.014182043756225485	0.016919515388979907	0.0025945818608868773	0.0015700839602749868	0.006805282161245559	1.2789744160270904	2.443834986379164	2.540283555030979	0.6272324780952365	0.15301455185033394	30.763488977311038	0.028463533250470054
6.054029150899216	0.01	0.007	0.007	0.007	0.01	0.013929747818588838	0.01661852884930576	0.0025324755873621647	0.0015320765401111377	0.006689168382497882	1.2835947112236898	2.4435132245224804	2.5393067305962114	0.6255721087050191	0.15430110286975396	30.225761524072865	0.02837565047139208
6.147092686271876	0.01	0.007	0.007	0.007	0.01	0.013671392762972889	0.016310313706158194	0.002469873143291516	0.0014937914633372745	0.0065681558004352745	1.2882335331110082	2.442772136851542	2.538165018611576	0.6238107353484853	0.15559021619610347	29.674917816130804	0.02828427688873062
6.245537909307247	0.01	0.007	0.007	0.007	0.01	0.013403323512570483	0.01599050952230933	0.002405946714423694	0.0014547233998634885	0.006440417323668335	1.2929476899024885	2.441556306460508	2.5368275831529052	0.6219167318541953	0.15689688713634997	29.103142322266134	0.0281879395756706
6.353241519108469	0.01	0.007	0.007	0.007	0.01	0.01311607511802	0.015647824904866197	0.0023385710735968615	0.0014135763294220627	0.0063011778390225206	1.2978868558197783	2.4397401236683596	2.5352197216508676	0.6198108554573764	0.15826140027443805	28.490205758537293	0.028082917944749687
6.47681986723708	0.01	0.007	0.007	0.007	0.01	0.012794082342814444	0.01526369157103668	0.002264378091062325	0.0013682998331661165	0.006142333508077666	1.3032850042993622	2.4370613584212353	2.5331994478892326	0.6173544514293924	0.1597462104634429	27.802813428907978	0.027962898836865865
6.575799174800089	0.01	0.007	0.007	0.007	0.01	0.012541908194645172	0.014962847202036379	0.0022072201843273574	0.0013334432065898255	0.006015951541945666	1.3074101911266254	2.434480039528482	2.53145391513724	0.6153584652795997	0.16087538886545524	27.264231625422443	0.0278671403251575
6.6727995405471	0.01	0.007	0.007	0.007	0.01	0.012299610328637542	0.014673786648134814	0.0021530582464006215	0.0013004327306046185	0.005892973703871502	1.3112887947597867	2.4315924288637243	2.5296394435300074	0.6133796217082466	0.1619319753337524	26.74654158822957	0.027773614522152774
6.768056533913378	0.01	0.007	0.007	0.007	0.01	0.01206623410480438	0.014395369689768215	0.0021015709322066123	0.0012690694651806282	0.005773151508773162	1.3149455995215626	2.428427214682196	2.527762596736005	0.6114159543625247	0.1629229644787041	26.247723426751765	0.027682075123438347
6.861384087935626	0.01	0.007	0.007	0.007	0.01	0.011841890169033245	0.014127728105438747	0.002052687106472119	0.0012393073694678145	0.00565675064837491	1.318387620631623	2.425023308623907	2.525836981164694	0.6094738378705238	0.16385055015816405	25.768032146550336	0.02759268247145969
6.953118247657646	0.01	0.007	0.007	0.007	0.01	0.011625451469032414	0.013869517315621195	0.0020060771641269163	0.0012109434038798741	0.005543370865941612	1.3216401140273408	2.421398069673536	2.5238645691617334	0.6075485294015738	0.1647218607326457	25.305074978643393	0.027505097359312787
7.04347706069925	0.01	0.007	0.007	0.007	0.01	0.011416134663918762	0.013619802799331488	0.0019615018372837042	0.0011838299824673876	0.0054327571298798515	1.324721666856728	2.4175679178895875	2.521848157044066	0.6056373472675003	0.16554218244105176	24.8571910652309	0.02741909718550953
7.132652997422554	0.01	0.007	0.007	0.007	0.01	0.011213262066284578	0.01337777608406058	0.0019187563936627046	0.0011578408830955772	0.005324684583423403	1.327648208456249	2.413546321144095	2.5197898740540157	0.6037378485039089	0.16631605252093448	24.42294322965466	0.027334486472802642
7.220804373028399	0.01	0.007	0.007	0.007	0.01	0.011016272175440923	0.01314276730763123	0.0018776703263312545	0.0011328709811386946	0.005218969503736469	1.3304330821312624	2.409344986388134	2.5176916298761416	0.6018480736851622	0.1670472857877817	24.001141004087554	0.027251104485406866
7.308066262457486	0.01	0.007	0.007	0.007	0.01	0.010824686629300256	0.012914205791642588	0.0018380983259816618	0.0011088306985688227	0.005115456054720696	1.3330877135689418	2.4049740656571363	2.5155550762330545	0.5999663660316559	0.16773915937770353	23.590770312548997	0.027168814375779095
7.394553279022804	0.01	0.007	0.007	0.007	0.01	0.010638097845309414	0.012691605296971454	0.001799916153723902	0.001085643448875254	0.0050140129122121764	1.3356219304315764	2.4004425451803972	2.51338170009323	0.5980913503006215	0.16839450311958207	23.19096732730351	0.027087500183766683
7.480363595505302	0.01	0.007	0.007	0.007	0.01	0.010456155204970497	0.012474547541990693	0.001763016567960732	0.0010632431258468808	0.004914528354605327	1.338044270120031	2.3957584594694064	2.5111728516085274	0.5962218762557733	0.1690157855069435	22.800989136121782	0.027007062738368535
7.5655815225889045	0.01	0.007	0.007	0.007	0.01	0.010278555511772586	0.012262670818945502	0.0017273064130810746	0.0010415723066731532	0.004816907075457796	1.3403622020499222	2.3909290841192647	2.508929778823108	0.5943569863646981	0.16960517613263115	22.420193504750138	0.02692741698702599
7.650279863484279	0.01	0.007	0.007	0.007	0.01	0.010105034765780504	0.012055660181111552	0.0016927041862539994	0.0010205807517536664	0.004721067275628042	1.3425823121642293	2.385961070255791	2.506653646670616	0.5924958832255807	0.170164597330198	22.048021416212112	0.026848489586098548
7.734521734281678	0.01	0.007	0.007	0.007	0.01	0.009935361738282866	0.011853239777412055	0.0016591381306746758	0.0010002242290094246	0.00462693840361552	1.3447104477626592	2.380860553142884	2.5043455530605825	0.5906379046798459	0.17069576474014872	21.683983432916566	0.02677021703336244
7.818362103980024	0.01	0.007	0.007	0.007	0.01	0.009769332656302596	0.011655166511094314	0.0016265446766353315	0.0009804635530675212	0.004534459247802449	1.3467518355135282	2.3756332338916324	2.5020065394216093	0.588782502017693	0.17120022029823376	21.327648410399373	0.026692544095260826
7.901849059901762	0.01	0.007	0.007	0.007	0.01	0.009606766872988079	0.011461224874553559	0.001594867176971621	0.0009612638060031566	0.004443576371921712	1.3487111770067748	2.370284443393464	2.4996375984254473	0.5869292218426325	0.17167935891144254	20.978634303002963	0.026615422516761744
7.985025319506412	0.01	0.007	0.007	0.007	0.01	0.009447502435027936	0.011271221661299556	0.001564054703584909	0.0009425935975687728	0.004354242329935653	1.350592736987681	2.3648191617351673	2.4972396661353	0.5850776805327711	0.17213445265744276	20.636598728288657	0.026538809528278712
8.067928102770471	0.01	0.007	0.007	0.007	0.01	0.009291395093656622	0.011084984786113087	0.0015340615744372976	0.00092442476999486	0.004266415682887009	1.3524003840375463	2.3592421224769873	2.494813654599493	0.5832275736776441	0.172566662901132	20.301236910555982	0.026462667882830658
8.15059049683839	0.01	0.007	0.007	0.007	0.01	0.009138314625355378	0.010902358895681915	0.0015048464047702453	0.0009067318159027083	0.004180059415189821	1.354137658650645	2.3535578044937817	2.492360437056769	0.5813786512326008	0.1729770587192157	19.972273836768654	0.02638696452853622
8.233041925037947	0.01	0.007	0.007	0.007	0.01	0.008988143086301765	0.010723203286178953	0.0014763715750237643	0.0008894915499877268	0.004095140350764005	1.3558078137608542	2.347770466925841	2.4898808542971222	0.5795307116048717	0.17336662824362084	19.64946055400095	0.026311670121000327
8.315308701182506	0.01	0.007	0.007	0.007	0.01	0.00884077304971794	0.010547389800439755	0.0014486027269541514	0.0008726827987503034	0.004011628496819728	1.3574138521376617	2.3418841674482356	2.4873757152498257	0.5776835930974122	0.17373628897167054	19.332570422265114	0.026236758466763398
8.397414454397207	0.01	0.007	0.007	0.007	0.01	0.008696106209285863	0.010374801161854184	0.0014215083559696944	0.0008562861493028591	0.003929496542044402	1.3589585567743732	2.335902780127083	2.4848457986331076	0.5758371676368675	0.17408689615993458	19.02139614714349	0.026162206093809603
8.479380504557977	0.01	0.007	0.007	0.007	0.01	0.008554052175575852	0.0102053295385205	0.0013950594615948087	0.0008402837340318099	0.0038487194216675767	1.3604445167913575	2.3298300091820106	2.482291853829875	0.5739913351133018	0.1744192499506728	18.715747221688677	0.026087991874135245
8.561226142203342	0.01	0.007	0.007	0.007	0.01	0.008414527526626539	0.010038875410600195	0.0013692292634558602	0.0008246590554642613	0.0037692739919080597	1.361874148659443	2.323669403470991	2.4797146028420025	0.5721460194623701	0.1747341012354888	18.415447910218507	0.02601409673890073
8.642968901787702	0.01	0.007	0.007	0.007	0.01	0.008277454940441503	0.00987534653539763	0.0013439929473509906	0.0008093968297960117	0.003691138722274434	1.3632497149397562	2.317424366358187	2.4771147409212695	0.5703011645643675	0.1750321567925652	18.12033540440638	0.025940503404411477
8.72462479173795	0.01	0.007	0.007	0.007	0.01	0.008142762463431596	0.009714657074621349	0.0013193274491199666	0.0007944828536755245	0.0036142934411489977	1.3645733402208853	2.3110981644423916	2.474492937246161	0.5684567308380095	0.1753140836508665	17.83025826849408	0.025867196141451623
8.806208466372055	0.01	0.007	0.007	0.007	0.01	0.00801038292675528	0.009556726898086438	0.0012952112762447568	0.00077990389413313	0.0035387191455892642	1.3658470244091239	2.3046939371414465	2.4718498363708687	0.5666126929157201	0.17558051274965158	17.54507520006543	0.02579416060046386
8.887733416240533	0.01	0.007	0.007	0.007	0.01	0.007880253375395697	0.009401480902610566	0.001271624340702678	0.0007656475855921167	0.0034643978015322686	1.367072654901238	2.29821470181778	2.4691860581708056	0.5647690367093481	0.17583204224404747	17.264653815798148	0.025721383623221645
8.969212074968178	0.01	0.007	0.007	0.007	0.01	0.007752314669534168	0.009248848536459374	0.001248547830816587	0.0007517023506923868	0.003391312227972349	1.3682520162510057	2.291663362890716	2.4665021997193066	0.56292575820007	0.17606924018399542	16.9888698062867	0.02564885313186055
9.050655972707842	0.01	0.007	0.007	0.007	0.01	0.0076265110416082645	0.009098763270922046	0.0012259640815084718	0.0007380573203512443	0.003319445943732592	1.3693867995432423	2.285042715115675	2.463798834997204	0.5610828610367796	0.1762926470459033	16.717605993615518	0.025576557978415883
9.132075807115092	0.01	0.007	0.007	0.007	0.01	0.0075027898101847415	0.008951162258967095	0.0012038564784667674	0.0007247022744948247	0.0032487830932946657	1.3704786096916448	2.2783554516225295	2.4610765167523003	0.5592403558825992	0.1765027777655565	16.450751725386002	0.02550448786975214
9.213481561629143	0.01	0.007	0.007	0.007	0.01	0.007381101042234384	0.00880598593234056	0.0011822093578083537	0.0007116275802177711	0.003179308334245751	1.3715289726818878	2.271604166576213	2.4583357763222256	0.5573982585907835	0.1767001236928713	16.188202156203165	0.025432633252010957
9.294882563459343	0.01	0.007	0.007	0.007	0.01	0.007261397327701771	0.008663177732631911	0.0011610079300543672	0.0006988241447641894	0.0031110067810345672	1.3725393413457039	2.264791361397079	2.455577125049665	0.5555565896584722	0.17688515419827885	15.929857770168743	0.025360985249952277
9.376287567746418	0.01	0.007	0.007	0.007	0.01	0.007143633530950335	0.00852268381475154	0.0011402382036007303	0.0006862833683178283	0.0030438639288097942	1.373511100941096	2.257919447671801	2.4528010544678764	0.5537153730135043	0.17705831818856904	15.675623852510228	0.025289535584328827
9.457704808753602	0.01	0.007	0.007	0.007	0.01	0.007027766606063719	0.008384452826588623	0.0011198869227340882	0.0006739971056782183	0.002977865607779211	1.3744455738315422	2.250990751788463	2.4500080372866466	0.5518746354824376	0.1772200454051329	15.425410098114163	0.025218276519422666
9.539142061343558	0.01	0.007	0.007	0.007	0.01	0.006913755409711851	0.00824843568576323	0.0010999415080175333	0.0006619576294564977	0.0029129979310294645	1.3753440238788146	2.244007517832595	2.4471985277596744	0.550034405969414	0.17737074762608346	15.179130214041036	0.02514720080245801
9.620606675090862	0.01	0.007	0.007	0.007	0.01	0.006801560564014372	0.008114585416025295	0.0010803900079407898	0.0006501576001504503	0.0028492472662473667	1.376207660159981	2.236971912044509	2.444372962754148	0.5481947152041515	0.17751081970989402	14.936701629330631	0.025076301627775917
9.702105624253742	0.01	0.007	0.007	0.007	0.01	0.006691144306400457	0.007982856968139749	0.001061221050475514	0.0006385900362316419	0.0027866001960183307	1.3770376405512168	2.229886025257022	2.4415317620691948	0.5463555950877271	0.1776406405800866	14.698045176137198	0.025005572587829893
9.783645541306694	0.01	0.007	0.007	0.007	0.01	0.006582470371165048	0.00785320707858546	0.0010424238021351539	0.0006272482888244806	0.0027250434925667573	1.377835074847299	2.2227518761451224	2.4386753291363314	0.5445170783714111	0.1777605740984127	14.463084838799633	0.024935007639177446
9.86523273945395	0.01	0.007	0.007	0.007	0.01	0.006475503892683296	0.007725594154092348	0.001023987932512226	0.0006161260197454471	0.0026645641015571207	1.3786010275359069	2.2155714149290753	2.435804051947292	0.5426791985493803	0.17787096985416365	14.23174754928081	0.02486460107850679
9.94687327282264	0.01	0.007	0.007	0.007	0.01	0.0063702112659877385	0.007599978105311348	0.0010059035730410944	0.0006052171761085609	0.0026051490989874725	1.3793365207039925	2.208346523293263	2.4329183025101093	0.5408419888723556	0.17797216394124202	14.003962889962505	0.02479434748665696
10.0	0.01	0.007	0.007	0.007	0.01	0.006302616534376087	0.007519336250767405	0.0009943264667341331	0.0005982343367767806	0.0025670668486979845	1.3797989732529523	2.2036247978369916	2.4310339437157684	0.5396475254262354	0.17803319187580885	13.857696215325365	0.024748737341529145
