0.0	0.01	0.007	0.007	0.007	0.01	0.0	0.0	0.0	0.0	0.0	0.0	0.0	0.0	0.0	0.0	100.0	0.035
0.006706964972181857	0.01	0.007	0.007	0.007	0.01	0.002641653681813058	0.005019285975940886	0.003579480226160687	0.0011417119388138315	0.00019084438127311458	0.00013435941252858632	0.000399781744433287	0.00036814317323989956	7.807991088741645e-5	8.325482409049665e-6	99.86903158884336	0.03499186534621323
0.011575574909608609	0.01	0.007	0.007	0.007	0.01	0.0044509001793704974	0.008290767452243669	0.0060639894002479326	0.0019486772188678227	0.00030150336822514146	0.00039358594604260234	0.0011555461014742291	0.001082329035690853	0.00023069344665121904	2.33634190161018e-5	99.77406861020634	0.03498596155620577
0.018594218001095713	0.01	0.007	0.007	0.007	0.01	0.0069082189281495805	0.01251535586876673	0.00948480967993272	0.0030805903456580064	0.0004284857511198507	0.0009916063313922883	0.002857270731845561	0.0027408393252616337	0.0005883370441998972	5.549360112971253e-5	99.63732780285494	0.03497745233881657
0.025481124034188733	0.01	0.007	0.007	0.007	0.01	0.009156511601840037	0.01615736706600611	0.012665235897479124	0.004156173847008595	0.0005236521451385442	0.0018195123803417307	0.005150498453810156	0.005054013647695003	0.0010923083784125012	9.641868911972115e-5	99.5033357267155	0.03496910484765001
0.03351926099220645	0.01	0.007	0.007	0.007	0.01	0.011590706124002934	0.01985674483609587	0.016168391414158274	0.005368993131417731	0.000606848568417514	0.003065460267772579	0.008505605166969969	0.008562785238476525	0.0018652319234188541	0.00015301293284708924	99.34717310422087	0.03495936449029386
0.041933330198267706	0.01	0.007	0.007	0.007	0.01	0.013935706526099743	0.023177270950167327	0.019607995641638606	0.006591073691883462	0.0006700302269936783	0.004666892807204897	0.012691375240561083	0.013110980213431992	0.002879126062321064	0.000219738849142044	99.18396951760329	0.03494917149664224
0.05111522912281277	0.01	0.007	0.007	0.007	0.01	0.01627680616276762	0.02625000160781888	0.02311258739778065	0.007871324435731039	0.0007188481724058213	0.006731273066358463	0.017925106769630144	0.019025944228150734	0.004214341167442214	0.0002987527382208874	99.00617861771828	0.03493805172780403
0.06081079473878297	0.01	0.007	0.007	0.007	0.01	0.01852312970327135	0.02896637109544891	0.026549897130130708	0.009165125821113658	0.0007542865243345832	0.009236852295285753	0.0240828962622268	0.026271268015904573	0.005871574910327692	0.0003870286865323139	98.81878741680163	0.0349263137216097
0.07113753794540126	0.01	0.007	0.007	0.007	0.01	0.02068392014490396	0.031360239079953334	0.02993445515749348	0.010480297706192004	0.0007794854120954955	0.012237007119344051	0.031229624223458135	0.03502890647864575	0.007902355936601168	0.0004846829171594982	98.61958717009753	0.03491381591271539
0.08201884150408427	0.01	0.007	0.007	0.007	0.01	0.022726964679827415	0.033421155581128854	0.03321512375217422	0.011799047785386698	0.0007965909843801721	0.015729263378692425	0.03929385130790551	0.04532168924520952	0.01032321367435145	0.0005901565604097073	98.41012405501755	0.03490065179304075
0.09349794782728552	0.01	0.007	0.007	0.007	0.01	0.024648617693335418	0.03517483685026095	0.03638328450937266	0.013119159739419187	0.0008077088920596602	0.01974033160848024	0.04827622172668882	0.05725963864218499	0.013172296106982357	0.0007031314282182104	98.1896355496532	0.03488676983601533
0.10556422223981038	0.01	0.007	0.007	0.007	0.01	0.026437537552106052	0.036641049393056686	0.039416239931679115	0.014431982586956486	0.0008144527804601063	0.024275555529107498	0.05813166859457744	0.07089140908157979	0.016474693154928065	0.0008228962169954238	97.95840136573487	0.034872183755093204
0.11824876481533575	0.01	0.007	0.007	0.007	0.01	0.028091385725662936	0.03784830444175828	0.042304605926773764	0.015733674054606035	0.0008181055266135344	0.029351345161533083	0.06884426371382542	0.08629990216748692	0.020265068713884837	0.0009492665348970108	97.715905986228	0.03485685686782286
0.13157150977162504	0.01	0.007	0.007	0.007	0.01	0.02960755041468009	0.03882407593808205	0.045037324786602086	0.017019029287286526	0.0008196194546852225	0.03497727031575998	0.08038782736826164	0.103548548682969	0.02457481774792328	0.0010820470766952127	97.46185617434021	0.03484076608612852
0.1455703445070418	0.01	0.007	0.007	0.007	0.01	0.030986771159228148	0.039596713951402455	0.047608176043145045	0.018284430330277608	0.0008196948322448414	0.04116790708446359	0.09275145009566707	0.12271687796012501	0.0294408171023305	0.0012212999074135082	97.19562568448958	0.034823866747821106
0.1602850783268082	0.01	0.007	0.007	0.007	0.01	0.03223064557250935	0.04019296460197662	0.05001167826187605	0.01952606748433941	0.0008188400471002829	0.047936903617589406	0.10592688056957848	0.14388232854460875	0.03490103991543294	0.0013671656276896178	96.91656413916631	0.03480611201532167
0.17576647062195255	0.01	0.007	0.007	0.007	0.01	0.03334224613125759	0.04063793100885244	0.05224444216857211	0.020740645707781374	0.0008174332612123026	0.05530123788400734	0.11991687051826287	0.16713325099202592	0.040997959099475095	0.0015199378579644515	96.62382797637272	0.034787442007893486
0.19207141933024294	0.01	0.007	0.007	0.007	0.01	0.03432536736553597	0.040954420431796534	0.054303954250893315	0.02192482148199147	0.0008157770379461196	0.0632793249190691	0.1347310365787154	0.19256292415528584	0.04777716772705448	0.0016800058756032282	96.31647522803648	0.03476778964855505
0.20926573376337335	0.01	0.007	0.007	0.007	0.01	0.03518453333145603	0.04116285164015016	0.05618875416117776	0.023075314336738185	0.0008141467279568148	0.0718924164203022	0.15038816820411782	0.22027379376959264	0.05528862245288319	0.001847879818969807	95.99341674127959	0.03474707736335386
0.2274223642801307	0.01	0.007	0.007	0.007	0.01	0.03592473136694412	0.04128115730019093	0.05789803281490016	0.02418867995258571	0.000812833685875998	0.081163733449899	0.1669142253828152	0.2503744825646968	0.06358596999567218	0.002024180008146366	95.65345377740964	0.03472521926542487
0.24662144896342705	0.01	0.007	0.007	0.007	0.01	0.03655134718846332	0.041324845112435546	0.059431611507581104	0.025261264468842595	0.0008121833060808921	0.09111834129275581	0.18434181721230247	0.28297899578687535	0.07272638109770302	0.0022096551593252366	95.29528157624539	0.03470212115215326
0.2669478969291946	0.01	0.007	0.007	0.007	0.01	0.037070067209175224	0.0413071130237328	0.060789825376896874	0.02628906495975396	0.000812627757139605	0.10178166573707308	0.20270735099948659	0.31820130736732805	0.08276898994447564	0.002405189902816012	94.91753913546953	0.034677683469721575
0.2884875205103801	0.01	0.007	0.007	0.007	0.01	0.03748685091612276	0.041239032019076055	0.06197354148624805	0.027267628142861294	0.0008147110891272657	0.11317714180239077	0.22204688220792565	0.3561467264159999	0.09377217713765267	0.0026118138964518617	94.5188852229663	0.03465180601476924
0.31131821693792905	0.01	0.007	0.007	0.007	0.01	0.0378079265336486	0.04112978941903644	0.06298420023090366	0.028191894275623526	0.0008191017150082018	0.1253212022126912	0.2423877050050009	0.39689391213400266	0.10578774407129095	0.0028306797367044696	94.09816396141835	0.03462439856085532
0.3354928085416929	0.01	0.007	0.007	0.007	0.01	0.03803985859133324	0.04098701670835766	0.06382397968174296	0.029056014352121615	0.0008265820728736774	0.13821389204046003	0.2637330692826272	0.44046140837564	0.11884979148729459	0.003062973548569278	93.65471869153527	0.03459540143654077
0.3610099463303308	0.01	0.007	0.007	0.007	0.01	0.03818974757625096	0.04081722194164996	0.06449624618694434	0.02985324263317481	0.0008379985177383627	0.15182345715843318	0.28603757718348055	0.48675266400224737	0.13295592969285136	0.0033097082964738457	93.18891338192181	0.03456482028906623
0.3877832858821381	0.01	0.007	0.007	0.007	0.01	0.03826561374043175	0.04062623875807324	0.06500664305254175	0.0305763932558766	0.0008541578752964877	0.16607084793605373	0.3091830803549681	0.5354996276991546	0.1480464520600551	0.0035714625585476943	92.70266703695705	0.034532762701245466
0.4156466478664881	0.01	0.007	0.007	0.007	0.01	0.038276712631191125	0.04041937245206671	0.06536470236997352	0.031219498205669934	0.0008756991345589591	0.18083458488789572	0.33298748270165485	0.5862762769695977	0.16400428765833466	0.00384838917303618	92.19931817279252	0.034499431525696726
0.4444150707333456	0.01	0.007	0.007	0.007	0.01	0.03823317181254724	0.04020106644524238	0.06558443898306371	0.03177990519283624	0.0009030196973031548	0.19598576660219327	0.3572604997417278	0.6386188746900563	0.18069017671722415	0.004140701425114074	91.68248694892097	0.03446505143863525
0.4739452478745108	0.01	0.007	0.007	0.007	0.01	0.0381449406610871	0.039974568193452575	0.06568273665222849	0.03225879508026498	0.0009362839720457597	0.21142158179276524	0.3818550257998376	0.692145235929194	0.1979813556243145	0.004449157475530711	91.1549837149343	0.034429796640624365
0.5041509888304189	0.01	0.007	0.007	0.007	0.01	0.03802085926353819	0.03974198715408312	0.06567690933031803	0.032660069535281416	0.0009754644470390361	0.2270734273125537	0.40667758295171347	0.7465876488850949	0.2157850509715008	0.0047751441577966154	90.61855259606737	0.03439377262556671
0.5349947250308051	0.01	0.007	0.007	0.007	0.01	0.03786825406188973	0.03950455654731176	0.0655830086956624	0.03298902784484702	0.0010203842587413843	0.24290152851393615	0.43167824087180356	0.8017778932852674	0.23403658934700405	0.0051205566320354405	90.07404855166364	0.034357026618035476
0.5664792882112032	0.01	0.007	0.007	0.007	0.01	0.03769290213642348	0.039262866156294644	0.06541502573320532	0.033251463150178254	0.0010707610656891145	0.2588894113108871	0.45684123534151827	0.8576302076719158	0.25269610207015886	0.005487707858694742	89.52160589987753	0.03431955764537613
0.5986399842979816	0.01	0.007	0.007	0.007	0.01	0.03749918316639663	0.039017049547963256	0.06518465878630542	0.03345308942287098	0.0011262434060236135	0.27503852267188716	0.48217635667702696	0.9141236258300998	0.271744299230299	0.005879260204788857	88.96079752452317	0.03428132621243127
0.6315419637047592	0.01	0.007	0.007	0.007	0.01	0.037290274853946974	0.038766891518391855	0.06490136285576915	0.033599233122828524	0.001186444636730762	0.29136563011502925	0.5077149586449674	0.9712932691903506	0.29118066464857345	0.006298233183209182	88.39069828628143	0.034242257642209055
0.6652803625593966	0.01	0.007	0.007	0.007	0.01	0.03706833974804821	0.03851188579149214	0.06457251047256077	0.03369466032844062	0.0012509715158885795	0.3079016356659351	0.5335082371653859	1.0292261446091753	0.31102280443284763	0.006748062818238428	87.80989997019996	0.03420224212430713
0.6999854012768401	0.01	0.007	0.007	0.007	0.01	0.03683466251759161	0.03825123674789596	0.06420355020330973	0.033743480911449346	0.001319452261135617	0.32469275988845064	0.5596291612744858	1.0880649694887639	0.331308299096517	0.007232747971444883	87.21644282676942	0.034161128911095635
0.7358339702385694	0.01	0.007	0.007	0.007	0.01	0.036589717329626244	0.03798380260746285	0.06379808885286695	0.03374907058538056	0.001391567912751602	0.34180458920103507	0.5861787266721842	1.1480218385123089	0.35209983666916445	0.007757123182399981	86.60764222269626	0.034118712907818656
0.7730740282522245	0.01	0.007	0.007	0.007	0.01	0.03633312237383526	0.037707940850808204	0.06335779550826243	0.03371395583078406	0.0014670985826746867	0.35933159739661985	0.6133004708361847	1.2094108667373813	0.3734969314434375	0.008327383927574409	85.97971042718356	0.03407470626639925
0.8120786211745422	0.01	0.007	0.007	0.007	0.01	0.03606337120338572	0.03742114153470818	0.0628819042712377	0.03363955891597874	0.0015460133360836695	0.3774191631239973	0.6412138869127618	1.2727242427142456	0.395662944872994	0.008952199567316296	85.32690634709535	0.03402867532784461
0.8534838588299853	0.01	0.007	0.007	0.007	0.01	0.0357769783455036	0.03711906951262737	0.06236562104683515	0.03352551174168766	0.001628694792375991	0.3963209683391499	0.6703014507914179	1.3388312538890994	0.41889566541959405	0.00964549184943116	84.63934621472366	0.03397987932790868
0.8986691406500926	0.01	0.007	0.007	0.007	0.01	0.03546529556675669	0.036792198562477334	0.06179414156491038	0.033367230971132276	0.0017167373693007723	0.41660151818117463	0.7014159677416627	1.4096819868861827	0.4438768113897937	0.01043593731821929	83.89533661908278	0.033926708394522706
0.9532731366607357	0.01	0.007	0.007	0.007	0.01	0.035090735672246146	0.036401030024858026	0.06109787546492472	0.03313836058692501	0.001818965222575056	0.4406340163486472	0.7381570924906543	1.4935182003247296	0.4735195297977574	0.011435538578767727	83.00496256477408	0.033862565176205395
1.00117167266526	0.01	0.007	0.007	0.007	0.01	0.03476458072821943	0.036061323710657824	0.06048567740218854	0.03291100064109107	0.0019041043502178454	0.46129433261289604	0.7696272991348868	1.5654722107122518	0.49901238885836074	0.012349390947583132	82.23171138999052	0.03380639870535266
1.0491219821301812	0.01	0.007	0.007	0.007	0.01	0.0344406250999033	0.035724426579826905	0.059873881841801875	0.0326640973554195	0.0019845545661375283	0.4815901681144499	0.8004350569438223	1.6360405662694308	0.5240442062479062	0.013295771252656888	81.46483946139388	0.03375026483634493
1.09533123807074	0.01	0.007	0.007	0.007	0.01	0.03413100134641215	0.035402741553099755	0.059286777508428055	0.03241191617409146	0.0020572537241767474	0.5007893647975985	0.8294771967118337	1.7026828906730396	0.5476983747117006	0.01423475276583197	80.73257991914036	0.03369625735638821
1.1412154961722814	0.01	0.007	0.007	0.007	0.01	0.03382613356744545	0.03508618638341635	0.05870718236791718	0.03215080820444099	0.0021245789557260033	0.5195103726668193	0.857698326305654	1.7675539346874736	0.5707279419759937	0.015190506834113026	80.01198337899392	0.033642715234526804
1.1862753591625164	0.01	0.007	0.007	0.007	0.01	0.033529285190108046	0.03477807467275695	0.05814191842171028	0.0318864379032016	0.002185912885353243	0.5375680501646105	0.8848251228941701	1.8300175644711332	0.5928987024729238	0.016149103572287646	79.3105935591885	0.03359021789354982
1.2310169076737085	0.01	0.007	0.007	0.007	0.01	0.03323704361212156	0.03447481782672548	0.05758491687431886	0.03161805819501383	0.0022421305649837084	0.5551831472159235	0.911194788790385	1.8908432536889894	0.6144775330376909	0.01711802739210407	78.62024209092435	0.033538172460409396
1.2753546590561697	0.01	0.007	0.007	0.007	0.01	0.03294990984950366	0.0341769077166116	0.057037423123361415	0.03134785188679457	0.0022932973054153355	0.5723349365490532	0.9367804223593299	1.9499640526739401	0.6354359758524659	0.018092636202154042	77.94204926591782	0.03348667629504533
1.3195138271229432	0.01	0.007	0.007	0.007	0.01	0.032666371349315625	0.03388275746169055	0.05649675567013309	0.031075761206746603	0.0023398606543134273	0.5891216817829559	0.961732223827841	2.0077229781353183	0.6558920719010363	0.019075350920285488	77.27240304883738	0.033435466138454197
1.3635245208715778	0.01	0.007	0.007	0.007	0.01	0.03238619687616424	0.03359211621105028	0.055962615310794925	0.03080263070416047	0.002382028261128238	0.605563127463875	0.9860823218089104	2.0641914831489236	0.6758683464316863	0.020064592415114685	76.61073275013253	0.03338450608313695
1.4075112320292276	0.01	0.007	0.007	0.007	0.01	0.03210856553238234	0.033304125433114014	0.055433537687983245	0.030528512718705242	0.0024200920540115526	0.621712387576889	1.0099116608342977	2.1195550469445363	0.6954282361462242	0.02106110586854119	75.95508416057685	0.03333365140368608
1.4515289647753382	0.01	0.007	0.007	0.007	0.01	0.03183311436556678	0.03301840419073354	0.054908903663708895	0.030253730592727915	0.002454261409150009	0.6375944159326455	1.0332587849309485	2.173901709533596	0.714601078352193	0.022064258420988622	75.30459026133103	0.033282838407986744
1.4956588332261163	0.01	0.007	0.007	0.007	0.01	0.03155932961363927	0.03273441670758301	0.05438778777131673	0.029978323812371397	0.002484753456787141	0.6532418899351076	1.05617304104612	2.227345362223123	0.733425602864624	0.02307415369049053	74.65803144090303	0.03323197371978405
1.539955254169193	0.01	0.007	0.007	0.007	0.01	0.03128687738903498	0.032451814806832895	0.05386959420560171	0.029702405372206944	0.002511750675376832	0.6686762295268384	1.078686703787957	2.2799608155980255	0.7519269305948799	0.02409040388306077	74.0146151195425	0.033180995235631776
1.5844779861343228	0.01	0.007	0.007	0.007	0.01	0.03101540220695767	0.032170228561829356	0.053353677257315726	0.029425983143926256	0.0025354266585345567	0.6839193436337143	1.1008323064876946	2.3318240608097733	0.7701307188765087	0.025112836427272158	73.3734991377674	0.033129835103793005
1.6292751780271226	0.01	0.007	0.007	0.007	0.01	0.030744630509875647	0.03188937344616481	0.05283954110238559	0.029149081515430015	0.002555936538120802	0.6989878613462951	1.1226342749080211	2.3829926560366936	0.7880562212604976	0.026141086905822168	72.73403571766478	0.033078439207754676
1.6743945130373226	0.01	0.007	0.007	0.007	0.01	0.030474301168212703	0.03160897809700287	0.052326709587385244	0.02887168427646847	0.002573425009686684	0.7138971650556932	1.144114862515941	2.433519533996283	0.8057211145577831	0.027174839443401134	72.09560700441885	0.033026754311085676
1.7198779731092422	0.01	0.007	0.007	0.007	0.01	0.030204196344452643	0.03132881623320152	0.05181478620820207	0.028593776462272152	0.0025880250082029855	0.7286597501826896	1.165291820790371	2.4834474818667593	0.8231395446484162	0.02821369440585814	71.45769774466498	0.03297473404080263
1.7657659519947657	0.01	0.007	0.007	0.007	0.01	0.029934115909824123	0.031048680057494674	0.051303406482599234	0.02831532632451685	0.0025998606397746584	0.7432867167211796	1.186180596174613	2.532814251486546	0.8403239025910237	0.029257252891419363	70.81983473255352	0.032922334147710064
1.812095829617453	0.01	0.007	0.007	0.007	0.01	0.029663885321807925	0.03076838838714537	0.050792253542720496	0.028036299878303653	0.002609047630968265	0.7577873950061526	1.2067938263564828	2.5816513328410298	0.8572843866544385	0.03030507611057936	70.18160532700978	0.032869514120996444
1.8589036603339204	0.01	0.007	0.007	0.007	0.01	0.02939334513168898	0.030487775744617075	0.05028103871391169	0.02775665526325661	0.0026156946484401367	0.7721699655715681	1.2271422565833021	2.629986083169755	0.8740297373850218	0.031356717219204376	69.54263261550085	0.03281623524577629
1.9062239601055087	0.01	0.007	0.007	0.007	0.01	0.029122351864720394	0.03020669325337351	0.04976950350409726	0.02747634780958876	0.0026199039257784277	0.7864414506242581	1.247234750460399	2.677841726371381	0.8905672317411901	0.03241171083885313	68.90257745674643	0.03276246083791754
1.9540905449487176	0.01	0.007	0.007	0.007	0.01	0.028850772896001936	0.0299250033117618	0.04925741014584503	0.02719532812230091	0.0026217719719638737	0.8006080192450187	1.2670787411031699	2.7252384029130203	0.9069030426338827	0.03346958702318309	68.2611263552995	0.03270815528487533
2.0025366850251722	0.01	0.007	0.007	0.007	0.01	0.02857848542250655	0.029642578519420065	0.048744539822854455	0.026913543779495876	0.002621390050446267	0.814675066227682	1.2866803560734492	2.7721934525731604	0.9230423324948343	0.034529870241331584	67.61798901864834	0.03265328387055547
2.051595655188028	0.01	0.007	0.007	0.007	0.01	0.02830537328903852	0.02935929838025448	0.04823068680882254	0.026630938322248648	0.002618844590734532	0.8286473968064475	1.306044686278582	2.8187220467934426	0.9389894673325313	0.03559208740046702	66.97289085069455	0.032597812154235115
2.1013010188349748	0.01	0.007	0.007	0.007	0.01	0.02803132545566525	0.02907504770966743	0.0477156556818747	0.02634745155244889	0.0026142174952294792	0.8425293188714945	1.3251759201575906	2.8648375061192426	0.9547481215439932	0.036655769976676654	66.32556932544244	0.03254170565687889
2.1516870416925253	0.01	0.007	0.007	0.007	0.01	0.027756233853072212	0.028789714408012982	0.04719925737581828	0.02606301888418584	0.002607586372603563	0.8563247609119055	1.344077509155432	2.910551698808854	0.9703214098686826	0.03772045886756341	65.67576891690973	0.03248492940487967
2.2027890767691205	0.01	0.007	0.007	0.007	0.01	0.027479991529968655	0.028503187537692386	0.046681305781711216	0.025777570744972937	0.0025990247026524125	0.8700373688454623	1.362752298981862	2.955875364114784	0.9857119923681154	0.03878570830353286	65.02323671990466	0.032427447511599886
2.254643989340418	0.01	0.007	0.007	0.007	0.01	0.027202490716766795	0.028215355313874306	0.04616161419980876	0.025491031686546477	0.0025886019379538086	0.8836706010842271	1.381202653425459	3.000818424739942	1.000922174342377	0.039851090148988286	64.36771787350486	0.03236922271928129
2.307290641325956	0.01	0.007	0.007	0.007	0.01	0.026923620720847023	0.027926102920837175	0.04563999149106942	0.02520331915742299	0.0025763835409332147	0.8972278255522482	1.3994305752351888	3.0453903003192564	1.0159540048283744	0.04091619878602477	63.70895058675787	0.032310215880459084
2.360770402721257	0.01	0.007	0.007	0.007	0.01	0.02664326584746728	0.027635310355109646	0.045116238298343034	0.024914342170142857	0.0025624309666250674	0.9107124086541687	1.4174378099758425	3.089600188538204	1.0308093620258172	0.04198065570444517	63.04666122470129	0.03225038541617876
2.415127785894046	0.01	0.007	0.007	0.007	0.01	0.026361302865838848	0.027342849796972782	0.044590142445316575	0.02462399939481353	0.0025468015719723	0.9241278188796377	1.4352259625912855	3.1334573878694107	1.0454900501789197	0.04304411549404143	62.38055831943665	0.03218968664489526
2.470411206149798	0.01	0.007	0.007	0.007	0.01	0.026077598054885978	0.027048582546080856	0.04406147358904355	0.024332176739699278	0.0025295484446545696	0.9374777415866785	1.4527966202775822	3.17697164901818	1.0599979027237683	0.044106272912848216	61.71032558748808	0.03212807098052757
2.5266738619065245	0.01	0.007	0.007	0.007	0.01	0.025792003917420352	0.026752355613205093	0.043529977302261214	0.024038744532091694	0.002510720152523466	0.9507661990660088	1.470151472082314	3.2201535342998024	1.0743348839189502	0.0451668704887791	61.03561416279457	0.03206548500955398
2.5839749483009844	0.01	0.007	0.007	0.007	0.01	0.0255043545501463	0.02645399691779727	0.04299536671487225	0.023743553279973833	0.0024903603397758343	0.9639977206415458	1.4872924811803374	3.2630149282367205	1.0885032353898605	0.046225710150171496	60.35603165279961	0.032001869212577166
2.6423810903760616	0.01	0.007	0.007	0.007	0.01	0.025214460373803115	0.026153309821888567	0.04245731304947989	0.023446428762205446	0.002468507194661105	0.977177525518666	1.5042220565332833	3.3055695741211655	1.102505623941679	0.047282665844201995	59.671129681010655	0.031937156462537114
2.7019683523015776	0.01	0.007	0.007	0.007	0.01	0.024922100587706702	0.025850065303678064	0.04191543203922758	0.02314716479354681	0.0024451926533914856	0.9903117883790143	1.520943309098254	3.347833858483828	1.116345361551397	0.04833770263696131	58.980386050909246	0.0318712699106965
2.762824883771125	0.01	0.007	0.007	0.007	0.01	0.024627013307170157	0.025543991727737785	0.04136926620085901	0.022845513656946065	0.0024204412921147818	1.003407980025951	1.5374603727520562	3.3898278097661785	1.1300266820273672	0.04939090156332254	58.283181432019184	0.03180412020413964
2.8250546976530133	0.01	0.007	0.007	0.007	0.01	0.024328881322811167	0.025234760074106476	0.040818259211653156	0.02254117213771883	0.0023942686882801323	1.0164753626082301	1.5537788773112369	3.431576554875057	1.143555147974816	0.050442496418116205	57.57876569722678	0.031735601504565274
2.888783066352864	0.01	0.007	0.007	0.007	0.01	0.024027311703938146	0.02492196278227058	0.04026171921213252	0.02223376140947439	0.002366679011127458	1.0295256968198911	1.5699066230330183	3.473112397313205	1.1569382311646372	0.05149292680470048	56.86620970845419	0.03166558579640606
2.954164774723236	0.01	0.007	0.007	0.007	0.01	0.023721804252757526	0.02460508103086813	0.039698761986848304	0.021922795778671032	0.002337661262941164	1.0425743454250331	1.585854649330546	3.5144780727712543	1.1701862297325314	0.052542921760586246	56.14433074883371	0.03159391416291709
3.021397224661638	0.01	0.007	0.007	0.007	0.01	0.023411701007316762	0.024283432360546718	0.03912821994488669	0.021607632514746424	0.0023071832127120324	1.0556420496281178	1.6016389722552378	3.555732002958881	1.1833137566335818	0.05359363529077371	55.41157315941756	0.03152038291101914
3.090742822365091	0.01	0.007	0.007	0.007	0.01	0.02309609908716904	0.023956080274744218	0.03854848486420414	0.021287385072346537	0.00227518090626644	1.0687580220720496	1.6172836520948424	3.5969574779301072	1.1963423612626747	0.05464688380657802	54.66580233021424	0.031444719821142345
3.16257064142774	0.01	0.007	0.007	0.007	0.01	0.02277368686934912	0.023621664316271922	0.03795721199412108	0.020960759710790988	0.0022415389558430553	1.0819658125349703	1.6328266894598202	3.638280134334901	1.209305556780016	0.055705598694889676	53.90391747183277	0.03136653986387399
3.2374442596143864	0.01	0.007	0.007	0.007	0.01	0.022442394997954435	0.023278038083545952	0.03735068901693813	0.020625706964550905	0.00220604867392234	1.0953359245366063	1.6483328849485093	3.6799056972473645	1.2222597595624916	0.0567748041732919	53.121026727520196	0.031285251657567896
3.31635108381339	0.01	0.007	0.007	0.007	0.01	0.022098473860448484	0.022921312360329977	0.03672216567576263	0.020278498959981035	0.0021682981299849407	1.1089995725597805	1.6639288221597324	3.7222214475298614	1.2353139697644568	0.05786424620435067	52.3082667089394	0.031199812691342567
3.401495390695017	0.01	0.007	0.007	0.007	0.01	0.021733277930239468	0.0225425197366774	0.03605602639944211	0.019910510329303927	0.002127290303842487	1.1232672179888354	1.6799269371931953	3.766153542818368	1.2487348654105948	0.05899765135388693	51.44520212179487	0.031107881592890626
3.5029260695831237	0.01	0.007	0.007	0.007	0.01	0.02130609930987844	0.02209943674142387	0.035278499627526404	0.019480989234164685	0.002078246069149659	1.139640855963426	1.6978998339936249	3.816231090011829	1.2638548986879847	0.060292090162693074	50.435617743394424	0.030998719433877938
3.590885019552528	0.01	0.007	0.007	0.007	0.01	0.020942463530055792	0.021722262237971305	0.03461806852688587	0.019116155298175973	0.0020356681095991926	1.1533105598048181	1.712565482335653	3.8577438540035205	1.276231859525302	0.06136680648884076	49.57617758331413	0.030904366053080445
3.6717736802847725	0.01	0.007	0.007	0.007	0.01	0.02061353999563135	0.02138109236145418	0.034021834723772446	0.018786786582281192	0.001996561977503614	1.1654625904211946	1.7253253500439911	3.894408306770794	1.2870341542571109	0.06231701791659695	48.798753270331105	0.030817850469040602
3.7509002045377455	0.01	0.007	0.007	0.007	0.01	0.02029678292934469	0.021052541919810607	0.03344870160489021	0.018470180739942055	0.0019584331698661935	1.1769739236327366	1.7371559221979462	3.9289200147899597	1.297082270969605	0.06321212075542959	48.05006190519538	0.03073345394740098
3.8287883148569186	0.01	0.007	0.007	0.007	0.01	0.019989739374775155	0.020734066621161243	0.032894134246531696	0.018163832723802318	0.001921080042494132	1.1879530339288995	1.748192480945542	3.9616259920650774	1.3064886612537312	0.064060850943219	47.32430773535844	0.030650604051156206
3.905534983061315	0.01	0.007	0.007	0.007	0.01	0.019691740805013624	0.020424973047161243	0.03235684510684741	0.01786703132689011	0.001884496057128102	1.198439856554296	1.7584951898041945	3.992663523974644	1.3153024793551606	0.0648665732898327	46.61991230256993	0.03056918677185128
3.9813268297495785	0.01	0.007	0.007	0.007	0.01	0.019401811472366245	0.020124249122312005	0.031835003630776654	0.01757876533979735	0.0018486243627061623	1.2084829304480968	1.768129830080102	4.022192748329216	1.3235779905548275	0.06563329492528763	45.934570716681655	0.03048899467415895
4.056319615948187	0.01	0.007	0.007	0.007	0.01	0.019119142071058123	0.019831055410083856	0.031327090950822464	0.017298195712675	0.0018134174777032508	1.2181226616387824	1.7771511851256314	4.0503470208790615	1.331360401331556	0.06636436596447985	45.26637126230499	0.030409855082643343
4.1306443646878686	0.01	0.007	0.007	0.007	0.01	0.01884305578741302	0.019544689898864175	0.030831836117730008	0.017024620336115518	0.0017788356271297382	1.2273930202638244	1.785605370221853	4.077238534211771	1.3386877751742137	0.06706261636354618	44.61371520572482	0.030331623154138315
4.204410942613061	0.01	0.007	0.007	0.007	0.01	0.018572986453856893	0.019264565342569644	0.030348174741531876	0.016757451198553295	0.0017448459058622332	1.2363226941738559	1.7935314762865977	4.102962189507319	1.3455923783920063	0.06773044992887642	43.97526519944655	0.03025417773702459
4.277711962888452	0.01	0.007	0.007	0.007	0.01	0.018308457336305966	0.01899018725826609	0.029875209252206554	0.016496192436610036	0.001711421043469118	1.244936126112249	1.800962975528089	4.12759901214715	1.3521018365869213	0.0683699282156907	43.34989517346827	0.030177416969139743
4.350625799657853	0.01	0.007	0.007	0.007	0.01	0.018049064759249642	0.018721136941602816	0.029412178233203523	0.016240423396304562	0.0016785384219336465	1.2532543118030979	1.807928801508339	4.151218778070121	1.3582400231692637	0.06898283514151408	42.736651654013826	0.03010125487707852
4.423219144826446	0.01	0.007	0.007	0.007	0.01	0.0177944646049958	0.018457057463417283	0.0289584312091623	0.015989784706598013	0.0016461791983040756	1.2612954438926987	1.8144542073990149	4.173882120947861	1.3640277664901022	0.06957072897101065	42.134721870129994	0.030025618508207688
4.495549029865858	0.01	0.007	0.007	0.007	0.01	0.017544361686843004	0.01819764264726499	0.028513408812885215	0.01574396732410288	0.0016143276010606453	1.269075416289284	1.820561436004745	4.195642180503573	1.3694834020278557	0.07013498299720672	41.5434086492199	0.029950445664465076
4.5676652688858645	0.01	0.007	0.007	0.007	0.01	0.017298498496869368	0.017942625398277883	0.028076622050648082	0.015502701079693796	0.0015829700050990685	1.2766083083775355	1.8262703114828458	4.216546140460675	1.3746232652453108	0.07067682379029802	40.962103829353985	0.029875682236105445
4.639609742585102	0.01	0.007	0.007	0.007	0.01	0.017056655359163366	0.01769177786211082	0.027647651991907624	0.015265754506872939	0.0015520953523006835	1.2839064895029866	1.8315984944618817	4.236635670633458	1.379461890095837	0.07119734135798714	40.390288634385946	0.029801282839520032
4.711419306800625	0.01	0.007	0.007	0.007	0.01	0.01681863857342634	0.017444899127114912	0.027226128220016823	0.01503292293837869	0.0015216939661889558	1.2909810728017757	1.8365619728074007	4.255948312907094	1.384012424670643	0.07169752401813569	39.82750565207787	0.029727207712112954
4.783125915873356	0.01	0.007	0.007	0.007	0.01	0.016584278513585703	0.017201813252164282	0.026811725080917538	0.014804026433881536	0.0014917575693835588	1.2978420433883457	1.8411752717626875	4.274517934687069	1.388286800360556	0.0721782692769971	39.273354346799294	0.02965342251624435
4.85475760043912	0.01	0.007	0.007	0.007	0.01	0.016353425099395413	0.016962364569660583	0.026404153337559362	0.014578905169990483	0.0014622789207435409	1.3044984534688813	1.8454516929116236	4.292375349211647	1.3922959308807847	0.0726403991743676	38.727480359466604	0.02957989727044882
4.926339012312287	0.01	0.007	0.007	0.007	0.01	0.016125944961332107	0.01672641474487663	0.026003154888093166	0.014357416522612696	0.0014332516310403497	1.3109585551926035	1.8494034892226365	4.309548748661007	1.3960498567312258	0.07308467088903722	38.18956880978927	0.029506605739338266
4.997891922427595	0.01	0.007	0.007	0.007	0.01	0.015901718945977607	0.0164938401884627	0.02560849813442108	0.014139432508578366	0.001404669993074276	1.3172299146181445	1.8530420120840498	4.326064073089683	1.3995578668984814	0.07351178577051308	37.65933840254076	0.029433524880465495
5.069435651895754	0.01	0.007	0.007	0.007	0.01	0.015680639997732584	0.016264529859294975	0.025219974056228514	0.013924837616978958	0.001376528836625419	1.3233195073130426	1.856377833293162	4.341945318850289	1.4028286000155974	0.07392239687519297	37.13653642278961	0.02936063436741065
5.140987420071456	0.01	0.007	0.007	0.007	0.01	0.015462611436210812	0.01603838347773619	0.024837393016259816	0.01371352704444044	0.0013488234152464183	1.3292337965669687	1.8594208453325307	4.357214791433957	1.4058701275058336	0.07431711512228854	36.62093466603016	0.029287916204095533
5.212562611657395	0.01	0.007	0.007	0.007	0.01	0.015247545591155846	0.015815310109729346	0.02446058222178873	0.013505405292868847	0.001321549323474817	1.3349787966945312	1.8621803439966724	4.371893311443825	1.4086900219606198	0.07469651428578314	36.112326213155335	0.02921535442669454
5.284175044852591	0.01	0.007	0.007	0.007	0.01	0.015035362524068913	0.015595226840830909	0.02408938336158434	0.013300384864156856	0.0012947024128254962	1.3405601297677758	1.8646650995581764	4.386000396826771	1.4112954163911304	0.07506113541288964	35.61052240996752	0.029142934808799394
5.355837170514346	0.01	0.007	0.007	0.007	0.01	0.01482598903548464	0.015378057746526822	0.023723650763496893	0.01309838524246949	0.0012682787339154667	1.3459830711067893	1.8668834154353449	4.399554410455557	1.4136930529261815	0.07541149038121818	35.115350521769614	0.029070644640345818
5.4275602457312955	0.01	0.007	0.007	0.007	0.01	0.01461935781003395	0.015163733005465484	0.023363249809287823	0.012899332018632654	0.0012422744876525059	1.3512525882356798	1.868843178135214	4.4125726863394314	1.4158893243346207	0.07574806493324315	34.626651713455075	0.02899847253542392
5.4993544728360915	0.01	0.007	0.007	0.007	0.01	0.01441540671434762	0.014952188171221832	0.02300805563005673	0.012703156169518172	0.001216685988691136	1.356373373439401	1.8705518995991348	4.425071635692593	1.417890309190607	0.07607132121596243	34.14427939076561	0.02892640827747851
5.571229137523868	0.01	0.007	0.007	0.007	0.01	0.014214078142025133	0.014743363492878999	0.022657951895417357	0.012509793389223712	0.0011915096289505604	1.3613498730400055	1.8720167539846706	4.437066841290652	1.4197018025997443	0.0763817000404919	33.66809765260138	0.0288544426675972
5.643192717860382	0.01	0.007	0.007	0.007	0.01	0.014015318480752223	0.014537203362306152	0.022312829825634924	0.012319183543410302	0.0011667418515097653	1.3661863117943613	1.8732446089374688	4.448573136708656	1.4213293422800026	0.07667962277091728	33.19798003200033	0.028782567403992727
5.715252973846487	0.01	0.007	0.007	0.007	0.01	0.013819077665686996	0.014333655850917039	0.02197258736217771	0.012131270211143824	0.0011423791310463038	1.3708867136682248	1.8742420525477803	4.4596046741368625	1.4227782310312922	0.07696549293563697	32.73380844097193	0.02871077498253323
5.787417022414439	0.01	0.007	0.007	0.007	0.01	0.013625308799454344	0.014132672315516492	0.021637128460978747	0.011946000294518188	0.0011184179589126717	1.375454919735536	1.8750154167944824	4.470174983056028	1.4240535562748806	0.07723969761817873	32.275472272718446	0.028639058613127426
5.859691412302525	0.01	0.007	0.007	0.007	0.01	0.013433967795736752	0.013934207028621847	0.02130636243280201	0.011763323654302231	0.0010948548280139531	1.379894604417391	1.8755707981470302	4.480297022963185	1.4251602073279694	0.07750260870846522	31.8228675595302	0.028567412137396227
5.932082170155284	0.01	0.007	0.007	0.007	0.01	0.013245013119686623	0.013738216909210909	0.020980203456500323	0.011583192841079264	0.0010716862269014025	1.3842092885056982	1.8759140754620005	4.489983226876714	1.4261028902596247	0.0777545839280932	31.37589635958168	0.02849582997591616
6.004594889842358	0.01	0.007	0.007	0.007	0.01	0.01305840543289607	0.013544661154473331	0.020658569932222766	0.011405562738000174	0.0010489086198590826	1.388402353541329	1.8760509259878573	4.499245546241879	1.4268861416391405	0.07799596790434102	30.934465917853224	0.028424307033605923
6.077234725801715	0.01	0.007	0.007	0.007	0.01	0.012874107503863424	0.013353501146944172	0.020341384296937888	0.011230390458868844	0.0010265184573800303	1.3924770494206329	1.8759868391106684	4.508095479222294	1.427514339597093	0.0782270928230821	30.498488454992764	0.02835283870077663
6.150006477749682	0.01	0.007	0.007	0.007	0.01	0.01269208389375223	0.01316470012856319	0.020028572455706176	0.011057635034018257	0.0010045121574152672	1.3964365065010813	1.8757271289137347	4.5165441078264505	1.4279917147865664	0.07844827932169453	30.06788042455174	0.028281420764550796
6.222914603360257	0.01	0.007	0.007	0.007	0.01	0.0125123008399328	0.012978223079880738	0.019720063557094276	0.010887257286251437	0.0009828861091031134	1.4002837426993293	1.8752769451628	4.524602122819319	1.4283223594209933	0.07865983707307639	29.64256223801243	0.028210049391981153
6.295963250246626	0.01	0.007	0.007	0.007	0.01	0.012334726098449995	0.012794036556660556	0.019415789700224086	0.010719219669028121	0.0009616366700475527	1.4040216710784723	1.874641283246062	4.532279848837615	1.4285102356557302	0.07886206538310338	29.22245789259906	0.028138721094548742
6.369156292936927	0.01	0.007	0.007	0.007	0.01	0.01215932878388895	0.01261210852378349	0.01911568563992678	0.010553486103607852	0.000940760162068643	1.4076531070486167	1.8738249929753645	4.539587267731549	1.4285591831096995	0.07905525374982016	28.807494592874498	0.028067432688289918
6.442497340874884	0.01	0.007	0.007	0.007	0.01	0.011986079287123736	0.012432408269934045	0.018819688627426764	0.010390021891042505	0.0009202528751162472	1.4111807735648256	1.8728327867479238	4.546534036991849	1.4284729256003723	0.07923968230061022	28.39760255654488	0.027996181282595862
6.515989765888574	0.01	0.007	0.007	0.007	0.01	0.01181494915176442	0.01225490627944745	0.018527738181991018	0.010228793586045313	0.0009001110652326234	1.4146073068874319	1.8716692467912985	4.553129508657354	1.4282550773307272	0.07941562224861301	27.99271472251419	0.027924964250298077
6.589636739618039	0.01	0.007	0.007	0.007	0.01	0.011645910935347748	0.012079574088332287	0.01823977583858148	0.010069768857610135	0.00088033094991807	1.417935262308513	1.8703388314106921	4.559382747344569	1.4279091483784279	0.07958333633310441	27.592766422796732	0.02785377918855458
6.66344122227515	0.01	0.007	0.007	0.007	0.01	0.011478938188936558	0.01190638426311053	0.017955745098960748	0.009912916461988133	0.000860908716572477	1.4211671172554028	1.868845881400258	4.5653025426351235	1.427438549843817	0.07974307911541798	27.19769533454754	0.027782623927157128
6.737405995391511	0.01	0.007	0.007	0.007	0.01	0.011314005338645055	0.011735310277931893	0.017675591216739103	0.009758206123960016	0.0008418405187058506	1.4243052761377095	1.8671946252299267	4.570897424301255	1.426846598444299	0.0798950973560083	26.807441200024964	0.027711496494430894
6.811533670264285	0.01	0.007	0.007	0.007	0.01	0.011151087627962047	0.011566326454749731	0.01739926108731701	0.009605608476037348	0.0008231224786079801	1.42735207377343	1.8653891841249188	4.576175674314081	1.4261365207866323	0.0800396303107816	26.421945690372155	0.027640395106903064
6.88582669151424	0.01	0.007	0.007	0.007	0.01	0.01099016107345509	0.011399407917376096	0.01712670316141279	0.009455095010688485	0.0008047506909140125	1.4303097784042242	1.8634335768974195	4.581145337735736	1.42531145739009	0.08017691000160831	26.041152301040853	0.02756931816377017
6.960287365352135	0.01	0.007	0.007	0.007	0.01	0.010831202369965785	0.011234530493147312	0.01685786727396328	0.009306637985831845	0.0007867212198748643	1.4331805954786563	1.8613317237563431	4.5858142344826165	1.424374466136581	0.08030716151572566	25.66500612767754	0.0274982642178738
7.034917853454269	0.01	0.007	0.007	0.007	0.01	0.010674188873982835	0.011071670695678085	0.016592704606420584	0.009160210403994867	0.0007690301050593966	1.435966669833309	1.859087450629159	4.590189967954537	1.423328525788022	0.08043060322350808	25.293453826975934	0.02742723197978703
7.109720186598648	0.01	0.007	0.007	0.007	0.01	0.010519098546177885	0.010910805665257936	0.01633116758054459	0.009015785953643381	0.0007516733619399888	1.4386700885055739	1.856704492692773	4.594279934417318	1.4221765390652878	0.08054744702081375	24.9264434808832	0.027356220303077737
7.1846962784333845	0.01	0.007	0.007	0.007	0.01	0.010365909897085223	0.010751913112508461	0.01607320975839019	0.008873338953932622	0.0007346469824707028	1.4412928833458762	1.8541864975568674	4.59809133166104	1.4209213354504826	0.08065789855567941	24.56392446822605	0.027285228169650223
7.259847909452736	0.01	0.007	0.007	0.007	0.01	0.010214601995630608	0.01059497132722987	0.01581878584874978	0.0087328443582444	0.000717946942244966	1.443837032445893	1.8515370292033129	4.6016311656275874	1.4195656742906153	0.08076215740021338	24.205847485054186	0.02721425470339112
7.33517676577199	0.01	0.007	0.007	0.007	0.01	0.01006515436769268	0.01043995907318561	0.015567851529018309	0.008594277655799006	0.0007015691951476447	1.4463044633472364	1.8487595698516253	4.60490625932899	1.4181122467954594	0.08086041729270979	23.852164304734096	0.027143299132030157
7.4106844181976825	0.01	0.007	0.007	0.007	0.01	0.009917547018070723	0.01028685561088812	0.015320363475344873	0.00845761488828538	0.0006855096813202888	1.4486970540524085	1.8458575236392187	4.607923258329622	1.4165636788805804	0.0809528662834015	23.502827830071713	0.027072360805592624
7.486372346256967	0.01	0.007	0.007	0.007	0.01	0.00977176036351386	0.010135640628134608	0.015076279243717126	0.008322832584175594	0.0006697643250761546	1.4510166354483924	1.8428342185290405	4.610688637947727	1.4149225330474804	0.08103968693419039	23.157791934947277	0.027001439172471362
7.562241922212237	0.01	0.007	0.007	0.007	0.01	0.009627775245890216	0.009986294253666638	0.014835557285946308	0.008189907767531979	0.0006543290412469847	1.4532649923438197	1.839692909555768	4.61320870843199	1.4131913109237673	0.08112105646027047	22.817011495602276	0.026930533793201508
7.638294425168251	0.01	0.007	0.007	0.007	0.01	0.009485572887394515	0.00983879701071002	0.014598156868813076	0.008058817913339754	0.0006391997349913592	1.4554438653836508	1.8364367807801516	4.615489621056763	1.4113724550756594	0.08119714690264813	22.480442284743717	0.02685964432598768
7.714531050282866	0.01	0.007	0.007	0.007	0.01	0.009345134857661601	0.009693129782863914	0.01436403801373482	0.007929540914172382	0.0006243723027151596	1.4575549526838756	1.8330689472278232	4.6175373735801095	1.409468350757463	0.08126812528512764	22.148040893812844	0.026788770516985867
7.7909529028649445	0.01	0.007	0.007	0.007	0.01	0.009206443070141974	0.009549273810341532	0.014133161485622435	0.007802055074019038	0.0006098426358768137	1.4595999109597313	1.8295924573476352	4.619357814977848	1.4074813279185532	0.08133415375044026	21.819764724504946	0.026717912204715713
7.867561007654917	0.01	0.007	0.007	0.007	0.01	0.00906947975106708	0.009407210657779901	0.013905488736297086	0.007676339077020828	0.0005956066216971158	1.4615803570192778	1.8260102946996648	4.620956650376866	1.4054136627491653	0.08139538970610578	21.495571915406668	0.026647069310364965
7.9443562978235915	0.01	0.007	0.007	0.007	0.01	0.008934227445839969	0.009266922220868598	0.013680981910466359	0.007552371990751451	0.0005816601475712494	1.4634978686589888	1.8223253804668484	4.622339445297519	1.4032675796722853	0.08145198594831893	21.175421357211548	0.02657624184691196
8.021339644722412	0.01	0.007	0.007	0.007	0.01	0.008800668953973105	0.009128390658865084	0.013459603733295255	0.007430133204117476	0.0005679990979544419	1.465353986534395	1.8185405739317666	4.623511630465441	1.4010452521309065	0.08150409081233397	20.8592725387983	0.02650542989065198
8.09851181627133	0.01	0.007	0.007	0.007	0.01	0.008668787390153015	0.008991598457933084	0.013241317607549253	0.007309602480979366	0.0005546193640056938	1.467150214204	1.8146586762958015	4.624478505167552	1.3987488053020656	0.08155184826653734	20.54708569185448	0.026434633618541127
8.17587352728469	0.01	0.007	0.007	0.007	0.01	0.008538566085681999	0.008856528328914667	0.01302608744626753	0.0071907598677396385	0.0005415168368085894	1.468888020366096	1.8106824299271982	4.625245241907169	1.3963803161135344	0.08159539806651776	20.23882155765171	0.026363853260924188
8.253425392594217	0.01	0.007	0.007	0.007	0.01	0.008409988657978401	0.008723163279418295	0.012813877784039128	0.007073585754767634	0.0005286874174681677	1.470568838743415	1.8066145223577195	4.62581688952816	1.3939418160397157	0.08163487584213022	19.934441551635185	0.02629308914357978
8.331167967340054	0.01	0.007	0.007	0.007	0.01	0.008283038932097562	0.008591486532417786	0.012604653643618504	0.0069580608027308	0.0005161270121852203	1.472194069940828	1.8024575858019454	4.626198377229346	1.391435291228102	0.08167041323403527	19.633907577714158	0.026222341649858084
8.409101730847905	0.01	0.007	0.007	0.007	0.01	0.008157700958706274	0.008461481544896088	0.01239838056230424	0.006844165957142295	0.0005038315368920896	1.4737650819655095	1.7982141994650778	4.626394517772545	1.3888626842630443	0.08170213799302938	19.33718207087247	0.026151611234542432
8.487227091058406	0.01	0.007	0.007	0.007	0.01	0.008033958997695356	0.008333131990847667	0.01219502456166387	0.006731882431626463	0.0004917969183301083	1.4752832111798606	1.793886890740112	4.626410010781478	1.386225895255019	0.08173017408833042	19.044227958434096	0.026080898418897144
8.565544378617048	0.01	0.007	0.007	0.007	0.01	0.007911797518785742	0.008206421761907244	0.011994552145384908	0.006621191706714656	0.00048001909666696684	1.4767497630137296	1.7894781369095296	4.6262494458916965	1.383526783222821	0.08175464180878536	18.75500866155544	0.026010203795101536
8.64405384610933	0.01	0.007	0.007	0.007	0.01	0.0077912011937794085	0.008081334959312292	0.011796930283463826	0.0065120755210976424	0.000468494027170199	1.4781660127622922	1.7849903665273785	4.625917305836695	1.3807671672726005	0.08177565786423344	18.46948807693646	0.025939528025972127
8.72275568296821	0.01	0.007	0.007	0.007	0.01	0.007672154865523556	0.007957855861711594	0.011602126358452447	0.006404515841928573	0.0004572176795895879	1.4795332066242892	1.7804259598356977	4.625417969314446	1.3779488271688778	0.08179333548752596	18.187630503393528	0.025868871830623384
8.801650004382353	0.01	0.007	0.007	0.007	0.01	0.007554643557698111	0.007835968935317197	0.011410108178824697	0.006298494872186722	0.0004461860413478482	1.4808525622278945	1.7757872505976273	4.624755713808768	1.3750735047625078	0.08180778452601668	17.909400665080142	0.02579823599359406
8.88073685582718	0.01	0.007	0.007	0.007	0.01	0.007438652460621713	0.007715658819182003	0.011220843953128432	0.006193995036389081	0.0004353951183510387	1.4821252694212097	1.771076527001821	4.6239347182732935	1.3721429048393676	0.08181911153536485	17.634763677927687	0.025727621359881284
8.96001620713271	0.01	0.007	0.007	0.007	0.01	0.00732416693296709	0.007596910326978986	0.011034302290264583	0.0060909989807281855	0.0004248409371956786	1.4833524908622922	1.7662960331362625	4.622959065806215	1.3691586963123412	0.08182741986900115	17.363685053752253	0.02565702883934595
9.039487967591741	0.01	0.007	0.007	0.007	0.01	0.0072111724732862835	0.007479708417466257	0.010850452150680078	0.005989489546108074	0.0004145195445233686	1.4845353629141858	1.7614479691543932	4.621832745985017	1.3661225125887113	0.08183280976769217	17.09613063287513	0.025586459392374247
9.119151964238988	0.01	0.007	0.007	0.007	0.01	0.0070996547449678924	0.007364038220373572	0.010669262884732125	0.0058894497893108655	0.00040442701118456603	1.485674995948464	1.75653449362282	4.620559657571847	1.3630359532911336	0.08183537844309824	16.83206664325733	0.02551591404833034
9.199007951685521	0.01	0.007	0.007	0.007	0.01	0.006989599555464882	0.007249885014856774	0.010490704196588341	0.005790862963049298	0.000394559432124572	1.4867724751273441	1.7515577239410096	4.619143610784471	1.3599005847693117	0.08183522016319292	16.571459651355454	0.025445393895863776
9.279055627396625	0.01	0.007	0.007	0.007	0.01	0.0068809928297625935	0.007137234201977891	0.010314746099112402	0.00569371249104297	0.00038491292575824876	1.4878288612014354	1.7465197363398612	4.617588329271325	1.3567179403310585	0.08183242633320624	16.314276499330887	0.02537490006857527
9.359294599221812	0.01	0.007	0.007	0.007	0.01	0.006773820649309516	0.0070260713450855	0.010141358974970618	0.005597982001742001	0.00037548363907025263	1.488845190647552	1.741422568839104	4.615897452907617	1.3534895223333148	0.08182708557560492	16.06048439727298	0.02530443377278179
9.439724421959916	0.01	0.007	0.007	0.007	0.01	0.006668069197053782	0.006916382112804729	0.009970513485640285	0.0055036552780740045	0.00036626774435159445	1.489822476711583	1.7362682198408796	4.614074539217976	1.3502168015120144	0.0818192838064638	15.810050793078197	0.02523399625443302
9.520344575498848	0.01	0.007	0.007	0.007	0.01	0.0065637247823061105	0.006808152304825974	0.009802180609884133	0.005410716278672659	0.0003572614429123509	1.4907617096550188	1.7310586503604768	4.612123065842736	1.346901218601541	0.0818091043115282	15.56294343135727	0.025163588817517814
9.6011544641654	0.01	0.007	0.007	0.007	0.01	0.00646077383631759	0.006701367847318048	0.00963633163475865	0.005319149132899257	0.00034846096612222284	1.491663857283135	1.725795784912322	4.610046432584729	1.343544185102	0.08179662782078945	15.319130342995408	0.02509321282370643
9.682153426834178	0.01	0.007	0.007	0.007	0.01	0.006359202894644449	0.006596014774636358	0.009472938125462583	0.005228938124182117	0.000339862575281786	1.492529865570596	1.720481511659097	4.607847963097058	1.3401470835692968	0.08178193257920652	15.078579803418114	0.02502286968265436
9.763340736388352	0.01	0.007	0.007	0.007	0.01	0.006258998593986036	0.0064920792260430875	0.009311971918679262	0.005140067686327686	0.00033146256269406835	1.4933606591367838	1.7151176832105604	4.605530906736197	1.3367112683109112	0.08176509441640717	14.84126032512929	0.024952560851664272
9.844715588382655	0.01	0.007	0.007	0.007	0.01	0.006160147682171672	0.006389547456066041	0.009153405137057218	0.005052522411502468	0.00032325725375264197	1.494157141605664	1.7097061181199367	4.603098440696395	1.333238066524922	0.081746186817493	14.607140681390513	0.024882287844653336
9.926277111245335	0.01	0.007	0.007	0.007	0.01	0.0060626370014991784	0.006288405817216712	0.008997210160916565	0.004966287034599266	0.0003152430067465971	1.494920196178504	1.7042486009388047	4.600553671494797	1.3297287785116894	0.08172528098808342	14.37618986678719	0.024812052222435134
10.0	0.01	0.007	0.007	0.007	0.01	0.005975826967583827	0.006198363273441016	0.008858343372586659	0.004889618914927691	0.000308171004222526	1.4955804701235005	1.6992882906181452	4.598164640965922	1.3265337189745903	0.08170476877133726	14.170578622323587	0.024748737341529176
