0.0	0.01	0.007	0.007	0.007	0.01	0.0	0.0	0.0	0.0	0.0	0.0	0.0	0.0	0.0	0.0	100.0	0.035
0.0068101227575159354	0.01	0.007	0.007	0.007	0.01	0.0027960875154779304	0.005271216268026186	0.0036175372699110042	0.0012032032277420146	0.0001001115049223672	0.00013025842332470478	0.00036669550886395515	0.0003249797570596826	7.785691680148927e-5	3.4698956595934152e-6	99.8646008818003	0.034991740244345586
0.011770136149601113	0.01	0.007	0.007	0.007	0.01	0.0047254258398589976	0.008706590952392746	0.006137623888508506	0.0020556396718347126	0.00015869745624048744	0.00038305405976948664	0.0010618656324902092	0.0009581563276040684	0.00023060887700468153	9.777590544653487e-6	99.76610110892317	0.03498572564740591
0.01889529457049836	0.01	0.007	0.007	0.007	0.01	0.007347610600256247	0.013111812449828642	0.009596271530880624	0.0032459221893873036	0.0002260840777612836	0.0009654315933609137	0.002619327002081858	0.0024237468090800014	0.0005871688057097046	2.3242817657995384e-5	99.62477421524906	0.03497708736783809
0.025891732934455687	0.01	0.007	0.007	0.007	0.01	0.009760545058333034	0.016897247904078296	0.012815557172101904	0.004376496036681594	0.0002769937099063156	0.0017738776695536923	0.004715434931314146	0.004469085018631104	0.001089529943443936	4.044812133096736e-5	99.48619528302446	0.03496860721914529
0.034039984297812256	0.01	0.007	0.007	0.007	0.01	0.012381536309842523	0.02071808125818174	0.01635560160227799	0.005647036277790809	0.00032176034544140745	0.002990442970208319	0.007769105677225476	0.007564367630788174	0.0018575496482216138	6.424548571405192e-5	99.32504527205096	0.034958733588022074
0.04256521856039869	0.01	0.007	0.007	0.007	0.01	0.014920738963024118	0.02413087110658491	0.019831957809979945	0.006925035895488228	0.00035605896349653865	0.004556740917104326	0.011568520450456593	0.011573645914159228	0.002863350542055694	9.235287668152485e-5	99.15671899791428	0.034948406132781704
0.05185603388763937	0.01	0.007	0.007	0.007	0.01	0.017469156102066286	0.027270269143003463	0.023371889804005088	0.008260310533884036	0.00038279976529386107	0.006577764744671346	0.016302501111617143	0.016779628085701905	0.004184552747417255	0.00012566231591838964	98.97360154977312	0.034937154728015174
0.06166031902800602	0.01	0.007	0.007	0.007	0.01	0.019930524010872645	0.030030410536893287	0.026844624005775787	0.009606983966600573	0.0004024269235787965	0.0090350746080161	0.02185687747400095	0.02315113892687487	0.005821307416535292	0.00016292422981954577	98.78073057152946	0.034925285426848314
0.07209511088322758	0.01	0.007	0.007	0.007	0.01	0.022314801514277883	0.032448712762109234	0.030264824729197764	0.010972909757208235	0.00041655616627770455	0.011982734101458708	0.02828549753878577	0.030845796814978642	0.00782304084477389	0.00020418446044251926	98.57586906144007	0.034912657248910114
0.08308603780539597	0.01	0.007	0.007	0.007	0.01	0.02458706210887718	0.034518639474445015	0.0335823047426018	0.012339956955619773	0.00042628865926653994	0.015421698999206632	0.03552288159383905	0.039885132631343655	0.010205464330379136	0.0002487962564161427	98.36054861962496	0.03489936097423745
0.09467772632698104	0.01	0.007	0.007	0.007	0.01	0.02674270672122351	0.03626929655110015	0.03678885981231335	0.013705884464906207	0.0004327272641824282	0.019381435915115087	0.04356797225380006	0.05036652563416047	0.013005273923022856	0.000296625285738722	98.1339683820299	0.03488534341468673
0.10686195739619919	0.01	0.007	0.007	0.007	0.01	0.028768325728656587	0.037723618744971675	0.03986224037529599	0.015061952344784192	0.0004367260862347082	0.02387123637214511	0.05238047842644456	0.06233554262128555	0.016246752533978812	0.0003473748979363212	97.8963684667535	0.03487061537647269
0.11967214434223107	0.01	0.007	0.007	0.007	0.01	0.03065999344823202	0.03891269593095538	0.04279324218883237	0.01640430288049011	0.00043897511523305826	0.0289114669057687	0.06194649682780898	0.07586814047866601	0.019963577699236	0.0004009679282216378	97.64718236786288	0.03485513740143203
0.13313101476649233	0.01	0.007	0.007	0.007	0.01	0.032413151772565214	0.039866169023481716	0.045570843406509166	0.01772769555353519	0.00043999431561158225	0.03451620380547865	0.072243879847402	0.09102447986691324	0.02418648096254094	0.0004573244379901536	97.38606120131317	0.0348388830519847
0.14727948248458883	0.01	0.007	0.007	0.007	0.01	0.03402672866089614	0.040614080665931654	0.04818868309888153	0.019028484468322247	0.00044017272585157564	0.04070472757961529	0.0832645286750643	0.10787958466499109	0.02895168797669514	0.0005164738876539363	97.11231368992392	0.034821804044728726
0.16216083856035934	0.01	0.007	0.007	0.007	0.01	0.03550041540181079	0.04118449339269795	0.05064099475695681	0.02030281473217344	0.0004397980598508133	0.04749573445164138	0.09500329911457595	0.126507728791768	0.03429672893064613	0.0005784813480243206	96.82521637369082	0.034803849381956665
0.17782983876596634	0.01	0.007	0.007	0.007	0.01	0.036835440340717916	0.041603477112580854	0.05292397622139424	0.0215473351370363	0.00043908899286155146	0.054911532486012216	0.10746531020354536	0.146993787925011	0.04026376101667214	0.0006434793129743981	96.52384078308873	0.03478495441588074
0.1943480355207187	0.01	0.007	0.007	0.007	0.01	0.038033759383705575	0.041894518212934176	0.05503458217687968	0.022758625092682713	0.00043822510661050025	0.06297619713564981	0.1206623100279039	0.1694281712796453	0.046898284155700895	0.0007116445380239787	96.20714748444153	0.03476504652585699
0.21178669079640586	0.01	0.007	0.007	0.007	0.01	0.039098116470179085	0.042078467214113485	0.05697071434859012	0.02393330482852896	0.000437375268315731	0.07171698479338687	0.1346147249688554	0.19391064012903353	0.0542503973141002	0.0007832099383455536	95.8739342584413	0.03474404165379393
0.23022510731643148	0.01	0.007	0.007	0.007	0.01	0.0400317694369893	0.04217348592693366	0.05873082011141537	0.02506779968304027	0.00043672513460261606	0.08116346078354267	0.1493498842198603	0.22054775655582717	0.062374181748781954	0.0008584620655326789	95.52287300060054	0.034721846371744365
0.24975074024010196	0.01	0.007	0.007	0.007	0.01	0.040838450718804105	0.042195145662794954	0.06031387669687463	0.026158287547454574	0.00043650403221058294	0.09134732442651419	0.16490151717307577	0.2494521439464826	0.07132754873691645	0.0009377520592341145	95.15251281812267	0.03469835780808125
0.27045683332320625	0.01	0.007	0.007	0.007	0.01	0.04152228750929897	0.04215657842144745	0.06171928593697054	0.027200555994661358	0.0004370112863754797	0.10230083549496408	0.18130719390950206	0.2807376423790852	0.08117072181651615	0.0010215044494458665	94.76133046771263	0.034673466556806906
0.2924389377039908	0.01	0.007	0.007	0.007	0.01	0.04208781579315824	0.04206868931113868	0.06294693218436546	0.02818991957830049	0.00043864062429580376	0.1140545056848651	0.19860488912847465	0.3145121046061915	0.09196375909049152	0.0011102315535350918	94.3478012922004	0.03464706092439789
0.3157876679989619	0.01	0.007	0.007	0.007	0.01	0.04254002895320331	0.04194041733779921	0.06399730129236987	0.02912112810950591	0.000441899351759868	0.12663270455481074	0.21682672581277868	0.35086386583939716	0.10376171754763495	0.0012045444465042425	93.91053923364883	0.0346190356786931
0.3405764784158406	0.01	0.007	0.007	0.007	0.01	0.042884506884041156	0.041779050364298374	0.0648717614700208	0.02998833346473428	0.0004474157438350281	0.1400466047609988	0.23598922351035231	0.38984005615690603	0.11660661745136962	0.0013051553267495603	93.44852580623275	0.03458930672827307
0.36684055745849686	0.01	0.007	0.007	0.007	0.01	0.04312762489437406	0.04159061338645629	0.06557301300151867	0.030785118032367994	0.00045592321816654056	0.15428256750621472	0.25607747943269155	0.43141108151132046	0.1305140187366533	0.0014128498651104543	92.96149601536145	0.03455783635763481
0.39454659389001506	0.01	0.007	0.007	0.007	0.01	0.04327689551900474	0.04138032796062307	0.06610585904671523	0.0315047562688368	0.0004682055447850272	0.16928622066858742	0.2770238053358657	0.4754218769766416	0.14545400510722878	0.0015284119355759894	92.45047805945606	0.034524669225719125
0.42356912366763266	0.01	0.007	0.007	0.007	0.01	0.043341408526951335	0.041153005830584545	0.06647841166109023	0.032141112740824415	0.0004849968224165124	0.1849512834840103	0.29869328654940763	0.5215567691982336	0.1613356212350801	0.0016525355048586786	91.9181905690882	0.03448996024507409
0.45371068002524056	0.01	0.007	0.007	0.007	0.01	0.04333197212600071	0.040913061853869684	0.06670319443393403	0.032690381338941685	0.000506872205593638	0.20113334519710563	0.3209032185506304	0.569378710102086	0.17801689534966206	0.0017858570713429555	91.3686235325705	0.034453949922276274
0.48476867411468255	0.01	0.007	0.007	0.007	0.01	0.0432603825456583	0.040664128118443776	0.06679672031609098	0.03315253310246326	0.0005341944887215851	0.2176888623955922	0.34347536228612774	0.6184454453475914	0.19534398733117422	0.0019291489567782615	90.8057841621171	0.03441688405444837
0.5165893908033551	0.01	0.007	0.007	0.007	0.01	0.0431381050125625	0.04040878345459968	0.06677732287745815	0.03353110411405891	0.0005671254973411033	0.23450557966638763	0.3662749243151257	0.6684026029466177	0.21318558736830584	0.0020834748961060085	90.2327183024623	0.03437894927894234
0.5490766289511153	0.01	0.007	0.007	0.007	0.01	0.04297526779301822	0.040148664034623895	0.06666286001152237	0.03383183915300947	0.0006056574530922887	0.2515069022308042	0.38921420077139474	0.7189998871815207	0.23144168670658696	0.002250181859514789	89.65137973740293	0.03434026305078663
0.5821843247781973	0.01	0.007	0.007	0.007	0.01	0.04278024844506341	0.03988468571711272	0.06646934111456057	0.034061450418544754	0.0006496497941328243	0.26864684524530935	0.4122444702105286	0.7700783249126906	0.25004175879091467	0.0024308457755026157	89.06279166165649	0.03430088276141448
0.6159062523608644	0.01	0.007	0.007	0.007	0.01	0.042559666188074864	0.03961725057672672	0.06621037649966559	0.03422678008381238	0.0006988640634139257	0.2859031891470679	0.4353463053888446	0.8215511488154782	0.26893988680581055	0.0026272206771620083	88.46725608137345	0.034260818291980986
0.6502684056161215	0.01	0.007	0.007	0.007	0.01	0.04231856220709983	0.03934639276531393	0.06589711601862742	0.03433432029082819	0.0007529955921492812	0.3032720888701537	0.4585223201119231	0.87338826810369	0.2881104748715123	0.0028412132554496332	87.86451010794774	0.034220041318189384
0.6853247165726318	0.01	0.007	0.007	0.007	0.01	0.04206063366759968	0.039071868072048564	0.06553841621160494	0.034389965066964706	0.000811701332934317	0.3207645311741007	0.4817925974176908	0.9256057892687225	0.3075452785261552	0.0030748855665648583	87.25381964234599	0.03417849061202139
0.7211557668108254	0.01	0.007	0.007	0.007	0.01	0.04178845565926649	0.03879320026162456	0.06514108399259584	0.034398895719261226	0.0008746238078806355	0.33840440936427724	0.505192324089031	0.9782600942610128	0.32725175681885965	0.0033304856750267604	86.63401904637607	0.03413607377747378
0.7578708520476003	0.01	0.007	0.007	0.007	0.01	0.04150365832724694	0.03850968967445248	0.06471010948864776	0.03436553462946558	0.0009414127968779302	0.3562282794453857	0.5287716233917515	1.0314467805410654	0.34725299937149373	0.0036105129168739077	86.0034932487277	0.03409266502593981
0.795614324880078	0.01	0.007	0.007	0.007	0.01	0.04120704192712263	0.03822038319248714	0.0642488349785967	0.03429352094903865	0.0010117473479044758	0.3742870733273356	0.5525978899969524	1.0853053350069253	0.3675896608792708	0.003917832889023089	85.36008972903115	0.03404809793802282
0.8345789976398877	0.01	0.007	0.007	0.007	0.01	0.04089860798841288	0.03792398940881145	0.0637590071058836	0.034185667750371136	0.0010853634146335376	0.3926508328196225	0.5767619724822461	1.1400327074551144	0.3883251761032774	0.004255879576703094	84.70091782613247	0.034002149987078165
0.8750329463909263	0.01	0.007	0.007	0.007	0.01	0.04057746167322793	0.037618696517812765	0.0632406257890337	0.034043846808279675	0.0011620975006284544	0.4114189698614213	0.6013914062944404	1.1959131715903557	0.4095571197428759	0.004629029317223835	84.02193690399778	0.03395451145691226
0.9173780733255578	0.01	0.007	0.007	0.007	0.01	0.040241449619256714	0.03730176393604891	0.06269135487961683	0.033868682917505985	0.0012419751699923986	0.43074354649784286	0.6266803263754734	1.2533865638287807	0.4314431698803234	0.005043381795309723	83.31704410863802	0.03390471737255466
0.9623011146824344	0.01	0.007	0.007	0.007	0.01	0.03988607283673194	0.03696845679778516	0.06210471534729191	0.03365868692941309	0.0013254394128295252	0.4508905522965662	0.6529681812032851	1.3132285462520688	0.45426981649996434	0.005508719720761699	82.5757018834506	0.03385197171520893
1.011298472756107	0.01	0.007	0.007	0.007	0.01	0.03950051803808034	0.036608317439963324	0.061463429079960885	0.033407133192299446	0.0014141634949567379	0.47245568532968085	0.6810172010197658	1.3771865690029794	0.47869510327038045	0.006045194633656085	81.77464211061128	0.03379453581812694
1.0709048616828527	0.01	0.007	0.007	0.007	0.01	0.039035145217657545	0.03617493055456767	0.06068475895940617	0.03307690336834154	0.0015178262804674673	0.4981252425689076	0.7142810413910271	1.4531768098534672	0.5077339477948206	0.006736063778759819	80.81060458779092	0.03372479512527486
1.1227164012144544	0.01	0.007	0.007	0.007	0.01	0.03863433704209327	0.035802392466984544	0.0600114418583483	0.032773789847773495	0.001603417821103215	0.5199442017099484	0.7424458255825416	1.5176392613507073	0.5323678582096848	0.007368108050071467	79.98187382141468	0.03366429149685028
1.1746606279440228	0.01	0.007	0.007	0.007	0.01	0.03823620641455613	0.03543275497307351	0.05934109198750251	0.03245902848810587	0.0016845238452794515	0.5413676253842773	0.769998679016616	1.5808111673243463	0.5564965885234985	0.008028582570774103	79.15955212945426	0.03360374188423509
1.2245962745200318	0.01	0.007	0.007	0.007	0.01	0.03785708560045369	0.035081012118690545	0.0587019080324587	0.032149055480773125	0.001757776244139674	0.5615449567217425	0.7958536911281512	1.6401928895621496	0.5791576801527095	0.00868641956320808	78.37699956011441	0.03354563627834176
1.2741713680817868	0.01	0.007	0.007	0.007	0.01	0.03748426563191784	0.03473526620351333	0.05807294056818674	0.03183634575190146	0.0018257659497487564	0.5811795208976133	0.8209212067831643	1.697864885054961	0.6011403676818663	0.00935939591390541	77.60775002388003	0.03348804960309743
1.3227910730580847	0.01	0.007	0.007	0.007	0.01	0.03712210153611858	0.034399496206056826	0.0574618328167227	0.031526493650033106	0.0018878017716262865	0.6000588373042901	0.8449357370392582	1.7532100438657143	0.6222060569542237	0.01003647508984259	76.86065871046918	0.033431668730833405
1.3710371980166582	0.01	0.007	0.007	0.007	0.01	0.03676612007745035	0.03406951754906913	0.05686123337654499	0.031217192312820222	0.0019448172882630926	0.6184312512843279	0.8682188415007691	1.8069635236516566	0.6426326129405033	0.010723004079529431	76.1264172097161	0.03337581490584992
1.4188017246476006	0.01	0.007	0.007	0.007	0.01	0.03641701827479762	0.0337459537645153	0.056272447366988596	0.030910168193239624	0.0019968572899320483	0.6362719340061248	0.8907432819260206	1.8590582110306337	0.6623931538921531	0.011415125211799269	75.40641466638611	0.03332061054228514
1.4663390887391745	0.01	0.007	0.007	0.007	0.01	0.03607284543071467	0.033426982634683786	0.05569227037209959	0.030604577053142804	0.002044384400992804	0.6536901303489444	0.9126507374561385	1.9098181443871407	0.6816098178717868	0.012114429252363699	74.69659774394623	0.0332657593834296
1.513677219716799	0.01	0.007	0.007	0.007	0.01	0.035733333776233084	0.03311234707991734	0.05512030865524132	0.03030084900542529	0.0020875983297375233	0.6707068772830698	0.9339706075209439	1.959308735540872	0.7003068369948985	0.012819476235710272	73.9963955258822	0.03321122783772814
1.5609536807128341	0.01	0.007	0.007	0.007	0.01	0.0353974457078134	0.03280107982141129	0.05455485298092839	0.02999857974093431	0.0021267925340045348	0.6873804480294546	0.9547783715908732	2.0077030280293813	0.7185492861371818	0.013530633621456895	73.30365636672788	0.03315685655062148
1.6082270090415711	0.01	0.007	0.007	0.007	0.01	0.03506473265495775	0.03249276151400455	0.05399517501553116	0.02969777683639482	0.0021621719564057246	0.7037381308708258	0.9751100190745116	2.055083159826134	0.7363679144774045	0.014247252565058568	72.61744774980443	0.03310257787063647
1.6555853889685812	0.01	0.007	0.007	0.007	0.01	0.03473455488457734	0.03218679696289352	0.05344021734641584	0.029398188760521866	0.002193951211997223	0.719815510623651	0.9950113247088687	2.1015546779745784	0.753802273004864	0.014969257268951902	71.9364455750656	0.03304829063094066
1.7030870159491869	0.01	0.007	0.007	0.007	0.01	0.03440650126421363	0.03188280364625047	0.05288930260004798	0.029099703439227687	0.002222308644510402	0.7356359224107432	1.014512338272056	2.1471870593260918	0.7708782953168258	0.015696220572462276	71.25979888475803	0.032993928619802125
1.750796246328522	0.01	0.007	0.007	0.007	0.01	0.03408013329178925	0.03158037421654323	0.052341704706880106	0.0288021319046369	0.0022474143481971435	0.7512231845527807	1.0336432734704528	2.192050668104218	0.7876221802747989	0.016427891993856896	70.58660129874009	0.03293941903068402
1.7987644322590588	0.01	0.007	0.007	0.007	0.01	0.03375511631039765	0.03127919790366755	0.05179687050723161	0.02850533889206816	0.0022694195213566718	0.7665953808779352	1.0524268917396142	2.23619888123829	0.804053692109646	0.01716388910613978	69.91616125919886	0.032884704365195506
1.847042475769053	0.01	0.007	0.007	0.007	0.01	0.03343113139469802	0.030978978742465097	0.05125427255066401	0.028209171358945472	0.002288465223250497	0.7817692219550482	1.0708839297968011	2.2796807320125123	0.8201908915691491	0.017903876715815333	69.2478200362952	0.03282972802930487
1.895674905028839	0.01	0.007	0.007	0.007	0.01	0.033107914344333016	0.030679471627440412	0.050713474968668924	0.027913500743432112	0.00230468074280553	0.7967582914319384	1.0890309999575172	2.3225359274838975	0.8360482835357721	0.01864746573226608	68.58103200477436	0.03277444106174167
1.9447044754172549	0.01	0.007	0.007	0.007	0.01	0.032785223454340165	0.030380452396130544	0.05017407975886925	0.02761819871735488	0.0023181867679165176	0.8115746504476624	1.1068825892993943	2.3647995046956076	0.8516385546350499	0.019394275398895374	67.91529806200609	0.032718796860177875
1.9941705292240441	0.01	0.007	0.007	0.007	0.01	0.032462849552112504	0.030081727096334252	0.049635743770573226	0.0273231504182646	0.002329095751662204	0.826228439120003	1.1244506103857652	2.4065007329740538	0.8669721725221934	0.020143901454721898	67.25018627177792	0.032662753025880606
2.044110884783958	0.01	0.007	0.007	0.007	0.01	0.0321406027459738	0.02978311968478076	0.04909815664862324	0.027028245524525894	0.0023375133224260852	0.8407285466185447	1.1417452399114199	2.447665064454909	0.8820581127142717	0.02089593942253018	66.58530448822941	0.03260626920097373
2.094561558984315	0.01	0.007	0.007	0.007	0.01	0.03181831368154866	0.029484473176860464	0.048561042994979035	0.02673338194483491	0.0023435388919715062	0.8550826008023222	1.1587749297225962	2.488314134486966	0.8969038638978641	0.021649975739208502	65.9203029243001	0.03254930737197665
2.145557681660275	0.01	0.007	0.007	0.007	0.01	0.03149582719669872	0.029185643757471777	0.048024151811040056	0.026438462044011107	0.0023472664004385523	0.8692972938772306	1.1755468154189543	2.5284667120738007	0.9115157813099211	0.022405597572497226	65.25486104622709	0.032491830827987296
2.1971336344642403	0.01	0.007	0.007	0.007	0.01	0.03117300116320839	0.028886499701373285	0.04748725458470494	0.02614339322037711	0.002348784798368508	0.8833784649992221	1.1920668294815047	2.568138953843149	0.9258991830582551	0.023162391362505884	64.58868517495502	0.03243380400160962
2.249323626191678	0.01	0.007	0.007	0.007	0.01	0.030849702695794883	0.028586917856130416	0.04695013898752766	0.02584808576569652	0.0023481784800160246	0.8973312923358263	1.2083399396165992	2.6073449626700067	0.9400585561262956	0.023919948136742107	63.921500658508236	0.03237519182201043
2.3021619710181507	0.01	0.007	0.007	0.007	0.01	0.03052580639852527	0.02828678201442388	0.04641260596916897	0.025552452345264362	0.0023455276019792677	0.9111603878689434	1.2243702677322854	2.6460970663790873	0.9539976587296568	0.024677864519285077	63.253048250053226	0.032315959407955216
2.355683516077442	0.01	0.007	0.007	0.007	0.01	0.03020119182118099	0.027985980555199026	0.04587446554574545	0.025256406563274957	0.002340908333788835	0.9248699203205715	1.2401612378304887	2.6844061711738214	0.9677196481184155	0.025435745924811157	62.58307885632006	0.032256071597673686
2.409924024834041	0.01	0.007	0.007	0.007	0.01	0.029875741348899882	0.0276844044869271	0.045335533321644486	0.024959861771946246	0.0023343930388883528	0.9384637128410984	1.2557156900879576	2.7222820394160117	0.9812271791108151	0.02619320895808612	61.911349180067575	0.032195492533836564
2.4649205661285003	0.01	0.007	0.007	0.007	0.01	0.029549338211620983	0.027381945602289116	0.044795627225056055	0.024662729868961945	0.0023260504002902646	0.9519453297211661	1.2710359781127014	2.759733532311469	0.9945224881144159	0.026949883658162015	61.23761760933524	0.032134185247660256
2.520711974652681	0.01	0.007	0.007	0.007	0.01	0.029221864233465136	0.02707849439214272	0.04425456383157637	0.024364919762739263	0.0023159454876690165	0.965318167901326	1.2861240672275496	2.7967688613464414	1.007607478087636	0.027705416380433025	60.561639569061185	0.03207211116936171
2.577339352774179	0.01	0.007	0.007	0.007	0.01	0.028893197530264227	0.026773937911617807	0.043712154625454226	0.024066335716877742	0.00230413976986597	0.9785855440072897	1.300981622621077	2.8333958221735207	1.020483794695289	0.02845947273555887	59.88316276442863	0.03200922959968313
2.6348466269848516	0.01	0.007	0.007	0.007	0.01	0.028563210101136945	0.026468157548146368	0.04316820211256693	0.023766875541996472	0.0022906910751156737	0.9917507787913237	1.3156100890793276	2.869622015856148	1.033152895123108	0.029211740619331857	59.20192220399432	0.03194549712876317
2.6932812408074027	0.01	0.007	0.007	0.007	0.01	0.028231764881286706	0.0261610262903125	0.042622495076772085	0.023466428257515017	0.0022756534815632735	1.004817295466982	1.3300107798394432	2.905455102173493	1.0456161247133275	0.029961934217704742	58.517634108720195	0.03188086691319358
2.75269496819501	0.01	0.007	0.007	0.007	0.01	0.027898712412860578	0.02585240564282886	0.042074803247337485	0.023164871380893674	0.0022590771369113594	1.0177887239124985	1.344184964082993	2.9409030614587524	1.0578747922803728	0.030709798488551102	57.829989030135025	0.0318152878315231
2.813144916045874	0.01	0.007	0.007	0.007	0.01	0.027563886818568775	0.025542141895450787	0.041524870868141925	0.022862067572311805	0.0022410079874166638	1.0306690212952874	1.3581339629597482	2.9759744923353786	1.0699302526236312	0.03145511467461272	57.13864352608421	0.03174870344529548
2.8746948112123034	0.01	0.007	0.007	0.007	0.01	0.027227100656622604	0.025230061355289213	0.04097240849107903	0.022557860268562668	0.002221487381866459	1.0434626223808083	1.37185926579137	3.0106789789581287	1.081784006230013	0.03219770756880732	56.443209523015355	0.03168105066482487
2.9374166699042665	0.01	0.007	0.007	0.007	0.01	0.02688813827750415	0.02491596419086517	0.04041708239286601	0.022252067980990966	0.0022005515093840547	1.0561746294610745	1.3853626729920354	3.0450275508706657	1.0934378216946368	0.0329374550589448	55.74324057992072	0.03161225801829146
3.0013930214440694	0.01	0.007	0.007	0.007	0.01	0.026546746969896996	0.02459961622750783	0.03985850047781856	0.021944476635832842	0.0021782306016578474	1.0688110623994098	1.3986464816569764	3.079033285449517	1.1048938944728277	0.033674301076926975	55.03821358048202	0.03154224334417998
3.0667199128098614	0.01	0.007	0.007	0.007	0.01	0.02620262500178611	0.024280737865678914	0.03929619324795525	0.021634829179664968	0.0021545478045201755	1.0813791927433103	1.4117137303508203	3.1127121093483203	1.116155055997345	0.034408273254989886	54.327504004603306	0.03147091067178644
3.1335112302867056	0.01	0.007	0.007	0.007	0.01	0.025855404203088964	0.023958987941235466	0.03872958606132233	0.02132281037216496	0.0021295175023472524	1.0938880340164294	1.4245685647910242	3.1460839798283993	1.1272250859872466	0.0351395093595425	53.610349914490435	0.03139814572300827
3.2019049364111383	0.01	0.007	0.007	0.007	0.01	0.025504624745954604	0.023633940355698036	0.03815795896416641	0.021008024723475294	0.002103142834914269	1.1063490496642425	1.4372167653709558	3.1791745892614864	1.138109162605247	0.035868295876482034	52.885799807771825	0.031323809414275275
3.2720727124622764	0.01	0.007	0.007	0.007	0.01	0.02514969568240547	0.02330504750863001	0.037580383775957495	0.02068996189493349	0.0020754117876537565	1.1187772714516704	1.4496665966975564	3.2120180717936773	1.148814587379314	0.03659512963836921	52.15263102470078	0.031247727787157658
3.344235558852759	0.01	0.007	0.007	0.007	0.01	0.02478983047679489	0.022971580559087264	0.036995621229306046	0.020367940094585993	0.0020462907697870536	1.131193139818735	1.4619302258906044	3.244661474657387	1.15935199530309	0.037320820015512325	51.40921645904627	0.031169675686340798
3.4186908591230334	0.01	0.007	0.007	0.007	0.01	0.024423934019659733	0.022632524727553355	0.03640194054175053	0.020041006751042832	0.0020157133428009393	1.1436257568214263	1.474026269165357	3.2771726960798104	1.169737527606431	0.03804667066491221	50.653290964071836	0.03108934838867054
3.4958643752421876	0.01	0.007	0.007	0.007	0.01	0.02405038300202036	0.022286375780916756	0.035796768326390664	0.019707745202968096	0.0019835583684482583	1.156119277579585	1.4859848885322944	3.3096561644332514	1.1799971810626124	0.038774838636321335	49.88149730749953	0.031006306978881102
3.5764240528315967	0.01	0.007	0.007	0.007	0.01	0.023666539980833873	0.02193068974390683	0.03517591102980419	0.019365846536065635	0.0019496018293211686	1.168747193430559	1.4978593707906402	3.342288045125063	1.1901766907221238	0.039509140549261954	49.088381615263636	0.0309198585516769
3.661597686497713	0.01	0.007	0.007	0.007	0.01	0.023267378658981007	0.02156080902312274	0.03453135241157203	0.019010896724754745	0.0019133815898128741	1.1816532753219868	1.509760005414729	3.3754177801382674	1.2003704554181185	0.04025737490529492	48.26355162235919	0.03082872101174195
3.7544228630528074	0.01	0.007	0.007	0.007	0.01	0.02284002776103806	0.021164806527637896	0.033842505068900804	0.018631559059554766	0.0018736631435429935	1.195215388676246	1.5219913099070073	3.4099758504350657	1.210838723158978	0.04104064227540121	47.38039846496155	0.030729702050717456
3.8778321854026148	0.01	0.007	0.007	0.007	0.01	0.022284012330278644	0.02064957821502561	0.03294819789038812	0.018139080277497065	0.0018207127659510857	1.2124648376730585	1.5371089597824115	3.4535233557960434	1.2237647092761026	0.042031449947785134	46.231236972808794	0.030598550519407536
3.961530158970805	0.01	0.007	0.007	0.007	0.01	0.021914644141141866	0.020307304265694142	0.03235532491109853	0.017812597918312245	0.0017847502828510422	1.2236760784073695	1.5466495235016513	3.4815649845806815	1.231914800966159	0.04267158760961726	45.46776238574489	0.0305099203611063
4.043064502549389	0.01	0.007	0.007	0.007	0.01	0.021560716939117968	0.019979339047667147	0.03178816829673787	0.017500278521034356	0.0017498026618306712	1.2342328354503487	1.555411676452258	3.5077674537536345	1.2393948264639323	0.04327116937492051	44.736149227361565	0.03042382819084054
4.125376323114043	0.01	0.007	0.007	0.007	0.01	0.021209217193738115	0.019653623268558927	0.031225815186629386	0.01719060587595771	0.0017146652861493718	1.24453701062696	1.5637431624212013	3.533142308112018	1.2465026129890193	0.04385308384058966	44.00950026925122	0.030337161498518762
4.206827480356833	0.01	0.007	0.007	0.007	0.01	0.020867038438446086	0.019336544702597172	0.030679259313008772	0.01688963394541993	0.0016800819499493494	1.2543952701774383	1.5714961421144167	3.557222148157579	1.2531128136794971	0.04440642610546711	43.30206838883808	0.0302516440310474
4.2872155175913065	0.01	0.007	0.007	0.007	0.01	0.020534743473001323	0.01902862485557057	0.030149335976742752	0.016597822641099394	0.0016461752030765796	1.2638055457871868	1.5786848024960338	3.5800171299136503	1.2592383855309601	0.04493123502055665	42.615020824985066	0.030167479127120984
4.366711060594793	0.01	0.007	0.007	0.007	0.01	0.020211345966150908	0.01872894974980856	0.029634410805371533	0.01631427189151157	0.0016129027311102503	1.2728092382518457	1.5853563043905898	3.6016423525075343	1.264920298903681	0.04542999709379536	41.946321817717894	0.030084478926853293
4.445454435256783	0.01	0.007	0.007	0.007	0.01	0.019896033634091797	0.01843676668865284	0.029133136306242795	0.016038239606385913	0.001580230335618256	1.2814408119094218	1.5915501054599526	3.622193830024107	1.270192852471628	0.045904794910871155	41.29429492083237	0.030002489185920585
4.523565073936882	0.01	0.007	0.007	0.007	0.01	0.019588118960935194	0.018151438590960977	0.028644371285258454	0.015769097302860146	0.0015481289828601778	1.289729617584328	1.5972998654825479	3.641753392325517	1.2750853190681963	0.04635741210781862	40.65752122895186	0.029921379030492804
4.6011436363594065	0.01	0.007	0.007	0.007	0.01	0.01928702236423559	0.017872428391390603	0.028167152468599996	0.015506314477847382	0.0015165746261388685	1.2977006962723296	1.6026344541825737	3.6603910036455205	1.2796228211594107	0.04678938091529695	40.03480466044152	0.02984103842646948
4.678275693425877	0.01	0.007	0.007	0.007	0.01	0.018992250837617766	0.01759927924970543	0.02770065928402212	0.01524943921358426	0.0014855471849249255	1.3053756310455626	1.6075789001655247	3.6781671074385067	1.2838271519621238	0.04720203176814864	39.42512786705222	0.029761374086202122
4.755034261295482	0.01	0.007	0.007	0.007	0.01	0.018703382683018997	0.017331600403012033	0.02724418861298127	0.014998084273820184	0.0014550298706849712	1.3127731706515717	1.612155098753293	3.6951343550023386	1.287717388146712	0.047596529756437383	38.82762071918267	0.02968230662945582
4.831481941983753	0.01	0.007	0.007	0.007	0.01	0.018420054937255428	0.01706905551467688	0.026797134043054723	0.014751915678252554	0.0014250085851647079	1.319909733378277	1.6163823760765066	3.71133899475025	1.2913103778475028	0.04797390401992264	38.24153434997989	0.02960376819725285
4.907673129318306	0.01	0.007	0.007	0.007	0.01	0.018141951571900634	0.016811351739820755	0.026358966540663203	0.01451064205923322	0.0013954712413577792	1.3267998501844958	1.6202779587485612	3.726822069655231	1.294621146538495	0.04833507331174068	37.66621678736417	0.029525700039292026
4.98365467303184	0.01	0.007	0.007	0.007	0.01	0.017868798145106713	0.016558234769476227	0.025929225450392737	0.014274009704916593	0.0013664076483767128	1.3334564150850847	1.623857286646429	3.7416201375826654	1.2976631681560893	0.04868086092187167	37.101101923845206	0.029448051714793512
5.059467081130696	0.01	0.007	0.007	0.007	0.01	0.017600354946946187	0.01630948247876744	0.02550750721793128	0.014041796349021973	0.001337809149082111	1.3398909523656204	1.6271343062399193	3.755766002506341	1.3004486186235782	0.04901201020009393	36.54569536417446	0.029370779759115687
5.135145871095362	0.01	0.007	0.007	0.007	0.01	0.017336410154265926	0.01606489858389777	0.025093454233178887	0.013813805026906446	0.001309668187807576	1.3461138623875957	1.6301217206077447	3.769289369124449	1.3029885917372608	0.04932919858597305	35.999560286492994	0.02929384622089472
5.210722181157257	0.01	0.007	0.007	0.007	0.01	0.017076776043211003	0.01582430913251297	0.024686748561265816	0.013589860623213885	0.001281978148678214	1.3521345772403723	1.63283116756572	3.782217275673339	1.3052932533283612	0.049633046682231674	35.462309624807844	0.029217217971750142
5.286223459436542	0.01	0.007	0.007	0.007	0.01	0.016821285214368178	0.01558755900575585	0.024287105751028847	0.01336980646225042	0.0012547331538286033	1.3579617043849144	1.6352733739037155	3.7945744840896523	1.307371974633242	0.04992412650621561	34.933598274193336	0.029140865948367276
5.361674001273844	0.01	0.007	0.007	0.007	0.01	0.01656978759988959	0.015354509144937935	0.023894269919909557	0.013153501601269874	0.001227927911678045	1.363603141893749	1.6374582803797957	3.806383794258246	1.3092334404298869	0.05020296810713258	34.41311691108291	0.029064764559423337
5.437095399506832	0.01	0.007	0.007	0.007	0.01	0.016322147971957968	0.015125034242775835	0.02350800966428768	0.012940818578325753	0.0012015575922533074	1.3690661740516097	1.6393951450486721	3.81766630445201	1.3108857384608543	0.05047006503823237	33.90058684860724	0.02898889118923763
5.512506925990523	0.01	0.007	0.007	0.007	0.01	0.01607824385125862	0.014899020805290849	0.02312811462871507	0.012731641522980333	0.0011756177239471248	1.3743575512365165	1.6410926291817682	3.8284416286475738	1.3123364338229777	0.05072587891277525	33.39575571774837	0.028913225778013085
5.58792585676339	0.01	0.007	0.007	0.007	0.01	0.015837963742834176	0.01467636551707562	0.0227543926142011	0.01252586456386951	0.0011501041080029025	1.3794835569903126	1.6425588690337172	3.8387280787319438	1.313592631138162	0.05097084321489429	32.89839382438929	0.0288377504648644
5.663367717633592	0.01	0.007	0.007	0.007	0.01	0.01560120574467397	0.014456973951953287	0.02238666729028599	0.012323390568759293	0.0011250127586183158	1.3844500624420464	1.643801535537127	3.8485428137504516	1.3146610263062797	0.051205366400500045	32.40829127647663	0.02876244931563962
5.738846531369093	0.01	0.007	0.007	0.007	0.01	0.015367876247204355	0.014240759367868719	0.022024776067903342	0.012124129973164673	0.0011003398412423571	1.3892625749984198	1.6448278855322669	3.8579019715278386	1.3155479509428327	0.05142983464049279	31.925255298195474	0.028687308053280066
5.814374982464081	0.01	0.007	0.007	0.007	0.01	0.015137888973029189	0.014027641817070743	0.021668568517195765	0.011927999909051462	0.0010760816373551676	1.3939262766922238	1.6456448044981788	3.866820774562266	1.3162594094824203	0.05164461400313532	31.449108247507308	0.028612313874005785
5.889964615153132	0.01	0.007	0.007	0.007	0.01	0.01491116398172795	0.013817547223914818	0.021317904744927525	0.011734923311312906	0.001052234497678318	1.3984460605780455	1.6462588438228352	3.8753136276143425	1.3168011115669045	0.051850052484007446	30.979685560534907	0.028537455233371267
5.9656259400996765	0.01	0.007	0.007	0.007	0.01	0.01468762701210462	0.01361040677536278	0.02097265430654311	0.011544828318644023	0.0010287948242619265	1.40282655797818	1.646676251998116	3.8833941938133134	1.3171784991845068	0.05204648156020117	30.516834393867995	0.028462721725639593
6.041368580251976	0.01	0.007	0.007	0.007	0.01	0.014467208753385535	0.013406156245642854	0.020632695017974857	0.011357647619231907	0.0010057590394949515	1.40707216527945	1.6469030020801285	3.891075466642797	1.3173967705882368	0.05223421768049749	30.060412119190868	0.028388103926399212
6.117201345893015	0.01	0.007	0.007	0.007	0.01	0.014249844368047241	0.01320473555408195	0.02029791216476484	0.011173318015220477	0.0009831235766594208	1.4111870641405064	1.6469448151543202	3.8983698267788682	1.31746090075205	0.0524135634198766	29.610285338416087	0.02831359330702229
6.193132354463025	0.01	0.007	0.007	0.007	0.01	0.014035472918788466	0.013006088234112553	0.01996819757051873	0.010991779909734439	0.0009608848564115733	1.4151752421692703	1.6468071809789635	3.905289097248424	1.317375659404142	0.052584808621521574	29.1663286999032	0.028239182106547304
6.269169059606487	0.01	0.007	0.007	0.007	0.01	0.013824037085546498	0.01281016117104871	0.019643449118326876	0.01081297704331372	0.0009390392898355001	1.4190405069166871	1.6464953760327676	3.911844584496119	1.3171456267858732	0.052748231218132186	28.728424314943272	0.028164863294089647
6.345318370657924	0.01	0.007	0.007	0.007	0.01	0.013615482651690812	0.012616904125970102	0.019323569922393417	0.010636856037762899	0.0009175832545667791	1.4227865031627347	1.6460144792845748	3.918047123241868	1.3167752074823755	0.052904098169926535	28.29646069590643	0.028090630443709415
6.421586676372741	0.01	0.007	0.007	0.007	0.01	0.013409758283153895	0.012426269531055675	0.019008467954914277	0.010463366190663653	0.0008965130985318076	1.4264167238605445	1.6453693862396983	3.923907108614105	1.3162686427237624	0.05305266610836317	27.870332300774887	0.02801647770414524
6.497979908936484	0.01	0.007	0.007	0.007	0.01	0.013206815213004926	0.012238212197295841	0.018698055531510247	0.010292459192014452	0.0008758251316038338	1.429934522079953	1.6445648212995383	3.9294345285508085	1.3156300212477463	0.05319418200451816	27.44993888161457	0.027942399729945413
6.574503592903606	0.01	0.007	0.007	0.007	0.01	0.013006606985941867	0.012052689077727805	0.01839224889236178	0.010124088893567708	0.0008555156214094809	1.433343121165458	1.643605348715056	3.9346389918009796	1.3148632889424963	0.05332888374480978	27.035184956925374	0.027868391628172586
6.651162848480687	0.01	0.007	0.007	0.007	0.01	0.012809089335809744	0.01186965915393942	0.018090967989554948	0.009958211191706449	0.0008355808007770401	1.4366456220544426	1.6424953829443136	3.9395297503572135	1.313972257935918	0.053457000579188556	26.625979559390984	0.027794448949867216
6.727962476098493	0.01	0.007	0.007	0.007	0.01	0.012614219863343617	0.011689083137451034	0.01779413597206367	0.009794783743850061	0.0008160168534185992	1.4398450134733454	1.6412391969185418	3.9441157251519443	1.312960613944219	0.05357875366903618	26.22223556960659	0.027720567603488115
6.804906949658576	0.01	0.007	0.007	0.007	0.01	0.012421957963810817	0.011510923402666497	0.017501679054822247	0.00963376589633477	0.0007968199234329826	1.4429441774285363	1.6398409305321657	3.9484055235966973	1.3118319237389067	0.05369435643734136	25.823869567359537	0.027646743857176175
6.882000455571788	0.01	0.007	0.007	0.007	0.01	0.012232264644482592	0.01133514381773421	0.01721352622160889	0.009475118520797084	0.0007779861124303539	1.4459458961772451	1.6383045977499835	3.9524074585263773	1.3105896414552445	0.05380401496717623	25.43080145455536	0.027572974297171118
6.959246921771637	0.01	0.007	0.007	0.007	0.01	0.012045102378082064	0.011161709608745784	0.016929608984883163	0.00931880388191735	0.0007595114791846471	1.4488528582145108	1.6366340930695067	3.956129564828002	1.3092371143365547	0.0539079283515588	25.042954152553616	0.02749925579639551
7.036650031480332	0.01	0.007	0.007	0.007	0.01	0.0118604350014695	0.01099058726585353	0.016649861216051328	0.009164785543940965	0.0007413920427629949	1.4516676632242873	1.634833197649642	3.9595796139277164	1.3077775881724403	0.054006288996363956	24.660253393139826	0.02742558549798768
7.1142132370057904	0.01	0.007	0.007	0.007	0.01	0.011678227619678768	0.010821744454346725	0.01637421898518735	0.009013028282407142	0.0007236237852348057	1.454392826688261	1.6329055849364924	3.9627651272200732	1.306214212298689	0.054099282903829884	24.28262752050724	0.027351960799026107
7.191939783904472	0.01	0.007	0.007	0.007	0.01	0.01149844649137615	0.010655149908512716	0.016102620373995097	0.008863497981147163	0.000706202651756081	1.457030784519842	1.6308548255408581	3.965693388884113	1.3045500439623452	0.054187089949264924	23.910007254656577	0.02727837932467382
7.269832719812307	0.01	0.007	0.007	0.007	0.01	0.011321058956171899	0.010490773364280859	0.015835005353375887	0.008716161564853409	0.0006891245539997999	1.4595838968341752	1.628684392029649	3.968371457077344	1.3027880525915347	0.05426988412095255	23.54232554145941	0.027204838917155676
7.347894924027105	0.01	0.007	0.007	0.007	0.01	0.011146033319455387	0.01032858545250558	0.015571315598023234	0.00857098689697996	0.0006723853688526731	1.4620544521229257	1.6263976627416796	3.9708061749995016	1.3009311232508238	0.0543478337666137	23.179517314612372	0.027131337605364358
7.426129095818209	0.01	0.007	0.007	0.007	0.01	0.010973338835468525	0.010168557683281855	0.015311494450212225	0.00842794275978414	0.0006559809459221675	1.4644446698305733	1.6239979263987396	3.9730041797837314	1.2989820607218214	0.054421101782210844	22.82151946115726	0.02705787361362773
7.504537768578226	0.01	0.007	0.007	0.007	0.01	0.010802945633737581	0.010010662377773951	0.015055486798817432	0.008286998787697538	0.0006399071090062672	1.4667567036073494	1.6214883857410416	3.9749719117405977	1.2969435927734034	0.05448984581869212	22.46827066955714	0.02698444534613453
7.583123334522796	0.01	0.007	0.007	0.007	0.01	0.010634824627470037	0.00985487258333164	0.014803238932256723	0.00814812538634363	0.0006241596554212058	1.468992644626959	1.618872160477452	3.9767156231214655	1.2948183728582052	0.05455421848413472	22.119711240322424	0.026911051361742676
7.661888038266651	0.01	0.007	0.007	0.007	0.01	0.010468947493257866	0.009701162054682803	0.014554698499386013	0.008011293710988368	0.0006087343615881994	1.4711545237887282	1.6161522909493653	3.9782413854968923	1.2926089833733003	0.05461436750752521	21.775783044417	0.026837690378117104
7.74083399649757	0.01	0.007	0.007	0.007	0.01	0.010305286597006018	0.009549505185295352	0.014309814390284755	0.007876475600887958	0.000593626983160945	1.4732443145224359	1.6133317407189909	3.9795550972773164	1.290317938033016	0.05467043591608757	21.436429370141237	0.02676436125156477
7.819963186336907	0.01	0.007	0.007	0.007	0.01	0.010143814988235127	0.009399877002098262	0.014068536720095157	0.007743643570372715	0.0005788332610872657	1.4752639345883505	1.6104134000277823	3.980662490178153	1.2879476849354226	0.05472256218053127	21.101594911745913	0.026691062986138703
7.899277465132159	0.01	0.007	0.007	0.007	0.01	0.009984506330540257	0.009252253101041571	0.013830816717771309	0.007612770747580758	0.000564348921413746	1.4772152486033328	1.6074000879717385	3.9815691358722765	1.2855006085743543	0.0547708803766068	20.771225625639325	0.026617794713571032
7.978778574631486	0.01	0.007	0.007	0.007	0.01	0.009827334867469636	0.0091066096154781	0.013596606668465822	0.007483830842722129	0.0005501696780486461	1.4791000700025776	1.6042945550223013	3.9822804519243746	1.2829790321209498	0.05481552032710736	20.445268660000362	0.02654455568787789
8.058468134612575	0.01	0.007	0.007	0.007	0.01	0.009672275410442313	0.00896292320496773	0.01336585988914497	0.007356798134636823	0.0005362912371750864	1.4809201626596045	1.601099485821097	3.9828017073406174	1.280385219916944	0.054856607732695906	20.123672330075724	0.026471345289704715
8.13834766293687	0.01	0.007	0.007	0.007	0.01	0.009519303276151496	0.008821170997272415	0.013138530629369566	0.007231647416154863	0.0005227092968521143	1.4826772430300266	1.597817500793109	3.983138028036253	1.2777213789987565	0.05489426431171529	19.80638598869006	0.026398163006400084
8.218418574571938	0.01	0.007	0.007	0.007	0.01	0.009368394267790077	0.0086813305709591	0.012914574037862626	0.007108353975674784	0.0005094195503107524	1.4843729816844193	1.594451158423125	3.98329440177258	1.2749896611511196	0.05492860792184782	19.49335998761012	0.026325008431584904
8.298682164609106	0.01	0.007	0.007	0.007	0.01	0.00921952468627733	0.0085433799658033	0.012693946173768232	0.006986893603345938	0.0004964176915724094	1.4860090044597378	1.591002958130786	3.983275682915207	1.2721921654374972	0.054959752672222445	19.184545701130347	0.026251881279269605
8.379139649824316	0.01	0.007	0.007	0.007	0.01	0.009072671233213581	0.008407297592861998	0.012476603857671619	0.006867242509036248	0.00048369941139330894	1.487586894750916	1.5874753405448099	3.9830865970033553	1.2693309386120584	0.05498780905495768	18.879895325047098	0.026178781344599045
8.459792130424123	0.01	0.007	0.007	0.007	0.01	0.008927811064051019	0.008273062283744859	0.012262504745689448	0.006749377363105638	0.0004712604060809656	1.4891081940762905	1.58387069106874	3.982731745037333	1.2664079781946487	0.055012884040090484	18.579361987214156	0.026105708537443355
8.54064062646684	0.01	0.007	0.007	0.007	0.01	0.008784921704330862	0.008140653212995397	0.012051607200972404	0.00663327522565119	0.00045909637425741286	1.490574404085873	1.580191340126525	3.9822156075053594	1.2634252328451214	0.05503508119488793	18.282899574023137	0.026032662848035064
8.621686050160863	0.01	0.007	0.007	0.007	0.01	0.008643981083424417	0.008010049929357511	0.011843870339322583	0.006518913571606203	0.0004472030235188388	1.4919869872631348	1.5764395661426995	3.9815425484020106	1.2603846049486724	0.05505450077771979	17.990462800636394	0.025959644370851513
8.702929231760857	0.01	0.007	0.007	0.007	0.01	0.0085049674732042	0.007881232298945065	0.011639253934587515	0.006406270238644442	0.00043557606882955845	1.493347368573415	1.5726175960347928	3.9807168188114743	1.2572879511775437	0.055071239844760436	17.70200708396688	0.025886653279991765
8.784370902527542	0.01	0.007	0.007	0.007	0.01	0.008367859503324415	0.007754180519401812	0.011437718437349817	0.0062953234374557255	0.00042421123722090055	1.4946569362828945	1.5687276075834533	3.979742560603669	1.2541370845687487	0.05508539234173405	17.417488574591918	0.02581368984336018
8.866011710001452	0.01	0.007	0.007	0.007	0.01	0.008232636121147682	0.007628875082767643	0.011239224912256922	0.006186051717232274	0.00041310426770396514	1.495917043289827	1.5647717302318436	3.9786238097018045	1.2509337753230232	0.055097049200241104	17.136864073800947	0.02574075440776501
8.9478522117341	0.01	0.007	0.007	0.007	0.01	0.008099276589506961	0.007505296773404783	0.01104373503127902	0.00607843396194459	0.00040225091418767076	1.497129008042653	1.5607520468230727	3.977364499405915	1.2476797523583578	0.05510629842641505	16.860091029138008	0.025667847403413744
9.029892868946567	0.01	0.007	0.007	0.007	0.01	0.00796776048407266	0.0073834266655582945	0.01085121106643667	0.005972449386325535	0.0003916469481785059	1.4982941154417124	1.5566705953065414	3.975968463655685	1.2443767048325711	0.055113225188122505	16.587127529122952	0.0255949693483789
9.112134067415761	0.01	0.007	0.007	0.007	0.01	0.007838067647648082	0.007263246081003828	0.010661615819657425	0.005868077497244288	0.000381288157898622	1.4994136180879787	1.5525293690299053	3.9744394397034513	1.2410262825161449	0.05511791190184294	16.317932208566578	0.025522120828885348
9.19457610578302	0.01	0.007	0.007	0.007	0.01	0.0077101781983077875	0.007144736596589345	0.010474912631750299	0.005765298098635303	0.00037117035163503444	1.5004887370078068	1.548330318570942	3.972781071158263	1.237630097406938	0.05512043831318647	16.05246426561993	0.02544930250864895
9.277219189212937	0.01	0.007	0.007	0.007	0.01	0.007584072528068619	0.007027880043003753	0.010291065377507435	0.005664091288790369	0.0003612893601559118	1.501520662450701	1.54407535328357	3.9709969109127514	1.2341897251083125	0.055120881576980134	15.79068345917568	0.02537651513333395
9.360063439482843	0.01	0.007	0.007	0.007	0.01	0.007459731276605905	0.006912658480421096	0.010110038424532723	0.005564437437682845	0.0003516410370563283	1.5025105548670765	1.5397663419555723	3.9690904236302345	1.230706705484386	0.055119316335506076	15.532550054460366	0.025303759520506782
9.443108894177666	0.01	0.007	0.007	0.007	0.01	0.007337135322870293	0.006799054190732353	0.009931796618409582	0.005466317178791986	0.0003422212604234078	1.5034595457010436	1.535405113962338	3.9670649883197946	1.2271825437125021	0.05511581479367703	15.278024805772171	0.0252310365592707
9.52635551141086	0.01	0.007	0.007	0.007	0.01	0.007216265769035045	0.006687049662670293	0.009756305256856966	0.005369711394865712	0.0003330259338179151	1.5043687382162743	1.5309934600855883	3.964923900680564	1.223618711060956	0.055110446791853895	15.027068923287878	0.025158347205071454
9.609803157992657	0.01	0.007	0.007	0.007	0.01	0.007097103948955164	0.006576627599648324	0.009583530099607999	0.005274601223348594	0.00032405098901216203	1.5052392081123154	1.5265331341665183	3.962670375779869	1.2200166463369186	0.05510327987766905	14.77964409075513	0.02508569248896683
9.693451614125884	0.01	0.007	0.007	0.007	0.01	0.006979631412306812	0.006467770905063336	0.009413437343013543	0.0051809680423915375	0.0003152923867694651	1.5060720043099345	1.5220258538569935	3.9603075502604344	1.2163777566016232	0.0550943793754795	14.535712432689415	0.025013073512391615
9.777300589303264	0.01	0.007	0.007	0.007	0.01	0.0068638298944493255	0.006360462654368259	0.009245993574218795	0.005088793445617269	0.00030674611652354867	1.5068681498012026	1.5174733007091084	3.9578384840934713	1.2127034173483566	0.05508380845179161	14.29523645190954	0.02494049143231311
9.861349704928523	0.01	0.007	0.007	0.007	0.01	0.006749681333653482	0.006254686111036898	0.009081165794060361	0.004998059254715665	0.0002984081994841736	1.5076286421397136	1.5128771220179469	3.955266163182733	1.2089949740925914	0.055071628182208746	14.058179065421347	0.024867947475307746
9.945598487928018	0.01	0.007	0.007	0.007	0.01	0.006637167871722008	0.006150424727139033	0.008918921415839989	0.004908747518759574	0.000290274690371305	1.5083544540478655	1.5082389320647998	3.95259350166373	1.2052537434739028	0.05505789761672952	13.824503605820814	0.024795442941932793
10.0	0.01	0.007	0.007	0.007	0.01	0.0065655143073574205	0.006084026433422849	0.008815713392611047	0.004851934098786412	0.0002851315110974447	1.508804286005388	1.505228227506227	3.950819206795432	1.2028258544621193	0.05504825417006297	13.67568150538543	0.024748737341529197
