0.0	0.01	0.007	0.007	0.007	0.01	0.0	0.0	0.0	0.0	0.0	0.0	0.0	0.0	0.0	0.0	100.0	0.035
0.006475314739514553	0.01	0.007	0.007	0.007	0.01	0.0026695445362706553	0.006640036066928464	0.0034349416441880947	0.0011206268104630246	0.00017247064486615953	0.00010529814759948246	0.00041989295702345777	0.0004540659289673874	6.974397289925182e-5	3.85909608772052e-6	99.88734034437532	0.03499214627551769
0.01148963595705818	0.01	0.007	0.007	0.007	0.01	0.004636280050812907	0.011310883447197802	0.005975486437180125	0.0019636268887584744	0.0002856663855010102	0.0003266103917706174	0.0012854909845033044	0.0014099060803609595	0.0002176090700459389	1.1597867456523173e-5	99.80018673936235	0.03498606575914827
0.018546896618195443	0.01	0.007	0.007	0.007	0.01	0.00726329369995968	0.01725569671918617	0.00938286518626073	0.003114516396749479	0.0004197283700527318	0.0008335121874773273	0.003222270915699575	0.003603388852238329	0.0005599037671097632	2.835793715753819e-5	99.67765374258254	0.03497750970308017
0.025612530288797283	0.01	0.007	0.007	0.007	0.01	0.009736942342012262	0.02254415767842921	0.012606773791009556	0.004226381366199933	0.0005292641779025794	0.0015570475265371912	0.005915444474628022	0.006741053479266789	0.0010543964969784673	5.0848129961221904e-5	99.55512607960492	0.0349689455919341
0.03380556326287769	0.01	0.007	0.007	0.007	0.01	0.012421224152502007	0.02794116457778767	0.01612339845273451	0.005466849826258896	0.0006312433228913312	0.0026489634268228044	0.00986905274965311	0.0114871552013662	0.0018103621199215202	8.268150699454786e-5	99.41323635425783	0.03495901760839941
0.042430113136831545	0.01	0.007	0.007	0.007	0.01	0.01504725924531312	0.03287411469958728	0.019583488520518524	0.006718171990598102	0.000715422718493369	0.004071281284411834	0.014870316876943566	0.017684682340249613	0.0028088967602546595	0.00012147497664125207	99.26409195095452	0.034948569775482836
0.05181760193822878	0.01	0.007	0.007	0.007	0.01	0.017689487545811032	0.03748797537014163	0.02308637534556968	0.008019313105221255	0.0007859730428649245	0.005913081452757527	0.021154154960497027	0.025730785998099668	0.0041210060203304005	0.00016845382589010643	99.10200834720578	0.03493720126258482
0.06173602210587997	0.01	0.007	0.007	0.007	0.01	0.020254988442059998	0.04162886464519835	0.02651007295253627	0.009328151859213178	0.0008421922555655251	0.008164308561186847	0.02860118731664388	0.03559195499845481	0.005749580704797458	0.00022216199295731873	98.9310452520818	0.03492519379458858
0.07227867582828582	0.01	0.007	0.007	0.007	0.01	0.022747777524011324	0.04532856130986882	0.029860154575991955	0.010648635980514277	0.0008863935971707156	0.01087088029243511	0.03727968789005758	0.04748039605476832	0.0077388630671758355	0.0002826387368693253	98.74964563588186	0.0349124351396132
0.0833723211689497	0.01	0.007	0.007	0.007	0.01	0.025132506687943566	0.04856494103096919	0.03308895740801997	0.011963350976853682	0.000920069864577255	0.014035389470772337	0.04711453779503453	0.06141941590611665	0.010103006466493663	0.00034899348979536884	98.55912464754176	0.03489901471059207
0.09504838774810073	0.01	0.007	0.007	0.007	0.01	0.027402158975654768	0.05136547393790973	0.03618621815034308	0.013268606268320547	0.000945151256468278	0.017681964856149052	0.05810167677008785	0.07752760378316159	0.012873150162176066	0.00042093790821653136	98.3589982426	0.034884895275352164
0.10729332396990182	0.01	0.007	0.007	0.007	0.01	0.029542609347448245	0.053751810561713145	0.03913152933563713	0.014555751582416966	0.0009632750404115773	0.02181796782257382	0.0701883796816562	0.09585019558049715	0.016068959712966735	0.0004979528818827465	98.1495580053294	0.03487009406375542
0.12012996802463323	0.01	0.007	0.007	0.007	0.01	0.03154893572914007	0.05575885344432642	0.04191659272522965	0.015820476711411277	0.0009759575350541378	0.026458761194265157	0.0833504853725666	0.11646812830573128	0.019717167706203038	0.0005797931395515831	97.93047586014517	0.03485458436075796
0.13357242832140903	0.01	0.007	0.007	0.007	0.01	0.03341619628687669	0.05742143528211565	0.044532731977714686	0.01705766124863549	0.0009844828448809198	0.031614211404033594	0.09755268971362081	0.13943823055063942	0.02384121138656192	0.0006662151501905733	97.70157845309124	0.03483835008288343
0.147650382599549	0.01	0.007	0.007	0.007	0.01	0.03514300610052176	0.058776723448116	0.0469759213519131	0.018263718945575762	0.0009899497409814565	0.03729773661825803	0.11277492372720967	0.16483324922929793	0.0284682533711727	0.0007571310886926695	97.46243342100111	0.034821356433565334
0.16239549488883306	0.01	0.007	0.007	0.007	0.01	0.03672900499292831	0.059860649544567504	0.04924334788268734	0.01943513161288268	0.000993289518746781	0.0435218799965669	0.12899983117118524	0.19272208661482568	0.0336256912009295	0.0008525209991154061	97.21258284284474	0.034803566338414124
0.17784877102616028	0.01	0.007	0.007	0.007	0.01	0.038175471323160556	0.060707729783662685	0.05133434139134542	0.02056898010317545	0.000995310226808844	0.050301580799561055	0.14622145578510287	0.22318431973724942	0.03934381619171956	0.0009524791619408227	96.95142004448763	0.034784931592013846
0.1940565390924978	0.01	0.007	0.007	0.007	0.01	0.039484539982094266	0.06135001189133957	0.05324932284491462	0.02166248946193375	0.0009967369303076111	0.057652826593968115	0.16444130850175545	0.2563041037609237	0.045654743667128066	0.0010571893939698887	96.6782600178559	0.03476539774138734
0.21107275480340154	0.01	0.007	0.007	0.007	0.01	0.04065920653207085	0.061816830189983164	0.0549898573905084	0.022713108789640803	0.0009982509732220793	0.065593814400291	0.1836709748219782	0.2921752994515019	0.05259341136269554	0.001166944645702625	96.39230282781966	0.03474490134097853
0.22895781608614008	0.01	0.007	0.007	0.007	0.01	0.041703043939183816	0.06213454239821205	0.05655828376920422	0.023718345604439996	0.0010005218183483672	0.07414450274066382	0.20393058206468148	0.33089935801645765	0.0601972142117027	0.0012821483330852023	96.09265635191237	0.03472337142230924
0.24777914178653085	0.01	0.007	0.007	0.007	0.01	0.042620128690901704	0.06232650131695891	0.05795764016822007	0.02467574676647816	0.0010042298115753377	0.08332685432915035	0.22524902553755322	0.37258628183507186	0.06850619548477989	0.0014033318161898074	95.77832954404758	0.03470072884159815
0.2676103959708563	0.01	0.007	0.007	0.007	0.01	0.0434149266022788	0.06241309613846322	0.059191524976662	0.02558282459707298	0.0010100778264980576	0.09316435779196498	0.24766250840934387	0.41735228291998905	0.07756255197367776	0.0015311679191247023	95.44824871829863	0.03467688726305038
0.28853076852082543	0.01	0.007	0.007	0.007	0.01	0.04409224806611018	0.062411882918408754	0.06026405746186943	0.026437030685320616	0.0010187910063312502	0.10368148136279245	0.27121303823674575	0.4653170674106873	0.08740998373205205	0.0016664891210023888	95.10127299438955	0.03465175407653897
0.3106231000808138	0.01	0.007	0.007	0.007	0.01	0.0446572168979443	0.06233776720306393	0.061179857465727905	0.027235730326513097	0.0010311040418397172	0.1149024807796312	0.2959455759422372	0.5165981061278794	0.09809232067346203	0.0018103014113891517	94.73622890512864	0.034625232704327706
0.33397113796710054	0.01	0.007	0.007	0.007	0.01	0.04511528004098913	0.062203230938241504	0.06194408910331197	0.027976215999496495	0.0010477362447491219	0.12684971655969174	0.32190425197444755	0.5713025770541571	0.10965150548498272	0.0019637934090878536	94.35195890149943	0.03459722594522171
0.3586552305918642	0.01	0.007	0.007	0.007	0.01	0.04547224094178737	0.06201859252979947	0.06256254553543249	0.02865575451100023	0.0010693550289691816	0.13954117338635588	0.349126994237204	0.6295155719000533	0.12212458378401381	0.0021283325417644572	93.94739454129262	0.034567641177929646
0.3847478360906096	0.01	0.007	0.007	0.007	0.01	0.045734329181893074	0.06179228063395191	0.06304180228060739	0.029271720103585346	0.0010965311360718708	0.15298795657279235	0.377640229991692	0.6912881376516671	0.13554042068838248	0.0023054521269887996	93.52163095381691	0.034536395762227244
0.4123097515179319	0.01	0.007	0.007	0.007	0.01	0.04590826257451869	0.06153109890104097	0.06338937675251789	0.029821804566778857	0.001129691616032741	0.16719232664532144	0.4074547205393921	0.7566278043133845	0.14991676139142987	0.002496829935052374	93.07398743862443	0.03450342154717869
0.44139010999628775	0.01	0.007	0.007	0.007	0.01	0.04600125679942974	0.06124044607665795	0.06361382805880605	0.03030430100603811	0.0011690818220347272	0.182147900780355	0.4385657680644399	0.8254991976400419	0.1652594396705064	0.002704275765222079	92.60400508293718	0.034468664845819716
0.47203177956492604	0.01	0.007	0.007	0.007	0.01	0.04602091242413915	0.06092447207568326	0.06372467759229808	0.030718375417702153	0.001214748311165548	0.19784281860924352	0.47095921224976445	0.8978385325198555	0.18156484265183723	0.0029297426318325203	92.11135710523664	0.03443207995440207
0.5042819501344756	0.01	0.007	0.007	0.007	0.01	0.04597495332032974	0.060586176335776155	0.0637320868573493	0.03106422176089567	0.0012665493459953952	0.21426557512809444	0.5046224718563136	0.9735806709949975	0.19882561129243015	0.003175370739344894	91.59567868439783	0.034393616520396714
0.5382053989477195	0.01	0.007	0.007	0.007	0.01	0.04587085932653218	0.06022747774604514	0.06364633375558207	0.03134303144558067	0.0013241893511919147	0.23141196223673294	0.5395574811975848	1.0526914974734665	0.21703808722352383	0.003443560658893277	91.05635989235508	0.03435320380486008
0.5738987000243477	0.01	0.007	0.007	0.007	0.01	0.045715478418357366	0.0598492707731388	0.06347721020468083	0.0315567951554959	0.0013872676545069608	0.24929198044809145	0.5757933792098902	1.135200205114319	0.23621023859198292	0.003737075994426419	90.49233180042103	0.03431073394426602
0.6115062323022012	0.01	0.007	0.007	0.007	0.01	0.04551468044707104	0.05945144970393584	0.06323344656459065	0.03170800214304246	0.001455333069587597	0.2679369439476338	0.6133995508818303	1.2212323450665832	0.2563701331963329	0.0040591931465571995	89.90183429460073	0.0342660432278842
0.6512425259509528	0.01	0.007	0.007	0.007	0.01	0.0452730516636051	0.05903284610912968	0.06292218165748742	0.03179929056720913	0.0015279428141385875	0.28740878884124177	0.6525030688358353	1.3110527401552297	0.2775769778093479	0.004413948654283991	89.28209792883835	0.03421888605410115
0.6934291582428548	0.01	0.007	0.007	0.007	0.01	0.04499356546421037	0.05859099478958385	0.06254839867560562	0.03183304754489261	0.001604731179171406	0.30781511636408815	0.693317403697587	1.4051343416242623	0.29993850842682246	0.0048065798409657875	88.62882027915842	0.03416889195541018
0.7385597849989061	0.01	0.007	0.007	0.007	0.01	0.04467710858711787	0.058121599990841655	0.06211415776095432	0.031810891211989864	0.001685498755054541	0.3293354748714929	0.7361929186807945	1.5042780213332998	0.32364077456127044	0.005244330922815007	87.93524477941628	0.03411548988091916
0.7873789156297465	0.01	0.007	0.007	0.007	0.01	0.04432195014652845	0.05761787755810567	0.06161774012853769	0.031732966419076296	0.0017702723615445675	0.352250226573713	0.7816711892136231	1.6097427604157373	0.3489806780293414	0.005737549631345731	87.19109357673261	0.03405781724917715
0.8404102498359168	0.01	0.007	0.007	0.007	0.01	0.04392741756674336	0.05707554332026932	0.06105879798641057	0.03159879819477952	0.0018583924341255647	0.3767123464174097	0.8300302714039964	1.7221926553464912	0.376112364034264	0.006295053777567482	86.38986974824326	0.03399527898966609
0.894801975291354	0.01	0.007	0.007	0.007	0.01	0.04351811436668562	0.05652456539307792	0.0604733365209177	0.031420257872489546	0.0019437715317564704	0.40133963770094366	0.8785223658250318	1.8352415595405607	0.4034782594015501	0.006888474793920919	85.57574025274714	0.033931255751386606
0.948799858468665	0.01	0.007	0.007	0.007	0.01	0.04311028623694099	0.05598283463118901	0.05988617209756616	0.03121214752694161	0.002023072397551082	0.42533029668462297	0.9255752234905873	1.9451986781948827	0.43015826831998916	0.007497166060341148	84.77509506455554	0.03386781536465516
1.0029135394830697	0.01	0.007	0.007	0.007	0.01	0.04270210150041444	0.055445159423221535	0.059295930997783394	0.03098059081886195	0.0020968518481560084	0.4489204991263326	0.971662368974923	2.053145198937755	0.4563912895572487	0.008124573923370213	83.9802477877537	0.03380435792524794
1.056883414202113	0.01	0.007	0.007	0.007	0.01	0.04229676469131343	0.054914070131124655	0.05870811682102945	0.030732714626087322	0.002164690916674029	0.472004394692958	1.0165840603173915	2.1585965813927483	0.4820418176700828	0.00876554977249728	83.19493563703898	0.03374118754861059
1.1109205778209241	0.01	0.007	0.007	0.007	0.01	0.041893461950148154	0.054387430814882544	0.058122164614818506	0.030472198484183963	0.0022269147641858283	0.49468063008236934	1.0605383788050138	2.2620051119136835	0.5072061451500793	0.00942049458540253	82.41600165486997	0.03367805667958848
1.164991909219645	0.01	0.007	0.007	0.007	0.01	0.04149292481865627	0.05386553011254291	0.05753956327907988	0.030202715185975754	0.0022836004211569737	0.5169417180174469	1.103515304587665	2.3633384823154757	0.5318659696848314	0.010087049424056686	81.64387502536918	0.03361500412475832
1.2192165485026913	0.01	0.007	0.007	0.007	0.01	0.041094576355173225	0.05334719557341154	0.0569597710205566	0.029926365149977423	0.0023350332288544153	0.5388422410956113	1.1456238489672086	2.4628473021131327	0.5560742919411121	0.010764835427193717	80.87682370639678	0.03355189134791287
1.2736342994249439	0.01	0.007	0.007	0.007	0.01	0.04069832712377939	0.05283204605878768	0.05638286436510759	0.029645006690534142	0.0023814284963476237	0.5604020428600548	1.1869047710169387	2.5606235880604813	0.5798473757322069	0.011452629820130332	80.11428564311389	0.03348867293473361
1.3283325035885596	0.01	0.007	0.007	0.007	0.01	0.04030368272388318	0.05231927121559825	0.05580826792491536	0.029359779599783746	0.002423048576401732	0.58165812838295	1.2274307778925841	2.65683673868301	0.6032216866130155	0.012149922374791084	79.35506274210559	0.03342524875030975
1.3833698526923497	0.01	0.007	0.007	0.007	0.01	0.03991032907874362	0.05180835680726081	0.055235625786732814	0.029071613050450737	0.002460125890344999	0.6026341547740699	1.2672480574097214	2.7515949362226366	0.6262198253072142	0.012855945008227456	78.59839431221631	0.03336155255533568
1.4388180366553855	0.01	0.007	0.007	0.007	0.01	0.039517846597249766	0.05129869042952377	0.05466439896303385	0.028781099277052084	0.0024928934543063633	0.6233569612110268	1.306407996848429	2.8450200696066745	0.6488684704315777	0.013570183080224472	77.84337343105871	0.03329750363355799
1.4947367026988652	0.01	0.007	0.007	0.007	0.01	0.039125900108760055	0.05078979400884792	0.054094151289593426	0.02848869081272615	0.0025215647928991396	0.6438470520092283	1.344949165977816	2.9372047197979616	0.6711877333215275	0.014292040787209187	77.08929128735831	0.03323303578440124
1.5511875626511296	0.01	0.007	0.007	0.007	0.01	0.03873414411584559	0.05028119172688211	0.053524417980817945	0.02819467670988842	0.0025463425850590846	0.6641240969552273	1.3829078363698728	3.0282370442089697	0.6931970476254529	0.01502100884030405	76.33544163914732	0.03316808098034886
1.6082263360152003	0.01	0.007	0.007	0.007	0.01	0.03834228290748698	0.049772482371820574	0.05295479755725277	0.027899262292775458	0.0025674143408188264	0.6842040900642004	1.4203127042862986	3.1181880362336423	0.7149119729688547	0.01575654910882534	75.58122808348189	0.033102578642764606
1.6659078573753587	0.01	0.007	0.007	0.007	0.01	0.03795003667233266	0.04926329171575234	0.0523849056077161	0.027602570932406253	0.0025849555096190534	0.7041013449469772	1.4571887120009437	3.20712055688686	0.736346299665858	0.01649815064762847	74.82609355566183	0.03303646973628778
1.7242836815099876	0.01	0.007	0.007	0.007	0.01	0.03755715898807786	0.048753292913085576	0.051814402314725484	0.027304678094070795	0.002599129272899354	0.723827759602054	1.493555738061019	3.2950860941962477	0.757511205516315	0.017245290463299714	74.06955063133452	0.03296969950585139
1.7834041802761749	0.01	0.007	0.007	0.007	0.01	0.03716342291844082	0.048242186981398115	0.05124297368172537	0.027005617038037378	0.00261008811031974	0.7433936500681939	1.5294302022941955	3.3821285469687754	0.77841612382844	0.017997453435668363	73.31115264044301	0.03290221505884573
1.8433180742825381	0.01	0.007	0.007	0.007	0.01	0.03676862440709548	0.04772970626943924	0.05067033744226343	0.026705393960496513	0.002617974479903266	0.7628076713720612	1.5648249649166859	3.468283916871226	0.7990686354537677	0.018754120251876526	72.55049885719534	0.0328339658957977
1.904073505050931	0.01	0.007	0.007	0.007	0.01	0.03637257523139867	0.04721560471240285	0.050096233498566824	0.02640399244189069	0.002622921807364175	0.7820772394960204	1.5997501392011173	3.5535822259312413	0.8194749040992954	0.019514775804058176	71.78722008007436	0.03276490268539819
1.9657182311865806	0.01	0.007	0.007	0.007	0.01	0.03597510186584819	0.046699655975808954	0.04952042273012153	0.026101380231039657	0.002625055186915595	0.801208639137105	1.6342133157812584	3.6380480245307383	0.8396397782204069	0.020278906930651756	71.02097590486892	0.03269497704779314
2.0283003334902934	0.01	0.007	0.007	0.007	0.01	0.03557604109915588	0.046181647524068566	0.048942680953511106	0.025797511897925035	0.002624492047102158	0.8202072757362143	1.6682200395931264	3.7217015295313716	0.8595670476650097	0.021046006888419542	70.25144593838064	0.03262414076578217
2.0918687192731307	0.01	0.007	0.007	0.007	0.01	0.0351752371473543	0.045661376719649954	0.048362794961991744	0.02549233133070089	0.002621342677119991	0.839077839963836	1.701774116150816	3.804559362869419	0.8792596067898092	0.02181557736876741	69.4783240147174	0.032552345233588166
2.1564737527720195	0.01	0.007	0.007	0.007	0.01	0.034772538163468696	0.04513864619545567	0.04778055763488667	0.025185772765749258	0.002615710652020455	0.8578244886144223	1.7348779359239417	3.8866353510512925	0.898719633260435	0.022587131965139298	68.70131132058494	0.03247954077215336
2.222167863153794	0.01	0.007	0.007	0.007	0.01	0.03436779313547429	0.04461325976717369	0.047195763577498315	0.024877761326585267	0.0026076931593022948	0.8764509950354697	1.7675327321842675	3.967941178373608	0.9179487322661714	0.02336019906804982	67.92011031058193	0.03240567598040363
2.289006341489279	0.01	0.007	0.007	0.007	0.01	0.03396084789598097	0.044085017215388135	0.04660820346369314	0.024568212272150326	0.0025973812149738865	0.8949609286339781	1.7997388767064293	4.0484871538094165	0.9369481070349417	0.024134326508263217	67.13441692896104	0.03233069688575968
2.3570481382870576	0.01	0.007	0.007	0.007	0.01	0.033551541478049576	0.043553709531387805	0.0460176588804555	0.024257030029518446	0.0025848597861473665	0.9133578050985347	1.8314961085023358	4.128282834311269	0.9557186938416609	0.024909085447225764	66.3439135053099	0.03225454610858615
2.426356902238425	0.01	0.007	0.007	0.007	0.01	0.033139701407549634	0.043019112791580834	0.04542389564988036	0.023944106045471057	0.0025702077914594983	0.9316452707755484	1.8628038044357815	4.207337779140638	0.9742613256221283	0.02568407605494791	65.5482595930833	0.03217716177304088
2.4970021525209374	0.01	0.007	0.007	0.007	0.01	0.03272513869577475	0.04248098164847248	0.044826656743761094	0.023629316123815563	0.0025534979887019815	0.9498272836408727	1.8936612223308678	4.285662267824288	0.9925768836107889	0.026458933339355676	64.74708221635748	0.03209847628960559
2.569060808609668	0.01	0.007	0.007	0.007	0.01	0.032307641326548585	0.041939040870893	0.0442256530642969	0.023312516401678127	0.0025347966997243034	0.9679083412010597	1.9240677980021623	4.363268194713412	1.0106664857760939	0.02723333518154976	63.939963187410065	0.032018414764651504
2.6426190727080674	0.01	0.007	0.007	0.007	0.01	0.03188696647017939	0.04139297523373875	0.0436205524426218	0.02299353819996495	0.0025141633571941525	0.9858937390503804	1.9540234600750939	4.440170061669223	1.028531691791215	0.028007011834869838	63.12642393383492	0.03193689305109488
2.7177749372003017	0.01	0.007	0.007	0.007	0.01	0.03146283010738792	0.040842416046984256	0.04301096497963252	0.022672180799041698	0.0024916497875276805	1.0037899094546512	1.9835290346484147	4.516386270031546	1.0461747690466987	0.028779758932959733	62.3059052774684	0.03185381514871578
2.794641493122369	0.01	0.007	0.007	0.007	0.01	0.03103489345622258	0.04028692353552252	0.04239642388624061	0.022348201726687132	0.0024672991523222616	1.0216048536380211	2.012586745056156	4.5919407531337875	1.0635990255786678	0.02955145453101781	61.477740973726426	0.03176906977614657
2.873351597324854	0.01	0.007	0.007	0.007	0.01	0.030602743641435722	0.03972596174575931	0.041776358186867577	0.02202130266632389	0.0024411443435619906	1.039348757638091	2.0412009285924597	4.666865306261828	1.0808092870125932	0.03032208396969339	60.64112003247577	0.031682525523216064
2.954064405151145	0.01	0.007	0.007	0.007	0.01	0.030165866695428447	0.03915886349827466	0.041150054610544926	0.021691109594629755	0.0024132056157664095	1.057034842614566	2.0693790112527832	4.741202788672305	1.097812549022023	0.031091774636728874	59.79503408285468	0.03159402406393813
3.036975249771697	0.01	0.007	0.007	0.007	0.01	0.029723606193178813	0.038584776692479915	0.04051659916812469	0.021357142154895096	0.0023834868849560396	1.0746806792420782	2.097133043325621	4.815012101086282	1.114618998706588	0.03186085037671072	58.938196753293646	0.03150336986336224
3.1223308825423115	0.01	0.007	0.007	0.007	0.01	0.029275099078048754	0.03800258100343663	0.03987478650019292	0.021018765996434405	0.0023519698694324754	1.0923102289599924	2.1244820954817634	4.888375926333229	1.1312436058425968	0.03262991660464237	58.06891860650576	0.03141031427553298
3.210454774369097	0.01	0.007	0.007	0.007	0.01	0.028819167934907127	0.03741074804420635	0.0392229676190162	0.020675112601911644	0.002318604194710173	1.1099573001018652	2.1514563835326617	4.961413901188808	1.1477088464870104	0.03340000535705151	57.18489724786019	0.03131452908085429
3.3017920079903087	0.01	0.007	0.007	0.007	0.01	0.02835412803805076	0.03680709089999749	0.0385587770693069	0.020324935517442966	0.0022832896073030897	1.127671782962358	2.178104811387515	5.034306477672334	1.1640496602948736	0.03417283822215695	56.28284145977753	0.03121555943771514
3.3969970303880404	0.01	0.007	0.007	0.007	0.01	0.027877406551445442	0.03618826982368109	0.03787859420065552	0.019966326382956315	0.0022458408835328804	1.1455320528112087	2.204510188176894	5.107342594863728	1.1803234030873815	0.03495135140836217	55.35772957288601	0.031112731729765496
3.4971353247977035	0.01	0.007	0.007	0.007	0.01	0.027384656500733136	0.03554864211441658	0.03717628881646474	0.019596053658653006	0.0022059066540802024	1.163674158452917	2.2308257169289885	5.181032525627601	1.1966335601456923	0.03574093641487451	54.40108438514676	0.031004941250745086
3.60417630954915	0.01	0.007	0.007	0.007	0.01	0.026867597895608365	0.034877459775470056	0.03644016565625434	0.019207951734546265	0.0021627700196651355	1.1823625796239372	2.257362833042059	5.256380826953742	1.2131869621210856	0.03655244688891347	53.39676941219767	0.030890133513005673
3.721760053132934	0.01	0.007	0.007	0.007	0.01	0.026310893737401548	0.034154814523583515	0.035648563728009175	0.018790600872381883	0.0021150402833037246	1.2020842823702875	2.284691914305576	5.335233520354351	1.2303629136279874	0.03740610659526037	52.31489382972089	0.030764507976812135
3.837751271534368	0.01	0.007	0.007	0.007	0.01	0.025773067845992464	0.03345667297370352	0.03488476967866097	0.0183879121750798	0.0020677797232600556	1.2207431427600146	2.309859531901477	5.409163531547348	1.24631529589016	0.038210507234804875	51.26914952519238	0.03064108445885127
3.9450601531412084	0.01	0.007	0.007	0.007	0.01	0.02528532606970491	0.0328235433751185	0.03419293464209475	0.018023163084764107	0.0020240272281465163	1.2373291514826885	2.331624730369244	5.474288898539758	1.260233572221854	0.03892232346574311	50.3203073696611	0.030527340605651376
4.049656500192188	0.01	0.007	0.007	0.007	0.01	0.02481882591657947	0.03221798724028807	0.033531981049683135	0.017674696548071304	0.0019814641127294413	1.2528940797118207	2.351491404465794	5.534861076164829	1.2730541429503712	0.03958708437698325	49.412352600141986	0.030416878319578924
4.1522126278446665	0.01	0.007	0.007	0.007	0.01	0.024369808873211794	0.031635125387761455	0.032896501577009	0.017339661706881726	0.0019398966946755118	1.2675994643736	2.3697279590106266	5.59157009430725	1.2849372148416587	0.040211844957012834	48.53801642192994	0.030308958766813162
4.253161399348649	0.01	0.007	0.007	0.007	0.01	0.023935788403098197	0.03107173002801396	0.032282910824901874	0.017016168253168623	0.0018992116136954782	1.2815558798429492	2.386522560214561	5.6448926641631525	1.2959943988065354	0.04080145660304775	47.69249435592939	0.03020310458328367
4.352781917023669	0.01	0.007	0.007	0.007	0.01	0.02351508085739968	0.0305256156412615	0.031688772591127436	0.016702931752313174	0.0018593457059133595	1.2948420018121807	2.402013674777879	5.6951724626009295	1.3063071069674739	0.041359399148937805	46.87253792114769	0.030099005634803187
4.451299118621108	0.01	0.007	0.007	0.007	0.01	0.023106328093432955	0.02999501925669844	0.031112120251437614	0.01639891533729323	0.0018202487724747669	1.3075219461627485	2.416314703702574	5.742690078428586	1.3159419252706532	0.04188852434297201	46.07552737080367	0.029996412458490662
4.5488967542372665	0.01	0.007	0.007	0.007	0.01	0.022708418888368366	0.029478498428168763	0.0305513433628773	0.01610326992510702	0.001781880475216037	1.3196487891808721	2.4295200593007316	5.787678276996566	1.324954204019637	0.04239120749418758	45.29931991958064	0.0298951217076852
4.645729318999419	0.01	0.007	0.007	0.007	0.01	0.022320422241672553	0.028974844652690155	0.03000509180566333	0.015815283679442398	0.0017442070567085023	1.3312673925507954	2.441709820507311	5.8303340326147755	1.333390843168276	0.042869468593576765	44.542120709759146	0.02979496300461478
4.741927397328724	0.01	0.007	0.007	0.007	0.01	0.021941552861124557	0.028483038567796146	0.02947222582189798	0.015534355670489974	0.001707200274249546	1.3424160192807155	2.452952613732588	5.870825625978202	1.3412919803912993	0.04332504204625405	43.80241624598809	0.02969579285899776
4.837602170350588	0.01	0.007	0.007	0.007	0.01	0.02157114306186693	0.028002213474152386	0.028951775408817607	0.01525997446646248	0.0016708363790951422	1.35312761784701	2.463307863287464	5.909298245835902	1.3486923155567592	0.043759432090472776	43.07892015766895	0.02959748957970772
4.9328486441160475	0.01	0.007	0.007	0.007	0.01	0.021208622046998936	0.0275316284401362	0.028442910343616803	0.014991702330149294	0.0016350953986931415	1.3634307830083108	2.4728274954903715	5.945878200044421	1.3556221104670245	0.044173954383288666	42.370533228933844	0.029499949603828412
5.027748347781056	0.01	0.007	0.007	0.007	0.01	0.020853498983478398	0.027070646333072688	0.027944915728609444	0.014729162325860681	0.0015999604880396032	1.3733505274684974	2.4815572912888197	5.980676281823288	1.3621079847992166	0.04456976938922293	41.67631073337216	0.029403084443855233
5.122372525441068	0.01	0.007	0.007	0.007	0.01	0.020505345744024277	0.026618711416896756	0.027457167228967815	0.014472025264423328	0.0015654170197595746	1.3829089962437082	2.48953803855207	6.013790788368005	1.3681736097469759	0.044947912895189804	40.995429022442934	0.029306817197018734
5.216781452293663	0.01	0.007	0.007	0.007	0.01	0.020163795076226006	0.026175346975587738	0.02697912804815229	0.01422000810822773	0.0015314530314358985	1.3921257061136112	2.4968061694033947	6.045308778395483	1.373840049105539	0.04530930724534878	40.32718221230145	0.0292110830488006
5.311028009984206	0.01	0.007	0.007	0.007	0.01	0.019828523763011818	0.025740133454190326	0.02651032495403359	0.013972861332005126	0.0014980580623199177	1.4010181642840027	2.503394640648944	6.075308571394519	1.3791263091370427	0.04565478732401593	39.67094947386692	0.029115825470007687
5.40515808186241	0.01	0.007	0.007	0.007	0.01	0.019499248318856046	0.02531270287216995	0.026050341952576998	0.013730365587367711	0.0014652231291196526	1.4096021084520625	2.5093334172902098	6.103860856443566	1.3840496133297815	0.04598511117995447	39.026186789047884	0.029020995687104957
5.4992119202406125	0.01	0.007	0.007	0.007	0.01	0.01917571767170923	0.024892729324015622	0.02559880979767665	0.013492326172262982	0.0014329403287243847	1.4178918055648537	2.5146499491379384	6.131029949789362	1.3886256902664937	0.04630097272683069	38.39241277756955	0.028926551188649886
5.5932248423270226	0.01	0.007	0.007	0.007	0.01	0.01885770870530588	0.024479923192829794	0.0251553995505153	0.013258569635346997	0.0014012026657793082	1.4259002546039774	2.5193695272142724	6.1568746807734325	1.3928689832688825	0.04660301048231929	37.7692000932877	0.02883245493156861
5.687228061213241	0.01	0.007	0.007	0.007	0.01	0.01854502169985698	0.024074025232007912	0.024719816036497106	0.013028940326408864	0.0013700038240189016	1.4336393761424882	2.5235155913362024	6.181449195100578	1.3967928353606258	0.046891815608270535	37.156166598381084	0.0287386744281604
5.781249228158144	0.01	0.007	0.007	0.007	0.01	0.01823747707491736	0.023674802337241334	0.02429179315237623	0.012803297922227947	0.0013393380305207123	1.4411201554537536	2.5271099743203806	6.204803573160068	1.400409634125621	0.04716793801577633	36.55296906913204	0.028645181137180505
5.875312951953344	0.01	0.007	0.007	0.007	0.01	0.017934912454881474	0.023282043737314618	0.023871089649540187	0.012581515203484482	0.0013091999228921555	1.4483527670297467	2.5301731077610032	6.226984361599912	1.4037309348897775	0.047431891633742555	35.95929751849838	0.0285519498891102
5.969441254913637	0.01	0.007	0.007	0.007	0.01	0.01763718016024799	0.022895557737579758	0.02345748553311119	0.012363476156346637	0.001279584435331078	1.4553466796368815	2.5327241932074815	6.248035019572911	1.4067675636377863	0.047684158828489774	35.37487034000004	0.02845895838475866
6.063653880373199	0.01	0.007	0.007	0.007	0.01	0.01734414535060858	0.02251516930942093	0.02305077938599317	0.01214907456168875	0.0012504867304212986	1.4621107384543384	2.5347813428425963	6.267996274466071	1.409529700467352	0.0479251938802757	34.79943071926398	0.02836618684925569
6.157968652776106	0.01	0.007	0.007	0.007	0.01	0.017055684144883343	0.02214071765017876	0.022650785676833422	0.011938212575851542	0.001221902113143546	1.4686532416933382	2.5363617005681296	6.28690644391191	1.4120269530924314	0.04815542617069441	34.23274299168599	0.028273617640903918
6.252401647990616	0.01	0.007	0.007	0.007	0.01	0.01677168245252655	0.021772054665973345	0.022257333067812152	0.011730799838496102	0.0011938260024917388	1.4749819957340937	2.5374815414504366	6.304801679703436	1.4142684150841283	0.04837526252709995	33.67459038846137	0.028181235052683194
6.34696752461012	0.01	0.007	0.007	0.007	0.01	0.016492034412939505	0.02140904294594173	0.021870262190069153	0.011526752299830457	0.0011662538537790207	1.4811043749265875	2.5381563593974086	6.321716212637852	1.4162627203528388	0.04858508966549454	33.124772006413394	0.02808902496060155
6.441679610223775	0.01	0.007	0.007	0.007	0.01	0.016216641664718652	0.02105155481367234	0.02148942457861076	0.011325991659083358	0.0011391811539885788	1.4870273591502972	2.5384009390511593	6.3376825229373095	1.4180180846671246	0.048785275799466635	32.583101402799706	0.027996974716388397
6.536550099674962	0.01	0.007	0.007	0.007	0.01	0.01594541234315187	0.020699471025880534	0.021114681237971	0.011128444608334731	0.0011126033828143193	1.4927575746084527	2.5382294194873323	6.352731511277063	1.4195423445511697	0.048976172319146014	32.04940465171775	0.027905072933722058
6.631590202996149	0.01	0.007	0.007	0.007	0.01	0.01567826029333679	0.020352679750976998	0.020745901513344368	0.010934042237387873	0.0010865159886429435	1.4983013272384225	2.537655348447393	6.366892640983598	1.420842990062367	0.04915811517350308	31.523518820209546	0.027813309326910864
6.726810236586154	0.01	0.007	0.007	0.007	0.01	0.015415104496143842	0.020011075823927263	0.020382962261382278	0.010742719596617246	0.0010609143799577868	1.5036646294844933	2.5366917295578886	6.38019405577028	1.4219271927063333	0.04933142599623464	31.005290859813428	0.02772167460705277
6.822219720580068	0.01	0.007	0.007	0.007	0.01	0.015155868516165806	0.019674560029650335	0.020025747055858894	0.010554415278202755	0.0010357939141940364	1.508853224864561	2.535351063795788	6.392662686002933	1.422801830264235	0.04949641313089677	30.49457653867767	0.027630160374105064
6.917827482716769	0.01	0.007	0.007	0.007	0.01	0.014900479970906214	0.019343038413985613	0.019674145426923497	0.010369071015074357	0.001011149884702777	1.513872610478295	2.5336453855362238	6.404324344211873	1.423473508719113	0.04965337256137032	29.99123941289568	0.02753875900469121
7.013641718119039	0.01	0.007	0.007	0.007	0.01	0.014648870153062517	0.019016421793389787	0.019328052314986997	0.010186631393004544	0.0009869775190796952	1.5187280550596416	2.531586294678136	6.415203804941584	1.4239485812524486	0.04980258867634317	29.49515009721583	0.02744746358389085
7.109670061924428	0.01	0.007	0.007	0.007	0.01	0.014400973644657204	0.018694625254050704	0.018987367516387056	0.010007043558370066	0.0009632719736730983	1.523424616040563	2.5291849848528667	6.425324878146514	1.4242331652810314	0.04994433498317003	29.006185517865834	0.027356267826039383
7.2059196303406035	0.01	0.007	0.007	0.007	0.01	0.014156728037530762	0.018377567789068155	0.01865199527803138	0.009830257004448837	0.000940028335628018	1.5279671535442578	2.526452269058795	6.434710471915822	1.4243331575279774	0.05007887470942868	28.524228373460495	0.027265166026790893
7.302397100227899	0.01	0.007	0.007	0.007	0.01	0.013916073576061387	0.018065171834676347	0.018321843787585473	0.009656223302656967	0.0009172416152214555	1.5323603449379504	2.523398601416376	6.44338265288545	1.4242542475836037	0.05020646140470263	28.04916644102275	0.027174152979715746
7.399108705864049	0.01	0.007	0.007	0.007	0.01	0.013678953027663953	0.01775736310214548	0.017996824978465397	0.009484895999732665	0.0008949067577405557	1.5366086943735298	2.520034098834607	6.451362693253386	1.4240019300217464	0.05032733937984791	27.58089233022593	0.027083223972174483
7.496060319081586	0.01	0.007	0.007	0.007	0.01	0.013445311358608894	0.017454070156968902	0.017676854069397896	0.009316230375002973	0.0008730186351082088	1.5407165452432212	2.5163685580707824	6.458671121019442	1.423581515353586	0.05044174421968041	27.119302852332392	0.026992374703165928
7.593257446301965	0.01	0.007	0.007	0.007	0.01	0.013215095629858226	0.017155224283653077	0.017361849407342304	0.009150183357563854	0.0008515720565985281	1.5446880880350415	2.5124114736089167	6.465327758810239	1.4229981400406033	0.050549903151676207	26.664298822530704	0.026901601280194865
7.6907052706394285	0.01	0.007	0.007	0.007	0.01	0.012988254792427356	0.016860759220082407	0.01705173217396313	0.008986713371534364	0.0008305617686184384	1.548527369493844	2.5081720524613935	6.471351763151147	1.4222567755505426	0.05065203544313693	26.21578466308537	0.0268109001742262
7.788408674934869	0.01	0.007	0.007	0.007	0.01	0.012764739540189696	0.016570610966449257	0.01674642617208685	0.008825780223474048	0.0008099824585588297	1.5522383002802014	2.503659228166915	6.476761658957166	1.4213622366445544	0.050748352746932054	25.773668119165986	0.026720268193111737
7.886372284479955	0.01	0.007	0.007	0.007	0.01	0.012544502127849176	0.0162847175489681	0.01644585756577585	0.008667344965352049	0.0007898287543091144	1.5558246627641623	2.4988816725348286	6.481575372161325	1.4203191887325333	0.05083905944128158	25.337859905043793	0.02662970243729432
7.98460045802614	0.01	0.007	0.007	0.007	0.01	0.012327496315385043	0.016003018947762827	0.016149954794150205	0.008511369849103154	0.0007700952343126676	1.5592901163431303	2.4938478086471454	6.485810257005331	1.419132155070177	0.05092435289756803	24.908273599844954	0.026539200303896403
8.083097304742232	0.01	0.007	0.007	0.007	0.01	0.012113677257442298	0.01572545695328855	0.015858648410702076	0.008357818241909554	0.0007507764315222013	1.5626382033901067	2.4885658218414637	6.489483123017054	1.4178055232638465	0.051004423759439775	24.484825433996807	0.02644875946686532
8.181866727562374	0.01	0.007	0.007	0.007	0.01	0.011903001343568918	0.015451974958946416	0.01557187085657875	0.008206654506677527	0.0007318668321061202	1.5658723556326868	2.483043668265437	6.492610260730869	1.41634355085152	0.05107945622414816	24.06743397775303	0.026358377833340014
8.280912381562405	0.01	0.007	0.007	0.007	0.01	0.011695426227180453	0.015182517998685583	0.015289556491620874	0.008057844018380875	0.0007133608902970468	1.5689958973269635	2.477289087266419	6.495207462686949	1.414750371627059	0.05114962824196608	23.656020203097864	0.026268053578197934
8.380237757025892	0.01	0.007	0.007	0.007	0.01	0.01149091059311138	0.01491703244526409	0.015011641270178093	0.007911352993162682	0.0006952530191282296	1.5720120522065768	2.4713096061194384	6.497290046878083	1.4130299997334785	0.05121511179781889	23.25050702736421	0.026177785064702957
8.479846118104348	0.01	0.007	0.007	0.007	0.01	0.011289414235022466	0.014655466110733971	0.014738062839125408	0.007767148539984129	0.0006775376080937226	1.5749239454966464	2.4651125523321196	6.498872874588106	1.4111863356202219	0.05127607307490259	22.850819470501364	0.026087570897280744
8.579740553346458	0.01	0.007	0.007	0.007	0.01	0.011090897901152842	0.014397768046214477	0.0144687603212702	0.0076251985464399034	0.0006602090196039579	1.5777346092316646	2.458705058932837	6.499970370058165	1.4092231699137594	0.05133267268844159	22.456884352934097	0.025997409872355152
8.679923980345785	0.01	0.007	0.007	0.007	0.01	0.010895323241538121	0.014143888473377636	0.014203674237352285	0.007485471637628016	0.0006432615939158281	1.58044698583502	2.4520940717970596	6.500596537549707	1.4071441876722486	0.05138506587495226	22.068630194161532	0.02590730097133403
8.780399130408956	0.01	0.007	0.007	0.007	0.01	0.010702652795834692	0.013893778768645131	0.013942746483425163	0.007347937164211205	0.0006266896569983481	1.5830639309931274	2.445286357899331	6.500764977458654	1.4049529728379018	0.05143340266431323	21.68598719177135	0.025817243371563707
8.881168586522064	0.01	0.007	0.007	0.007	0.01	0.010512849880138628	0.01364739131626956	0.013685920171753047	0.007212565118537812	0.0006104875192063745	1.5855882177729803	2.438288509601458	6.500488901788125	1.402653011333151	0.051477828071451334	21.308886999685626	0.025727236409478233
8.982234748015793	0.01	0.007	0.007	0.007	0.01	0.010325878617445173	0.013404679547875815	0.013433139666647378	0.007079326153515436	0.0005946494858188411	1.5880225386377602	2.43110695347915	6.49978114855967	1.400247695515189	0.0515184822447322	20.9372627914285	0.025637279609593205
9.083599855289991	0.01	0.007	0.007	0.007	0.01	0.010141703854347147	0.013165597834329112	0.013184350466529014	0.006948191520430581	0.000579169857397271	1.5903695088908132	2.4237479547550373	6.498654195644484	1.3977403271415514	0.05155550063746941	20.57104909729922	0.02554737265966554
9.185266014895765	0.01	0.007	0.007	0.007	0.01	0.009960291083451776	0.01293010138502487	0.012939499094317604	0.006819133011158573	0.0005640429303812484	1.5926316698572414	2.416217621163284	6.497120173319524	1.3951341200143947	0.051589014168372305	20.21018165252913	0.025457515386004093
9.287235143706488	0.01	0.007	0.007	0.007	0.01	0.009781606512420306	0.012698146337511464	0.012698533186034361	0.006692123004850161	0.000549263009509938	1.5948114901206305	2.408521912483647	6.495190877336969	1.3924322045172406	0.05161914934917584	19.85459753691144	0.02536770780038751
9.389509041326752	0.01	0.007	0.007	0.007	0.01	0.00960561690496343	0.012469689551086653	0.012461401271830352	0.006567134352498956	0.0005348244009552839	1.5969113695145747	2.4006666403333417	6.492877779557278	1.389637628730536	0.05164602845015963	19.504234860685134	0.025277950033597875
9.49208934775051	0.01	0.007	0.007	0.007	0.01	0.009432289628852324	0.012244688669122228	0.012228052836717978	0.00644414040893798	0.000520721422320299	1.598933640427259	2.3926574761634813	6.490192039662534	1.386753362322545	0.051669769622067596	19.159032862037893	0.02518824237048208
9.59497752088706	0.01	0.007	0.007	0.007	0.01	0.009261592664480987	0.01202310213018093	0.011998438327967917	0.006323115036723627	0.0005069484088961646	1.6008805695859147	2.3844999577635573	6.4871445166716555	1.3837822999339893	0.05169048702539407	18.818931926232125	0.025098585266944144
9.698174909724376	0.01	0.007	0.007	0.007	0.01	0.00909349445623729	0.01180488897508078	0.011772508951301965	0.006204032498698384	0.000493499707023132	1.602754361545479	2.3761994879392465	6.483745777100355	1.3807272616650925	0.051708290974151846	18.48387329139666	0.0250089792836292
9.801682691089507	0.01	0.007	0.007	0.007	0.01	0.008927963994263252	0.01159000895302982	0.0115502167773839	0.006086867514106543	0.0004803696857758615	1.6045571594300407	2.36776134367711	6.480006106381247	1.3775909973107463	0.05172328804514195	18.153799213102864	0.02491942513877747
9.905501908909015	0.01	0.007	0.007	0.007	0.01	0.008764970726555462	0.011378422407524172	0.011331514620238318	0.005971595194497696	0.0004675527347783418	1.60629104754797	2.3591906770130855	6.475935516906939	1.3743761875433969	0.05173558120462957	17.828652790827984	0.02482992367169834
10.0	0.01	0.007	0.007	0.007	0.01	0.008619206985320997	0.011189201794171674	0.011136086420638503	0.0058685903710296115	0.00045618214741740583	1.6078067953594284	2.3513013250582624	6.471962706706843	1.3713925814415837	0.05174448158947876	17.537764259323687	0.024748737341529183
