0.0	0.01	0.007	0.007	0.007	0.01	0.0	0.0	0.0	0.0	0.0	0.0	0.0	0.0	0.0	0.0	100.0	0.035
0.006217685600973902	0.01	0.007	0.007	0.007	0.01	0.002836306919887462	0.0064157654929087385	0.003692808197116143	0.0012037079837790648	0.0003149385552107298	0.00011466313745256364	0.0005048289285044342	0.00048111475522495645	8.373385677303256e-5	8.129162958711656e-6	99.89032064322738	0.03499245871288288
0.01064104786429482	0.01	0.007	0.007	0.007	0.01	0.004753649389649881	0.010519773826652009	0.006196893229426238	0.002039554671414798	0.0005014315450522173	0.0003310039682282621	0.0014359284720536797	0.0013899678734628448	0.00024347169495864753	2.2677838264786672e-5	99.81236621144922	0.034987094708252175
0.01703402387127004	0.01	0.007	0.007	0.007	0.01	0.007384832667943351	0.015846633953627558	0.009644039774355217	0.0032182158475185215	0.0007254964336699889	0.00083073967943471	0.003529657512206529	0.0034924377753092583	0.0006173867463646543	5.427626625805621e-5	99.69980808753601	0.03497934369803314
0.023262194651372036	0.01	0.007	0.007	0.007	0.01	0.009797405047294682	0.020421562134590402	0.012816377650471793	0.00433392332467033	0.0009011574984881741	0.0015184979580659822	0.006326425058041856	0.006390684330236101	0.0011397317862739704	9.492843121875636e-5	99.59027367836377	0.034971794153279036
0.030513711914138285	0.01	0.007	0.007	0.007	0.01	0.012430198630480054	0.02507739701456673	0.01629182193237383	0.0055936035018258334	0.0010633679284358895	0.00255302877020197	0.010404231622683923	0.010757790793573425	0.0019380524884984875	0.0001519974133005918	99.46289335898759	0.03496300620095726
0.03807357340885893	0.01	0.007	0.007	0.007	0.01	0.014985980275439056	0.029261853878369604	0.019680107697275913	0.0068631279842902935	0.0011942800090126795	0.00388110133457024	0.015469765982438053	0.016374399469098525	0.0029806035039169295	0.00022021572251050615	99.33027011855826	0.034953846924260366
0.04629901610734902	0.01	0.007	0.007	0.007	0.01	0.01756290725924995	0.03314746813847599	0.023112060850301108	0.008195394122071242	0.0013026056055560154	0.005593902975895305	0.021786561967644003	0.023631986996607436	0.004349535023547533	0.0003021491998161669	99.18617140541437	0.03494388397713545
0.05495846145558393	0.01	0.007	0.007	0.007	0.01	0.02006313938184367	0.03659807967685137	0.026458171270185137	0.009544667833837598	0.001387527206650646	0.007674766567719368	0.02920169706356968	0.03246669735305089	0.0060442118247931685	0.00039489395518603406	99.03469542301126	0.034933398419094736
0.06415725526108913	0.01	0.007	0.007	0.007	0.01	0.02249890521926422	0.03965768823107758	0.029734874031605768	0.010920334767499604	0.0014533971753087475	0.010170818126592077	0.03779450611299501	0.04308574695982933	0.008116976602030507	0.0004987319343116965	98.87403823384622	0.03492226322066547
0.07382596027896375	0.01	0.007	0.007	0.007	0.01	0.02483477356686021	0.04231195307541697	0.0328943691328753	0.01230476876203115	0.0015028494334199697	0.013083118364784254	0.047480266707894854	0.055501352279856066	0.010584444997041729	0.0006120747266156845	98.70545495824793	0.03491056301771181
0.08400222121665989	0.01	0.007	0.007	0.007	0.01	0.02706651874949446	0.04459173370357721	0.03593038529137756	0.0136965987652427	0.001539148191229143	0.016437650917678362	0.05826207035895255	0.0698322402416597	0.013485701988014074	0.00073457544991966	98.52833241159345	0.03489825284996111
0.09467531683025791	0.01	0.007	0.007	0.007	0.01	0.02918014731877001	0.046519431437810024	0.03882309598242701	0.015087566958300684	0.0015649542119603808	0.020242925310986662	0.07008817623115295	0.08612302191236153	0.01684675985471652	0.0008654037125405558	98.34290371078127	0.034885346327849995
0.10587108036492843	0.01	0.007	0.007	0.007	0.01	0.03117129480189695	0.048128412786405894	0.0415654678567384	0.016474378380431653	0.0015826675345130222	0.02451697242945947	0.08294164084772752	0.10445928231509696	0.020703617021539583	0.0010042613252844211	98.14876946966054	0.034871812895149776
0.11760498044073055	0.01	0.007	0.007	0.007	0.01	0.0330346192154606	0.04945063316558466	0.044148887015083925	0.01785220817145271	0.0015942577461243957	0.02927226872549949	0.09679281278552365	0.12490306079645845	0.025089170169484747	0.001150819584287004	97.94571524716501	0.03485763459802598
0.12990770025129944	0.01	0.007	0.007	0.007	0.01	0.03476826144008526	0.05051942008636522	0.04656933020234541	0.019217840401221202	0.0016013537976970228	0.034525579134050445	0.11162968521987582	0.14753496747795733	0.03004207396049111	0.0013050281263409242	97.73326875572543	0.03484277517564577
0.14281104327909894	0.01	0.007	0.007	0.007	0.01	0.03637100416695251	0.05136637275796657	0.04882349648056433	0.020567803138135776	0.0016052748578556921	0.040292944819942854	0.1274428105544585	0.17243261942173707	0.03560231995001679	0.001466931776910286	97.51094562764445	0.03482719711668728
0.1563557895522516	0.01	0.007	0.007	0.007	0.01	0.037843156297291694	0.05202143325785379	0.05091007510283362	0.021899140526972508	0.0016070988987890893	0.04659324273358222	0.14423526741097026	0.19968590913485298	0.0418147124512318	0.0016367601646299372	97.27811524779528	0.03481085219165488
0.17058754884714566	0.01	0.007	0.007	0.007	0.01	0.03918572169013268	0.05251205847841459	0.052828616148333965	0.023208830435128756	0.001607721707783108	0.05344662545503429	0.1620179067120022	0.22939022700548636	0.04872757497976629	0.0018148693997986005	97.03407423282566	0.034793686488021
0.1855592705019775	0.01	0.007	0.007	0.007	0.01	0.04040049789314723	0.05286311096629253	0.054579696147536653	0.024493922871804536	0.0016079133769064035	0.06087578396064042	0.1808123781126013	0.26165184941291314	0.05639417201777769	0.002001770721384132	96.77800538405751	0.03477563741146206
0.20132996038755396	0.01	0.007	0.007	0.007	0.01	0.04148979773377227	0.05309669717499236	0.05616454479719212	0.02575131048133022	0.0016083646232173212	0.06890537676311095	0.200649239899717	0.2965853765317891	0.06487232107279216	0.002198116064024366	96.5090021572436	0.0347566352687517
0.21796521494333848	0.01	0.007	0.007	0.007	0.01	0.04245641704496609	0.053232202421172936	0.05758501724011776	0.02697769346680495	0.0016097218418302762	0.07756221900455046	0.22156814034807004	0.33431442504439346	0.07422471471676408	0.0024047112704361703	96.22606219721716	0.03473660266244709
0.23553616116277565	0.01	0.007	0.007	0.007	0.01	0.043303539864828475	0.05328637392612683	0.05884347367227834	0.02816944277373749	0.0016126093686053954	0.08687458017026045	0.24361586693916315	0.37496839998504594	0.08451821989105109	0.0026225143110665435	95.9281083263142	0.03471545581034121
0.25411829923604107	0.01	0.007	0.007	0.007	0.01	0.04403472702184659	0.05327347518003923	0.05994277877896314	0.02932251742441783	0.001617638447515128	0.09687131700186769	0.2668441958675917	0.4186784800158917	0.09582281068144997	0.0028526367258200364	95.61401117473932	0.034693105982457124
0.2737889683393423	0.01	0.007	0.007	0.007	0.01	0.04465392308436427	0.05320548036776561	0.06088632983529204	0.030432369938290137	0.0016254027364462256	0.10758018747284798	0.2913060143392967	0.4655699501154658	0.10820931653924695	0.0030963311532188984	95.28263490066338	0.03466946259208232
0.29462380629852924	0.01	0.007	0.007	0.007	0.01	0.045165518507594406	0.053092302018833026	0.06167817192581622	0.0314939067211749	0.0016364608954387977	0.11902555885463435	0.31705028927700196	0.5157517990992387	0.12174607087253103	0.0033549672618210895	94.93289914565902	0.034644437486762346
0.3166922214003622	0.01	0.007	0.007	0.007	0.01	0.04557445237697273	0.05294203731329743	0.06232318461715775	0.032501530452287174	0.0016513079632217264	0.13122558458748132	0.3441160280830012	0.5693039218504605	0.13649442891245855	0.0036299926366937375	94.56385630085572	0.03461795040859983
0.3400536045617965	0.01	0.007	0.007	0.007	0.01	0.0458863466273735	0.05276121075712492	0.06282733382174381	0.033449345977074704	0.001670340212727318	0.14418989920885542	0.37252745788969427	0.626266574461102	0.1525043804867061	0.003922895355867598	94.17475461954076	0.034589933541545326
0.36475620451067015	0.01	0.007	0.007	0.007	0.01	0.046107603633085706	0.05255498809674348	0.0631978903433222	0.034331540109488363	0.0016938216596814942	0.1579190048646929	0.40229273442136093	0.6866373251692574	0.16981189877832123	0.004235188109130248	93.76505536252974	0.03456033284260867
0.3908409161912295	0.01	0.007	0.007	0.007	0.01	0.04624538548320251	0.052327340539220196	0.06344348679498103	0.03514288560385753	0.0017218629700177848	0.17240663605841888	0.4334086647161633	0.7503812563843706	0.1884400868289207	0.0045684413651059675	93.33436799034448	0.03452910347928494
0.4183498444757868	0.01	0.007	0.007	0.007	0.01	0.04630740828016835	0.05208116333913396	0.06357389376628737	0.03587920255972656	0.001754420383386089	0.1876449263851743	0.46587083721786215	0.8174537003006419	0.20840449620050228	0.0049243687404017435	92.8823082778578	0.034496199575238966
0.44733754921196384	0.01	0.007	0.007	0.007	0.01	0.04630157116199295	0.051818370700506454	0.06359952150390158	0.03653761637424162	0.001791314702229151	0.20363098807924088	0.49968621950955383	0.8878293599378205	0.22972124602302038	0.005304947013739356	92.40831657085144	0.03446156080937858
0.47788290566772	0.01	0.007	0.007	0.007	0.01	0.0462355127129214	0.05153998208842039	0.06353077256816854	0.037116558349910164	0.0018322638412208293	0.22037350538161135	0.5348854886511815	0.9615315418790664	0.25241617827307733	0.005712553739548205	91.91147202682598	0.03442509836749968
0.5101017126350224	0.01	0.007	0.007	0.007	0.01	0.046116189330073394	0.05124618908633932	0.06337738903891602	0.0376155673131024	0.001876921517281792	0.23789920473613071	0.571535050515065	1.0386607517223454	0.2765346856319431	0.006150131880901067	91.39030207472922	0.034386680110095054
0.5441623943684057	0.01	0.007	0.007	0.007	0.01	0.04594951611924732	0.05093637251417741	0.06314786577887642	0.03803497516901213	0.0019249174710740107	0.25626029161612984	0.6097511269643194	1.1194273010448614	0.3021534864939999	0.006621419638951428	90.84255115049066	0.034346112189901024
0.5803093048065886	0.01	0.007	0.007	0.007	0.01	0.045740050144771956	0.05060902648516531	0.06284891111329337	0.038375524168397734	0.0019758985157064075	0.2755450047797317	0.649720296449667	1.204197213753129	0.3293972379277854	0.007131316375119598	90.26484059625263	0.034303111816347674
0.6188963483945754	0.01	0.007	0.007	0.007	0.01	0.04549067812257783	0.05026157058986145	0.062484905051318554	0.03863787672859158	0.0020295665766013873	0.29589222171225493	0.6917281657661796	1.2935552750180055	0.35846131375035234	0.007686436519312739	89.65218485865773	0.034257268067361936
0.6604014536117746	0.01	0.007	0.007	0.007	0.01	0.04520250467852006	0.04989032467499027	0.06205765360112183	0.03882186318749038	0.002085664444986544	0.3174941088391047	0.736162964377352	1.3883146617962983	0.3896174530988301	0.008295429056876698	88.9978394305539	0.03420802587378969
0.705109287786098	0.01	0.007	0.007	0.007	0.01	0.04487730871168912	0.04949341164816008	0.061570035628504716	0.038925456457936505	0.002143516318401259	0.34042825958996	0.7831700277179157	1.488779296392811	0.4229692600060964	0.0089642886751576	88.29834352064417	0.03415506310363481
0.7516205034944818	0.01	0.007	0.007	0.007	0.01	0.044529256068271836	0.04908380329681556	0.061043872483596016	0.03894785251532522	0.0022003217889453855	0.3639170102855322	0.8311453267364348	1.5915098246763195	0.4573561366548615	0.009673048772342438	87.57646634738356	0.03410005099854991
0.7982842138977624	0.01	0.007	0.007	0.007	0.01	0.04417464668300379	0.04867624811268667	0.06050474506778697	0.03889925615209991	0.0022534904437340637	0.3871037649795499	0.8783427194895955	1.6927441057647912	0.49146980818233355	0.01039592520792604	86.85815304198138	0.03404494756893756
0.8452010800304188	0.01	0.007	0.007	0.007	0.01	0.04381567230375568	0.04826989382480307	0.05995688068654364	0.03879242151705523	0.002302892610774699	0.41003626940897103	0.9248676501382258	1.7926859365202763	0.5253244734827918	0.01113309046983441	86.1418824484628	0.033989634966352544
0.892175429136689	0.01	0.007	0.007	0.007	0.01	0.04345576332700916	0.04786644487119139	0.05940619952757578	0.03863855636516638	0.002348217144087573	0.43261907197075716	0.9705325707462474	1.8909173138595803	0.5587324820884467	0.011880015220461526	85.43065179635768	0.03393434462544743
0.9393069136311167	0.01	0.007	0.007	0.007	0.01	0.04309541481404663	0.04746504174530865	0.058853977904111995	0.038446340313480085	0.002389561030403102	0.45490227646114395	1.0154436685872201	1.9876562684038963	0.5917293324151752	0.01263680480989268	84.72294370524357	0.03387895972252004
0.9865729398963796	0.01	0.007	0.007	0.007	0.01	0.042735615286149324	0.04706588037248427	0.05830211454658938	0.038223177476649106	0.0024269627228494964	0.4768770100318924	1.0595864633718302	2.082864999592438	0.6242705136167901	0.013401669516903894	84.01910312638468	0.033823507499637424
1.034044595738153	0.01	0.007	0.007	0.007	0.01	0.042376356445502056	0.046668368474149735	0.05775088072455715	0.03797471446131214	0.002460578242688283	0.4985779206083375	1.1030330439795626	2.1766948393838357	0.6563818134433086	0.014174386021080683	83.318085844244	0.033767905389077056
1.0817530590449034	0.01	0.007	0.007	0.007	0.01	0.04201775757644059	0.04627226352015753	0.05720066897832609	0.037705650955026974	0.002490550154743322	0.5200199178008659	1.145814843914579	2.2692114138754844	0.6880645008783236	0.014954154067315668	82.61946433612468	0.033712118001667006
1.1297592450674678	0.01	0.007	0.007	0.007	0.01	0.0416596045718386	0.04587708767021385	0.056651306272870815	0.03741961721452285	0.002517049467338865	0.5412301737952666	1.1879869777131231	2.3605329851678554	0.7193416923028201	0.01574072191957908	81.92239589002622	0.033656075504954384
1.178109279873309	0.01	0.007	0.007	0.007	0.01	0.041301729430307375	0.04548250005485263	0.05610265145801247	0.03711958955316737	0.0025402382141049484	0.562227812340365	1.2295877241198014	2.4507425809969257	0.7502275098266474	0.016533654238911063	81.22627907857853	0.03359972576576372
1.2268573199180497	0.01	0.007	0.007	0.007	0.01	0.04094386671383727	0.045088107670502295	0.05555438636559195	0.036807905244284324	0.002560279081089194	0.5830341262397349	1.2706589813527998	2.5399320138274977	0.7807415250752223	0.017332696721538893	80.53042020098997	0.03354300768280855
1.2760507460937036	0.01	0.007	0.007	0.007	0.01	0.04058578105675053	0.04469358639635887	0.055006219569999994	0.036486468150134885	0.002577325316637602	0.603666136872206	1.311233557803062	2.62817417762842	0.810898770807918	0.018137525103991976	79.83424676933905	0.03348586845418242
1.3257378595577556	0.01	0.007	0.007	0.007	0.01	0.04022722122469713	0.044298617682252774	0.05445782189981033	0.03615679377136155	0.0025915231817113886	0.624140005805527	1.351341996376269	2.7155377277225203	0.8407143657836827	0.01894786340713807	79.13719583253952	0.03342825460113708
1.3759630740518143	0.01	0.007	0.007	0.007	0.01	0.039867962041578185	0.043902926586991	0.053908894880263174	0.03582011432057616	0.0026030097432360078	0.6444690918451428	1.3910088094016126	2.8020788056991335	0.870200369376421	0.019763398267092086	78.4387811185975	0.033370117544678876
1.4267697497054161	0.01	0.007	0.007	0.007	0.01	0.03950778795905114	0.043506258400655376	0.05335914858693843	0.03547741933975795	0.002611913892804675	0.6646652283612642	1.4302550453625633	2.8878465515806035	0.8993674148291476	0.020583819232517796	77.73855180598645	0.03331141030257189
1.47819875555944	0.01	0.007	0.007	0.007	0.01	0.03914650589677284	0.04310838937594937	0.052808323387288726	0.03512951262537177	0.0026183562984342973	0.6847382244896187	1.4690973642025795	2.972881031511816	0.9282238049383653	0.021408790287375325	77.0361114876197	0.03325208914322527
1.530289677741845	0.01	0.007	0.007	0.007	0.01	0.038783938113912626	0.04270911666825031	0.05225618052933037	0.034777042208371384	0.0026224501099422538	0.7046964317190512	1.5075491858392176	3.0572157000252362	0.9567761933773736	0.02223796512913608	76.33110043570085	0.03319211217854503
1.5830805442469915	0.01	0.007	0.007	0.007	0.01	0.03841992502481162	0.042308260007081655	0.05170250746378739	0.03442053299171161	0.002624301410518248	0.7245467050713552	1.5456206531090613	3.1408772836484977	0.9850294197210594	0.023070979092986187	75.62319857182855	0.03313143967506829
1.6366084810911286	0.01	0.007	0.007	0.007	0.01	0.038054321119179474	0.04190565627872706	0.05114711233614864	0.03406040734168373	0.002624009781377421	0.7442947156823776	1.583319267876973	3.2238871470351387	1.012986871738837	0.023907456500361576	74.91211591863677	0.0330700332941742
1.6909098222318304	0.01	0.007	0.007	0.007	0.01	0.03768699451871587	0.04150115844102413	0.050589823799982156	0.03369700481707031	0.0026216687787446033	0.763945039263011	1.6206500876909875	3.3062617039648305	1.040650542649726	0.024747009631153435	74.19759069723892	0.033007855965531435
1.746020579168459	0.01	0.007	0.007	0.007	0.01	0.037317823985898044	0.04109463184481671	0.050030486806104696	0.033330595858599356	0.0026173663752347524	0.7835013660932141	1.6576161486265142	3.3880133329175237	1.0680212730211815	0.025589243571389086	73.47938284150422	0.032944871351380786
1.8019766810118778	0.01	0.007	0.007	0.007	0.01	0.0369466975075177	0.04068595242710718	0.04946896068588099	0.03296139414298838	0.0026111853471626843	0.8029666122401933	1.694218692614658	3.4691508694468056	1.0950988609592267	0.026433757552331783	72.75727081466871	0.0328810435786882
1.8588143931440582	0.01	0.007	0.007	0.007	0.01	0.036573509725895945	0.040275003724230804	0.048905115424450675	0.0325895654436472	0.0026032035992946635	0.8223430812692992	1.730457483788147	3.549680302175501	1.1218822488258182	0.027280149014333944	72.03104633808819	0.03281633677165493
1.9165706028162919	0.01	0.007	0.007	0.007	0.01	0.03619816034616365	0.039861675017228385	0.048338829376080854	0.03221523553121454	0.002593494450054958	0.8416325650249121	1.7663310029750765	3.629605206308021	1.148369628203331	0.028128015516228764	71.30051111686537	0.03275071474130506
1.9752832636493094	0.01	0.007	0.007	0.007	0.01	0.03582055160992585	0.03944585848600262	0.04776998555139462	0.03183849555773013	0.0025821268490572235	0.8608364847221534	1.8018367106916828	3.708927336728889	1.1745586022624537	0.02897695879473279	70.56547181036568	0.03268414049955743
2.0349917747940136	0.01	0.007	0.007	0.007	0.01	0.035440586344151113	0.03902744702050335	0.04719846877333568	0.031459406703453326	0.002569165557275385	0.8799559939318412	1.8369712311024529	3.787647053879905	1.2004462950888755	0.02982658749326149	69.82573615991295	0.03261657585407964
2.0957374234822157	0.01	0.007	0.007	0.007	0.01	0.035058165759182525	0.038606331770681956	0.04662416246403203	0.031078003490276968	0.0025546712778070127	0.8989920868238065	1.871730537919577	3.8657637626948893	1.2260294667860014	0.03067652038259718	69.08110865084382	0.03254798093797545
2.1575639106953353	0.01	0.007	0.007	0.007	0.01	0.03467318691243764	0.03818239933783188	0.046046944950108255	0.03069429586429653	0.002538700731132775	0.9179457149343749	1.9061101467459876	3.9432763765236714	1.2513046366968927	0.03152639018108977	68.33138553598715	0.03247831365350267
2.220517910105424	0.01	0.007	0.007	0.007	0.01	0.03428554019063003	0.03775552899232202	0.04546668582678881	0.030308270554605943	0.0025213066883423194	0.9368178940862004	1.9401052789727302	4.0201837294026515	1.2762681883023193	0.03237584710963119	67.57634990066973	0.032407529087647616
2.2846497856371606	0.01	0.007	0.007	0.007	0.01	0.03389510607534829	0.037325589105924636	0.04488324128878674	0.02991989110599798	0.002502537932026406	0.9556098365926237	1.9737110593116314	4.096485078832843	1.3009165007987378	0.03322456371296921	66.81576533276451	0.03233557876018702
2.3500144029411154	0.01	0.007	0.007	0.007	0.01	0.03350175166469002	0.03689243331784351	0.04429644915078691	0.029529097168509114	0.0024824391604160857	0.9743230833963887	2.0069226981526795	4.1721805926209425	1.3252460708405882	0.03407223977711934	66.04936911441298	0.03226240978001246
2.4166721550700156	0.01	0.007	0.007	0.007	0.01	0.03310532629574481	0.036455895712042344	0.04370612259282539	0.02913580248833902	0.002461050801138687	0.9929596654824719	2.039735708084596	4.247271935946488	1.349253660113158	0.03491860862548591	65.276863655938	0.032187963778036795
2.484690253454346	0.01	0.007	0.007	0.007	0.01	0.032705656087758606	0.03601578480691737	0.04311204238582245	0.028739891509012946	0.0024384087151675953	1.0115222988980506	2.0721461565599633	4.321762970487948	1.3729364695132795	0.03576344495867637	64.49790581717853	0.03211217556475086
2.5541443584830215	0.01	0.007	0.007	0.007	0.01	0.032302537126093225	0.03557187604875811	0.04251394721026327	0.028341214385888977	0.0024145437648169	1.0300146212309222	2.104150961225764	4.39566059004376	1.3962923440306534	0.036606574551399165	63.71209356674315	0.03203497143623399
2.62512076762249	0.01	0.007	0.007	0.007	0.01	0.03189572623895102	0.035123901654707156	0.04191152055314862	0.027939579455683452	0.002389481169241581	1.0484415104082108	2.1357482884612113	4.468975845922597	1.4193200517153703	0.03744788761392346	62.91894793109742	0.031956266895526185
2.697719354675766	0.01	0.007	0.007	0.007	0.01	0.03148492859328087	0.0346715369532268	0.04130437310105422	0.027534742482589244	0.0023632395739631366	1.0668095092095016	2.1669380788125885	4.541725438851102	1.4420196528034153	0.038287356816772186	62.11788871744909	0.031875963588771615
2.772057666130278	0.01	0.007	0.007	0.007	0.01	0.031069780289772742	0.03421438121773155	0.04069201802912853	0.02712639098376872	0.002335829684521652	1.0851274204443375	2.197722785987942	4.613933811301626	1.464393020520402	0.03912506283761764	61.30820045031588	0.03179394502724685
2.8482768286547153	0.01	0.007	0.007	0.007	0.01	0.03064982304846898	0.03375192979057067	0.040073835038064984	0.02671412089873395	0.0023072522189017406	1.10340717508517	2.2281084634570942	4.685636206007702	1.486444608560823	0.03996123193952613	60.48898283205868	0.03171007040507278
2.926550422492024	0.01	0.007	0.007	0.007	0.01	0.03022446581646393	0.03328353180582631	0.03944901576140196	0.026297400708075666	0.002277494742750036	1.1216651561451396	2.2581064402940263	4.756883346173887	1.5081826366950186	0.04079629366045314	59.65907561728901	0.03162416529241318
3.007098544203777	0.01	0.007	0.007	0.007	0.01	0.029792923235710148	0.032808322430815336	0.03881647615745852	0.02587551342853249	0.002246526543067751	1.139924338106315	2.287736069544461	4.827749034910656	1.5296210379695923	0.04163097457199665	58.81693822190876	0.031536006849620275
3.0902114873208006	0.01	0.007	0.007	0.007	0.01	0.029354110897466788	0.032325107521736014	0.038174707184735014	0.025447457359441806	0.0022142898505417064	1.1582179596571724	2.317029513916165	4.8983432624179875	1.5507828530557988	0.042466459971761135	57.9604448074254	0.03144529887059349
3.176293170118114	0.01	0.007	0.007	0.007	0.01	0.028906451035992754	0.031832149656589606	0.03752149740190073	0.025011761335025095	0.002180683530569539	1.1765964028950255	2.3460408478895096	4.968836883651378	1.5717066930782322	0.043304697970500065	57.08650420621787	0.031351625904434355
3.265950404584133	0.01	0.007	0.007	0.007	0.01	0.02844746858955156	0.031326723324764674	0.03685335544598147	0.024566099740657533	0.00214552921167767	1.1951416357971947	2.374865453900732	5.039513693396437	1.592460525430297	0.04414904017558343	56.19026989812768	0.03125435872793843
3.3602147765903077	0.01	0.007	0.007	0.007	0.01	0.027972774115405913	0.03080399493447107	0.036164053317284596	0.02410632106104753	0.00210848635848468	1.214004016410939	2.403690306166929	5.110903934124581	1.6131774570878867	0.04500588035999225	55.26315111403449	0.031152418777160094
3.4612135323444777	0.01	0.007	0.007	0.007	0.01	0.02747297153940566	0.03025361771009251	0.0354401946010036	0.023623492015054138	0.0020687942662625603	1.2335146655302054	2.432948477730991	5.1841928114925695	1.6341657166706085	0.045889665791537644	54.286766349623484	0.031043565028007807
3.5747312570176337	0.01	0.007	0.007	0.007	0.01	0.02692189073652197	0.02964677392256756	0.03464435985725848	0.023092655599861945	0.002024288991594799	1.2546111865789829	2.463901238178369	5.262764878238327	1.6563227320378293	0.04684186712054269	53.20993251326141	0.030921672605965463
3.6804534091071774	0.01	0.007	0.007	0.007	0.01	0.026418620592049746	0.029092576699826136	0.03391969267946938	0.02260929365639522	0.0019830280360132253	1.2734959997156696	2.490961444275113	5.332467547972023	1.6756510603825725	0.04769071060814449	52.22626675813187	0.030808581346023347
3.775343322579712	0.01	0.007	0.007	0.007	0.01	0.025974948232144655	0.028604007723369577	0.033282541268316	0.02218431039890249	0.001946196205432335	1.2898421581724095	2.5138538161598616	5.392287470397669	1.6919693818808876	0.04842235798218594	51.35888195417556	0.030707429620753905
3.8668757938160607	0.01	0.007	0.007	0.007	0.01	0.02555405013811311	0.02814051786970282	0.032679583347522904	0.02178213905016216	0.0019109019031138487	1.3050871679571256	2.534730443639785	5.447623419553033	1.7068225360834757	0.04910182045524779	50.53584023863229	0.030610171594910845
3.9573885086677154	0.01	0.007	0.007	0.007	0.01	0.025144561979064325	0.027689592531046196	0.03209437412889757	0.021391811018906994	0.0018762668822708943	1.3196737893466473	2.5542499118861492	5.500135937837802	1.720683962837876	0.049749043768245876	49.7349386418185	0.030514300028556336
4.0470935151707295	0.01	0.007	0.007	0.007	0.01	0.02474521565297981	0.02724983516442856	0.03152500416123746	0.021012052819563785	0.0018422318285828004	1.3336660851520614	2.5725288802341715	5.550088112798259	1.7336398799331338	0.05036697999847211	48.953708089024445	0.030419580258096227
4.136000471995709	0.01	0.007	0.007	0.007	0.01	0.0243556930718428	0.026820895475782126	0.03097093169214727	0.020642503116913638	0.0018088107242011596	1.3470922578289692	2.5896327053229684	5.597610363776976	1.7457396824953992	0.050956990396974315	48.19153643055043	0.030325993261950027
4.224211823388641	0.01	0.007	0.007	0.007	0.01	0.023975290426347405	0.026401998442242804	0.03043107324140556	0.020282439192765626	0.0017759792475621253	1.3599923646510514	2.6056394648414094	5.642872449821335	1.757041450339775	0.05152095920508327	47.44705598593748	0.030233423043716005
4.311839539561529	0.01	0.007	0.007	0.007	0.01	0.023603299241551308	0.025992363903959398	0.0299043486273509	0.019931140500672104	0.0017437075028596694	1.372404710287154	2.620621600028609	5.686034406704946	1.7675989348042822	0.05206068524446807	46.71888877323859	0.030141745075059668
4.398981325324421	0.01	0.007	0.007	0.007	0.01	0.023239106313993233	0.02559131661217634	0.029389821815010164	0.019587982619792586	0.0017119694408952552	1.384362664765137	2.6346423106421337	5.72723576071741	1.7774590601056641	0.052577742164397014	46.00584220777083	0.030050851189092193
4.485720372228468	0.01	0.007	0.007	0.007	0.01	0.022882188389701866	0.02519828036913624	0.02888669169617166	0.019252431110800963	0.0016807431993022418	1.3958951595537192	2.6477567533710404	5.766597858723939	1.7866628228123356	0.05307350181311324	45.30689888624864	0.029960649581811983
4.572127315800142	0.01	0.007	0.007	0.007	0.01	0.02253209831173294	0.024812762774073387	0.028394271050599152	0.018924027486746115	0.0016500105396426885	1.4070274165075458	2.660013429121966	5.80422691112941	1.7952463140382862	0.05354916763696299	44.62118964211892	0.029871062535301387
4.658262896965019	0.01	0.007	0.007	0.007	0.01	0.022188449478286805	0.024434338108719575	0.027911963449039658	0.018602373810289577	0.0016197559951009776	1.4177816709113138	2.671455444541791	5.840216895970486	1.8032416427748932	0.054005807394088834	43.947963253713176	0.02978202345793509
4.744178511996775	0.01	0.007	0.007	0.007	0.01	0.02185090979512189	0.024062640677793623	0.027439253763345776	0.018287126365261027	0.0015899667417825377	1.428177545507998	2.6821212944821466	5.874651189195681	1.810677515372718	0.0544443705881661	43.286574718134	0.02969347615223122
4.829918215065202	0.01	0.007	0.007	0.007	0.01	0.021519190469840813	0.02369735246942385	0.02697569161664842	0.017977984619532726	0.0015606319370132984	1.4382325522446526	2.692045711937583	5.907604554179924	1.8175798558767733	0.054865711068883063	42.63646339860034	0.029605372606442765
4.915520209958635	0.01	0.007	0.007	0.007	0.01	0.021193037629581565	0.02333819392464401	0.02652087899199606	0.01767468296129196	0.0015317422393436207	1.4479624703058294	2.7012603114474434	5.939144644703509	1.823972276247407	0.055270604018924765	41.99713667909704	0.029517671348533194
5.001017681542569	0.01	0.007	0.007	0.007	0.01	0.020872227054481572	0.02298491813794693	0.026074462339244178	0.017376985435195284	0.001503289554083261	1.4573816036519183	2.7097940563694447	5.969333057762938	1.829876419534087	0.05565975761731349	41.368159707789175	0.029430336503056036
5.086439619501559	0.01	0.007	0.007	0.007	0.01	0.020556559331097717	0.02263730552029291	0.025636125371182022	0.01708468093818714	0.0014752667784850744	1.4665030071650382	2.7176736545206666	5.998226244006272	1.8353122498832577	0.056033823202304885	40.749145951006454	0.029343336872650488
5.171811460039388	0.01	0.007	0.007	0.007	0.01	0.020245856027511937	0.02229515958718507	0.02520558336959771	0.01679757942231087	0.0014476676075125738	1.4753386668918633	2.7249238758410943	6.025876236070015	1.840298285668064	0.05639340336108964	40.139749739513526	0.029256645220303246
5.257155652654609	0.01	0.007	0.007	0.007	0.01	0.01993995641742196	0.021958303351279518	0.024782578324663396	0.016515508653289903	0.0014204863646758703	1.4838996516626102	2.731567815469121	6.052331257646469	1.844851792554001	0.05673905869931825	39.5396598825917	0.029170237639905568
5.342492065267235	0.01	0.007	0.007	0.007	0.01	0.01963871501219577	0.0216265766047166	0.024366875251377245	0.016238311754079415	0.0013937178856355938	1.492196231431286	2.7376271048606866	6.077636204877506	1.8489889388371117	0.057071313134881424	38.94859485973059	0.02908409310069156
5.427838382906021	0.01	0.007	0.007	0.007	0.01	0.0193419992916458	0.021299833420278837	0.02395825882706634	0.01596584496256313	0.0013673574042849719	1.5002379817661826	2.74312209191451	6.1018330656630235	1.8527249278768787	0.05739065853305344	38.36629839643582	0.028998193005997364
5.513210383111618	0.01	0.007	0.007	0.007	0.01	0.019049688018355933	0.020977940295150637	0.023556530873028707	0.01569797595218504	0.0013414004782023262	1.5080338653418428	2.7480719869526222	6.124961252370621	1.8560741057880574	0.05769755833444156	37.79253618020298	0.028912520883144124
5.598622213714715	0.01	0.007	0.007	0.007	0.01	0.018761669661728562	0.020660774415499704	0.023161508018560997	0.01543458227423441	0.0013158429137313605	1.5155923048730984	2.7524949885999654	6.147057895288564	1.8590500542595145	0.057992450773191935	37.22709278792834	0.02882706207622494
5.6840866004495325	0.01	0.007	0.007	0.007	0.01	0.018477841165410094	0.020348222299182588	0.022773019863899416	0.015175550132839263	0.001290680713115673	1.5229212421045422	2.756408388254292	6.168158082874326	1.861665667819617	0.05827575148381117	36.669769283946515	0.028741803514017686
5.769615013292517	0.01	0.007	0.007	0.007	0.01	0.01819810693395743	0.020040178679876234	0.02239090746533128	0.01492077337480135	0.001265910034078992	1.5300281872197001	2.7598286587574434	6.188295064373799	1.8639332195604768	0.0585478556848542	36.120381245806854	0.02865673352281011
5.855217842997025	0.01	0.007	0.007	0.007	0.01	0.017922377855638605	0.019736545430998783	0.022015021888359257	0.01467015252482912	0.0012415271467765064	1.536920264023041	2.762771531801623	6.207500431804008	1.865864418509761	0.05880914015524311	35.57875685867186	0.028571841632265976
5.9409045145260535	0.01	0.007	0.007	0.007	0.01	0.01765057059212553	0.019437230783529633	0.02164522314142772	0.014423594074533768	0.001217528409400576	1.5436042455199925	2.765252062805554	6.225804267320188	1.8674704579453545	0.05905996480431481	35.044735531870124	0.02848711844686663
6.026683611297944	0.01	0.007	0.007	0.007	0.01	0.01738260688142812	0.019142148558409636	0.0212813791407028	0.01418100979214268	0.0011939102407810703	1.550086586860777	2.767284688097976	6.243235277075308	1.8687620579910658	0.05930067411069311	34.51816653982572	0.028402555508837714
6.112562959356436	0.01	0.007	0.007	0.007	0.01	0.01711841301073142	0.018851217586037416	0.020923364917455722	0.01394231619397751	0.0011706691043815378	1.5563734520888064	2.768883273899134	6.259820902597209	1.8697495022610349	0.05953159830042509	33.99890799535105	0.028318145202700745
6.198549711311615	0.01	0.007	0.007	0.007	0.01	0.016857919324010574	0.01856436116406205	0.020571061882044477	0.013707434053674668	0.0011478014922804529	1.5624707383852607	2.7700611595787854	6.2755874208074	1.8704426702671688	0.05975305440918639	33.48682589009991	0.028233880661616438
6.284650430222432	0.01	0.007	0.007	0.007	0.01	0.0166010597622421	0.018281506551069613	0.020224357140709828	0.01347628794662624	0.0011253039093870405	1.5683840980247301	2.7708311956858873	6.290560033678302	1.8708510659680906	0.05996534723834925	32.98179319798953	0.028149755675332046
6.370871127823766	0.01	0.007	0.007	0.007	0.01	0.01634777156760159	0.018002584640851017	0.019883143041235302	0.013248805947010186	0.001103172869709713	1.5741189552427037	2.771205777105033	6.30476294110213	1.8709838428045713	0.060168770108369	32.48368930009301	0.028065764644068153
6.45721733698774	0.01	0.007	0.007	0.007	0.01	0.016097994906632968	0.017727529547441105	0.01954731661520162	0.013024919255882722	0.001081404883542542	1.5796805239111857	2.7711968729704326	6.318219412676016	1.8708498262632556	0.0603636056261447	31.9923992494621	0.027981902499927644
6.543694155719801	0.01	0.007	0.007	0.007	0.01	0.015851672599386597	0.017456278306849277	0.019216779168899672	0.012804561928384459	0.0010599964521632453	1.5850738217930629	2.7708160529774926	6.3309518478894375	1.8704575338313711	0.060550126315124804	31.50781324358811	0.027898164657137264
6.630306296974263	0.01	0.007	0.007	0.007	0.01	0.015608749849297342	0.017188770579605214	0.018891435880061896	0.012587670604827662	0.0010389440610760043	1.5903036839369051	2.7700745108725138	6.342981831609263	1.8698151928529436	0.060728595202521884	31.029826097703896	0.027814546957484712
6.717058092613266	0.01	0.007	0.007	0.007	0.01	0.015369174116399268	0.01692494851114581	0.0185711955907386	0.012374184372545923	0.001018244184287381	1.5953747722547431	2.7689830859349436	6.3543301784194615	1.8689307569431082	0.0608992662647944	30.558336999592512	0.027731045660727704
6.803953572149113	0.01	0.007	0.007	0.007	0.01	0.015132894794043592	0.01666475637582047	0.018255970340717995	0.01216404445477725	0.0009978932704249447	1.6002915886825675	2.7675522816869127	6.365016983098643	1.8678119202645889	0.061062384985313155	30.093248877286914	0.02764765736344433
6.89099644383608	0.01	0.007	0.007	0.007	0.01	0.014899863168775777	0.016408140532710027	0.017945675283042698	0.011957194154272177	0.0009778877521949406	1.6050584817304865	2.7657922837857702	6.375061654240246	1.866466131288235	0.06121818867927432	29.634468323570225	0.027564379012560973
6.978190144888252	0.01	0.007	0.007	0.007	0.01	0.014670032198038254	0.016155049180835684	0.017640228358651353	0.011753578636323104	0.0009582240392022343	1.6096796564201357	2.76371297553975	6.384482953906697	1.8649006047196077	0.061366906925768676	29.181905161623547	0.027481207852737364
7.065537863056892	0.01	0.007	0.007	0.007	0.01	0.014443356377146383	0.01590543221267496	0.017339550093083227	0.011553144793167344	0.0009388985176128188	1.6141591818624874	2.761323952228875	6.39329903042393	1.8631223325643713	0.06150876191296458	28.735472186016594	0.02739814140183588
7.1530425350924505	0.01	0.007	0.007	0.007	0.01	0.014219791672831297	0.015659241140981123	0.017043563483578175	0.011355841168647574	0.0009199075546967808	1.61850099714834	2.7586345348978347	6.4015274465207215	1.861138094790951	0.0616439687238488	28.295085034538882	0.027315177448663366
7.2407069032816205	0.01	0.007	0.007	0.007	0.01	0.013999295314021916	0.015416428868394082	0.016752193699019143	0.01116161775811298	0.0009012474905843912	1.6227089196822453	2.7556537813477093	6.409185210893545	1.858954467908726	0.061772735692672213	27.86066177858506	0.027232313995890777
7.32853350834669	0.01	0.007	0.007	0.007	0.01	0.013781825754612136	0.015176949646441057	0.016465368009927657	0.010970425961675698	0.0008829146440139424	1.6267866497882801	2.7523904978136913	6.41628880122579	1.8565778340548846	0.06189526463768712	27.43212285201892	0.027149549263839536
7.416524670553147	0.01	0.007	0.007	0.007	0.01	0.013567342665053286	0.014940759066280061	0.01618301575718461	0.010782218563276377	0.0008649053198397833	1.6307377746155465	2.7488532506669996	6.422854185435522	1.8540143900567867	0.06201175107163868	27.009391036769372	0.027066881705218714
7.50468257003503	0.01	0.007	0.007	0.007	0.01	0.013355806685396652	0.014707813786751567	0.015905068007981277	0.010596949501266073	0.0008472157960478628	1.6345657762095376	2.7450503734462286	6.428896848958228	1.851270153081487	0.0621223845312113	26.592390978108103	0.02698430992676026
7.593009193054994	0.01	0.007	0.007	0.007	0.01	0.013147179512490094	0.01447807163040062	0.015631457653495204	0.010414573933431311	0.0008298423383026434	1.6382740331306083	2.7409899783215024	6.434431810085248	1.8483509694867446	0.06222734870984931	26.18104935828476	0.026901832737239003
7.681506383417451	0.01	0.007	0.007	0.007	0.01	0.012941423734122196	0.014251491400837634	0.015362119174550121	0.010235048080707115	0.0008127811929213989	1.6418658265382264	2.736679962737767	6.439473641947919	1.845262520155851	0.06232682171882235	25.77529457127824	0.026819449096840756
7.770175835519729	0.01	0.007	0.007	0.007	0.01	0.012738502808570668	0.014028032860218134	0.015096988599731014	0.01005832919917505	0.0007960285915945694	1.6453443434145547	2.732128017849739	6.444036489023902	1.84201032711025	0.06242097626073352	25.375056684003813	0.026737158121500643
7.859019087316178	0.01	0.007	0.007	0.007	0.01	0.0125383810441386	0.013807656706709215	0.014836003463975268	0.00988437555237678	0.0007795807556873121	1.6487126796813567	2.7273416366812175	6.448134083083697	1.838599759891949	0.0625099797988544	24.980267397449982	0.02665495908721028
7.948037560452986	0.01	0.007	0.007	0.007	0.01	0.01234102347475146	0.013590324437497695	0.014579102632478382	0.00971314629385646	0.0007634338916988545	1.651973844914816	2.7223281192978592	6.45177976041087	1.8350360397928331	0.06259399476552949	24.59085980266659	0.026572851390770622
8.037232541600197	0.01	0.007	0.007	0.007	0.01	0.012146395872527506	0.013375998362633717	0.014326226304387386	0.009544601469538805	0.0007475841976687871	1.655130764570276	2.7170945805754396	6.454986475134349	1.8313242459165033	0.0626731787002584	24.206768406818785	0.02649083456522386
8.12660518731098	0.01	0.007	0.007	0.007	0.01	0.011954464707372778	0.013164641560537474	0.014077315947839156	0.009378701974345918	0.0007320278649300253	1.658186283009282	2.711647956462071	6.457766813170263	1.8274693201395829	0.0627476844076502	23.827929054693065	0.026408908273439252
8.216156552692334	0.01	0.007	0.007	0.007	0.01	0.011765197058729754	0.012956217780817542	0.01383231417386612	0.00921540946807082	0.0007167610757706655	1.6611431671404249	2.7059950083446913	6.460133005989786	1.8234760707124302	0.06281766012646492	23.454278755647717	0.026327072280061842
8.305887566767614	0.01	0.007	0.007	0.007	0.01	0.011578560644078997	0.012750691475657631	0.013591164762438402	0.009054686392651761	0.0007017800102831656	1.6640041080811165	2.7001423303088417	6.462096941998028	1.8193491778879358	0.06288324964740033	23.08575574092713	0.026245326472443393
8.395799043387058	0.01	0.007	0.007	0.007	0.01	0.011394523771204455	0.012548027747252095	0.013353812590012474	0.008896495923800363	0.0006870808468130091	1.6667717239579751	2.694096354029651	6.463670178614272	1.8150931978500449	0.06294459245721055	22.722299370462913	0.026163670848926093
8.48589171018262	0.01	0.007	0.007	0.007	0.01	0.011213055257473454	0.01234819225891722	0.013120203515481352	0.00874080189490791	0.0006726597596319429	1.6694485630606277	2.6878633520191806	6.464863953768546	1.8107125654710412	0.06300182388622128	22.363849974409998	0.026082105491006223
8.576166165926768	0.01	0.007	0.007	0.007	0.01	0.011034124496281918	0.0121511513082618	0.012890284456334028	0.008587568847723236	0.0006585129280936735	1.6720371047071292	2.6814494454789717	6.465689195720842	1.8062116002899409	0.06305507520326911	22.010348985278483	0.02600063060050987
8.666622927503239	0.01	0.007	0.007	0.007	0.01	0.010857701342703937	0.011956871701264575	0.012664003232328034	0.00843676192808457	0.0006446365312831577	1.6745397627216612	2.6748606058095583	6.466156533784419	1.8015945080111093	0.06310447376530294	21.661738712925164	0.02591924645555323
8.757262411191236	0.01	0.007	0.007	0.007	0.01	0.010683756133829351	0.011765320774670686	0.012441308583180332	0.008288346897632103	0.0006310267531604672	1.67695888682713	2.6681026603743594	6.466276307570406	1.7968653849784224	0.0631501431193237	21.317962385512622	0.02583795342612362
8.848084937871615	0.01	0.007	0.007	0.007	0.01	0.010512259661421186	0.011576466365882483	0.012222150125215513	0.008142290104838206	0.0006176797837693133	1.6792967646798456	2.661181296438592	6.466058576202213	1.7920282213489829	0.06319220311639015	20.978964096253428	0.025756751967994113
8.939090726211576	0.01	0.007	0.007	0.007	0.01	0.01034318316833837	0.011390276809021013	0.012006478338801528	0.007998558476557296	0.0006045918221355051	1.681555623510553	2.654102065828551	6.465513127153702	1.7870869047539102	0.06323077001621186	20.64468879708488	0.025675642627428042
9.030279909991554	0.01	0.007	0.007	0.007	0.01	0.010176498300588045	0.011206720882126136	0.01179424449950505	0.00785711947206973	0.0005917590755959397	1.6837376323015876	2.646870387556752	6.464649484624266	1.7820452225224286	0.0632659565990096	20.315082204588442	0.02559462602435812
9.121652537422266	0.01	0.007	0.007	0.007	0.01	0.010012177095195312	0.011025767793799143	0.011585400655504266	0.007717941067955609	0.000579177761784372	1.685844903401013	2.639491551605082	6.463476917501286	1.7769068647023933	0.0632978722645164	19.99009077665148	0.025513702851787088
9.213208564385477	0.01	0.007	0.007	0.007	0.01	0.009850191979134806	0.010847387182026708	0.011379899619294068	0.007580991752494644	0.0005668441113169915	1.687879493950683	2.631970723078752	6.462004447157274	1.771675427322916	0.06332662312660171	19.669661710986297	0.025432873880536933
9.304947859789936	0.01	0.007	0.007	0.007	0.01	0.009690515746698753	0.010671549089259004	0.011177694932225748	0.007446240501963509	0.0005547543687028158	1.6898434075466484	2.624312945261339	6.460240854846398	1.7663544148765404	0.06335231210979274	19.353742900979835	0.02535213995324408
9.396870204889183	0.01	0.007	0.007	0.007	0.01	0.009533121548556525	0.010498223950362514	0.01097874084422203	0.00731365676704804	0.0005429047940299793	1.6917385956976114	2.616523143012877	6.4581946888756	1.7609472430271091	0.063375039040674	19.042282914632	0.025271501983737562
9.488975298713308	0.01	0.007	0.007	0.007	0.01	0.00937798287097391	0.010327382569736506	0.010782992281332468	0.0071832104511538875	0.0005312916638048608	1.6935669593550713	2.6086061255217174	6.455874271372134	1.7554572408558213	0.06339490073812559	18.735230953993103	0.025190960951072525
9.58126276356379	0.01	0.007	0.007	0.007	0.01	0.009225073516295345	0.010158996099820367	0.010590404815254176	0.007054871890028777	0.0005199112717984429	1.6953303503722938	2.600566588896943	6.453287704715913	1.7498876529855967	0.06341199110014954	18.432536817056874	0.02511051789360436
9.673732144435682	0.01	0.007	0.007	0.007	0.01	0.009074367594560071	0.00999303603186162	0.010400934647191646	0.006928611840942065	0.000508759930627578	1.6970305727857826	2.5924091191566703	6.450442877853853	1.744241641968508	0.06342640118660145	18.134150881657927	0.02503017390842703
9.76638287770319	0.01	0.007	0.007	0.007	0.01	0.00892583956428085	0.009829474240822285	0.010214538653556446	0.00680440151307441	0.0004978339768185823	1.6986693835250741	2.5841381978808013	6.447347473482724	1.7385222925024546	0.06343821929638799	17.840024186715787	0.02494993017738399
9.859214364230654	0.01	0.007	0.007	0.007	0.01	0.008779464105398014	0.009668282845475194	0.010031174221153996	0.006682212457627094	0.00048712976348836356	1.7002484949501628	2.57575819847524	6.444008971618478	1.7327326091422888	0.0634475310566859	17.550108181136682	0.024869787902555198
9.952225895079886	0.01	0.007	0.007	0.007	0.01	0.008635216230780675	0.009509434331190192	0.009850799382189855	0.006562016657727396	0.00047664367040286886	1.7017695746947028	2.5672733954298974	6.440434657713096	1.7268755229888428	0.06345441948934201	17.264354945046232	0.02478974836960861
10.0	0.01	0.007	0.007	0.007	0.01	0.008562050612050277	0.009428862835799069	0.009759433654589086	0.006501133993054412	0.00047134112214106583	1.7025277333895306	2.562882341054642	6.43851225969094	1.7238462745247998	0.06345703887364693	17.119395124407525	0.02474873734152914
