0.0	0.01	0.007	0.007	0.007	0.01	0.0	0.0	0.0	0.0	0.0	0.0	0.0	0.0	0.0	0.0	100.0	0.035
0.0062348348392636315	0.01	0.007	0.007	0.007	0.01	0.002893610889297985	0.00633179742582796	0.003759588608399815	0.0012167110547132234	0.0003600410466807089	0.00011657421372968522	0.0004973180984356697	0.0004891855525742886	8.478913291885789e-5	9.351427872873297e-6	99.89063953595281	0.034992437915215405
0.010718455581424015	0.01	0.007	0.007	0.007	0.01	0.004872973261320852	0.01043344319614991	0.006337906388510904	0.0020697067383353704	0.000576236462620206	0.000339623907882334	0.0014277500987346268	0.0014261169132256148	0.00024867172613123886	2.633560083439554e-5	99.81206971188415	0.03498700084685317
0.017178320005997588	0.01	0.007	0.007	0.007	0.01	0.0075830736997653655	0.015747810945064368	0.009877253844795349	0.0032671882728849896	0.0008357797698355747	0.0008546867553003306	0.0035197666369388477	0.0035922634796467477	0.0006317505947859449	6.323415771430415e-5	99.69897734810634	0.03497916876946795
0.02349383020476304	0.01	0.007	0.007	0.007	0.01	0.010079153661966794	0.020335148160653783	0.013147002860322308	0.0044028995216684	0.0010405181968224347	0.0015672729971311467	0.006329577393415771	0.006593148209471283	0.0011690713607447006	0.00011098258154020652	99.58853606047839	0.03497151340516018
0.030844995800763254	0.01	0.007	0.007	0.007	0.01	0.012804821317307931	0.025008938895326054	0.01672907743567416	0.005682565605580559	0.0012299914409350295	0.002640499354278334	0.010432233428640901	0.011119223377853102	0.001990279297405882	0.0001781268793863751	99.46013801539702	0.03496260477814227
0.03851913633161018	0.01	0.007	0.007	0.007	0.01	0.01545692463334637	0.02922148205360482	0.020226896706842707	0.006971466021376531	0.0013835098241396563	0.004021860517296592	0.01554270272513095	0.016953655111217252	0.003064082754214121	0.00025862727174307145	99.32627538427745	0.03495330716992878
0.04687100165555201	0.01	0.007	0.007	0.007	0.01	0.01813425007230117	0.03313986373422025	0.02377138044903056	0.00832154773181284	0.0015108973985649922	0.005805844181053818	0.021924927269358786	0.024500557629819494	0.004474011684288462	0.00035546748319875395	99.18079569557135	0.03494319127362023
0.055668855249308494	0.01	0.007	0.007	0.007	0.01	0.020736095046503773	0.036626889209705096	0.027229910144457966	0.00968656972708917	0.0016110869874602497	0.007976662133505941	0.029429346330440965	0.03369897335083147	0.0062196736734134025	0.0004652759904566975	99.02777785913237	0.03493253835639144
0.06501689822472682	0.01	0.007	0.007	0.007	0.01	0.023274085616112085	0.03972420545929418	0.030618019194093276	0.011075229508647267	0.001689028857038112	0.010583590089744774	0.03813577081070403	0.04476385288965376	0.008353991354778026	0.0005883626223738816	98.86544945808743	0.034921222798753586
0.07484515168432315	0.01	0.007	0.007	0.007	0.01	0.02571126744750789	0.042416118430308895	0.03388626928793055	0.01246948968082223	0.0017477275629032602	0.013628582713727922	0.047960253545677844	0.057710133225386144	0.010893522790251142	0.0007228547544029529	98.69506915967928	0.03490932991174047
0.08519057467180223	0.01	0.007	0.007	0.007	0.01	0.028042687859693525	0.04473226497480212	0.037027549535318435	0.013867509146265325	0.0017909505036718145	0.017139016391776903	0.05890557732359828	0.07266106076934539	0.013877297959569634	0.0008683197154551232	98.51604053045821	0.034896815588302064
0.09604199054013529	0.01	0.007	0.007	0.007	0.01	0.030253476145829218	0.04669422289107641	0.04002114727150791	0.015260714759045018	0.0018217851212501655	0.02112422971481782	0.07091950946213672	0.08966350778914112	0.017330908879311	0.0010237606256674322	98.32860459498748	0.03488369401203696
0.10742478859212548	0.01	0.007	0.007	0.007	0.01	0.03233870255460324	0.04833478383008764	0.042859475476962575	0.016645492907423214	0.0018430298362656808	0.02560324815627968	0.08398417688767565	0.10880584331603892	0.021289788210415345	0.0011888015526188536	98.13237334751727	0.03486993518841552
0.11935410791842611	0.01	0.007	0.007	0.007	0.01	0.03429249665958115	0.0496855580549439	0.04553345959246114	0.01801678394144658	0.001856989292253989	0.03058931717004572	0.09806885083790698	0.1301519549811546	0.025785999094025923	0.0013630330788020316	97.92714072059512	0.034855521587418274
0.13186033253090954	0.01	0.007	0.007	0.007	0.01	0.036112617483802026	0.05077970520981196	0.048038783675510066	0.019371154386545148	0.0018655746802489035	0.036100028843944885	0.11316028151734435	0.153784425961055	0.03085714566787077	0.001546372801710075	97.71244382803908	0.034840417337586804
0.1449750148783483	0.01	0.007	0.007	0.007	0.01	0.03779752700492985	0.05164879267952992	0.050371946002481155	0.020704963600938042	0.0018703363448658284	0.04215217625523858	0.12924771114296504	0.17978248349956086	0.036541898684392594	0.0017388517317842832	97.48780701329376	0.03482458526049871
0.15873869124569062	0.01	0.007	0.007	0.007	0.01	0.03934729402242084	0.05232283451892633	0.05253153241058228	0.02201511107664575	0.0018725419468694927	0.04876541977566026	0.1463328531732135	0.20823765568364513	0.042883457062891074	0.0019407184177270954	97.25260918265498	0.034807977453365425
0.17319672038109743	0.01	0.007	0.007	0.007	0.01	0.0407627322101442	0.05282943349626676	0.05451705716395869	0.02329846609898524	0.0018732440830095134	0.05596067940465598	0.1644251606322886	0.23924681835997186	0.049928205980308484	0.002152370244033504	97.00615711528232	0.03479054034177064
0.1884017602775536	0.01	0.007	0.007	0.007	0.01	0.04204549781162941	0.05319365037442467	0.05632912163275737	0.024552000122851768	0.0018733452689954355	0.06376142985434602	0.18354484690047623	0.27291769212568967	0.0577270913501482	0.0023743860239758535	96.74764522864989	0.034772211721272685
0.20441245833237295	0.01	0.007	0.007	0.007	0.01	0.04319779851731926	0.05343782357929771	0.057969027355581626	0.025772566052235303	0.001873650758111833	0.07219310209501088	0.20372098346112516	0.3093661742552731	0.06633517187121733	0.0026075081169301168	96.47618035949239	0.03475292237270821
0.22129395482228226	0.01	0.007	0.007	0.007	0.01	0.04422235765793514	0.05358159043488916	0.05943874206945477	0.026956868465062397	0.0018749074765254405	0.08128326602901159	0.22499166129537557	0.34871700215931156	0.07581187828785203	0.0028526565302808096	96.19077584515169	0.03473259549385895
0.2391167773816822	0.01	0.007	0.007	0.007	0.01	0.045122313017972655	0.053641958994911455	0.060740771281180904	0.028101338890714873	0.0018778270278342055	0.09106088127842082	0.24740199414222003	0.39110035021984674	0.08622024059154822	0.0031109247483340607	95.89037313190718	0.034711148073492376
0.25795565373888835	0.01	0.007	0.007	0.007	0.01	0.04590120379326448	0.053633454272074374	0.0618781542208708	0.029202068671084	0.0018830921622867427	0.1015553834393363	0.2710019397977551	0.43664765532424765	0.09762576627982786	0.003383578719554528	95.57386472917227	0.034688492363832084
0.277886930524565	0.01	0.007	0.007	0.007	0.01	0.046562975894405036	0.05356830632734301	0.06285448782424795	0.03025473424198181	0.0018913469002698549	0.11279491138985037	0.2958423699086798	0.4854836536803033	0.11009414699966143	0.0036720381165541915	95.24014037487206	0.03466453902701392
0.2989850941537124	0.01	0.007	0.007	0.007	0.01	0.04711204813375284	0.053456672782566245	0.06367404364085223	0.03125458448590952	0.0019031718020094076	0.12480396655596443	0.32197012011396264	0.5377158827218997	0.12368797557752631	0.003977844049606487	94.88814749865597	0.03463920135085896
0.3213184574849775	0.01	0.007	0.007	0.007	0.01	0.04755342101703415	0.05330687942511786	0.06434195638067383	0.03219651187308353	0.0019190477230167805	0.13760061043389535	0.34942221670742296	0.5934221260516033	0.1384625039387055	0.004302609727385927	94.5169643528952	0.03461240044936511
0.3449461391077633	0.01	0.007	0.007	0.007	0.01	0.04789282130472261	0.05312565311867745	0.06486448029443179	0.03307528855801944	0.0019393153287857005	0.15119451738664305	0.37822198244980215	0.6526415764866095	0.15446195510388938	0.004647979740503617	94.12585001982652	0.03458406888917301
0.3699184238376783	0.01	0.007	0.007	0.007	0.01	0.04813680126267807	0.05291831920169137	0.0652491972315527	0.033885958223296736	0.0019641413960348247	0.1655871929305881	0.40837948806134283	0.7153755022780359	0.1717181629288872	0.005015624693951196	93.71423724887715	0.03455415024494759
0.3962826564045463	0.01	0.007	0.007	0.007	0.01	0.04829270011600214	0.05268894389983951	0.0655050344968358	0.0346243093641219	0.0019935043326979145	0.18077561661671881	0.4398986463176903	0.7816029793055226	0.1902534975923625	0.00540730366772705	93.28163442039768	0.034522592030633466
0.42409403024984604	0.01	0.007	0.007	0.007	0.01	0.04836839923299955	0.05244043170379095	0.06564197467688382	0.03528725218752692	0.0020272053483221864	0.19675880548163296	0.4727896730756952	0.8513095157347828	0.21008800988886736	0.005824992515241542	92.82745010713684	0.034489332813705455
0.4534286819499932	0.01	0.007	0.007	0.007	0.01	0.048371903755333026	0.05217460524540508	0.06567048583428296	0.03587295531108952	0.0020649014798005795	0.21354553896392203	0.5070833527547075	0.9245208339302048	0.23124895231484366	0.00627105060723559	92.35078551193672	0.034454286653004755
0.4843972606275406	0.01	0.007	0.007	0.007	0.01	0.04831085900357149	0.05189228046223145	0.06560082135237788	0.03638072730958338	0.0021061500806251105	0.23116190865397915	0.5428446437881121	1.00133585218311	0.2537809847577471	0.006748408441185185	91.85022660517707	0.0344173270786785
0.5171592870406018	0.01	0.007	0.007	0.007	0.01	0.04819210053249279	0.05159332363584978	0.0654423373610658	0.036810719068959843	0.0021504543237523136	0.24965863898380522	0.5801857657617137	1.081958485390803	0.27775676312684927	0.0072607871820333245	91.32363245352339	0.03437827026363439
0.5519389330752885	0.01	0.007	0.007	0.007	0.01	0.04802128620916327	0.05127667514673415	0.06520290785437828	0.03716351670113153	0.0021973007390342176	0.2691183327089965	0.619279178733718	1.1667287911712572	0.30328783097008727	0.007812962561437946	90.76791176509009	0.03433685666902754
0.5890343998809927	0.01	0.007	0.007	0.007	0.01	0.047802673940097455	0.050940407592689016	0.06488854097582049	0.03743962534359184	0.0022461711349421386	0.28965812288061665	0.6603614065860894	1.256133657588394	0.33052949948583876	0.008410944596688062	90.17891453329119	0.034292740509319394
0.6287581416341389	0.01	0.007	0.007	0.007	0.01	0.04753950874079334	0.05058238213926481	0.06450389604875538	0.03763877265137835	0.0022964499759365706	0.31139374589870983	0.7036602602309293	1.3506493284713763	0.3596333258250527	0.009061018395998325	89.55242304625064	0.03424556149189529
0.6710413474533682	0.01	0.007	0.007	0.007	0.01	0.047237152254390846	0.05020385515636097	0.06405692469978068	0.03775954534805346	0.002346960275204082	0.33422564990915554	0.748971121316246	1.4498122562243057	0.39045544043601305	0.009763060951994902	88.89034704276108	0.03419541396847627
0.7147917636242703	0.01	0.007	0.007	0.007	0.01	0.0469087053289952	0.04981508239876012	0.06356742318285884	0.037803114481409585	0.0023954686252154415	0.3575138853002932	0.7950224543268681	1.55081635550382	0.422102932664947	0.01049914418778297	88.21044938361469	0.03414360364467744
0.7591233404268032	0.01	0.007	0.007	0.007	0.01	0.04656594152633756	0.049424178253188074	0.06305362513749628	0.03777844098433557	0.0024404394158964162	0.38076060850728904	0.8408359439043906	1.6514861835939734	0.45385436348565567	0.011253594867945497	87.52682451958961	0.034091185165720225
0.8038865330485694	0.01	0.007	0.007	0.007	0.01	0.04621401590838246	0.049032568011707384	0.06252394921148442	0.03769656224687337	0.0024814641842049374	0.4038755517630872	0.8862414896743762	1.7514219462419995	0.4855401040491947	0.012022623846694893	86.84191936277868	0.034038337989599515
0.8489722137402684	0.01	0.007	0.007	0.007	0.01	0.04585659949920027	0.048641271568626736	0.06198450476587818	0.03756740287512991	0.00251835246403455	0.4267953674478048	0.9311206005829559	1.8503441796894857	0.5170323896284071	0.01280298187318085	86.1574973318298	0.03398519289513968
0.8943935585805992	0.01	0.007	0.007	0.007	0.01	0.045495525857251154	0.048250222962684164	0.06143853256478402	0.037399217876562654	0.002551134340008182	0.44952216947836754	0.9754816072510145	1.9482584793927442	0.5482991656575659	0.01359348913806524	85.47343413563591	0.033931736039650995
0.9401535764710222	0.01	0.007	0.007	0.007	0.01	0.04513209572879763	0.04785944317452185	0.06088837301617068	0.0371989015195553	0.0025798973573109914	0.4720535733950038	1.019322462676437	2.0451521162361908	0.5793077867594748	0.014392809505857229	84.78976242326617	0.03387796562346922
0.9862924327227331	0.01	0.007	0.007	0.007	0.01	0.04476689957491343	0.047468638974133025	0.060335211495916405	0.03697200387030188	0.0026047938786334787	0.49440558872410145	1.0626757272303347	2.1410921141223844	0.6100557035083327	0.01520029294237814	84.10596714572051	0.03382383632112575
1.0328469651900034	0.01	0.007	0.007	0.007	0.01	0.04440027771580609	0.04707755520733449	0.05977978934443441	0.036723070379148494	0.0026259933918173495	0.5165918536269448	1.1055682583096786	2.236135405905098	0.6405410844059507	0.016015277628203234	83.42160053393194	0.0337693070128854
1.079866066290895	0.01	0.007	0.007	0.007	0.01	0.04403229363654825	0.04668584632085718	0.059222377596253144	0.036455745410435704	0.0026436791021856925	0.5386308188977763	1.1480353239624075	2.3303594353768182	0.6707719473993938	0.01683735740378842	82.73605675382734	0.033714322785102585
1.1273968944976247	0.01	0.007	0.007	0.007	0.01	0.04366290725342603	0.046293194137429786	0.05866305145923636	0.03617299225526824	0.0026580329991615363	0.560538918183126	1.1901074891237915	2.423832696651533	0.7007561258410585	0.017666135329860867	82.04877774387299	0.033658831135969056
1.1754897347064024	0.01	0.007	0.007	0.007	0.01	0.04329197989404273	0.04589926770579903	0.058101707646623056	0.0358771936944363	0.0026692332769166992	0.5823327898981803	1.2318150032013486	2.5166241568303107	0.7305037853353334	0.018501301769428453	81.35918285441728	0.033602776306321476
1.2241933463974901	0.01	0.007	0.007	0.007	0.01	0.042919339407918033	0.04550376209923882	0.057538170686864315	0.0355702833222944	0.0026774500942397896	0.6040270888931076	1.2731836666126557	2.6087938654705196	0.7600239916466675	0.01934254592938952	80.6667367189349	0.03354610472712124
1.2735566352084982	0.01	0.007	0.007	0.007	0.01	0.0425447863729496	0.045106384578967165	0.05697220825778719	0.035253820856455835	0.0026828447593854284	0.6256352680327795	1.3142363947512916	2.7003962774028354	0.7893254318170487	0.020189578038041462	79.97092502842364	0.03348876307419378
1.323627220921305	0.01	0.007	0.007	0.007	0.01	0.042168117844614064	0.044706866129813005	0.0564035716292138	0.03492907027399587	0.0026855689561580986	0.6471689659618334	1.3549921011275088	2.7914776571514848	0.8184153019395962	0.021042098233643655	79.27127473252271	0.033430699939351084
1.3744521765577489	0.01	0.007	0.007	0.007	0.01	0.04178913018841761	0.044304955304361016	0.05583200333649644	0.034597051369268154	0.0026857648705457516	0.6686383736291579	1.3954664393700962	2.8820776548399447	0.8472995836540035	0.021899803669620063	78.56734327220582	0.0333718649738177
1.4260777603500407	0.01	0.007	0.007	0.007	0.01	0.04140762676641203	0.04390042024605013	0.05525725131976995	0.034258587204961506	0.002683565456947102	0.690052155537331	1.4356716893731016	2.9722289971096414	0.8759827597742934	0.022762378919232367	77.8587221338694	0.033312209203833223
1.4785499271532487	0.01	0.007	0.007	0.007	0.01	0.041023417927271155	0.043493044578843794	0.05467907078413775	0.03391433812557995	0.0026790948873409784	0.7114176994956194	1.4756172570993382	3.0619585676489787	0.9044680073882072	0.02362950013040869	77.14502966107118	0.033251684445151516
1.5319144579541448	0.01	0.007	0.007	0.007	0.01	0.04063632268126126	0.04308262644612753	0.05409722810957371	0.03356483155045506	0.002672469044386888	0.7327411932703971	1.515309839653152	3.1512877536538224	0.9327571833848421	0.024500833048776878	76.42590937931756	0.03319024316370963
1.5862174565493412	0.01	0.007	0.007	0.007	0.01	0.04024616694587645	0.042668974826840594	0.053511499233692056	0.03321048401479899	0.0026637959963461866	0.7540278391154639	1.5547538409029342	3.2402333671276193	0.9608510135082774	0.025376037314871532	75.70102354802327	0.0331278379169537
1.6415056706507543	0.01	0.007	0.007	0.007	0.01	0.03985278266795366	0.04225190739328097	0.05292166909377015	0.03285162009199872	0.00265317645468196	0.7752819800705331	1.593951613584896	3.3288081883118883	0.9887491773733476	0.026254767832076604	74.97004940944906	0.033064421003475904
1.697827018471211	0.01	0.007	0.007	0.007	0.01	0.03945600526010515	0.04183124699136589	0.05232752835322122	0.03248848656401485	0.002640704159688357	0.7965072895801139	1.6329038103200684	3.4170217657296846	1.0164504867847992	0.027136679285615282	74.23267301957075	0.03299994388276705
1.75523105948448	0.01	0.007	0.007	0.007	0.01	0.03905567139817832	0.041406818777182795	0.05172887054870535	0.032121264238093424	0.0026264662213210557	0.8177069181537735	1.6716096453667766	3.504881026727292	1.0439530129925492	0.02802142937845472	73.48858422412412	0.03293435666687463
1.8137696172861648	0.01	0.007	0.007	0.007	0.01	0.038651615816328345	0.04097844647281645	0.051125487660673104	0.03175007662075408	0.00261054337502997	0.8388836746177923	1.7100672094268734	3.5923910206652776	1.0712542616825387	0.028908683900781627	72.73747008547447	0.032867607446676744
1.8734974127188109	0.01	0.007	0.007	0.007	0.01	0.038243668204474876	0.040545948851361126	0.050517165801117044	0.0313749968299205	0.0025930101817807677	0.8600401843981162	1.7482737303010714	3.6795555536411695	1.0983513174117283	0.029798121172436517	71.97900870494529	0.032799641616979174
1.9344728823375186	0.01	0.007	0.007	0.007	0.01	0.037831649084393654	0.04010913521867202	0.04990367937110612	0.030996052023202856	0.0025739351294123197	0.8811790845397773	1.7862258863866292	3.76637795996402	1.1252410318310897	0.030689438281040614	71.21286127880259	0.03273040100266699
1.996759097456484	0.01	0.007	0.007	0.007	0.01	0.03741536535960748	0.03966780060148237	0.049284784757674414	0.030613226237854736	0.0025533806569295286	0.9023032174856792	1.8239201008771448	3.8528618500099454	1.1519202030159195	0.031582357467203725	70.4386636304382	0.032659822885761615
2.0604249316222436	0.01	0.007	0.007	0.007	0.01	0.03699460465122503	0.039221719682426326	0.04866021227632761	0.030226461045030264	0.002531403059049257	0.9234158670317313	1.8613528910828006	3.939012009155265	1.1783857974196226	0.03247663442001243	69.6560155340407	0.03258783876916857
2.1255464989194577	0.01	0.007	0.007	0.007	0.01	0.03656912843417747	0.03877063948528615	0.048029656416505404	0.0298356542199736	0.0025080522614313763	0.9445210307950219	1.8985212564928944	4.0248354179528	1.2046352015949702	0.03337206818758478	68.86446783230365	0.032514372857526265
2.1922090351411208	0.01	0.007	0.007	0.007	0.01	0.03613866304557862	0.03831426981844625	0.047392763053843885	0.029440655742033105	0.0024833714069567568	0.9656237689772974	1.9354231677668365	4.110342547151671	1.230666546420728	0.034268514319435756	68.06350560338099	0.03243934006833798
2.2605093149299846	0.01	0.007	0.007	0.007	0.01	0.03570288825142548	0.037852271138749595	0.046749113220295804	0.029041260989938457	0.0024573962183633605	0.9867306346922226	1.9720581535671253	4.195548936026695	1.256479100263905	0.03516590138347604	67.25252677801701	0.03236264347940025
2.330558999902634	0.01	0.007	0.007	0.007	0.01	0.03526142124033986	0.03738423757287683	0.04609820035660559	0.028637199325824637	0.002430153990578784	1.0078502752500151	2.008428123428071	4.280477397289506	1.2820738268931253	0.036064254545654005	66.43081222619045	0.03228417078383619
2.402489293438742	0.01	0.007	0.007	0.007	0.01	0.03481379430602133	0.03690967325117237	0.04543939860178543	0.02822811663472482	0.0024016620668611192	1.0289942640100416	2.044538500610016	4.365161058201941	1.307454157816411	0.03696372859257653	65.59748405976589	0.03220378935587245
2.476457667118093	0.01	0.007	0.007	0.007	0.01	0.034359422388042966	0.0364279578916879	0.0447719166553062	0.02781354849913709	0.002371925504279132	1.0501783089695604	2.080399871484675	4.449647778452378	1.3326271210173575	0.03786465636716596	64.75144499691005	0.03212133910826931
2.5526581040465977	0.01	0.007	0.007	0.007	0.01	0.03389755311422445	0.03593829383411129	0.044094726690359	0.027392877534177906	0.002340933363875823	1.071424123382494	2.1160305620997613	4.534007007300439	1.3576051091883707	0.038767624342039654	63.89128505362034	0.03203662158901516
2.631337436672601	0.01	0.007	0.007	0.007	0.01	0.03342718635164005	0.03543962074823447	0.04340644976749615	0.026965263408936256	0.002308652611774273	1.0927624550372745	2.1514608465363882	4.618340918370871	1.3824087724267742	0.03967359571093174	63.01513130296893	0.031949382553023875
2.7128233090270735	0.01	0.007	0.007	0.007	0.01	0.032946934991261605	0.03493046804017275	0.04270515729217921	0.02652952045825154	0.0022750174435629744	1.1142383717349709	2.186740370698949	4.702803911794601	1.4070721275580274	0.04058412620952712	62.12038792120597	0.03185928206232951
2.797576412924296	0.01	0.007	0.007	0.007	0.01	0.03245476200482508	0.03440867608575628	0.04198799551714788	0.026083885127797666	0.0022399090024810874	1.1359213332113047	2.2219524574641767	4.787639925915128	1.4316524130401722	0.041501777037095	61.20324526463365	0.03176583849969925
2.8863040880012196	0.01	0.007	0.007	0.007	0.01	0.03194740038851838	0.0338707812692271	0.041250355626797394	0.025625500850377667	0.0022031106277289715	1.157927700644443	2.2572465627365066	4.873266296852499	1.4562524763205367	0.0424310417221408	60.25759708249712	0.03166830645710143
2.9802367090542696	0.01	0.007	0.007	0.007	0.01	0.03141893447385336	0.0333105119292335	0.04048384279628451	0.025149156375201483	0.0021641981253003382	1.1804759810155412	2.2929182879194454	4.960479889591473	1.4810759720215467	0.043380624597425865	59.27239240769952	0.03156537928907741
3.082055568685971	0.01	0.007	0.007	0.007	0.01	0.030855989982929172	0.03271368902025417	0.039669381284334504	0.02464300113421795	0.002122168804442639	1.204075860807296	2.329685951782776	5.051165177276927	1.5066183159943318	0.0443712577347169	58.22265850541662	0.03145418853686937
3.197637639803684	0.01	0.007	0.007	0.007	0.01	0.030229189591335436	0.03204916786713477	0.038765072903117787	0.024080999683696383	0.0020747678677289477	1.2298430896434	2.3691195054598464	5.14944135884204	1.5339606289892649	0.04544850893933231	57.05354088049206	0.03132844233622482
3.2983590929777105	0.01	0.007	0.007	0.007	0.01	0.029693391076508105	0.031481122442240855	0.0379942080926765	0.023601925531330007	0.0020337986873033833	1.2514432137143046	2.401562048647054	5.231194563895154	1.556412936890469	0.04634756514064909	56.05389812972748	0.031219273553816568
3.3931811565749723	0.01	0.007	0.007	0.007	0.01	0.029197674714990896	0.030955571891543677	0.0372828019829724	0.02315980214887416	0.001995572117916039	1.2710773797449175	2.430531116083021	5.304978428324618	1.5764270594645744	0.047161271147177865	55.1288174002012	0.03111684660178067
3.485927934766117	0.01	0.007	0.007	0.007	0.01	0.028720831225292492	0.030450030137631763	0.036600125983609295	0.02273553399132297	0.0019585508328989996	1.2896462455713913	2.4574417524134473	5.374269720455057	1.594988495725761	0.04792743586242076	54.23875431316092	0.03101698648390582
3.5775284632120314	0.01	0.007	0.007	0.007	0.01	0.02825754111261737	0.029958857335401982	0.035938417626325915	0.022324297831386165	0.0019223784779580208	1.3073886078031414	2.482684115632244	5.440008059196229	1.6123710666659805	0.04865614552544136	53.37379728433687	0.03091867508745685
3.6681600142995254	0.01	0.007	0.007	0.007	0.01	0.027806522453696594	0.02948069435751262	0.03529573396957488	0.02192488682055227	0.001886997561039349	1.3243779559063131	2.5063968404140313	5.502503563383514	1.6286740768580135	0.04935060604857853	52.53156634877701	0.030821710342015224
3.757981646943716	0.01	0.007	0.007	0.007	0.01	0.02736665169102745	0.029014350025174267	0.03467037466046008	0.02153624465869074	0.0018523551474226465	1.3406781491085293	2.528699689233917	5.56202499166397	1.6439832951696038	0.050013608944131246	51.709975196522734	0.030725912142883123
3.8471436031003803	0.01	0.007	0.007	0.007	0.01	0.02693690766577348	0.02855874172906334	0.03406079963203425	0.02115741452019366	0.0018184001372009977	1.3563461059740116	2.5496981346395824	5.618810570207043	1.6583742036917928	0.05064764268147721	50.907126974829154	0.03063111199822184
3.935773021835012	0.01	0.007	0.007	0.007	0.01	0.026516432261314067	0.02811295971473353	0.0334657128494949	0.020787591146279146	0.0017850893260465807	1.3714301001323128	2.5694818358337006	5.6730626572994	1.6719110388846805	0.05125482588886607	50.12142786230844	0.03053716794421014
4.023976353973558	0.01	0.007	0.007	0.007	0.01	0.02610450795131294	0.02767624327872278	0.03288402779104283	0.020426099420681392	0.0017523866839992779	1.3859711390376117	2.588127367820877	5.72495367514694	1.6846487431387882	0.05183696712146005	49.35154545335982	0.030443961575569146
4.111842672002405	0.01	0.007	0.007	0.007	0.01	0.025700533096861142	0.02724795457900042	0.032314830281261885	0.020072371289769332	0.0017202621968994383	1.4000043069536223	2.6057007220992863	5.774631716336498	1.696634741265237	0.05239562250493175	48.59636287046449	0.03035139419671402
4.19944727788248	0.01	0.007	0.007	0.007	0.01	0.02530399793313341	0.026827553176500495	0.03175734282592752	0.01972592360966712	0.0016886905666834767	1.413559973846992	2.6222594557023333	5.822225482758691	1.7079104604835034	0.052932147140273174	47.85493410027285	0.030259382735596474
4.286853577120131	0.01	0.007	0.007	0.007	0.01	0.024914470200765877	0.026414580801800484	0.03121090295789838	0.019386344696860226	0.0016576505338592243	1.426664582589927	2.6378541663079424	5.867847579838623	1.7185123780548865	0.0534477289670306	47.1264573074349	0.03016785754736167
4.374114604420738	0.01	0.007	0.007	0.007	0.01	0.024531583413435247	0.02600864891667257	0.03067494557007434	0.019053283354088638	0.0016271243061900874	1.4393412875062674	2.652529686716646	5.9115971848784925	1.7284728687075979	0.05394341624532641	46.41025304303541	0.030076760622593558
4.461275793605992	0.01	0.007	0.007	0.007	0.01	0.024155020684771045	0.02560942156770383	0.030148979294289686	0.018726434194726187	0.001597096555768247	1.451610686948782	2.666326292891603	5.953562942212986	1.7378210533270384	0.05442014818052039	45.70573411430612	0.02998604253561456
4.548375863029807	0.01	0.007	0.007	0.007	0.01	0.02378450783020103	0.025216608073006692	0.02963257610628541	0.018405531185466086	0.0015675540944874709	1.4634912009332708	2.6792804128805194	5.993824544620683	1.7465833022998098	0.05487877114370752	45.012392773308335	0.029895661400626605
4.635448041897212	0.01	0.007	0.007	0.007	0.01	0.023419805556490696	0.02482995474173311	0.029125359801860776	0.018090340486880355	0.001538485433584633	1.4749994490875502	2.6914252821264015	6.03245426066027	1.7547836980540066	0.05532005460341545	44.32978618079358	0.029805581494482467
4.722520943897567	0.01	0.007	0.007	0.007	0.01	0.02306070369654399	0.02444923876192991	0.028626997459133267	0.0177806551492395	0.0015098804720708179	1.4861505363115677	2.7027914471119012	6.069518098042771	1.7624443911532666	0.055744703193358176	43.65752568053338	0.029715772267253728
4.809619303697431	0.01	0.007	0.007	0.007	0.01	0.022707016429694346	0.024074263133190728	0.02813719237489293	0.017476290724101128	0.0014817302374791476	1.4969582869359046	2.7134071749148285	6.105076754335467	1.7695858898458028	0.05615336657192197	42.99526790529942	0.029626207511105847
4.896764575772023	0.01	0.007	0.007	0.007	0.01	0.022358578404877143	0.02370485255652425	0.027655678338168822	0.01717708170668547	0.0014540266779614161	1.507435434350392	2.723298784450025	6.1391863868847345	1.7762272943845983	0.05654664739122547	42.34270756259183	0.02953686468469417
4.983975445323166	0.01	0.007	0.007	0.007	0.01	0.02201524149348475	0.023340849991798585	0.027182214844239435	0.016882878562532212	0.0014267624882676605	1.5175937780567803	2.7324909184438146	6.1718992485593125	1.7823864894842578	0.05692510787285536	41.69957139085124	0.029447724339074825
5.071268224836623	0.01	0.007	0.007	0.007	0.01	0.02167687222099748	0.022982113934809836	0.02671658330227746	0.016593545371518588	0.001399930976695442	1.527444309516984	2.7410067633486235	6.20326419962971	1.7880803001923045	0.05728927507858859	41.06561337991634	0.02935876966995456
5.158657195627194	0.01	0.007	0.007	0.007	0.01	0.02134334959251661	0.02262851611195801	0.02625858383096644	0.016308957837178596	0.0013735259528626755	1.5369973176699	2.748868232298387	6.2333271359362294	1.7933246216580172	0.05763964531453588	40.44061072370456	0.029269986133469768
5.246154924521281	0.01	0.007	0.007	0.007	0.01	0.021014563167667314	0.02227993943929759	0.02580803243544286	0.016029001532932623	0.0013475416268090691	1.546262479859542	2.75609611932671	6.26213135487314	1.7981345285565173	0.05797668790093348	39.82436023528394	0.029181361093716794
5.333772457866599	0.01	0.007	0.007	0.007	0.01	0.02069041172596577	0.021936276607588834	0.025364759025831116	0.015753570671228085	0.0013219725478111342	1.5552489299421615	2.7627102215359733	6.2897178366350674	1.8025243621956375	0.05830084802764463	39.21667586454752	0.02909288360004088
5.421519549772883	0.01	0.007	0.007	0.007	0.01	0.02037080189985805	0.021597428633073346	0.024928605416047692	0.01548256686039165	0.0012968135349169666	1.5639653225690715	2.768729447450729	6.3161255030302526	1.806507807649108	0.058612549408386436	38.617386152175065	0.02900454413366816
5.509404832235425	0.01	0.007	0.007	0.007	0.01	0.020055647112986096	0.021263303731845512	0.024499423762333206	0.015215898134692093	0.0012720596267802452	1.5724198847738644	2.774171906001109	6.341391427661505	1.8100979573440588	0.05891219641897576	38.02633225295199	0.028916334416919494
5.597435932896428	0.01	0.007	0.007	0.007	0.01	0.01974486677632855	0.020933816467618185	0.02407707537084184	0.014953478213696015	0.0012477060477282002	1.5806204572371128	2.7790549804910913	6.365551007205156	1.8133073641407016	0.05920017582200115	37.44336644042816	0.028828247277976064
5.685619645546129	0.01	0.007	0.007	0.007	0.01	0.01943838535630997	0.020608886763750146	0.023661429346137502	0.014695225662756276	0.001223748160470505	1.5885745360934302	2.7833953957605897	6.388638127441579	1.81614808941575	0.05947685847035779	36.86835036950061	0.02874027646536336
5.773961995946356	0.01	0.007	0.007	0.007	0.01	0.01913613186659047	0.02028843936445274	0.023252361828809888	0.014441063419528314	0.001200181449099493	1.5962893010511754	2.787209270814499	6.410685282866282	1.8186317411442334	0.059742600494289706	36.30115413201996	0.02865241656957634
5.862468331217367	0.01	0.007	0.007	0.007	0.01	0.018838039313006007	0.01997240324632721	0.02284975517890645	0.014190918286801071	0.0011770014959428966	1.6037716429089865	2.7905121665088504	6.431723690082183	1.8207695083786803	0.05999774444284381	35.74165522329403	0.02856466292264087
5.951143421422787	0.01	0.007	0.007	0.007	0.01	0.01854404413624352	0.01966071102749949	0.02245349716600825	0.01394472042944387	0.0011542039561930975	1.6110281893140834	2.793319127517499	6.451783391556753	1.8225721916457724	0.06024262033806853	35.18973750307918	0.028477011487318758
6.039991502869934	0.01	0.007	0.007	0.007	0.01	0.018254085883159472	0.019353298619159732	0.02206348047614709	0.013702403068199066	0.0011317845484853876	1.618065323273154	2.7956447169896497	6.470893335091586	1.824050228292556	0.06047754645988364	34.64529058467275	0.028389458805552707
6.129016351135563	0.01	0.007	0.007	0.007	0.01	0.017968106803711168	0.019050104798236305	0.021679602124708434	0.013463902115048812	0.001109739038156864	1.6248892023049524	2.7975030481680565	6.489081451916906	1.8252137155989998	0.06070283013542212	34.108209083543926	0.028302001918577464
6.218221325043776	0.01	0.007	0.007	0.007	0.01	0.017686051567421805	0.018751070906798246	0.021301763036192384	0.01322915591224007	0.0010880632283958797	1.6315057735598382	2.7989078114266213	6.506374720758006	1.8260724306981213	0.060918768376513506	33.57839208961232	0.028214638316792856
6.307609393157172	0.01	0.007	0.007	0.007	0.01	0.017407867052366514	0.018456140628343137	0.020929867725695668	0.012998105034494693	0.0010667529557509953	1.6379207863619272	2.7998722981858215	6.52279922270414	1.826635848292002	0.061125648419879254	33.055742775152844	0.028127365907506873
6.3971832258234285	0.01	0.007	0.007	0.007	0.01	0.01713350194757168	0.01816525956626715	0.02056382373535376	0.012770691938970827	0.001045804070378684	1.6441398082305463	2.8004094228322014	6.538380202600722	1.8269131568571684	0.06132374836649801	32.54016765156355	0.028040182919474403
6.486945157050836	0.01	0.007	0.007	0.007	0.01	0.01686290677571053	0.01787837526792849	0.02020354163644814	0.012546860966650763	0.0010252124474798014	1.6501682305005012	2.8005317408993826	6.553142101746954	1.8269132723670327	0.06151333747449326	32.0315766152813	0.027953087935229846
6.576897259347173	0.01	0.007	0.007	0.007	0.01	0.016596033575881353	0.01759543688833434	0.01984893458008449	0.012326558063254353	0.0010049739719974581	1.6560112812074488	2.800251466603541	6.567108607526025	1.8266448513897589	0.06169467667778823	31.529882354670047	0.027866079813648668
6.66704135948405	0.01	0.007	0.007	0.007	0.01	0.01633283578216635	0.01731639506139158	0.019499918112487538	0.01210973066454459	0.0009850845375465418	1.6616740329188546	2.79958048795233	6.580302688504559	1.8261163025374938	0.0618680189335313	31.035000124357815	0.02777915767075168
6.757379048403306	0.01	0.007	0.007	0.007	0.01	0.01607326812609469	0.017041201796500396	0.01915641002396943	0.011896327602542755	0.0009655400464886736	1.6671614096568736	2.798530380686342	6.592746626177097	1.8253357970681905	0.06203360953574167	30.546847564260908	0.027692320866428175
6.847911721250902	0.01	0.007	0.007	0.007	0.01	0.01581728645991995	0.01676981029119613	0.018818330095097317	0.01168629894787057	0.0009463364035010664	1.672478195111727	2.7971124206740376	6.604462048389504	1.8243112783622195	0.0621916864616174	30.065344369425972	0.02760556896252484
6.938640575677912	0.01	0.007	0.007	0.007	0.01	0.015564847708298874	0.016502174879920704	0.018485600014858734	0.011479595958938365	0.0009274695183010189	1.6776290377581353	2.795337595564803	6.615469954473328	1.8230504708810993	0.06234248061779552	29.590412201073594	0.027518901721468612
7.0295666282185865	0.01	0.007	0.007	0.007	0.01	0.015315909772431227	0.016238250932393835	0.018158143237221775	0.01127617099285329	0.0009089353043369618	1.682618456711343	2.79321661542559	6.625790741193487	1.8215608883764447	0.06248621610494874	29.12197450806818	0.02743231908768109
7.120690748986847	0.01	0.007	0.007	0.007	0.01	0.015070431391500915	0.015977994706714835	0.01783588478331481	0.01107597738253938	0.0008907296739478341	1.6874508481168145	2.790759921929146	6.635444228649096	1.8198498410681627	0.062623110491643	28.65995626780291	0.02734582115193515
7.21201364826101	0.01	0.007	0.007	0.007	0.01	0.014828372141324299	0.015721363347930575	0.017518751225465635	0.010878969426828134	0.0008728485433514664	1.6921304885329211	2.7879776978629174	6.644449679036121	1.81792444303024	0.06275337499692603	28.20428398509231	0.02725940816179594
7.303535911519821	0.01	0.007	0.007	0.007	0.01	0.014589692305656125	0.015468314751595966	0.017206670505010787	0.010685102277277416	0.000855287827893254	1.6966615406299344	2.784879874764845	6.652825819348978	1.8157916182452487	0.06287721473532318	27.75488545127099	0.02717308048619851
7.395257967900392	0.01	0.007	0.007	0.007	0.01	0.01435435292720434	0.015218807617860347	0.016899571986480243	0.010494331971825142	0.0008380434502130218	1.701048055231112	2.781476142039135	6.6605908563608756	1.8134581076562049	0.06299482885670368	27.311689841471704	0.027086838643161498
7.487180155934265	0.01	0.007	0.007	0.007	0.01	0.014122315608421542	0.014972801240268773	0.01659738618552495	0.01030661526576441	0.0008211113298239546	1.7052939779286473	2.777775952250138	6.667762499385297	1.810930473561377	0.06310641080781892	26.874627340651944	0.027000683235911028
7.579302679950754	0.01	0.007	0.007	0.007	0.01	0.013893542598999109	0.01473025559852315	0.016300044872294247	0.010121909695946795	0.0008044873934196595	1.709403150131097	2.773788529759241	6.6743579722675745	1.808215106282173	0.06321214843951432	26.443629309368227	0.02691461499217251
7.671625633416309	0.01	0.007	0.007	0.007	0.01	0.013667996711469796	0.014491131269005773	0.016007480950787432	0.009940173505814977	0.0007881675723884127	1.7133793132326127	2.7695228766725863	6.680394030598634	1.805318228955556	0.06331222419653516	26.01862812581248	0.026828634740449334
7.76414902253801	0.01	0.007	0.007	0.007	0.01	0.013445641242836927	0.014255389341691464	0.01571962834739128	0.00976136557614021	0.0007721478006354807	1.71722611245563	2.764987778080274	6.685886977459957	1.8022459018270833	0.06340681529354698	25.599557039021423	0.02674274338647981
7.856872740899203	0.01	0.007	0.007	0.007	0.01	0.013226440017426297	0.014022991465579457	0.015436422057168052	0.00958544545374909	0.0007564240209470984	1.7209470984516946	2.7601918092594206	6.690852675320234	1.79900402785127	0.06349609383253718	25.186350250447358	0.026656941935359894
7.949796611672036	0.01	0.007	0.007	0.007	0.01	0.013010357268727174	0.013793899723422424	0.015157797982157044	0.009412373251050205	0.0007409921796361777	1.7245457315938217	2.7551433392994427	6.695306561364421	1.7955983558425264	0.06358022698435424	24.77894269201996	0.02657123145098731
8.04292034376683	0.01	0.007	0.007	0.007	0.01	0.01279735772690815	0.013568076724510979	0.014883693035982937	0.009242109710981689	0.0007258482357236569	1.7280253826696803	2.7498505388639214	6.6992636575286335	1.7920344863989681	0.06365937708125664	24.37727019184555	0.026485613095261984
8.136243568040594	0.01	0.007	0.007	0.007	0.01	0.012587406518401451	0.013345485498214137	0.01461404500607606	0.009074616121391425	0.0007109881565673104	1.7313893366799484	2.7443213835712013	6.702738584295324	1.7883178748410427	0.06373370178194497	23.98126928559605	0.026400088093259624
8.229765836663377	0.01	0.007	0.007	0.007	0.01	0.012380469155154762	0.013126089482584383	0.014348792532326304	0.008909854301741592	0.0006964079197698124	1.7346407950112632	2.7385636589715476	6.705745571836625	1.784453835209379	0.06380335419490395	23.590877196853835	0.026314657732654356
8.323486616268198	0.01	0.007	0.007	0.007	0.01	0.012176511537688731	0.012909852527599687	0.01408787510361979	0.008747786600919025	0.0006821035159133991	1.737782877340583	2.732584965775428	6.708298470661593	1.7804475444067331	0.06386848299472532	23.20603184348536	0.026229323368785393
8.4174052935061	0.01	0.007	0.007	0.007	0.01	0.011975499930874624	0.012696738869483871	0.01383123301961121	0.008588375873449981	0.000668070949251206	1.7408186239158243	2.726392724182707	6.710410762358921	1.7763040457132142	0.06392923254512979	22.826671792532782	0.026144086418366623
8.511521193164073	0.01	0.007	0.007	0.007	0.01	0.01177740091521655	0.012486713079056064	0.013578807321757097	0.008431585436621186	0.0006543062366142379	1.7437509981154626	2.7199941771216425	6.712095570037607	1.7720282515530907	0.06398574302466091	22.452736168810343	0.026058948341953478
8.605833565187835	0.01	0.007	0.007	0.007	0.01	0.011582181406224705	0.012279740082270927	0.013330539811665536	0.008277379081836114	0.0006408054109560469	1.7465828879094851	2.7133963953403804	6.713365667621541	1.7676249474818748	0.06403815052815855	22.084164691961472	0.025973910654726425
8.700341571580056	0.01	0.007	0.007	0.007	0.01	0.011389808671723822	0.01207578517856941	0.01308637306661061	0.008125721084208152	0.000627564524603666	1.749317107351461	2.7066062825365163	6.714233489203614	1.7630987961736702	0.06408658716912878	21.720897709659436	0.025888974937160924
8.795044323455066	0.01	0.007	0.007	0.007	0.01	0.011200250247393727	0.011874813951335474	0.012846250326076336	0.007976576132046357	0.0006145796454416389	1.7519563994705591	2.699630576761721	6.71471113858558	1.7584543389053378	0.06413118120533014	21.362876038616918	0.02580414280061589
8.889940868104548	0.01	0.007	0.007	0.007	0.01	0.011013473957757883	0.011676792290148263	0.012610115512818145	0.007829909339894246	0.0006018468602791458	1.7545034375636617	2.692475855124467	6.7148103976882005	1.7536959992253895	0.0641720571322283	21.010041004630498	0.025719415898139187
8.985030157009886	0.01	0.007	0.007	0.007	0.01	0.010829447971426385	0.011481686449351177	0.012377913296860957	0.00768568628823552	0.0005893622803886392	1.7569608260423568	2.685148540013595	6.714542735131405	1.7488280876098123	0.06420933577034366	20.662334547399272	0.025634795951976794
9.080311095743093	0.01	0.007	0.007	0.007	0.01	0.010648140695964326	0.011289462936592132	0.012149588956986876	0.007543872937417422	0.0005771220361012647	1.759331103417956	2.677654899017172	6.713919314600127	1.7438548019074296	0.06424313438499347	20.319699022358414	0.025550284708011645
9.175782518355428	0.01	0.007	0.007	0.007	0.01	0.010469520822868188	0.011100088560507256	0.011925088432329837	0.00740443565965297	0.0005651222815090009	1.7616167431818517	2.6700010503767184	6.71295100276488	1.738780231451056	0.06427356676993701	19.982077286040866	0.025465883957730338
9.271443218652873	0.01	0.007	0.007	0.007	0.01	0.010293557264148195	0.010913530363486176	0.011704358237537621	0.0072673411862839155	0.0005533591918120525	1.7638201560765274	2.662192963903113	6.7116483766749715	1.7336083581390769	0.06430074334971174	19.649412576595378	0.025381595509703696
9.36729190546666	0.01	0.007	0.007	0.007	0.01	0.01012021923130311	0.01072975570540122	0.011487345557028933	0.0071325566662800155	0.0005418289700966705	1.765943690511644	2.654236467902399	6.710021731726318	1.72834306148496	0.06432477125580563	19.321648663442186	0.02529742122825679
9.463327233968862	0.01	0.007	0.007	0.007	0.01	0.009949476172214238	0.01054873219670308	0.011273998160799803	0.007000049613902621	0.0005305278445620152	1.7679896347661463	2.6461372499237847	6.708081088666528	1.7229881195546735	0.064345754425141	18.99872972836391	0.025213363004910377
9.55954779261137	0.01	0.007	0.007	0.007	0.01	0.009781297790957105	0.010370427719425321	0.011064264424525216	0.006869787921146452	0.0005194520712001656	1.7699602181028227	2.637900860999584	6.705836200896316	1.7175472122031508	0.06436379368283461	18.680600403323538	0.025129422769023822
9.655952134728748	0.01	0.007	0.007	0.007	0.01	0.009615653989402622	0.010194810365270158	0.010858093252185438	0.006741739809641459	0.0005085979312857667	1.7718576127756454	2.6295327160040722	6.703296560590298	1.7120239217311448	0.06437898683187616	18.367205660339167	0.025045602459446103
9.752538746362816	0.01	0.007	0.007	0.007	0.01	0.009452514921372753	0.01002184849302451	0.010655434139287405	0.006615873869876605	0.0004979617361786533	1.7736839346766802	2.621038099365785	6.70047140604679	1.7064217370652062	0.06439142872817746	18.0584909142446	0.024961904051897868
9.849306045897931	0.01	0.007	0.007	0.007	0.01	0.009291850988970675	0.00985151072466988	0.010456237163737607	0.006492159055488968	0.00048753982824216837	1.775441244669482	2.61242216808559	6.69736972837461	1.7007440561395868	0.06440121136223631	17.754402016111253	0.024878329558370268
9.946252415868479	0.01	0.007	0.007	0.007	0.01	0.009133632787043024	0.00968376588650122	0.010260452912709857	0.006370564637802414	0.00047732857838214855	1.7771315504408898	2.6036899517678624	6.694000276848814	1.694994186297967	0.06440842394092355	17.454885148463934	0.02479488099887689
10.0	0.01	0.007	0.007	0.007	0.01	0.00904708156259045	0.009592003088280286	0.010153513088306289	0.006304148616342797	0.00047175660874421485	1.7780392353110155	2.5988074382668316	6.692022859091428	1.6917810961623807	0.06441134379498992	17.29101408930484	0.024748737341529187
