0.0	0.01	0.007	0.007	0.007	0.01	0.0	0.0	0.0	0.0	0.0	0.0	0.0	0.0	0.0	0.0	100.0	0.035
0.007152441102048229	0.01	0.007	0.007	0.007	0.01	0.0028441350721207545	0.005138516641403213	0.0027824481335335075	0.0009798479453564204	0.00013833139058652805	0.00014390207882317618	0.0003346409345095743	0.00019720948737869543	5.831430073979616e-5	4.232583979069556e-6	99.86641480333088	0.034991325110058744
0.01215393066093131	0.01	0.007	0.007	0.007	0.01	0.004733517512924162	0.008369923137805936	0.0046364060731985705	0.0016469602797493303	0.0002107551473190659	0.0004095243486767127	0.0009386681784818748	0.0005616823761837799	0.00016704377652997408	1.135523251422562e-5	99.77310867997429	0.0349852602947223
0.0195439084083994	0.01	0.007	0.007	0.007	0.01	0.007383212943564421	0.012657238096032513	0.007244331955342882	0.0026061729261342183	0.0002907957249796552	0.0010366154220976416	0.002327111174636693	0.0014234308844224552	0.0004268862232239397	2.647455191536939e-5	99.6354032578968	0.03497630111824112
0.026721729009662895	0.01	0.007	0.007	0.007	0.01	0.009803190362824503	0.016323956357175894	0.009634705875258774	0.0035084223771074587	0.0003458094129268101	0.0018985561933532213	0.004179497435391154	0.0026099008674114912	0.0007890043088604945	4.500744401179862e-5	99.50183314388408	0.03496760134512178
0.035206448264046564	0.01	0.007	0.007	0.007	0.01	0.012480476941666502	0.02010418287234489	0.012289412204302479	0.004538736241803097	0.0003906752678653848	0.003217548446287546	0.006926597126286233	0.0044287501304282485	0.0013514002274248652	7.029349934830421e-5	99.344174223805	0.03495732035523095
0.044090477032949243	0.01	0.007	0.007	0.007	0.01	0.015084774082166885	0.023503216498470012	0.01488276414423851	0.005576908538637339	0.0004216692484807483	0.00492254642191271	0.010361120470518135	0.006784401992108764	0.002090147234227518	9.94074491762975e-5	99.17936324139302	0.03494655875886789
0.053854569282763394	0.01	0.007	0.007	0.007	0.01	0.017729087231291348	0.02667412724775557	0.017528010812525287	0.0066717616051689054	0.00044337536982812394	0.007148925430588877	0.014694366678073612	0.009866559251669751	0.0030712700578739236	0.0001333952630274918	98.99854124003608	0.03493473492617582
0.06419103793779299	0.01	0.007	0.007	0.007	0.01	0.020298699659872552	0.029484918295918865	0.020111203186516505	0.007780210986949845	0.00045737402391314314	0.00987451341282927	0.019815241303252813	0.013647672628530984	0.004293999705329564	0.00017076320392491712	98.80747856775558	0.03492222233306261
0.07524378629301458	0.01	0.007	0.007	0.007	0.01	0.022806408913730186	0.03197070419273559	0.02264538010849361	0.008910365113091227	0.00046605451265621867	0.013170847161342808	0.02579162380149417	0.018230326104849072	0.00580043455372525	0.00021162386322180803	98.60358388503053	0.03490884762093938
0.08691486139493243	0.01	0.007	0.007	0.007	0.01	0.025208545221153834	0.034112991832204155	0.025086385456533	0.010044713417828153	0.0004710063420716132	0.017039049484941154	0.03255873678929927	0.023619710399332087	0.007602443284541613	0.000255296575654019	98.38873936533156	0.034894730243991263
0.09925390253850908	0.01	0.007	0.007	0.007	0.01	0.027498704695240565	0.035936879703386916	0.027427291025390845	0.011181194442769408	0.000473516579705018	0.021517411482136848	0.04012062804014086	0.0298729168571597	0.00973019700620131	0.0003017176492446018	98.16210778544139	0.03487981110136387
0.11224284743025469	0.01	0.007	0.007	0.007	0.01	0.029659219931781465	0.03746061231313497	0.029649388507943294	0.012311323654892486	0.00047446058732095907	0.02661673947804822	0.048435992644389914	0.03700890624509932	0.012202302282825836	0.0003506342719418791	97.92410337641563	0.034864113051076444
0.12591536541264645	0.01	0.007	0.007	0.007	0.01	0.03168427397215333	0.03871338107733732	0.031745787379289424	0.013431455587916927	0.00047443255017731083	0.032362212245326344	0.05749137819560742	0.04506681995062533	0.015045414883953823	0.00040203614704194	97.67419683177613	0.03484759648732945
0.14029069729186275	0.01	0.007	0.007	0.007	0.01	0.033567183029101624	0.03972349592417249	0.03370847335239501	0.014536607527018122	0.00047381279416005016	0.038770032978742916	0.06726263371890569	0.054073310066743076	0.01828306568018108	0.0004558923090386575	97.412132001619	0.03483023935422542
0.15541016457735707	0.01	0.007	0.007	0.007	0.01	0.03530564355638015	0.040520691553133543	0.03553377306012657	0.015623415864309351	0.00047283896339861035	0.04586295657756044	0.0777400299571013	0.0640642512331754	0.021943287653912454	0.0005122761477528719	97.13726008846757	0.03481199306168325
0.17131702174257168	0.01	0.007	0.007	0.007	0.01	0.03689828040179617	0.04113312191442173	0.037218827308516785	0.01668835290781454	0.000471659402672411	0.05366243892638151	0.08891585662764928	0.0750736931094677	0.02605477545225681	0.0005712805746111618	96.84891064458888	0.03479280685893546
0.1880678907158619	0.01	0.007	0.007	0.007	0.01	0.038345641374474916	0.041587307510470004	0.038762670892687236	0.017728438967681743	0.00047037252569770725	0.06219434154533123	0.10079273776633853	0.0871418561454732	0.030649886650032876	0.0006330546259242701	96.54618672793262	0.03477261407415822
0.2057268431326471	0.01	0.007	0.007	0.007	0.01	0.03964916973045214	0.041907342518261975	0.04016518640875977	0.01874068402016226	0.0004690570342757223	0.07148648251700192	0.11337966841735875	0.1003116478819663	0.035763479992688196	0.0006977781656895591	96.22807631887797	0.03475133930521129
0.22436918275534806	0.01	0.007	0.007	0.007	0.01	0.04081128391879075	0.042114774196271756	0.04142721651734821	0.01972220758028542	0.000467795369741134	0.08157068474141056	0.12669452533250053	0.11463151602538506	0.04143411460052891	0.0007656755479285703	95.8933883110076	0.03472889391614763
0.24407963132284222	0.01	0.007	0.007	0.007	0.01	0.04183502431741848	0.04222847392113983	0.04255020950132244	0.020670019308369838	0.0004666949962449486	0.09248183977751642	0.14076240225565864	0.13015406910044788	0.04770363215056818	0.0008370119635025894	95.54079036126852	0.03470517828988842
0.26495295422900117	0.01	0.007	0.007	0.007	0.01	0.04272398971726232	0.04226469516710213	0.043536170026116934	0.021580976992867373	0.00046590992066268945	0.10425804272169922	0.1556155027317079	0.14693619147162726	0.0546172640696493	0.0009121031519036439	95.16880327101238	0.0346800811484106
0.2870912277181338	0.01	0.007	0.007	0.007	0.01	0.043482195621625926	0.042237195953363636	0.04438752105959183	0.022451631219801187	0.00046566515186681874	0.11693869117407028	0.1712905289835708	0.1650362325424691	0.06222245923742286	0.0009913190960109855	94.77585579677547	0.0346534829193236
0.3105974824537169	0.01	0.007	0.007	0.007	0.01	0.04411400444072948	0.04215745328904081	0.045107038821707725	0.023278047984025448	0.00046628517942399176	0.13056026176200636	0.18782351159363891	0.18450783052565484	0.07056605836854032	0.0010750836318570791	94.36040287254286	0.034625263445983705
0.3355550052396878	0.01	0.007	0.007	0.007	0.01	0.04462402047933271	0.042035009179599625	0.045697736467056896	0.024055387812744494	0.00046822446141855386	0.1451435162282638	0.20523486032970356	0.20538140323063014	0.07968564444899107	0.0011638350526472913	93.9212931258517	0.03459532686369776
0.3619708363981148	0.01	0.007	0.007	0.007	0.01	0.04501707232447671	0.04187811580517529	0.04616281575874042	0.02477704451454085	0.0004720861413543626	0.16065954222278495	0.22349067702508807	0.22761518595326755	0.08958619180761757	0.0012578727443069292	93.45875128770135	0.03456366923362669
0.3896650426418113	0.01	0.007	0.007	0.007	0.01	0.04529886899397864	0.04169483848352109	0.04650634895127346	0.02543372004520027	0.0004785878061777888	0.17696434532579522	0.24242996231464883	0.2510009719370666	0.10019350854317695	0.0013570120358703062	92.97627081870492	0.034530510661178695
0.4182254261808541	0.01	0.007	0.007	0.007	0.01	0.04547837344093039	0.041493707540620435	0.046736043930642186	0.026015581103080665	0.0004884433241413336	0.19377434820479944	0.2617416670494813	0.2751284932058096	0.11133068429448909	0.0014604326136420092	92.48130879557436	0.034496348323500556
0.4472233597878285	0.01	0.007	0.007	0.007	0.01	0.04556953821805338	0.041282229226185775	0.04686563568566424	0.026518510716952985	0.0005022740467819963	0.2107989018004769	0.28111809853080083	0.2995758238405635	0.12280090607811002	0.0015674021767190982	91.98145960078722	0.034461697191408715
0.476382577074195	0.01	0.007	0.007	0.007	0.01	0.045588536584828136	0.04106555874381466	0.046912051962418044	0.02694526588616872	0.0005206136389147188	0.22784399515937576	0.30036681533608706	0.3240592607896401	0.13446061526063646	0.0016778320708904096	91.48155446570537	0.03442688843056852
0.5055353002292345	0.01	0.007	0.007	0.007	0.01	0.045550485218640135	0.040846973486267105	0.046891618191551375	0.027301955079883172	0.0005439044672757488	0.24478728817707326	0.3193758200135782	0.3483982863105443	0.14620897463038987	0.0017920867418361342	90.9844766672217	0.03439212256966302
0.5345854007565793	0.01	0.007	0.007	0.007	0.01	0.0454682084570266	0.04062844733891426	0.046818499454954816	0.027595895699361307	0.0005725006312468698	0.2615554461181697	0.33808514982718846	0.3724833784436535	0.15797650378578962	0.0019108277021515493	90.4918353823955	0.03435751401365055
0.5634789759106904	0.01	0.007	0.007	0.007	0.01	0.04535206958950384	0.04041113636326208	0.04670435886603742	0.027834444966535365	0.0006066696265570427	0.2781053911736633	0.3564650219410731	0.39624918016453076	0.1697144983816167	0.002034888013795668	90.00449445062272	0.03432312647807281
0.592192122638291	0.01	0.007	0.007	0.007	0.01	0.0452102112012377	0.040195659808239595	0.046558519960207934	0.02802451110765823	0.0006466032299714206	0.29441566296138094	0.3745062662198991	0.4196620587822343	0.18139029735803336	0.0021652166568660557	89.5227968170851	0.03428898777437226
0.6207202974447913	0.01	0.007	0.007	0.007	0.01	0.0450489237187879	0.0399823033801848	0.04638830489344681	0.028172323105647507	0.000692426746179148	0.31047896661944696	0.3922124357360936	0.4427093153711269	0.19298270111883087	0.0023028322235682866	89.04675549307774	0.03425510262231182
0.6490726263461019	0.01	0.007	0.007	0.007	0.01	0.04487300850773856	0.03977113895965303	0.04619939424522968	0.028283374782164677	0.0007442103772708342	0.32629786646140135	0.40959551470745337	0.46539289529711386	0.20447919637400339	0.0024487996241215498	88.57615649928695	0.03422145951339996
0.6772670822938555	0.01	0.007	0.007	0.007	0.01	0.04468610145914841	0.03956210769850834	0.045996160875473445	0.028362441832674175	0.0008019781736948402	0.34188124945258785	0.4266724661273341	0.4877242080858572	0.21587348352139024	0.002604211720346979	88.11064425639907	0.03418803650448693
0.7053272655828313	0.01	0.007	0.007	0.007	0.01	0.044490939213364375	0.03935507230504276	0.04578195237411649	0.02841364044355185	0.0008657157209667263	0.357241928279868	0.4434629846550408	0.5097205964368525	0.22716368087782907	0.0027701783319338726	87.64977803102057	0.034154805078997964
0.7332807193817763	0.01	0.007	0.007	0.007	0.01	0.04428956671757148	0.03914984647911932	0.04555931596507944	0.02844050158837184	0.0009353777571512733	0.37239527333653666	0.4599883138543679	0.5314032962337809	0.23835120622294576	0.0029478231565362558	87.19306161191798	0.03412173216985622
0.76115704989924	0.01	0.007	0.007	0.007	0.01	0.0440835038676388	0.03894621887579156	0.04533018236478519	0.028446045350245558	0.0010108926302225183	0.38735787286740603	0.4762700342256392	0.5527954528683962	0.24943964557114778	0.003138278750260486	86.73997525096455	0.03408878240141653
0.7889871963089317	0.01	0.007	0.007	0.007	0.01	0.04387386952263261	0.038743964439621234	0.045096004890292196	0.028432852355999204	0.0010921671227243257	0.40214692174809796	0.4923295959369778	0.5739211949869494	0.2604341483658638	0.003342687392231655	86.28998809872272	0.03405591896154875
0.816802738885575	0.01	0.007	0.007	0.007	0.01	0.04366147765448555	0.038542853001412164	0.04485786886087222	0.02840312741268277	0.00117908969984357	0.41677969912644214	0.5081879052732724	0.5948048467583662	0.27134089348710244	0.003562201534932094	85.84256967203301	0.034023104423943185
0.8446356368690108	0.01	0.007	0.007	0.007	0.01	0.04344690896396835	0.038342653275317475	0.04461657426597073	0.028358755011536247	0.0012715336002170736	0.4312733244993398	0.523865179780128	0.6154705473723647	0.28216677287960445	0.0037979866087492955	85.39719413904457	0.0339903010598243
0.8725180460670992	0.01	0.007	0.007	0.007	0.01	0.04323056550379921	0.03814313542101643	0.04437269964607392	0.02830134683010097	0.0013693591725168108	0.4456445877529077	0.5393808565669872	0.6359419832249797	0.2929191441576726	0.004051224052189498	84.9533432356836	0.03395747105443393
0.9004823385665247	0.01	0.007	0.007	0.007	0.01	0.043012711280865326	0.03794407165184149	0.044126650245235564	0.02823228181084947	0.0014724161006112698	0.4599099056136375	0.5547536162885407	0.6562423058078848	0.3036056917150313	0.004323115785264039	84.51050592910327	0.03392457648506085
0.9285612048586687	0.01	0.007	0.007	0.007	0.01	0.04279350274879369	0.037745235982355234	0.043878694671142186	0.028152739729563378	0.0015805453675476126	0.4740853319779578	0.5700014484968983	0.676394130190443	0.3142343415916837	0.004614889521748718	84.06817682617688	0.033891579202825775
0.9567878573928076	0.01	0.007	0.007	0.007	0.01	0.04257301133818608	0.03754640311998603	0.0436289924007006	0.02806372906292574	0.0016935811796536901	0.48818662491623155	0.5851417647083934	0.6964196167956526	0.32481323080768054	0.0049278054094248755	83.62585307711285	0.03385844059658279
0.9851963044890545	0.01	0.007	0.007	0.007	0.01	0.042351240006908104	0.037347346814461585	0.04337761433209062	0.027966109999878287	0.001811352854804531	0.5022293486881191	0.600191538260529	0.7163406045405112	0.3353507133291141	0.005263164061527967	83.18303031571658	0.0338251212761975
1.013821721310763	0.01	0.007	0.007	0.007	0.01	0.042128134924345195	0.03714783754061332	0.043124557632942866	0.027860613201818225	0.001933686859617815	0.516229019206935	0.6151674817496425	0.7361788063729122	0.3458554073028987	0.005622316670869142	82.73919726496166	0.033791580644550116
1.0427008978167782	0.01	0.007	0.007	0.007	0.01	0.04190359345383543	0.03694763970556787	0.0428697562088762	0.027747854961465587	0.00206040896396896	0.5302012782368117	0.6300862473892843	0.7559560454315128	0.3563362708407173	0.006006677455161746	82.29382937537399	0.03375777638262508
1.0718728125038803	0.01	0.007	0.007	0.007	0.01	0.04167746882616493	0.036746508082672415	0.04261308725262072	0.0276283490846845	0.0021913467355975697	0.5441621155490736	0.6449646715181373	0.7756945582358831	0.36680271912229123	0.006417739585782328	81.8463807989829	0.03372366379139403
1.1013793550945392	0.01	0.007	0.007	0.007	0.01	0.04144957192813122	0.03654418336001038	0.04235437437417138	0.027502515796939308	0.0023263324747894738	0.5581281443092918	0.6598200689531665	0.7954173713804916	0.37726478510022904	0.006857095681034675	81.39627442779512	0.03368919496467866
1.1312662426384315	0.01	0.007	0.007	0.007	0.01	0.04121967034359456	0.03634038655192686	0.04209338749063754	0.02737068782114577	0.002465206747022103	0.5721169439512331	0.6746705919824318	0.8151487707764239	0.3877333327336523	0.007326464452861336	80.9428894237586	0.03365431774263758
1.1615842473698699	0.01	0.007	0.007	0.007	0.01	0.04098748413697414	0.03613481153692885	0.04182983892173191	0.027233113370892938	0.002607822976744625	0.5861475168060858	0.6895357021124582	0.8349149273015805	0.398220355402687	0.007827726645141687	80.48554459307066	0.03361897431001161
1.1923908393844245	0.01	0.007	0.007	0.007	0.01	0.04075267795196451	0.03592711512789172	0.041563375233970835	0.027089955777003495	0.002754053448189683	0.6002408925000373	0.7044367885981683	0.8547447247245868	0.40873938244458224	0.008362973922096595	80.02347627782156	0.03358309932240877
1.2237524876035828	0.01	0.007	0.007	0.007	0.01	0.04051484792437768	0.03571690318114058	0.04129356316312727	0.026941288765380166	0.002903797623800366	0.6144209722543341	0.7193980279993062	0.8746709166865595	0.41930605931354187	0.008934577686201862	79.55580743889102	0.03354661728202136
1.2557480298463815	0.01	0.007	0.007	0.007	0.01	0.040273500703101726	0.03550371022804005	0.041019866587814945	0.02678708551582711	0.0030569943399050303	0.6287157680099682	0.734447642759445	0.8947318258747866	0.4299390119453005	0.009545289735749527	79.0815023291029	0.03350943869280248
1.288473767120332	0.01	0.007	0.007	0.007	0.01	0.040028020183187324	0.03528696865309911	0.040741609630527746	0.026627198362343604	0.003213640315320705	0.6431592786259275	0.7496198045560735	0.9149739178500267	0.4406611677627971	0.010198394503439805	78.59929790850757	0.033471454246893705
1.3220516858012736	0.01	0.007	0.007	0.007	0.01	0.039777612248932795	0.03506595878526216	0.04045791498615008	0.026461322248078546	0.003373820410649951	0.6577945369566228	0.7649577269752545	0.9354559848006847	0.45150191643322973	0.01089795314559602	78.10759279155738	0.03343252543532916
1.3566436253145937	0.01	0.007	0.007	0.007	0.01	0.039521207968821144	0.03483972259874716	0.04016759549513633	0.026288927903567738	0.0035377605903324743	0.6726788956187386	0.7805190357611604	0.9562564093760337	0.4625008766110128	0.01164922108091363	77.60425522436641	0.03339246835810742
1.392478119830036	0.01	0.007	0.007	0.007	0.01	0.039257278232818604	0.03460689953101716	0.03986894608449692	0.026109131048670145	0.003705930191636694	0.6878941229314895	0.7963860418752069	0.9774870526760562	0.47371511822957685	0.012459431184754854	77.08625776993763	0.033351023026613795
1.429908318119755	0.01	0.007	0.007	0.007	0.01	0.038983430820221036	0.03436537064215733	0.039559290904234004	0.025920405109791256	0.003879267181044225	0.7035683776632616	0.8126881411472293	0.9993235143157913	0.4852349314898968	0.013339464494948355	76.54888554781651	0.033307787067887465
1.4695697276914057	0.01	0.007	0.007	0.007	0.01	0.038695305471981516	0.03411128400196481	0.039233740215467244	0.02571979103003565	0.004059807449493069	0.7199367333489808	0.8296636545248967	1.0220885891698608	0.4972274009729677	0.014308323881562552	75.98356769828266	0.03326203497741253
1.5129821426630963	0.01	0.007	0.007	0.007	0.01	0.03838233896196167	0.03383532071197359	0.03888042299146836	0.02549986633719751	0.004253132100070053	0.7375739736716914	0.8478980808390805	1.0465735687440072	0.5101043689453562	0.015410002106627973	75.36956924614516	0.03321202789040002
1.571317954476779	0.01	0.007	0.007	0.007	0.01	0.03796573431677689	0.03346800622291465	0.03841061031861993	0.025204446494673217	0.0045048523237489445	0.7608227067402553	0.8718405433259155	1.078775771388417	0.5270026343945962	0.01695466311954737	74.55230924159805	0.03314494880097857
1.612595186135802	0.01	0.007	0.007	0.007	0.01	0.03767367168776405	0.033210514314539974	0.03808159985449721	0.02499586602259058	0.004676851945998014	0.7769658048150643	0.8884006717575026	1.1010857402757714	0.5386829310627403	0.018089564201848863	73.97939205457254	0.03309756686784078
1.658365222878924	0.01	0.007	0.007	0.007	0.01	0.03735243548014957	0.032927312156799685	0.03772007029187204	0.02476532410851466	0.0048611494391395125	0.7945736309780358	0.9064008128074049	1.1253718975112306	0.5513708281580567	0.019385994578258185	73.34926210623833	0.03304510685574505
1.6996685106970877	0.01	0.007	0.007	0.007	0.01	0.03706489460274362	0.032673822260432056	0.03739677472193886	0.024558145786682622	0.005021409270855839	0.8102033622403401	0.922322414051835	1.1468866714692063	0.5625858958989174	0.02058806324929657	72.7852356119823	0.03299783785206574
1.741635927045352	0.01	0.007	0.007	0.007	0.01	0.03677499326529522	0.0324182558081168	0.03707112843094597	0.024348633699626324	0.005178141192609185	0.8258360515043494	0.9381923475652366	1.168364065156024	0.5737567612393883	0.021838601450961063	72.21658208141562	0.032949878049680144
1.7817994421781984	0.01	0.007	0.007	0.007	0.01	0.0364996739061988	0.03217554723656885	0.036762147754770505	0.0241491853375956	0.005322243405709796	0.8405659408916358	0.9530942513134008	1.188562319366591	0.5842386484708761	0.02306098779923317	71.67653207629455	0.03290404499881189
1.821740937061582	0.01	0.007	0.007	0.007	0.01	0.036227919080823394	0.031935983026717324	0.03645744361110098	0.02395195804783427	0.005459739458159929	0.8549938673747153	0.9676407691226331	1.2083091803086778	0.5944630603822952	0.02429963150029131	71.14347264948213	0.032858528534825474
1.8607876337416591	0.01	0.007	0.007	0.007	0.01	0.035964207331935255	0.031703510566915526	0.03616202288807655	0.02376029871712839	0.00558850820047236	0.8688891089225919	0.981602202977714	1.2272912818513055	0.6042689056187541	0.025531020696023494	70.62618756461102	0.03281409262746635
1.899486664119138	0.01	0.007	0.007	0.007	0.01	0.03570473725483021	0.031474778306108606	0.03587161128733138	0.023571523661552306	0.005710602971944639	0.8824592721962482	0.9951902416785511	1.2457947486686969	0.6138052922917974	0.02676983460217696	70.11721949554862	0.03277011166368412
1.9376823855236929	0.01	0.007	0.007	0.007	0.01	0.03545047728256694	0.03125063964593962	0.035587281077146565	0.023386397817921886	0.005825722565061971	0.8956592004681282	1.0083619762244773	1.263759917533793	0.6230424456697686	0.028008974815781292	69.61846767477745	0.032726760507582185
1.975593047866525	0.01	0.007	0.007	0.007	0.01	0.03519990535310452	0.031029752621702975	0.035307319280171924	0.023203861629492725	0.005934719054849719	0.9085729903736659	1.021203477864237	1.2813030229485405	0.6320410663240003	0.029253576326644062	69.12694622097	0.032683789594610796
2.0132092907231636	0.01	0.007	0.007	0.007	0.01	0.03495303012255663	0.030812124714033037	0.03503172681538666	0.023023960120677513	0.006037731418862017	0.9212043370708682	1.0337201667483487	1.298430547890558	0.6408052468078054	0.030501627537294004	68.64267198094437	0.03264120816605692
2.0506353838230122	0.01	0.007	0.007	0.007	0.01	0.03470912149226459	0.030597112212569468	0.034759680894320896	0.022846192713046286	0.006135203518594353	0.933594278490469	1.0459542628974445	1.3151994487102423	0.6493648278558102	0.03175502884344939	68.16421272248996	0.03259889704277973
2.0878985042932947	0.01	0.007	0.007	0.007	0.01	0.03446796626204825	0.03038452709955258	0.03449093726993468	0.02267042966028951	0.006227348063844135	0.9457567626970335	1.0579208444862829	1.3316297222777933	0.6577306088734968	0.03301327696134653	67.69115020492538	0.032556824652208716
2.125058666502794	0.01	0.007	0.007	0.007	0.01	0.03422914632855214	0.030174000750791758	0.03422502441437297	0.02249638734194302	0.006314446499857824	0.9577156174954102	1.0696444967771859	1.3477545489073464	0.6659200098913212	0.03427709179499954	67.22266426298422	0.03251492258212931
2.162148349568281	0.01	0.007	0.007	0.007	0.01	0.0339924297993284	0.029965328707559646	0.03396167942208349	0.022323914260166285	0.006396697233373718	0.9694848195706223	1.081139893610212	1.3635936363473495	0.6739434939184009	0.03554636708006573	66.75830002202038	0.032473153761373635
2.1992072614171376	0.01	0.007	0.007	0.007	0.01	0.03375754512273241	0.029758271561321416	0.03370059616710505	0.022152827157553834	0.006474303024063322	0.9810799460884855	1.0924230917006552	1.3791687111813213	0.681812465977809	0.03682132723088828	66.29752481277161	0.03243147318353637
2.2362641397323832	0.01	0.007	0.007	0.007	0.01	0.033524296700179	0.029552656866013334	0.033441553836601634	0.021982995819864678	0.006547431373136169	0.9925124658082094	1.1035059722693978	1.3944958499955133	0.6895353955553074	0.03810189231377537	65.83995496180495	0.032389848387106256
2.273348201820936	0.01	0.007	0.007	0.007	0.01	0.03329249105799357	0.029348314054344394	0.03318433468519755	0.021814289724359375	0.006616241388325408	1.003793458003835	1.1143998960996813	1.4095905017968982	0.697120370735438	0.03938805829574505	65.38521096128494	0.032348246538946725
2.3104834394560556	0.01	0.007	0.007	0.007	0.01	0.033061972161474926	0.029145105566536628	0.032928763163495946	0.021646604097188597	0.006680873701414255	1.0149319203390108	1.1251140816453011	1.4244652336567165	0.7045739705079545	0.0406796907807343	64.9329867441119	0.032306640825211695
2.347692628271344	0.01	0.007	0.007	0.007	0.01	0.032832595590569	0.028942904084383537	0.03267467714936714	0.02147984138120961	0.006741459602335909	1.0259360715592036	1.1356568856847542	1.439131490691161	0.7119021596497995	0.04197665577049692	64.4829990230969	0.032265005930185865
2.3849956469549234	0.01	0.007	0.007	0.007	0.01	0.03260423848019781	0.028741601293113643	0.032421938893176114	0.021313918682445438	0.00679811914229498	1.0368129023736588	1.1460353866201605	1.4535990078536087	0.7191100010046654	0.04327875490661272	64.03500679142952	0.03222331990472219
2.4224109733595327	0.01	0.007	0.007	0.007	0.01	0.03237678979575845	0.02854109930840771	0.03217042416966117	0.021148760868933646	0.006850964653008788	1.047568672680498	1.1562558762354964	1.4678764840719933	0.7262019995167178	0.04458577228155985	63.588792245637336	0.03218156247694976
2.459955273477649	0.01	0.007	0.007	0.007	0.01	0.03215015247350851	0.028341312562784174	0.031920024588672574	0.020984302265179784	0.006900100906438953	1.0582088332561999	1.1663237968356581	1.481971486950767	0.7331820602968849	0.04589745580481982	63.14416498492477	0.03213971550036775
2.4976440171729224	0.01	0.007	0.007	0.007	0.01	0.031924239330671386	0.028142164199942518	0.031670643018774605	0.020820483794097667	0.006945626711623065	1.068738240725553	1.1762439564907623	1.4958907462589437	0.7400536395897299	0.04721353514436416	62.70095398798426	0.032097762256231524
2.535491458246544	0.01	0.007	0.007	0.007	0.01	0.031698972907959456	0.027943585935718513	0.031422193369408886	0.020657252955437997	0.006987635457640711	1.0791611825764063	1.186020561711561	1.5096401937507502	0.7468197687605157	0.04853371808426172	62.259007304491206	0.03205568746753492
2.573510912644997	0.01	0.007	0.007	0.007	0.01	0.03147428355585243	0.02774551637092338	0.03117459843922447	0.020494562513855986	0.007026215950502805	1.0894814819704277	1.1956573242601343	1.5232251076743322	0.7534831294849205	0.049857697780172704	61.81818830111017	0.03201347698204306
2.611714838472489	0.01	0.007	0.007	0.007	0.01	0.031250108753568345	0.02754790039087737	0.030927789131797844	0.020332370068587714	0.007061452911864431	1.0997025424768678	1.2051575099765126	1.536650176851619	0.7600460885757708	0.05118515348305277	61.37837432583242	0.031971117677372395
2.650114996696263	0.01	0.007	0.007	0.007	0.01	0.031026391982565734	0.027350688172282967	0.03068170318524482	0.020170637290226688	0.0070934274923148185	1.1098274113583144	1.2145240039128096	1.5499195884311285	0.7665107439391527	0.05251575438708057	60.939454498314745	0.03192859727747827
2.688722536511224	0.01	0.007	0.007	0.007	0.01	0.03080308207686645	0.027153834610451285	0.030436284431960857	0.02000932949467353	0.007122217641667333	1.1198588191190622	1.223759352311521	1.5630370836762693	0.7728789543777135	0.05384916110037356	60.50132843564694	0.03188590425381008
2.7275480940168975	0.01	0.007	0.007	0.007	0.01	0.030580132520365486	0.026957298699813552	0.030191482003749468	0.01984841517197816	0.00714789844028827	1.1297992200016291	1.2328658046663725	1.5760060144194843	0.779152369336707	0.055185027778086315	60.06390487407026	0.03184302771252153
2.766601866131135	0.01	0.007	0.007	0.007	0.01	0.030357500910882972	0.026761043061432736	0.02994724972370948	0.01968786563023707	0.007170542365242076	1.1396508236411862	1.2418453468883568	1.588829387413061	0.7853324524089694	0.056523003556424416	59.62710061779204	0.03179995730984037
2.8058936906609913	0.01	0.007	0.007	0.007	0.01	0.030135148409068245	0.02656503345717151	0.029703545484495716	0.01952765462409755	0.007190219521859242	1.149415626243939	1.2506997333847312	1.6015099075941233	0.7914205039985621	0.0578627343224208	59.190839458037885	0.03175668316131244
2.8454330988304273	0.01	0.007	0.007	0.007	0.01	0.02991303936230158	0.026369238458131997	0.029460330821214183	0.01936775810579612	0.007206997826332797	1.1590954330125245	1.2594305105807415	1.6140500095455355	0.7974176780132521	0.05920386363676128	58.75505143540932	0.03171319578202969
2.8852293792432215	0.01	0.007	0.007	0.007	0.01	0.029691140878839842	0.026173629069239448	0.02921757043198706	0.019208153937233356	0.007220943167962442	1.168691881921175	1.2680390411804894	1.6264518903663703	0.8033249989970834	0.0605460341249543	58.31967200458403	0.031669486014775504
2.9252916138789806	0.01	0.007	0.007	0.007	0.01	0.029469422572618698	0.02597817850426797	0.028975231887368797	0.019048821722337617	0.007232119537006279	1.1782064593106982	1.2765265206115364	1.6387175316371032	0.8091433738329311	0.06188888798013667	57.88464153381871	0.031625544989400546
2.965628736241366	0.01	0.007	0.007	0.007	0.01	0.029247856196195063	0.025782861862261804	0.0287332852190723	0.01888974255679505	0.0072405891420635375	1.1876405196909308	1.2848939968668713	1.6508487265583687	0.814873605724301	0.06323206826062604	57.44990458494671	0.031581364058280076
3.006249563963998	0.01	0.007	0.007	0.007	0.01	0.02902641542717285	0.02558765593925809	0.02849170267817187	0.01873089888640014	0.007246412502204378	1.196995298329056	1.2931423835266302	1.6628470975247438	0.8205164034497427	0.06457521935879822	57.01540949449191	0.03153693476022459
3.0471628540117206	0.01	0.007	0.007	0.007	0.01	0.028805075541185172	0.025392538940007817	0.028250458370916488	0.018572274282538995	0.007249648529131733	1.2062719281292018	1.3012724762494796	1.6747141189866048	0.8260723929487456	0.06591798824059086	56.581107732166736	0.0314922487600359
3.08837730733503	0.01	0.007	0.007	0.007	0.01	0.02858381336907258	0.0251974904402243	0.02800952820577786	0.018413853420261972	0.007250354591385121	1.215471444074819	1.3092849580249348	1.6864511241734603	0.8315421211829359	0.06726002403047082	56.1469538169766	0.03144729784367581
3.1299016315913875	0.01	0.007	0.007	0.007	0.01	0.02836260694719217	0.025002491078318884	0.02776888950700993	0.018255621835318668	0.007248586575105962	1.2245948001792708	1.3171804151606143	1.6980593276632157	0.8369260673039104	0.06860097951564872	55.712904631183456	0.03140207385029637
3.1717445725236653	0.01	0.007	0.007	0.007	0.01	0.028141435348394066	0.024807522406400738	0.027528520826578206	0.01809756581010588	0.00724439892941372	1.2336428783657334	1.3249593458654454	1.7095398374098978	0.8422246487208565	0.06994051160107059	55.278919088736615	0.031356568638937814
3.213914921040873	0.01	0.007	0.007	0.007	0.01	0.027920278647742203	0.02461256686005757	0.02728840190332655	0.017939672355129305	0.007237844709050281	1.2426164915555802	1.3326221636624467	1.7208936592957047	0.8474382236231524	0.07127828098707768	54.84495806808506	0.031310774081912934
3.256421571479822	0.01	0.007	0.007	0.007	0.01	0.027699117624758886	0.024417607495875345	0.02704851333666809	0.01778192900162262	0.007228975606054482	1.2515163972398247	1.340169209607544	1.7321217148495565	0.8525670994770889	0.07261395347445485	54.41098382797659	0.03126468200282792
3.299273539177496	0.01	0.007	0.007	0.007	0.01	0.027477933689297386	0.024222627926092366	0.026808836504350383	0.017624323753685483	0.0072178419784108055	1.2603433015603407	1.3476007561059768	1.743224846768834	0.8576115357722675	0.07394719993846077	53.97695986204159	0.031218284159215615
3.342479987306197	0.01	0.007	0.007	0.007	0.01	0.02725670876450497	0.024027612215427596	0.026569353434254473	0.017466845009356666	0.007204492874493259	1.2690978649274058	1.3549170118885487	1.754203826288069	0.8625717475414214	0.0752776965827446	53.542850669166036	0.031171572215369054
3.38605028674141	0.01	0.007	0.007	0.007	0.01	0.02703542500931787	0.023832544636452138	0.026330046503495567	0.01730948136739677	0.0071889760413955325	1.2777807136664772	1.3621181317809545	1.7650593679565492	0.8674479121043275	0.0766051261690915	53.10862120895798	0.031124537679845223
3.4299940167832856	0.01	0.007	0.007	0.007	0.01	0.026814064852491302	0.023637409699587338	0.026090898475745833	0.017152221655848853	0.007171337946510063	1.2863924390342703	1.3692042156807342	1.7757921284313203	0.8722401684717586	0.07792917737868651	52.67423696851903	0.031077171907307632
3.4743210250629266	0.01	0.007	0.007	0.007	0.01	0.026592610732288663	0.02344219192363359	0.025851892220857008	0.016995054751141984	0.007151623776412478	1.2949336076002063	1.3761753168051454	1.7864027193867245	0.8769486230143066	0.07924954594406071	52.239663451612714	0.031029466036785802
3.519041463167951	0.01	0.007	0.007	0.007	0.01	0.026371044970798545	0.02324687572497715	0.02561301058132187	0.016837969493281056	0.007129877438055691	1.30340476597332	1.383031444947704	1.7968917131749458	0.88157335172411	0.08056593496411474	51.804865931990754	0.030981410956663256
3.56416582384664	0.01	0.007	0.007	0.007	0.01	0.026149349649336507	0.023051445307753316	0.02537423624080884	0.01668095460199224	0.007106141556378855	1.3118064452279676	1.389772569262833	1.807259647981005	0.8861144021400692	0.08187805520365803	51.36980920882976	0.030932997268403616
3.6097049829481613	0.01	0.007	0.007	0.007	0.01	0.0259275064700883	0.02285588454188095	0.02513555157882468	0.01652399858339344	0.007080457466789248	1.3201391655847965	1.3963986210146926	1.8175070331547343	0.8905717952307345	0.08318562546064008	50.93445733514912	0.030884215245665727
3.6556702617579444	0.01	0.007	0.007	0.007	0.01	0.025705496530084193	0.022660176763814537	0.0248969384322443	0.016367089575116293	0.007052865192374845	1.3284034440520454	1.4029094983774084	1.8276343580107688	0.8949455286340704	0.08448837342706948	50.49877317416116	0.030835054772143204
3.7020734613030104	0.01	0.007	0.007	0.007	0.01	0.025483300244342453	0.022464304708792866	0.024658378018584184	0.016210215297524644	0.007023403433472123	1.3365997961220426	1.4093050661904092	1.8376420931389963	0.8992355764809264	0.08578603564187826	50.06271824833013	0.030785505310055746
3.748926951619981	0.01	0.007	0.007	0.007	0.01	0.025260897017842295	0.022268250221674026	0.024419850590731585	0.01605336282811378	0.006992109520528683	1.3447287464375774	1.4155851624201738	1.847530702506115	0.903441893698826	0.08707835888025592	49.62625209549272	0.030735555810569765
3.79624371171853	0.01	0.007	0.007	0.007	0.01	0.025038265170815113	0.022071994191077374	0.024181335365380908	0.015896518555699422	0.006959019393575655	1.3527908296483189	1.4217495965232403	1.8573006433322743	0.9075644148521856	0.08836510001383549	49.18933212207508	0.030685194677719862
3.844037432404098	0.01	0.007	0.007	0.007	0.01	0.0248153815823187	0.02187551623518408	0.023942810150906522	0.015739667936790793	0.006924167536986288	1.360786601156327	1.427798155038458	1.8669523777739983	0.9116030577996628	0.08964602745670823	48.75191290340908	0.03063440966617155
3.8923225793158895	0.01	0.007	0.007	0.007	0.01	0.024592221542781737	0.021678794571750825	0.023704251201282663	0.015582795400463747	0.006887586937192746	1.3687166397256219	1.4337306003943202	1.8764863744384837	0.915557722776535	0.09092092133219255	48.31394589411411	0.030583187822421795
3.941114511716536	0.01	0.007	0.007	0.007	0.01	0.024368758368459573	0.0214818056782415	0.023465632817287006	0.01542588408692683	0.0068493089967129476	1.3765815581049898	1.4395466752293	1.885903119275252	0.9194282951256582	0.09218957493303565	47.87537867117765	0.030531515367889197
3.9904295881262417	0.01	0.007	0.007	0.007	0.01	0.0241449631055265	0.021284524030976065	0.023226927046400395	0.015268915650882373	0.0068093634526387725	1.384382009724573	1.4452461030162296	1.8952031213356153	0.9232146455153044	0.09345179556611168	47.4361543528962	0.030479377597419328
4.040285304823499	0.01	0.007	0.007	0.007	0.01	0.023920804114193273	0.02108692173851814	0.022988103257553655	0.015111869982499254	0.006767778265329633	1.3921186988703096	1.4508285904686717	1.9043869222728542	0.9269166312951984	0.0947074059654392	46.99621078229626	0.03042675874455954
4.090700439238201	0.01	0.007	0.007	0.007	0.01	0.02369624666675932	0.020888968187346327	0.022749127734267238	0.01495472494040467	0.006724579498599249	1.3997923894869289	1.456293827996073	1.9134551036994072	0.9305340964982194	0.09595624548942858	46.55547973783312	0.030373641843526884
4.141695263728324	0.01	0.007	0.007	0.007	0.01	0.02347125227378169	0.0206906294478529	0.022509962982553516	0.014797455897047314	0.006679791135231366	1.4074039222507697	1.4616414949268504	1.9224083037185318	0.9340668749281755	0.09719817266677898	46.11388561039284	0.030320008519183046
4.193291721004838	0.01	0.007	0.007	0.007	0.01	0.023245778232407307	0.020491867876185267	0.02227056728033179	0.014640035442823031	0.0066334349198362615	1.41495422278489	1.4668712570345976	1.9312472222486528	0.9375147880663848	0.0984330663022595	45.67134451622513	0.030265838820074564
4.245513726863326	0.01	0.007	0.007	0.007	0.01	0.023019776672676948	0.020292641273535788	0.022030893699082097	0.014482432743116757	0.0065855300847042116	1.422444325407056	1.4719827733556248	1.9399726437583755	0.940877649016397	0.09966082911165265	45.227762424433735	0.030211110920690943
4.298387461490347	0.01	0.007	0.007	0.007	0.01	0.022793193731772958	0.020092902158216866	0.021790889269268462	0.014324612989854567	0.0065360930777003876	1.4298753906217956	1.476975696476	1.9485854515069168	0.9441552619993934	0.10088139033188842	44.78303353542651	0.03015580083974776
4.3519417714713855	0.01	0.007	0.007	0.007	0.01	0.022565968338254867	0.019892596693929693	0.02155049374108793	0.01416653658693296	0.006485137182256766	1.4372487333481982	1.4818496776428272	1.9570866529665814	0.9473474248640317	0.10209471007585844	44.33703789369629	0.03009988204711314
4.40620864881789	0.01	0.007	0.007	0.007	0.01	0.022338030781285607	0.019691663428495716	0.021309638129236308	0.014008158193615396	0.006432672056418374	1.4445658553039828	1.4866043713473969	1.9654774083012785	0.9504539310292349	0.10330078435294016	43.88963857835525	0.030043324996154978
4.4612238320371835	0.01	0.007	0.007	0.007	0.01	0.02210930090344783	0.019490031700772136	0.021068242873941257	0.013849425515600452	0.00637870314686332	1.451828486055854	1.491239441506135	1.9737590666513758	0.9534745721972607	0.10449965148624019	43.4406781545682	0.029986096536050243
4.517027583406055	0.01	0.007	0.007	0.007	0.01	0.021879685734531373	0.019287619554767137	0.02082621543002938	0.013690277720000059	0.0063232309221390726	1.459038637432989	1.495754570933779	1.9819332148911564	0.956409142849047	0.10569140069094358	42.989974027343486	0.0299281591499284
4.573665688510919	0.01	0.007	0.007	0.007	0.01	0.02164907643628824	0.019084331046353212	0.02058344715336717	0.013530643388327792	0.006266249875804257	1.4661986738246153	1.5001494738237555	1.9900017407301125	0.9592574462007469	0.10687618321522141	42.537312442375104	0.029869469974117088
4.631190777905998	0.01	0.007	0.007	0.007	0.01	0.0214173442303629	0.01888005265362049	0.02033980914801123	0.01337043778614165	0.006207747195947377	1.4733114064936836	1.5044239137400153	1.9979669180092001	0.9620193030623385	0.10805422736370277	42.08244049034779	0.02980997949914527
4.689664109568057	0.01	0.007	0.007	0.007	0.01	0.021184334865137232	0.018674648399241107	0.020095146619348303	0.013209559150366944	0.00614770095577707	1.4803802225336093	1.5085777298119132	2.005831524141595	0.9646945650585087	0.10922585912661317	41.625055242410845	0.02974962981507308
4.749158082292793	0.01	0.007	0.007	0.007	0.01	0.020949860714801094	0.01846795288557269	0.019849270799735377	0.013047883380522216	0.006086077542294101	1.4874092714664178	1.5126108790470671	2.0135990123290157	0.9672831368751802	0.11039153216926376	41.16478823667011	0.029688352131230125
4.809759772203924	0.01	0.007	0.007	0.007	0.01	0.020713689620880445	0.018259761458144754	0.019601947542483313	0.012885256539383742	0.00602282801309642	1.494403729141474	1.5165234972266493	2.021273755624396	0.9697850084103266	0.11155187035024523	40.701183568530986	0.029626063283154872
4.871576284872958	0.01	0.007	0.007	0.007	0.01	0.020475527786125422	0.018049815126130155	0.01935287981114554	0.01272148333978054	0.005957882548045754	1.5013702079491769	1.5203160033741026	2.0288614313941276	0.9722003117030605	0.11270773405948956	40.23366430334773	0.029562660433170806
4.934743057192728	0.01	0.007	0.007	0.007	0.01	0.020234993043092887	0.017837776997834346	0.019101680295751274	0.012556309139823677	0.005891141793128522	1.5083174021155523	1.5239892718479002	2.0363696300616505	0.974529415912566	0.11386032483134906	39.76147999046195	0.029498012837770093
4.999437682375227	0.01	0.007	0.007	0.007	0.01	0.019991569891289838	0.017623192644650412	0.01884782530303599	0.012389389625680492	0.005822462370085601	1.5152571841438387	1.527544943696795	2.0438088992110264	0.9767731020886273	0.1150113635653011	39.28361838159299	0.029431948111157905
5.065904764019047	0.01	0.007	0.007	0.007	0.01	0.01974452789790421	0.017405418168971135	0.018590570990852793	0.012220235735380046	0.005751630702323607	1.5222066135435701	1.5309860290845907	2.0511946729167696	0.9789329059788182	0.11616341780015654	38.79864521772089	0.029364227484747287
5.134505633110604	0.01	0.007	0.007	0.007	0.01	0.019492756950025742	0.01718347497432039	0.018328784076776985	0.01204810234865703	0.005678310437254101	1.5291920304843607	1.5343181983117609	2.0585512362351603	0.9810118614624879	0.11732057010281037	38.30438076440986	0.02929449622802087
5.205834784316464	0.01	0.007	0.007	0.007	0.01	0.019234377839762343	0.016955706485040165	0.01806054127841414	0.011871724915486768	0.005601918863140646	1.5362588235568682	1.537553011612406	2.065921261907176	0.983016380345069	0.11849001604754847	37.797135245271065	0.029222167327960447
5.281073454789255	0.01	0.007	0.007	0.007	0.01	0.018965548769248247	0.016718726046531292	0.017781900402426568	0.011688511433579601	0.005521250494076561	1.5435016538075992	1.5407183719801454	2.0733955570659446	0.9849623952140031	0.11968701790228772	37.26936559144456	0.029146067636345883
5.363744587825108	0.01	0.007	0.007	0.007	0.01	0.018674494931377315	0.01646215383151066	0.01748074738791898	0.011490496799006187	0.00543260501066138	1.5512168820617391	1.5439131785079268	2.08126408741292	0.9869077182323849	0.12095992457589769	36.6979535146444	0.029062678915901016
5.462722602432406	0.01	0.007	0.007	0.007	0.01	0.01833190147417383	0.016160147969467263	0.01712697243894711	0.011257883646512094	0.0053266454936184305	1.5601296931414443	1.5473613284683496	2.090226668298545	0.988980591464807	0.1224270156257609	36.02534216305432	0.028963155522286066
5.531018828243563	0.01	0.007	0.007	0.007	0.01	0.018099179749561406	0.015954997120546592	0.016887095585252768	0.011100161476083503	0.005253623336576668	1.5660799515476338	1.5495091097959326	2.0961294715502943	0.9902538459563823	0.1234040615332469	35.56843248742527	0.02889468176374067
5.59506245870975	0.01	0.007	0.007	0.007	0.01	0.017883634492510875	0.015764987816987232	0.016665244541206128	0.01095429222278317	0.00518530862390945	1.5715157598485738	1.5513567145231222	2.1014622188786456	0.9913351000100212	0.1242947050250386	35.14523952746793	0.028830618739479865
5.659967386636365	0.01	0.007	0.007	0.007	0.01	0.017667809987679663	0.015574732341973636	0.016443418420889852	0.010808440050582381	0.005116287088242701	1.5768859810494598	1.553069150056486	2.1066718965456346	0.9923226949050882	0.1251725867228599	34.72149211368655	0.028765839069129454
5.725500452235211	0.01	0.007	0.007	0.007	0.01	0.017452539941754806	0.015384965629447236	0.016222476298689337	0.010663169812854452	0.0050468405087211714	1.5821699156509477	1.5546389898329864	2.111738133558209	0.9932123855985063	0.12603420449129143	34.29882709493798	0.028700580145819863
5.790697201017997	0.01	0.007	0.007	0.007	0.01	0.017240978176858424	0.015198467863306349	0.01600564857143614	0.01052060549313949	0.004978022052913076	1.5872921971289637	1.5560462399332389	2.116590046384364	0.9939933391343881	0.1268672185606338	33.88343687242904	0.02863580304333962
5.855329385459211	0.01	0.007	0.007	0.007	0.01	0.017033780534714986	0.015015817187132461	0.015793592588368176	0.010381179265504938	0.004910096995442459	1.5922408574130102	1.5572931673401922	2.121219300912797	0.9946678254822122	0.12766970595555197	33.47660945154186	0.028571731180392447
5.919447311627027	0.01	0.007	0.007	0.007	0.01	0.016830692641218264	0.014836789363312201	0.01558603241553962	0.010244709668604116	0.004843033063771672	1.5970260091069244	1.558388251008374	2.125638538773944	0.9952415707807636	0.12844335126226414	33.07784568551743	0.028508310770920288
5.983107628740374	0.01	0.007	0.007	0.007	0.01	0.01663145037433658	0.014661151561124313	0.015382683725233241	0.010111009725538201	0.004776789335043634	1.6016575906735282	1.559339312648465	2.129859908156533	0.995719828935569	0.12918981054573148	32.68662725632936	0.028445482263303328
6.046358940797405	0.01	0.007	0.007	0.007	0.01	0.01643582483080637	0.014488701996163526	0.015183299630031276	0.009979917079287097	0.00471133167570807	1.6061443417377348	1.5601533309706441	2.1338941445949247	0.9961072952736483	0.12991054475539415	32.30250496939194	0.028383194551248866
6.109243868831347	0.01	0.007	0.007	0.007	0.01	0.01624361417212938	0.014319262742357116	0.014987662114574907	0.00985128835866029	0.004646630790543258	1.6104940539631112	1.560836590918892	2.1377508516416484	0.996408203331658	0.13060686062873375	31.925082747810457	0.028321402852130466
6.171799780694386	0.01	0.007	0.007	0.007	0.01	0.016054640016916085	0.014152676551716857	0.014795578160921885	0.00972499663035251	0.004582661624624829	1.6147137030386105	1.5613947872847604	2.1414386619328414	0.9966263940207173	0.13127993228767162	31.554010552461055	0.0282600679197302
6.2340595873717435	0.01	0.007	0.007	0.007	0.01	0.01586874386558652	0.013988803702614365	0.014606875942342987	0.00960092889606778	0.0045194026657430835	1.6188095710488726	1.5618331123008002	2.14496538200476	0.9967653735984386	0.1319308212217894	31.18897736490167	0.028199155203367455
6.296052378462338	0.01	0.007	0.007	0.007	0.01	0.015685784224128422	0.013827519464295088	0.014421401759160369	0.00947898407758774	0.0044568353911374325	1.62278734546706	1.562156327103868	2.1483381097734395	0.9968283610065072	0.13256049244630244	30.829705542336022	0.028138634175620656
6.357804330511634	0.01	0.007	0.007	0.007	0.01	0.015505633116078462	0.013668711022092182	0.014239016382601218	0.009359070612683977	0.004394943428624232	1.626652224598867	1.5623688217112068	2.1515633511563412	0.9968183266633515	0.1331698315634796	30.47594397069181	0.02807847740382948
6.419338352727964	0.01	0.007	0.007	0.007	0.01	0.015328176437375947	0.013512277790243544	0.01405959531239735	0.00924110662426263	0.0043337129746655175	1.6304089349739619	1.562474660124704	2.1546470579393198	0.9967380242750002	0.1337596478361967	30.127468763462286	0.028018660860032952
6.480675076936744	0.01	0.007	0.007	0.007	0.01	0.015153310462668268	0.01335812833210127	0.013883025150403907	0.00912501753592223	0.004273131850024533	1.6340618281525239	1.5624776244483365	2.1575947290557154	0.9965900185431197	0.1343306897635232	29.784076402933668	0.02795916292476221
6.541833029249955	0.01	0.007	0.007	0.007	0.01	0.014980940867554627	0.013206179498213415	0.013709202539369148	0.00901073537406846	0.004213189374570687	1.6376149192846357	1.562381248039788	2.1604114591960246	0.9963767074654954	0.13488365137481803	29.445581821587325	0.02789996419500905
6.6028289185417615	0.01	0.007	0.007	0.007	0.01	0.014810981482059999	0.013056355327476824	0.013538032840407622	0.008898197898256835	0.004153876119278079	1.641071928788416	1.562188844154633	2.16310198755026	0.9961003412551346	0.13541917897549427	29.111815955505968	0.027841047182118973
6.663677860375223	0.01	0.007	0.007	0.007	0.01	0.014643353294527603	0.012908586169041045	0.013369429073207876	0.008787347904296198	0.0040951837184138844	1.6444363164108122	1.561903530186002	2.16567073809238	0.9957630384086709	0.13593787665585472	28.782623789342242	0.027782396075802695
6.724393582628321	0.01	0.007	0.007	0.007	0.01	0.014477983562760657	0.01276280789875533	0.013203310972698964	0.008678132603937872	0.004037104697019226	1.647711311077233	1.5615282482642225	2.1681218545559005	0.9953667993337171	0.13644031110375532	28.457862611735667	0.027723996528815836
6.7849885779515615	0.01	0.007	0.007	0.007	0.01	0.014314805118842951	0.012618961306348864	0.01303960424764348	0.00857050313733872	0.003979632347653571	1.6508999351470188	1.5610657830151768	2.1704592294015916	0.9949135181620566	0.13692701551635744	28.137400650939348	0.027665835495406025
6.845474268367209	0.01	0.007	0.007	0.007	0.01	0.014153755680902814	0.012476991488731751	0.012878239852258845	0.00846441409410299	0.0039227605940643645	1.6540050270846844	1.5605187766388406	2.1726865301023546	0.994404992706976	0.13739849323479938	27.821115723962542	0.02760790106022795
6.90586110661777	0.01	0.007	0.007	0.007	0.01	0.013994777369753809	0.01233684742390059	0.012719153468605927	0.008359823172905189	0.003866483913740387	1.657029258883694	1.559889742241082	2.174807220271095	0.9938429333741994	0.137855220547069	27.508894287961493	0.027550182329835683
6.966158695059898	0.01	0.007	0.007	0.007	0.01	0.013837816206374498	0.012198481527953024	0.012562284974038787	0.008256690831300777	0.0038107972426942734	1.6599751528410458	1.5591810752023771	2.1768245792366163	0.9932289706936408	0.13829764936767328	27.2006304539159	0.0274926693088423
7.026375878507419	0.01	0.007	0.007	0.007	0.01	0.013682821704106944	0.012061849295599527	0.012407578007390823	0.008154980000459448	0.0037556959040961485	1.6628450955972345	1.5583950631613877	2.1787417186834444	0.9925646619662565	0.13872620947889056	26.896225186247317	0.02743535280241455
7.08652081550877	0.01	0.007	0.007	0.007	0.01	0.013529746537696688	0.011926909008413087	0.012254979615169661	0.008054655852506847	0.0037011755560156312	1.6656413499707392	1.5575338949137427	2.1805615969384227	0.9918514972178704	0.13914131042075745	26.595585653286886	0.02737822434045723
7.146601056258934	0.01	0.007	0.007	0.007	0.01	0.013378546213313115	0.01179362144394311	0.012104439901538781	0.007955685570361934	0.0036472321324965036	1.668366066109226	1.5565996680641474	2.182287032053397	0.9910909042890397	0.1395433432608896	26.2986245796126	0.027321276096465136
7.20662360744326	0.01	0.007	0.007	0.007	0.01	0.01322917878880885	0.011661949629116361	0.01195591173097548	0.007858038152211541	0.0035938617963376064	1.671021291115663	1.5555943958054717	2.183920713197122	0.9902842533590437	0.13993268211979112	26.005259697004828	0.027264500819734205
7.266594968378292	0.01	0.007	0.007	0.007	0.01	0.013081604679161828	0.011531858668728901	0.01180935051780175	0.0077616842731028455	0.0035410609169747196	1.6736089766497708	1.5545200133038808	2.1854652101978838	0.9894328612597311	0.14030968538389768	25.71541336266175	0.027207891795479142
7.326521210089231	0.01	0.007	0.007	0.007	0.01	0.01293578636762465	0.011403315490816177	0.011664713923900248	0.007666596086177889	0.0034888260100768708	1.6761309877498523	1.553378382580379	2.1869229832957195	0.9885379946786798	0.14067469708356625	25.429011992180616	0.02715144276503866
7.386407982319489	0.01	0.007	0.007	0.007	0.01	0.012791688305442837	0.011276288758252116	0.011521961745445864	0.007572747148176625	0.003437153740418556	1.6785891079424113	1.5521712979883842	2.188296390188231	0.9876008739129667	0.14102804771728938	25.145985862867814	0.027095147914740603
7.446260583515922	0.01	0.007	0.007	0.007	0.01	0.012649276666502866	0.011150748652464489	0.011381055657088003	0.007480112251226952	0.0033860408693651596	1.6809850465404577	1.5509004899539893	2.189587693952509	0.9866226753149172	0.14137005538361583	24.86626863209008	0.02703900180588339
7.50608395902439	0.01	0.007	0.007	0.007	0.01	0.012508519283666954	0.011026666817312408	0.011241959137512702	0.007388667373881559	0.0033354842642155814	1.6833204425206334	1.5495676296173209	2.1907990686518444	0.9856045344904625	0.14170102641034507	24.589797212453245	0.0269829993727125
7.565882762342211	0.01	0.007	0.007	0.007	0.01	0.01236938544115816	0.010904016176068029	0.011104637253607141	0.007298389539198961	0.0032854808532227454	1.6855968705758733	1.5481743317281143	2.1919326058065733	0.9845475481881568	0.14202125628720114	24.31651136422224	0.026927135861567173
7.625661368524338	0.01	0.007	0.007	0.007	0.01	0.012231845788017616	0.010782770855126775	0.010969056565528438	0.007209256752312222	0.003236027621485526	1.687815844875093	1.5467221581241384	2.1929903193010785	0.9834527766763772	0.1423310302622993	24.046353525522488	0.026871406815330963
7.685423895277926	0.01	0.007	0.007	0.007	0.01	0.012095872238001093	0.010662906095763426	0.010835185019156705	0.007121247929705556	0.003187121599817597	1.689978822858852	1.5452126207291257	2.1939741500695074	0.9823212457773666	0.1426306239385353	23.779268615890363	0.026815808050920868
7.745174219894402	0.01	0.007	0.007	0.007	0.01	0.01196143788363267	0.010544398178368133	0.01070299185327539	0.007034342838174567	0.0031387598567271958	1.6920872086242214	1.5436471843540924	2.1948859703438646	0.9811539487739039	0.14292030380670365	23.515203867615885	0.026760335640906602
7.804916015787212	0.01	0.007	0.007	0.007	0.01	0.01182851687091458	0.010427224311999633	0.010572447468836312	0.006948522008862246	0.0030909394744873067	1.694142356748314	1.5420272686939411	2.1957275878439635	0.9799518477349558	0.14320032783210537	23.25410857978856	0.026704985877202745
7.864652753272733	0.01	0.007	0.007	0.007	0.01	0.011697084359041801	0.010311362598872642	0.010443523382531768	0.006863766706720854	0.003043657554141474	1.6961455746139016	1.5403542509907375	2.1965007490892514	0.978715875356526	0.14347094582897116	22.995934039300774	0.02664975526822705
7.9243877318800555	0.01	0.007	0.007	0.007	0.01	0.011567116413194597	0.010196791939851494	0.010316192115194554	0.00678005885713043	0.00299691119505837	1.69809812563895	1.5386294676323187	2.1972071428979163	0.9774469360244764	0.14373239995360332	22.740633310386013	0.026594640507025372
7.984124080908848	0.01	0.007	0.007	0.007	0.01	0.011438589971062875	0.010083492004940485	0.010190427153129233	0.0066973810204639305	0.002950697499670576	1.7000012312447186	1.5368542164163337	2.197848403198764	0.9761459073826246	0.1439849250214207	22.48816116897751	0.02653963846898823
8.043864763853888	0.01	0.007	0.007	0.007	0.01	0.011311482802235876	0.009971443197484942	0.01006620290276498	0.006615716362262676	0.002905013574483746	1.7018560728494765	1.5350297585791957	2.1984261117406	0.9748136417318083	0.14422874882575806	22.23847402304572	0.026484746206038683
8.103612610449485	0.01	0.007	0.007	0.007	0.01	0.011185773411359765	0.00986062656880174	0.0099434945907896	0.006535048587572263	0.0028598565098333674	1.7036637945805193	1.5331573198204966	2.1989418008710517	0.973450966702877	0.1444640925470149	21.991529722465906	0.026429960915584423
8.163370320959311	0.01	0.007	0.007	0.007	0.01	0.011061441004075285	0.009751023788152562	0.00982227822618655	0.006455361915974468	0.0028152233812123654	1.7054255049506066	1.5312380919812052	2.199396955805413	0.9720586864185029	0.14469117101975146	21.747287492198865	0.0263752799352172
8.223140470409984	0.01	0.007	0.007	0.007	0.01	0.010938465454394823	0.009642617113985919	0.009702530563952658	0.006376641057724686	0.0027711112502373215	1.707142278444762	1.5292732346185547	2.1997930167674493	0.970637582583088	0.14491019298607827	21.5057078682939	0.026320700737522462
8.28292552861536	0.01	0.007	0.007	0.007	0.01	0.010816827241401804	0.009535389338135844	0.009584229039264374	0.006298871170463232	0.0027275171538238873	1.708815157459969	1.5272638759453314	2.2001313810916043	0.9691884151173425	0.1451213613909651	21.26675257362064	0.02626622091057196
8.342727844525163	0.01	0.007	0.007	0.007	0.01	0.010696507460686878	0.009429323795903428	0.009467351774678614	0.006222037863939421	0.002684438119377383	1.7104451531384275	1.525211114845639	2.2004134049712234	0.967711923574447	0.14532487353411053	21.030384540412513	0.026211838171060677
8.402549682023853	0.01	0.007	0.007	0.007	0.01	0.010577487732462441	0.009324404285057033	0.009351877487098969	0.006146127138843241	0.002641871142344245	1.7120332475613576	1.5231160210690946	2.200640405384716	0.9662088272454269	0.14552092139116965	20.796567729832404	0.026157550330632287
8.462393204212018	0.01	0.007	0.007	0.007	0.01	0.010459750215799556	0.009220615078382692	0.009237785498191509	0.006071125393643981	0.00259981320109121	1.7135803944266532	1.5209796370697488	2.20081366162354	0.9646798264535721	0.14570969174133067	20.56526716000847	0.02610335530922253
8.522260493320342	0.01	0.007	0.007	0.007	0.01	0.010343277552329094	0.009117940874055102	0.00912505567649683	0.005997019386527525	0.002558261246017025	1.7150875206309322	1.5188029785440686	2.200934416892567	0.963125602915439	0.14589136640575556	20.336448795498278	0.026049251116062662
8.582153558728583	0.01	0.007	0.007	0.007	0.01	0.010228052835771802	0.009016366768777484	0.009013668404914214	0.00592379621401347	0.0025172121973856074	1.7165555274398538	1.5165870352802788	2.20100387973257	0.9615468203302886	0.14606612243139652	20.110079487488274	0.025995235841629494
8.642074329095358	0.01	0.007	0.007	0.007	0.01	0.01011405961296668	0.008915878258688267	0.00890360457881407	0.005851443309706925	0.002476662953880916	1.7179852912141047	1.5143327725314946	2.201023225345468	0.9599441253440365	0.14623413222000176	19.886126975871033	0.025941307663975944
8.702024664304789	0.01	0.007	0.007	0.007	0.01	0.010001281847207031	0.008816461207040755	0.008794845567835349	0.005779948419178007	0.002436610387291165	1.7193776645830632	1.5120411316084703	2.200993596885954	0.9583181479572913	0.1463955637093588	19.66455981727005	0.025887464837198657
8.762006359471167	0.01	0.007	0.007	0.007	0.01	0.009889703898154108	0.008718101826496483	0.008687373193915108	0.005709299585512423	0.0023970513426834405	1.7207334773611347	1.509713030696088	2.2009161066560674	0.9566695020952327	0.14655058052138134	19.44534734562875	0.025833705687154717
8.822021152910748	0.01	0.007	0.007	0.007	0.01	0.009779310495330464	0.008620786655758876	0.008581169703301786	0.00563948513090748	0.002357982635931855	1.7220535375034247	1.5073493654585395	2.2007918372232647	0.9549987860291926	0.14669934211258254	19.228459620182388	0.025780028603682743
8.882070730139002	0.01	0.007	0.007	0.007	0.01	0.009670086720096567	0.00852450254368514	0.00847621774691474	0.005570493643755075	0.002319401053911311	1.7233386319191908	1.5049510097403724	2.2006218424701456	0.9533065828678444	0.14684200390600996	19.01386739009335	0.025726432036460422
8.942156719900428	0.01	0.007	0.007	0.007	0.01	0.009562018002644715	0.00842923664663641	0.00837250037524702	0.005502313975285124	0.002281303359650775	1.7245895270804599	1.5025188165450276	2.2004071486168226	0.9515934612444387	0.14697871739907523	18.801542088588647	0.025672914497998994
9.002280694154898	0.01	0.007	0.007	0.007	0.01	0.009455090111781743	0.008334976419470919	0.008270001026394178	0.005434935231690458	0.0022436862946001103	1.7258069696974652	1.500053618830323	2.2001487552035	0.9498599758738916	0.14710963027838472	18.591455812928515	0.025619474563083687
9.062444176022822	0.01	0.007	0.007	0.007	0.01	0.009349289131060746	0.00824170959450348	0.008168703501104591	0.005368346757720449	0.002206546575805946	1.7269916875233322	1.4975562299398937	2.199847635992613	0.9481066678541139	0.14723488654701092	18.383581277552036	0.025566110861165243
9.122648663703039	0.01	0.007	0.007	0.007	0.01	0.009244601408488972	0.008149424137171447	0.008068591912752943	0.0053025381037907215	0.002169880883629884	1.7281443904102558	1.4950274433062176	2.199504739705681	0.9463340644588877	0.14735462667477234	18.177891715301858	0.02551282205471931
9.182895594572773	0.01	0.007	0.007	0.007	0.01	0.009141013611518124	0.008058108294510499	0.007969650738169689	0.005237499059391257	0.00213368588607648	1.7292657701702963	1.4924680346136299	2.199120991032482	0.9445426806571127	0.14746898762152705	17.974360985503406	0.02545960687065429
9.243186381071505	0.01	0.007	0.007	0.007	0.01	0.009038512656701428	0.007967750533145163	0.007871864748607222	0.005173219607701976	0.0020979582190302428	1.730356501810506	1.4898787609392248	2.198697291226597	0.9427330185116131	0.14757810300370644	17.772963435790444	0.025406464068116856
9.30352239072391	0.01	0.007	0.007	0.007	0.01	0.008937085737066414	0.00787833956341886	0.007775219034251745	0.005109689941701159	0.0020626945004141146	1.7314172436688462	1.487260362206657	2.19823451897705	0.9409055681997313	0.14768210314512825	17.573673955919865	0.025353392455780388
9.363904958094322	0.01	0.007	0.007	0.007	0.01	0.008836720294603022	0.00778986431514132	0.007679698976353435	0.00504690044584077	0.0020278913249965557	1.7324486381311912	1.4846135612652538	2.1977335310555604	0.9390608080709941	0.14778111518657114	17.37646792374734	0.025300390880915794
9.42433538476354	0.01	0.007	0.007	0.007	0.01	0.008737404013855594	0.007702313931939851	0.007585290239602382	0.004984841691030626	0.0019935452663643735	1.733451312099456	1.481939064448812	2.1971951630033026	0.9371992050409157	0.14787526316858357	17.181321192666516	0.02524745822907668
9.484814947315455	0.01	0.007	0.007	0.007	0.01	0.008639124802727383	0.007615677754337894	0.007491978752422614	0.0049235044216807584	0.0019596528743092523	1.7344258775711872	1.4792375617552471	2.1966202297154775	0.9353212147209257	0.1479646681234898	16.98821005392058	0.025194593416791963
9.545344881277966	0.01	0.007	0.007	0.007	0.01	0.008541870812726874	0.007529945337602862	0.0073997507247855485	0.004862879567406944	0.0019262106856246283	1.735372931811081	1.4765097280767105	2.19600952622488	0.9334272822785761	0.1480494481286839	16.797111276412593	0.025141795405300014
9.605926405144475	0.01	0.007	0.007	0.007	0.01	0.008445630394294362	0.007445106412365158	0.007308592604438854	0.004802958214254431	0.001893215212401768	1.7362930581523741	1.47375622262005	2.195363828080832	0.9315178420394703	0.14812971841675285	16.608002018952448	0.025089063179257177
9.666560704302137	0.01	0.007	0.007	0.007	0.01	0.008350392117483939	0.007361150902850061	0.0072184910952385935	0.004743731616744687	0.0018606629526468177	1.7371868261368781	1.47097769009968	2.1946838920866587	0.9295933183210582	0.1482055914240056	16.420859870921152	0.0250363957604999
9.727248939020514	0.01	0.007	0.007	0.007	0.01	0.008256144753890403	0.0072780689109457185	0.007129433138748757	0.00468519118577654	0.0018285503874424355	1.7380547920243923	1.4681747608349511	2.1939704567822513	0.9276541255049567	0.14827717687171957	16.235662816783186	0.02498379220079882
9.787992256497175	0.01	0.007	0.007	0.007	0.01	0.008162877253359234	0.007195850695672373	0.007041405891048408	0.004627328473377438	0.0017968739762728892	1.738897499323984	1.465348050624968	2.193224242830866	0.9257006679568629	0.14834458184639002	16.05238919034476	0.024931251571196224
9.848791766682144	0.01	0.007	0.007	0.007	0.01	0.008070578776734463	0.007114486702050595	0.006954396752496703	0.004570135192265521	0.001765630171235629	1.7397154788038032	1.4624981622885416	2.192445953824355	0.9237333410974063	0.1484079108368305	15.871017739127097	0.024878772982707163
9.909648562360042	0.01	0.007	0.007	0.007	0.01	0.007979238660159439	0.007033967529631383	0.006868393332873815	0.004513603192932496	0.0017348154078849704	1.7405092491184677	1.4596256851425848	2.1916362765460495	0.921752531046704	0.14846726582106898	15.691527554239334	0.02482635556867783
9.97056371509461	0.01	0.007	0.007	0.007	0.01	0.007888846417172354	0.006954283934343451	0.00678338345229042	0.004457724464238403	0.0017044261088067561	1.7412793170757133	1.4567311955780744	2.190795881495365	0.9197586150283129	0.14852274632234228	15.51389807451744	0.02477399848808866
10.0	0.01	0.007	0.007	0.007	0.01	0.007845533568613094	0.006916102299547905	0.0067426855274006076	0.004430972957367884	0.0016898958589738702	1.7416428331486524	1.4553257732531288	2.190379263051923	0.9187911979260934	0.14854817894830177	15.428783460050795	0.024748737341529183
