0.0	0.01	0.007	0.007	0.007	0.01	0.0	0.0	0.0	0.0	0.0	0.0	0.0	0.0	0.0	0.0	100.0	0.035
0.006212373582260173	0.01	0.007	0.007	0.007	0.01	0.0028930164593180736	0.006745629047601148	0.0039126756376736	0.0011599475531363593	0.0004055422505138477	0.0001259837408206554	0.0004921304841941789	0.0004594670050399659	7.874302770818541e-5	9.971571845411576e-6	99.8988475443026	0.03499246515501401
0.010520850378814731	0.01	0.007	0.007	0.007	0.01	0.004800518483327849	0.010937487425288364	0.006518279338337963	0.0019454977605314048	0.0006388182620146661	0.0003562629011105967	0.0013701605416352293	0.001302704197474933	0.00022426055659578845	2.723711553164274e-5	99.82875522298922	0.03498724045525512
0.01680066258068722	0.01	0.007	0.007	0.007	0.01	0.007443182171981697	0.016411571032483745	0.01016423502522757	0.003063401368149393	0.0009210264283341019	0.0008901392917288152	0.003348609208495842	0.0032670989055167687	0.0005660824577568644	6.48284788110853e-5	99.7266803628695	0.03497962660112656
0.022868945598857153	0.01	0.007	0.007	0.007	0.01	0.009849647359694139	0.021062102206731863	0.013523259586762548	0.004113864778418841	0.0011400871581419454	0.0016173811191929491	0.005959924845738622	0.005957474109712476	0.0010386297049928494	0.0001126399005419742	99.62814295054376	0.03497227078618631
0.029945946047790495	0.01	0.007	0.007	0.007	0.01	0.012484214293481583	0.025791203410869594	0.017246565024810548	0.005302989327045525	0.001342497584418501	0.0027114348360273823	0.009761389386312424	0.01002804148660875	0.0017607557296758598	0.00017970002895221777	99.51334885663387	0.03496369418408083
0.0373038547381579	0.01	0.007	0.007	0.007	0.01	0.015039307929798273	0.030019144207017366	0.020907166675000383	0.006499462069801057	0.0015052573053325805	0.0041110806662530515	0.014459206662164551	0.015267592916045734	0.0027003027093918004	0.0002595070683504032	99.39413847274733	0.03495477938007017
0.04531141488427902	0.01	0.007	0.007	0.007	0.01	0.017621292897860904	0.03393626766250129	0.024660456161433888	0.007756881198663088	0.0016398935270274127	0.005915988476476683	0.020306703454914258	0.02206749138647842	0.003933487049787358	0.00035526275005074245	99.26456492272678	0.034945080044640774
0.0537344676800751	0.01	0.007	0.007	0.007	0.01	0.020129827900646127	0.03740302595787225	0.028364204401327725	0.009030971187957313	0.0017453174357048519	0.008107013283324188	0.02715360228624538	0.030377126133191646	0.005458443543796944	0.0004634731771944493	99.12845040581588	0.034934880338971575
0.06268324584573137	0.01	0.007	0.007	0.007	0.01	0.022579784551374174	0.04046933295391123	0.03204161858468389	0.010331986431277262	0.0018270992806364431	0.010736316239261317	0.03507763656909202	0.04041739749902195	0.0073238340863252755	0.0005845758573551855	98.98404476887241	0.03492404727960317
0.07208846223792922	0.01	0.007	0.007	0.007	0.01	0.024935058957958178	0.043122072443497673	0.03563921231785048	0.0116431717973928	0.0018885130628703835	0.013805468735673492	0.04399834739720317	0.05221973928032752	0.009544756599060261	0.0007167127254260288	98.83250035477926	0.034912665293642176
0.08199019115637175	0.01	0.007	0.007	0.007	0.01	0.02719207590830702	0.04539491254007866	0.03915084159740529	0.012963838750289195	0.001933641067161055	0.017344127789314746	0.05392157483065079	0.06592506574657268	0.012157896027995252	0.0008595469646165624	98.67320643462301	0.03490068644749915
0.09237848728228641	0.01	0.007	0.007	0.007	0.01	0.02933642564716916	0.047311871508276315	0.042552657395815	0.0142863048897779	0.0019657789193018756	0.021362848494450307	0.06480044961304503	0.08160287087133819	0.01518776473465237	0.0010121371151324524	98.50636084165858	0.03488812338333072
0.10328071381381386	0.01	0.007	0.007	0.007	0.01	0.03136362477579237	0.04890800330658256	0.04583518656823211	0.015607773740389217	0.001987893687238539	0.025883094447303134	0.07662233409392333	0.09936681632613102	0.018668627500475377	0.0011741859066741246	98.33156444339095	0.034874943661874415
0.11471337005973492	0.01	0.007	0.007	0.007	0.01	0.0332678545941835	0.050216510317021394	0.04898595766778328	0.016923840590193216	0.0020024016219694226	0.03092039163781539	0.08936246483764158	0.11930925497508109	0.022632048256567134	0.0013453461830659735	98.14859678125684	0.03486112805111108
0.12670857863960755	0.01	0.007	0.007	0.007	0.01	0.03504682607181655	0.051271787982735434	0.05199743169047055	0.018231674418539512	0.002011281829526259	0.036495352653153186	0.10301348290138633	0.141544350831334	0.0271153963843623	0.0015256030109347416	97.9569920406717	0.03484663851652693
0.13929966350227777	0.01	0.007	0.007	0.007	0.01	0.036698767230833346	0.05210624959667575	0.05486225365905236	0.01952814975251778	0.002016109144667397	0.0426280894351159	0.11757075387771396	0.16618611231891248	0.032157684489111917	0.0017150475428861095	97.75627147565235	0.03483143567555166
0.15252944618351835	0.01	0.007	0.007	0.007	0.01	0.03822342788900333	0.05275046359313029	0.05757504391296456	0.020810645147711124	0.002018135821648911	0.04934229335258381	0.13304222011205055	0.19336466273936942	0.03780301670339728	0.0019139884500306182	97.54581221894287	0.03481546879813906
0.16644614258076137	0.01	0.007	0.007	0.007	0.01	0.03962120475650743	0.05323232975656265	0.06013100651088061	0.022076461139959865	0.0020183609029883454	0.05666357993080603	0.14944393193135022	0.2232197121712352	0.044099495040362056	0.002122878889901889	97.32491452358336	0.03479868079134361
0.18110621129344906	0.01	0.007	0.007	0.007	0.01	0.04089327273502806	0.05357699796362556	0.06252623188941557	0.023322969428556016	0.0020175975643213183	0.0646210634614372	0.16680326991233416	0.25590698015291835	0.05110079717998526	0.002342350717473979	97.09275839484131	0.034781004793976965
0.19657330348503776	0.01	0.007	0.007	0.007	0.01	0.04204129148430576	0.05380672314940297	0.0647572259199958	0.02454737955869889	0.002016528931682404	0.07324688718138539	0.185157408276707	0.2915963277747734	0.058866060574178626	0.0025731937534750116	96.848422600944	0.03476236548242573
0.21291911234887834	0.01	0.007	0.007	0.007	0.01	0.043067374126646116	0.0539409199665577	0.06682088755596041	0.0257466958860418	0.0020157509082102446	0.08257662495350616	0.20455382166044425	0.33047334807918227	0.06746049186813942	0.0028163675733594838	96.59087383291997	0.03474267809017153
0.23022250151833434	0.01	0.007	0.007	0.007	0.01	0.04397397836539129	0.05399626402428207	0.06871431995273275	0.026917556034632195	0.0020157999978551934	0.0926486235367556	0.2250486148899825	0.37273644500596664	0.07695497180347681	0.003072991432610771	96.31898340337096	0.034721849507477226
0.24856830421260967	0.01	0.007	0.007	0.007	0.01	0.04476388507380197	0.05398686633331671	0.07043478847857061	0.02805610518710316	0.002017165073536027	0.10350299696190894	0.24670437046098206	0.4185921839889062	0.08742516996738406	0.0033443326153693464	96.03154922934668	0.03469977977973476
0.2680441725459789	0.01	0.007	0.007	0.007	0.01	0.045440198425808376	0.05392449130922317	0.07197970580196793	0.029157832546020054	0.0020202828471901977	0.11517933104696437	0.26958567714462667	0.46824482243022963	0.09894914592007371	0.003631767825634196	95.72734825358066	0.03467636595023304
0.2887356327935599	0.01	0.007	0.007	0.007	0.01	0.04600642601079648	0.05381881374840012	0.07334677988686067	0.030217448828161853	0.002025517896895624	0.12771317997632695	0.2937526575269477	0.5218801469711958	0.11160328480591561	0.003936717743169571	95.40521613439918	0.03465150804806462
0.31071945826021286	0.01	0.007	0.007	0.007	0.01	0.046466642857367076	0.05367769781620229	0.07453437538608511	0.03122886442082953	0.002033130445287881	0.14113149612334616	0.3192527929023348	0.5796440846236205	0.12545649437475342	0.004260552855216074	95.06415160393176	0.03462511707286299
0.33405853074189573	0.01	0.007	0.007	0.007	0.01	0.04682574589382699	0.053507462125511496	0.07554218569479858	0.03218542663404034	0.0020432397000855417	0.15544907735450766	0.34611486818116394	0.6416251115936531	0.14056471418830077	0.004604512788913045	94.7033955507521	0.034597121157206506
0.3588023180287973	0.01	0.007	0.007	0.007	0.01	0.04708968648506266	0.053313084614955555	0.0763720619528507	0.03308046865849805	0.0020557957397637164	0.17066876646810453	0.3743497070410326	0.7078527976447687	0.15696892709976065	0.004969696194672495	94.32242156389766	0.03456746496422408
0.38499606887217225	0.01	0.007	0.007	0.007	0.01	0.04726550722975709	0.05309832166026871	0.07702863162176128	0.03390804519661501	0.0020705736179190064	0.186787392409859	0.40396080878103313	0.7783219943320686	0.17469957326228427	0.005357166937852966	93.92079264512122	0.03453609864369333
0.4126954185688676	0.01	0.007	0.007	0.007	0.01	0.047361057103874254	0.05286577989362055	0.07751928344004075	0.03466350078409708	0.0020871938504198433	0.20380523779482415	0.43496047531537924	0.8530337417721874	0.19378582748134077	0.005768132866316525	93.49793864519879	0.034502960370577665
0.4419793873470679	0.01	0.007	0.007	0.007	0.01	0.04738446850039267	0.05261700982022213	0.07785348727212328	0.035343614440606935	0.002105160310973884	0.22173434900373168	0.4673831237207596	0.9320323867914293	0.21426484897350428	0.0062041001267309675	93.0529641901044	0.034467960906472805
0.47295580506852	0.01	0.007	0.007	0.007	0.01	0.047343616521006306	0.05235266580540748	0.07804180875047703	0.035946340320965595	0.0021239007388907426	0.24060175955112567	0.5012892748330567	1.01542095741421	0.23618609803033944	0.006666917858509197	92.5845773419049	0.034430977309363446
0.5057529933837723	0.01	0.007	0.007	0.007	0.01	0.047245764649466844	0.05207276730406781	0.07809506143849271	0.036470312961577364	0.0021427974430273133	0.26044392323215704	0.5367541595930192	1.1033375570978763	0.25960546732962747	0.007158619014506429	92.09122840568523	0.03439186309343281
0.5404833529625639	0.01	0.007	0.007	0.007	0.01	0.04709756830935424	0.051777166126959255	0.07802400315989748	0.03691428092484755	0.002161200717880687	0.2812842631643066	0.5738270194932013	1.1958561664546037	0.28455833514155227	0.007680835649355549	91.57166547546983	0.03435049179964204
0.5771573395863436	0.01	0.007	0.007	0.007	0.01	0.046905620662882785	0.05146638728758262	0.07784005488233682	0.03727677320991853	0.0021784295831535276	0.3030824907962297	0.6124416345704627	1.2927610736887685	0.3109960996344415	0.008233459535804857	91.0262076731874	0.0343068592514643
0.6155804783189014	0.01	0.007	0.007	0.007	0.01	0.046677345101081597	0.0511425514132372	0.07755702241434362	0.03755682090143619	0.002193802776903491	0.32567760419545655	0.6523175593543362	1.3932930248023068	0.33871146216312226	0.008813051418266112	90.45821936138373	0.034261205114835006
0.6554079364632507	0.01	0.007	0.007	0.007	0.01	0.046420839006119104	0.05080891668154216	0.07719146567132516	0.037756134631665564	0.0022067611311117224	0.3488270499795375	0.6930318555173982	1.496325451295562	0.36738153963260156	0.009413673473389164	89.87321229750356	0.03421394649945633
0.6963580801160247	0.01	0.007	0.007	0.007	0.01	0.046143214332292994	0.05046809556476463	0.07675984315216319	0.03788009527091147	0.0022169833945725297	0.37233509442493945	0.7342453839257665	1.600940621385115	0.396728598111224	0.010030182822512298	89.27565919039586	0.034165423691744884
0.7382786661929559	0.01	0.007	0.007	0.007	0.01	0.04584976652870182	0.050121545083222786	0.07627609300862563	0.03793610902139958	0.002224358623767978	0.39608862022298985	0.7757637930024402	1.7065929210578619	0.4265719708055862	0.010659306027480827	88.66806035127411	0.03411582226414038
0.7810998586095957	0.01	0.007	0.007	0.007	0.01	0.04554422769717704	0.04976999985347696	0.0757512548374354	0.03793194772953101	0.002228908805524933	0.4200263487824515	0.8174821880969058	1.8129731163751044	0.45679523120905113	0.011298976328174568	88.05167733046031	0.03406522956573616
0.824805291911924	0.01	0.007	0.007	0.007	0.01	0.04522911091621884	0.04941373788209563	0.07519371765058876	0.03787496474251953	0.0022307337266716633	0.4441196729192308	0.8593511568687403	1.9199227281909867	0.48732486026972793	0.011947919291187381	87.42698449843901	0.03401366951441167
0.8694085310454774	0.01	0.007	0.007	0.007	0.01	0.04490606603829634	0.04905278965269818	0.07460973739483637	0.0377717861128421	0.0022299742762546845	0.46835763026934407	0.9013505159771856	2.027366299587014	0.5181124013136563	0.012605306998767198	86.79402833183067	0.03396113076605727
0.9149439364711868	0.01	0.007	0.007	0.007	0.01	0.044576116605976504	0.04868702194043169	0.07400386755783767	0.03762823266232569	0.0022267900243130574	0.49274064193999256	0.9434785164814629	2.135282545160853	0.5491268153976961	0.013270620912861788	86.15257087818745	0.03390757772075524
0.9614590992402023	0.01	0.007	0.007	0.007	0.01	0.04423985146099835	0.04831620511871641	0.07337935927503264	0.037449344829635814	0.0022213453056678565	0.5172755415982913	0.9857433331990005	2.243681323574105	0.5803480669964167	0.013943534556082484	85.50220615837615	0.03385295959892762
1.0090116393457953	0.01	0.007	0.007	0.007	0.01	0.0438975515661735	0.047940043042453535	0.07273846304710194	0.03723944527568373	0.0022138009177515125	0.5419732530487096	1.0281591409490554	2.352592501849552	0.6117638875488604	0.014623858896628936	84.8424118291919	0.03379721433070305
1.0576665642525422	0.01	0.007	0.007	0.007	0.01	0.04354928529693299	0.047558197301561925	0.07208267550935124	0.037002217271366586	0.002204309446478923	0.5668469375524999	1.0707429818959446	2.4620570501101664	0.6433670663028649	0.015311495197017088	84.17259137697772	0.03374027176067963
1.1074952020947038	0.01	0.007	0.007	0.007	0.01	0.043194971285687396	0.047170298306442295	0.0714129217491605	0.03674078079156293	0.0021930127763704244	0.5919110786795343	1.1135132254344358	2.572122413997154	0.6751539196012627	0.01600641041707227	83.49209339705008	0.033682054989775584
1.1585745976895638	0.01	0.007	0.007	0.007	0.01	0.042834422429392734	0.046775952481400915	0.07072969503707988	0.03645776324734697	0.0021800409870512565	0.6171808628359816	1.1564885120079704	2.682839299239353	0.7071231476232683	0.016708619019567973	82.80022412474989	0.033622481170766494
1.210987638829291	0.01	0.007	0.007	0.007	0.01	0.04246737356999527	0.04637474375181398	0.07003315766967108	0.036155360640688104	0.0021655119915009	0.64267195245281	1.1996873455787924	2.794260266006169	0.7392752100233868	0.017418174708652544	82.09624998870562	0.03356146145279779
1.2648235735756288	0.01	0.007	0.007	0.007	0.01	0.042093498650172326	0.045966232236309766	0.06932321402389269	0.03583538986482884	0.002149531594527323	0.6684004441533434	1.2431279768018915	2.906439190894674	0.7716119555513898	0.018135166858733783	81.37939527088056	0.03349890047976825
1.320179065248839	0.01	0.007	0.007	0.007	0.01	0.041712418842148796	0.04554994924879233	0.06859955938630502	0.03549933150976542	0.0021321936909790575	0.694383053266645	1.28682864320734	3.0194317509574757	0.8041365513488206	0.0188597230494538	80.64883329125574	0.03343469527940917
1.3771597627176673	0.01	0.007	0.007	0.007	0.01	0.041323703737443686	0.04512538906355913	0.06786170946428538	0.035148363904290644	0.002113580453241798	0.7206374787523887	1.3308080812382053	3.133296700880799	0.8368536430843454	0.019592016551931057	79.90367190463091	0.03336873357882961
1.4358824648623092	0.01	0.007	0.007	0.007	0.01	0.04092686653804012	0.044691997162732894	0.06710901337032814	0.034783388822424204	0.0020937623969822326	0.7471829487463993	1.3750863009125571	3.248097916262819	0.8697697326309591	0.020332278786848793	79.14293281044546	0.033300891466128406
1.4964781765550295	0.01	0.007	0.007	0.007	0.01	0.040521352453114126	0.044249153168974	0.06634064955030602	0.03440504801829381	0.002072798181583276	0.7740410360795013	1.419685758189305	3.363907557654436	0.9028938667672198	0.021080819184326964	78.36552151433352	0.03323103006888715
1.5590963976133076	0.01	0.007	0.007	0.007	0.01	0.04010651915873388	0.04379614656172694	0.06555560343104966	0.034013729542619	0.0020507340101046465	0.8012368289235688	1.4646330436741148	3.4808106792695055	0.9362387169916296	0.02183805467954483	77.57018459303082	0.0331589908773351
1.6239112388622556	0.01	0.007	0.007	0.007	0.01	0.03968160659501212	0.04333214174211352	0.06475262254154583	0.03360956140735325	0.0020276024316196956	0.8288006198404886	1.509961323099042	3.5989119249662838	0.9698222152957423	0.022604553153403123	76.75544821790773	0.033084589060071175
1.6911306358477534	0.01	0.007	0.007	0.007	0.01	0.03924568930819401	0.04285612470964647	0.06393013721289391	0.03319238632314103	0.0020034201348097845	0.8567705054581733	1.555714118661893	3.7183459011202644	1.003670168796319	0.023381101336167002	75.91952432984664	0.033007603363424474
1.761010722456378	0.01	0.007	0.007	0.007	0.01	0.03879760029218539	0.042366819068357785	0.06308612711873189	0.03276170714874293	0.0019781840780598355	0.8851965024014394	1.6019513235892944	3.8392936571077483	1.037820491769768	0.02416881331136657	75.06016285796012	0.03292776031721783
1.833881851124037	0.01	0.007	0.007	0.007	0.01	0.03833578885615451	0.041862530290645864	0.062217864636069355	0.03231656732233233	0.0019518637912637011	0.914148345454229	1.6487607839674387	3.962014194195241	1.0723314776805482	0.02496933834051245	74.17437777506427	0.03284470549385716
1.910189561559492	0.01	0.007	0.007	0.007	0.01	0.03785809937706163	0.04134090378620573	0.061321512913444856	0.03185535417936684	0.0019243890416175242	0.9437273705359974	1.6962757260905998	4.086892132676845	1.1072942390709664	0.025785176559935452	73.25802146093605	0.032757958364042584
1.9905881947220467	0.01	0.007	0.007	0.007	0.01	0.03736125000508875	0.04079835545474594	0.06039116880647918	0.03137531339590297	0.0018956201456660484	0.9740953406572128	1.7447179493268499	4.214554697848184	1.142863822775107	0.026620452051949576	72.30478315737818	0.03266680849733005
2.076164415902085	0.01	0.007	0.007	0.007	0.01	0.036839578912243494	0.04022870249909981	0.05941655481427734	0.030871360333690766	0.0018652757384287773	1.0055440931141542	1.7945025862434814	4.346154881737812	1.1793348133932902	0.02748278410346772	71.30378097404216	0.03257006731047574
2.1691661798036774	0.01	0.007	0.007	0.007	0.01	0.036280912904214244	0.039618652006661356	0.058375396521725756	0.030332130586633088	0.0018326934804599455	1.0387271565903828	1.8465887541391761	4.484316320692757	1.2173949095774224	0.028389526135745153	70.23162838932397	0.0324652566187925
2.27654069100646	0.01	0.007	0.007	0.007	0.01	0.03564645703643979	0.03892584121014629	0.057196297472380885	0.029720706848277326	0.001795664958899113	1.075789547427467	1.9041926963950964	4.637745741084613	1.2593643021689076	0.02939821500959177	69.01381781440412	0.03234466762201043
2.3764511106422797	0.01	0.007	0.007	0.007	0.01	0.03506609190493544	0.038292094696654747	0.056120873258615755	0.029162568305781674	0.001761823412455857	1.1091121404936777	1.9554365544862393	4.774858034634915	1.2965847867423166	0.03030126168187306	67.89963633196466	0.0322328636437188
2.4677609024180325	0.01	0.007	0.007	0.007	0.01	0.034543969218150956	0.037721947460915395	0.05515600060143554	0.0286615414666307	0.0017314288070832322	1.1386167691106133	2.0003489796490843	4.895568201816782	1.3291119706308754	0.031097642331565666	66.89710638209206	0.03213102216060034
2.556811748887564	0.01	0.007	0.007	0.007	0.01	0.034042265989319226	0.037174097982649305	0.05423125139916668	0.028181185031892108	0.0017022979397883133	1.166544389668306	2.0424391124254675	5.009199827618224	1.3595104284236674	0.031848573648063115	65.93363758569465	0.03203201010957003
2.6450894404618452	0.01	0.007	0.007	0.007	0.01	0.03355212373045929	0.0366388727761916	0.05333011053222564	0.02771298121011785	0.001673927635781464	1.193427753717966	2.082545976872021	5.1179814223133855	1.3883960744653454	0.03256868033124348	64.99223029384542	0.03193415884562457
2.7328233807012574	0.01	0.007	0.007	0.007	0.01	0.033072005237039834	0.03611459317768127	0.05244963628349978	0.02725543919966721	0.0016462348974585108	1.2193771261288582	2.1208571141359736	5.222399777989887	1.415911084642693	0.033261126259298064	64.0699396192209	0.031837206463384504
2.820153048539995	0.01	0.007	0.007	0.007	0.01	0.03260093429332324	0.03560019317088046	0.05158793840478531	0.026807601911091754	0.0016191663184271805	1.2444677110027091	2.157503609440399	5.322793073061797	1.442155950999933	0.033928106802012525	63.1648967886416	0.03174099314979031
2.907215135069069	0.01	0.007	0.007	0.007	0.01	0.032137997707785575	0.03509467557243962	0.05074325780407087	0.026368572230562742	0.0015926702254515897	1.26876797542186	2.192603320852664	5.419467053969192	1.4672208479736784	0.03457161361862796	62.27535303447228	0.03164536406371908
2.994125505545238	0.01	0.007	0.007	0.007	0.01	0.03168243607205484	0.03459721112796901	0.04991413020031498	0.02593760084089372	0.001566702482353442	1.2923353588426751	2.2262551350529725	5.512678742872371	1.491181656144967	0.03519332396393531	61.399854131489825	0.031550188981331294
3.080978863798159	0.01	0.007	0.007	0.007	0.01	0.031233635992800424	0.034107130028195404	0.04909936862621566	0.025514078941169322	0.0015412264113845925	1.3152173487590533	2.2585412080840848	5.602641794725986	1.5141017233709693	0.0357946336535707	60.53722568873542	0.03145536229533775
3.1678495588006026	0.01	0.007	0.007	0.007	0.01	0.03079111692737885	0.033623907533711035	0.04829803639044915	0.02509752537856783	0.0015162122737311934	1.3374527565248027	2.2895294204073977	5.689532513009898	1.5360337552215575	0.036376694817976216	59.68654804935014	0.031360801775725984
3.2547978096330947	0.01	0.007	0.007	0.007	0.01	0.03035449180061911	0.03314712096948556	0.04750937310424514	0.024687548977284157	0.0014916351954508656	1.3590741964729427	2.3192773896326133	5.77350037467868	1.5570227771981098	0.0369404843540435	58.84708075263739	0.031266441481609675
3.341871556966912	0.01	0.007	0.007	0.007	0.01	0.029923452138993955	0.0326764334916903	0.046732765901417644	0.024283834097857147	0.0014674744419028213	1.3801091857757883	2.347834397248317	5.854672919157011	1.5771075846909233	0.03748683523428994	58.018234077083406	0.031172229524422036
3.4291087865656467	0.01	0.007	0.007	0.007	0.01	0.029497751940319797	0.03221157647380186	0.04596771878959727	0.023886125055181645	0.0014437125916467314	1.4005812266962632	2.375243202570472	5.93316043262016	1.5963220925727835	0.03801646678469677	57.199538125752746	0.031078125361533305
3.516539368131974	0.01	0.007	0.007	0.007	0.01	0.029077195016523567	0.03175233568520292	0.0452138286537088	0.023494213882104896	0.0014203348874708137	1.42051064632282	2.401541443691631	6.00905957109503	1.614696375697498	0.03853000813836683	56.39061856520546	0.030984097657369453
3.604186534840589	0.01	0.007	0.007	0.007	0.01	0.02866162492911229	0.031298540300950244	0.044470766228463625	0.02310793060103023	0.001397328720205778	1.4399152550818983	2.426762729439526	6.082456190549983	1.632257478235812	0.03902801659156372	55.59117733121722	0.030890122566112746
3.6920680585742494	0.01	0.007	0.007	0.007	0.01	0.028250917049407	0.030850054231735147	0.04373826112391451	0.022727135551895084	0.0013746832222567699	1.4588108604814631	2.450937487340425	6.1534275481163885	1.6490300410940832	0.03951099190868408	54.8009774060829	0.030796182368656225
3.7801972183640697	0.01	0.007	0.007	0.007	0.01	0.02784497212341222	0.03040676909686901	0.0430160897350386	0.022351713185055442	0.0013523889383863777	1.4772116760291856	2.4740936328050607	6.22204404525552	1.6650367958100505	0.039979387684408445	54.01983047830475	0.030702264352877717
3.868583605200599	0.01	0.007	0.007	0.007	0.01	0.027443711027233586	0.029968598497318803	0.042304065431310975	0.021981567015953236	0.0013304375577309056	1.495130647772028	2.496257098079985	6.288370611735657	1.6802989538944915	0.0404336203978864	53.24758688308984	0.030608359886580006
3.957233775635574	0.01	0.007	0.007	0.007	0.01	0.0270470705644478	0.029535473426528742	0.04160203072618312	0.02161661559291935	0.0013088216996744084	1.512579711598201	2.5174522455699537	6.352467791227521	1.6948365104260832	0.04087407654255792	52.48412753993009	0.03051446366614757
4.046151771330407	0.01	0.007	0.007	0.007	0.01	0.02665500014724949	0.029107338646305374	0.040909851114873885	0.02125678932112703	0.0012875347453444948	1.5295699937656027	2.5377021879707984	6.414392584732212	1.7086684788631383	0.04130111818883922	51.729357584753046	0.03042057311933958
4.135339574479678	0.01	0.007	0.007	0.007	0.01	0.026267458988323656	0.02868414962040315	0.04022740989669804	0.02090202779065098	0.0012665706947733422	1.5461119751515944	2.55702904551782	6.4741991348494565	1.7218130790231838	0.04171508752830919	50.98320098003207	0.030326687885643425
4.224797445172457	0.01	0.007	0.007	0.007	0.01	0.025884413995446262	0.02826587021547177	0.03955460430280036	0.02055227777777818	0.001245924060361623	1.5622156140315826	2.5754541383871357	6.5319392379536465	1.7342878777981259	0.04211631029290401	50.24559647358767	0.030232809429232073
4.314524258114776	0.01	0.007	0.007	0.007	0.01	0.02550583781793029	0.02785247056781557	0.03889134194341718	0.02020749140868217	0.0012255897670869068	1.5778904535714324	2.5929981485666738	6.58766278413284	1.7461099067195838	0.042505098724834524	49.516493846400586	0.030138940659180206
4.404517731242658	0.01	0.007	0.007	0.007	0.01	0.025131707482548084	0.027443925593846938	0.03823753833375346	0.019867624881182416	0.00120556308319971	1.593145697314172	2.6096812343848597	6.641418068236964	1.757295745509853	0.04288175369364749	48.795851292740984	0.0300450856688327
4.494774670208484	0.01	0.007	0.007	0.007	0.01	0.02476200306339049	0.027040213537597654	0.0375931145129777	0.019532637233059886	0.0011858395516952318	1.607990277643099	2.62552312859605	6.693252064797116	1.7678615930156873	0.043246566595141436	48.08363286344267	0.02995124946316814
4.585291108710696	0.01	0.007	0.007	0.007	0.01	0.024396706869466933	0.026641315083591778	0.03695799559537757	0.019202489593625457	0.0011664149485230639	1.6224328985896503	2.640543201239899	6.743210603366456	1.777823313275044	0.043599820580537255	47.37980690461054	0.029857437798726218
4.6760624814385086	0.01	0.007	0.007	0.007	0.01	0.024035802563158463	0.026247212394212113	0.03633210922111591	0.01887714438215451	0.0011472852363148003	1.6364820780439684	2.654760516383393	6.791338534851448	1.787196476566407	0.04394179174305479	46.68434436173631	0.02976365699264687
4.767083757529319	0.01	0.007	0.007	0.007	0.01	0.02367927450099124	0.02585788838983446	0.03571538441228557	0.01855656471632556	0.001128446529305436	1.6501461781133953	2.668193871343771	6.8376798504247835	1.7959963879919538	0.044272749988701725	45.99721751086809	0.029669913775706745
4.858349527694679	0.01	0.007	0.007	0.007	0.01	0.02332710730423336	0.025473326279924626	0.03510775084032277	0.01824071403398655	0.0011098950698260864	1.6634334243963373	2.6808618209435338	6.882277757895751	1.804238105594105	0.04459295961808201	45.31839913172096	0.029576215195471024
4.949854129231001	0.01	0.007	0.007	0.007	0.01	0.02297928532096821	0.025093508975630147	0.034509137916167706	0.017929555622407955	0.001091627198631817	1.6763519276749406	2.6927827009526157	6.925174762471471	1.8119364574505552	0.04490267995039496	44.647861470850735	0.029482568482456614
5.041591687567142	0.01	0.007	0.007	0.007	0.01	0.022635792444201126	0.02471841889115269	0.033919474502989065	0.017623052470860733	0.0010736393435428655	1.6889096907984706	2.703974634768733	6.966412694713656	1.8191060474744623	0.04520216557673821	43.98557589045571	0.029388981003764976
5.1335562012149705	0.01	0.007	0.007	0.007	0.01	0.022296611787117296	0.02434803758913312	0.03333868838746672	0.017321166997464176	0.001055928000256024	1.7011146200674416	2.714455542606547	7.006032751562966	1.8257612626069983	0.04549166671179965	43.331512241392694	0.02929546017348039
5.225741603366456	0.01	0.007	0.007	0.007	0.01	0.021961725472236182	0.023982345550408825	0.03276670595198961	0.017023860880289326	0.0010384897188830294	1.7129745315580673	2.724243144265372	7.044075518590551	1.8319162756360585	0.0457714294144647	42.68563845533884	0.02920201338837915
5.318141781319022	0.01	0.007	0.007	0.007	0.01	0.02163111459109961	0.023621322129990855	0.03220345214071466	0.01673109504105529	0.0010213210991295452	1.7244971509189857	2.7333549553379477	7.080580970036409	1.837585043740803	0.046041695647117506	42.047920465573505	0.02910864800740171
5.410750633013985	0.01	0.007	0.007	0.007	0.01	0.02130475904043373	0.023264945378153302	0.031648850215317055	0.016442829519381103	0.0010044187788868504	1.7356901173319164	2.741808286238811	7.115588481578115	1.842781308753673	0.04630270342808702	41.418321889371526	0.029015371294201717
5.50356211185948	0.01	0.007	0.007	0.007	0.01	0.02098263741641533	0.022913191924970808	0.031102821611706747	0.016159023399409632	0.0009877794257526073	1.7465609850885888	2.749620238374694	7.149136834517356	1.8475185955318765	0.04655468692180366	40.796803822245785	0.028922190372554057
5.596570216421726	0.01	0.007	0.007	0.007	0.01	0.020664727109178858	0.022566037083516153	0.030565286136045713	0.015879634912689608	0.0009713997387723417	1.7571172183430497	2.7568076950473435	7.18126419857198	1.8518102071164013	0.046797876366809994	40.183325018454155	0.02882911223773195
5.689769047977758	0.01	0.007	0.007	0.007	0.01	0.020351004166143907	0.02222345470061421	0.03003616176746593	0.015604621336544491	0.0009552764382225057	1.767366193778167	2.763387318081947	7.212008139206334	1.8556692234123153	0.04703249818482108	39.57784162545523	0.02873614370011452
5.783152818988322	0.01	0.007	0.007	0.007	0.01	0.02004144333316743	0.021885417201776468	0.029515364761664043	0.015333939048747516	0.0009394062645302352	1.7773151972824028	2.769375539951371	7.241405606312087	1.8591084971445415	0.04725877494769643	38.98030726141624	0.02864329137864131
5.87671584913516	0.01	0.007	0.007	0.007	0.01	0.019736018136737574	0.02155189568095344	0.02900280982092216	0.01506754361664478	0.0009237859792587182	1.7869714195897792	2.774788555736928	7.269492920393166	1.8621406498482411	0.04747692532009671	38.39067317202933	0.02855056170674475
5.970452598539332	0.01	0.007	0.007	0.007	0.01	0.019434700844516074	0.02122285985744599	0.028498410057441123	0.014805389778784383	0.0009084123598984454	1.7963419560409113	2.779642317864393	7.296305771293189	1.864778069543415	0.04768716409453649	37.80888815256249	0.02845796090154357
6.06435765756415	0.01	0.007	0.007	0.007	0.01	0.01913746257016032	0.020898278190367103	0.028002077197134892	0.014547431551460497	0.0008932822020478407	1.8054338019531488	2.7839525285872733	7.321879204405423	1.8670329072190481	0.04788970212563255	37.23489874848557	0.028365494976362562
6.158425786346995	0.01	0.007	0.007	0.007	0.01	0.018844273219252968	0.020578117819596304	0.027513721515404408	0.014293622195899	0.0008783923135784436	1.8142538531537376	2.7877346354972494	7.346247622058564	1.8689170750651087	0.04808474637916153	36.66864914937307	0.028273169704332246
6.252651879544035	0.01	0.007	0.007	0.007	0.01	0.018555101672223698	0.0202623447655254	0.027033252166539415	0.014043914389968389	0.0008637395208696476	1.8228088994952254	2.7910038241097523	7.369444765604322	1.8704422432902952	0.04827249982398067	36.110081540534246	0.028180990655792378
6.347030974502381	0.01	0.007	0.007	0.007	0.01	0.01826991582475078	0.019950923973175674	0.026560577271751908	0.013798260274390722	0.0008493206678684215	1.8311056231176384	2.7937750135403623	7.391503711765884	1.8716198387697804	0.04845316143050039	35.55913617959265	0.02808896319274353
6.441558265671023	0.01	0.007	0.007	0.007	0.01	0.01798868260999101	0.01964381933647121	0.02609560397537993	0.01355661148236428	0.0008351326143266268	1.8391505974227549	2.796062852752212	7.412456871214273	1.8724610440552325	0.04862692618369056	35.01575143802373	0.027997092457401625
6.536229119023942	0.01	0.007	0.007	0.007	0.01	0.017711368022640193	0.019340993724511122	0.025638238502797943	0.013318919170030984	0.0008211722342372245	1.8469502861348586	2.797881717046783	7.432335987569019	1.8729767965651583	0.048793985096646016	34.479863846271925	0.027905383361014124
6.631039036182819	0.01	0.007	0.007	0.007	0.01	0.0174379372886356	0.019042409166881158	0.025188386456350974	0.013085134170603769	0.0008074364216553532	1.8545110385065455	2.79924570420407	7.451172127121876	1.8731777879353133	0.04895452514150777	33.951408420412434	0.027813840621434303
6.725983681160208	0.01	0.007	0.007	0.007	0.01	0.017168354846611347	0.018748026833402615	0.024745952797970344	0.012855206985622748	0.0007939220871668245	1.8618390901375599	2.8001686327367667	7.468995683681685	1.8730744643420234	0.04910872930147855	33.43031862519382	0.02772246873984273
6.821058869371685	0.01	0.007	0.007	0.007	0.01	0.01690258443909773	0.018457807133719674	0.024310842011122834	0.012629087869376816	0.0007806261599540535	1.8689405608842746	2.800664039858053	7.48583637635859	1.8726770269199176	0.04925677656000253	32.916526549230646	0.027631272014104095
6.916260562802944	0.01	0.007	0.007	0.007	0.01	0.016640589181941536	0.018171709793104816	0.023882958224530387	0.01240672689342403	0.0007675455888591783	1.8758214536334874	2.8007451802895913	7.501723250164256	1.8719954327038175	0.04939884190885852	32.40996303823615	0.027540254546033927
7.011584852425895	0.01	0.007	0.007	0.007	0.01	0.016382331664776668	0.01788969396217084	0.023462205384304307	0.012188074036241177	0.0007546773450746221	1.8824876525077425	2.8004250257647714	7.516684675971189	1.8710393961357803	0.04953509634519023	31.91055788841968	0.02744942026069694
7.107027984737237	0.01	0.007	0.007	0.007	0.01	0.01612777392840828	0.01761171819217441	0.02304848722349526	0.011973079167567988	0.0007420184188222772	1.88894492446444	2.799716265001692	7.5307483586774895	1.8698183905382455	0.049665706938391466	31.418239801982292	0.027358772883529964
7.2025863313648735	0.01	0.007	0.007	0.007	0.01	0.01587687759535307	0.01733774057756356	0.022641707479846052	0.01176169216171095	0.0007295658237232154	1.8951989170734331	2.798631304213565	7.543941337076254	1.8683416503778183	0.04979083681847129	30.932936638849494	0.027268315971760774
7.2982563964919285	0.01	0.007	0.007	0.007	0.01	0.015629603894067767	0.017067718782434977	0.02224176993842684	0.011553862919819713	0.000717316595986349	1.9012551592362212	2.7971822680782505	7.5562899908682475	1.8666181735290472	0.04991064522503981	30.45457546293819	0.027178052909625005
7.394034824266746	0.01	0.007	0.007	0.007	0.01	0.015385913683383056	0.016801610067214954	0.021848578473783124	0.011349541391890776	0.0007052677937124264	1.9071190619728617	2.7953810008816795	7.567820047907978	1.8646567236346074	0.05002528755677958	29.983082588864733	0.02708798690372735
7.489918361697749	0.01	0.007	0.007	0.007	0.01	0.015145767587661466	0.016539371436250106	0.021462037269303614	0.011148677690844107	0.0006934165017283056	1.9127959166841282	2.7932390689016966	7.578556586871805	1.862465833625848	0.05013491537170743	29.518383842970007	0.026998121020183948
7.585903884937201	0.01	0.007	0.007	0.007	0.01	0.014909125966575626	0.016280959604805783	0.021082050768035196	0.010951222067028076	0.0006817598283696615	1.9182908975613913	2.790767762112452	7.58852404860308	1.8600538082641684	0.05023967646917005	29.060404504476836	0.026908458161947257
7.68198838743689	0.01	0.007	0.007	0.007	0.01	0.01467594898141059	0.016026331071467094	0.0207085237784979	0.010757124963255336	0.0006702949070991572	1.9236090617335648	2.787978096770468	7.597746243089981	1.85742872754584	0.05033971492691064	28.609069433447925	0.026819001082051618
7.778168967999224	0.01	0.007	0.007	0.007	0.01	0.014446196657419474	0.015775442186230688	0.020341361572561854	0.010566337065698435	0.000659018898001029	1.9287553496578047	2.7848808184750418	7.606246357390738	1.8545984503958863	0.050435171143503564	28.164303191212426	0.026729752396725218
7.87444283149509	0.01	0.007	0.007	0.007	0.01	0.014219828912587523	0.01552824918191489	0.0199804699283269	0.010378809326193783	0.0006479289877078898	1.9337345863812818	2.781486405187162	7.614046965392863	1.8515706182025151	0.05052618189737281	27.726030095852522	0.026640714586575787
7.970807276773456	0.01	0.007	0.007	0.007	0.01	0.013996805614717582	0.01528470823649661	0.019625755217287343	0.010194493007545961	0.0006370223907817681	1.9385514822489534	2.7778050709146798	7.621170036891748	1.8483526588647394	0.050612880395505225	27.294174332583502	0.02655189000956694
8.067259716450996	0.01	0.007	0.007	0.007	0.01	0.013777086562626769	0.015044775452578499	0.019277124369905457	0.010013339665640442	0.0006262963474779455	1.9432106353208078	2.7738467684030175	7.627636949409258	1.8449517898902703	0.05069539635288188	26.868659917248227	0.026463280884523634
8.163797658363125	0.01	0.007	0.007	0.007	0.01	0.013560631555754104	0.014808406933399782	0.01893448498138687	0.00983530120439955	0.0006157481258797057	1.9477165318989709	2.7696211933586334	7.63346849719144	1.8413750227851957	0.05077385603713511	26.449410831039554	0.026374889310037616
8.260418686903835	0.01	0.007	0.007	0.007	0.01	0.013347400458889509	0.01457555885352003	0.01859774540820452	0.009660329925921354	0.000605375023844612	1.9520735472906043	2.7651377891032527	7.638684901085756	1.8376291676933818	0.050848382318507246	26.036351145882747	0.026286717283123057
8.357120476310627	0.01	0.007	0.007	0.007	0.01	0.013137353193154656	0.014346187448970798	0.018266814747156378	0.009488378519574868	0.0005951743674411843	1.956285948154791	2.7604057500001327	7.643305820623862	1.833720836928244	0.05091909474729753	25.62940500703191	0.026198766688516215
8.453900778321884	0.01	0.007	0.007	0.007	0.01	0.01293044978317361	0.014120249068765946	0.017941602902890753	0.009319400097057496	0.0005851435121655433	1.96035789370203	2.75543402609491	7.647350364649932	1.8296564494785823	0.05098610961088244	25.22849672453853	0.0261110393114015
8.550757429021962	0.01	0.007	0.007	0.007	0.01	0.012726650360758186	0.013897700178926106	0.017622020586338303	0.009153348191546154	0.0005752798421156638	1.9642934377982024	2.7502313269408853	7.650837103039137	1.8254422347831847	0.05104954000572179	24.833550780519406	0.026023536832598337
8.647688329994486	0.01	0.007	0.007	0.007	0.01	0.012525915221897293	0.013678497424711085	0.0173079793964312	0.00899017680011916	0.0005655807717838291	1.9680965300419926	2.744806126839808	7.653784077455516	1.8210842376099126	0.05110949589218616	24.444491939751114	0.025936260846958256
8.74469146796089	0.01	0.007	0.007	0.007	0.01	0.01232820480139514	0.013462597602925341	0.016999391772273924	0.0088298403588618	0.000556043743942547	1.9717710184461552	2.7391666680852587	7.656208813550146	1.8165883212690312	0.05116608417485433	24.061245200712147	0.025849212846934387
8.841764895871354	0.01	0.007	0.007	0.007	0.01	0.012133479727289403	0.01324995772134261	0.016696171070049753	0.008672293782779924	0.000546666231410472	1.9753206505867271	2.733320966334098	7.658128331802181	1.8119601725042966	0.05121940875771134	23.683735901265916	0.02576239424091612
8.9389067332256	0.01	0.007	0.007	0.007	0.01	0.01194170083321166	0.01304053501220391	0.016398231573580835	0.00851749247123752	0.0005374457368418661	1.9787490755748796	2.7272768150106397	7.659559159109915	1.80720530555298	0.05126957061229123	23.31188974287601	0.025675806354102167
9.03611514705348	0.01	0.007	0.007	0.007	0.01	0.011752829207422669	0.01283428698576402	0.01610548856151124	0.008365392342811412	0.0005283797943069337	1.982059845378587	2.7210417909613316	7.660517340117366	1.8023290671458407	0.051316667835975244	22.945632885965757	0.025589450446524276
9.13338838439117	0.01	0.007	0.007	0.007	0.01	0.01156682614003169	0.012631171372656262	0.015817858216289688	0.008215949787947735	0.0005194659660591838	1.9852564179374776	2.7146232568617017	7.661018449095984	1.7973366389223477	0.051360795735582415	22.584891847874733	0.02550332768520707
9.230724740345314	0.01	0.007	0.007	0.007	0.01	0.011383653195831643	0.012431146203427905	0.015535257727984307	0.008069121722846182	0.0005107018453298303	1.9883421580336142	2.708028367669225	7.661077600886589	1.7922330429868163	0.0514020468778126	22.229593644407988	0.025417439173643395
9.328122558315615	0.01	0.007	0.007	0.007	0.01	0.01120327222167207	0.012234169816592411	0.0152576052960177	0.007924865590304711	0.0005020850560317513	1.9913203393393168	2.701264075129811	7.660709462373702	1.7870231458886714	0.051440511156755374	21.879665804495176	0.025331785952458583
9.425580249583875	0.01	0.007	0.007	0.007	0.01	0.011025645318390447	0.01204020082797887	0.01498482007651331	0.007783139332305856	0.0004936132508235453	1.994194147004632	2.6943371308468347	7.659928263574875	1.7817116614729653	0.051476275867093364	21.53503631609363	0.025246368983128105
9.523096267716788	0.01	0.007	0.007	0.007	0.01	0.010850734896068841	0.01184919819107248	0.014716822257891466	0.007643901429235791	0.00048528411315497795	1.9969666788403366	2.6872540924410426	7.658747808707991	1.776303156083236	0.051509425758300614	21.19563373374802	0.02516118917143993
9.62066910874705	0.01	0.007	0.007	0.007	0.01	0.010678503679239719	0.011661121202699786	0.014453533059008403	0.007507110898859021	0.00047709535696440077	1.9996409473365815	2.6800213279753735	7.6571814872417585	1.7708020523846624	0.05154004309967747	20.861387189093904	0.025076247368093316
9.718297317817022	0.01	0.007	0.007	0.007	0.01	0.010508914700602744	0.011475929496168298	0.014194874709821862	0.007372727286215034	0.0004690447258653946	2.002219881821573	2.6726450198277822	7.655242284595461	1.7652126327428201	0.05156820774592238	20.53222637906844	0.024991544363698347
9.815979489360448	0.01	0.007	0.007	0.007	0.01	0.010341931306420495	0.011293583047158754	0.01394077045007731	0.007240710662878036	0.0004611299929140569	2.0047063303938732	2.665131168952858	7.652942792651551	1.759539042877132	0.05159399719889833	20.20808157678445	0.024907080889465083
9.913714254324434	0.01	0.007	0.007	0.007	0.01	0.010177517183168564	0.011114042202827646	0.013691144560250492	0.007111021642975179	0.00045334896139808593	2.0071030615167724	2.6574856001090947	7.65029522044306	1.7537852962142313	0.05161748666527237	19.88888368367882	0.024822857629039116
10.0	0.01	0.007	0.007	0.007	0.01	0.010034540018765586	0.010957910468196306	0.01347452947719533	0.006998483597017274	0.00044658650578722955	2.0091456202356137	2.650634113337588	7.647679307760076	1.748644603324088	0.05163636252871551	19.611270993081725	0.024748737341529155
