0.0	0.01	0.007	0.007	0.007	0.01	0.0	0.0	0.0	0.0	0.0	0.0	0.0	0.0	0.0	0.0	100.0	0.035
0.00696549562637367	0.01	0.007	0.007	0.007	0.01	0.0026912758608613834	0.005577639943766692	0.00382581434460575	0.0014700688590081848	0.00011123072862346506	0.00015609902996029681	0.00031619009480521185	0.0002754869793994337	9.296146866339598e-5	3.1909257525960737e-6	99.89043053074546	0.034991551820864664
0.012071704409298376	0.01	0.007	0.007	0.007	0.01	0.004557306710179957	0.009254215616850432	0.006502173707612367	0.002518357622156741	0.0001738561608261346	0.0004613847902463351	0.0009218498778948063	0.000816247181672368	0.0002768868387421057	8.94060594176443e-6	99.81018450708085	0.034985359993925304
0.019435323461642923	0.01	0.007	0.007	0.007	0.01	0.007098159936311153	0.014007462825669125	0.01017982930978268	0.003987553121556044	0.0002428664969012911	0.0011688244009114075	0.002290876323937629	0.002074936444708529	0.0007091364023688649	2.1056940545854087e-5	99.69457591792074	0.03497643274366552
0.026687611553310217	0.01	0.007	0.007	0.007	0.01	0.009437280727178747	0.018123631723967384	0.013602071387278411	0.005386835583793828	0.0002922851248531644	0.0021551602700220903	0.004147457271146673	0.0038386428931198938	0.0013214484713150257	3.630308353109849e-5	99.58084610823637	0.03496764269157006
0.03516988207605391	0.01	0.007	0.007	0.007	0.01	0.011981308466013682	0.022315256477343393	0.017367357863043383	0.006965374749476632	0.00033332066285293743	0.0036473726192723667	0.006875644333263719	0.006521178102614614	0.0022637081639156234	5.710541746851361e-5	99.44799241332076	0.03495736465623433
0.04406811062539511	0.01	0.007	0.007	0.007	0.01	0.014443729514029925	0.026086696672385837	0.021058778209469026	0.008556429781889892	0.0003627178228922727	0.00557524070947044	0.010293397945438152	0.010006752781476494	0.0035036350088969532	8.131878602095288e-5	99.30881425990047	0.034946585848074425
0.05379394974383455	0.01	0.007	0.007	0.007	0.01	0.016912443197845087	0.029582405157126335	0.02481074370787427	0.010222423425899864	0.0003840122868938524	0.008071397422728414	0.014580936928444236	0.014546778568963616	0.005140342832248029	0.00010964830599459181	99.156914148212	0.03493480832109603
0.06407685885115363	0.01	0.007	0.007	0.007	0.01	0.019290666592210095	0.032676264354773915	0.02847895316509469	0.01190431482413344	0.0003983938569667394	0.01111285961320645	0.01963915579760741	0.020113028087155677	0.007175350956758951	0.00014095995763847114	98.99656628340077	0.03492236052565444
0.07503929893978369	0.01	0.007	0.007	0.007	0.01	0.021586952503166234	0.03540484622785299	0.032076871746720324	0.013611326882124011	0.000407822748653664	0.014767050825213532	0.02552239120876037	0.026843340145731146	0.009672037349314136	0.00017528146183402058	98.82590762464822	0.034909095020526505
0.08659785629607761	0.01	0.007	0.007	0.007	0.01	0.023766028311421432	0.03775509477123771	0.03554865999205219	0.015319529620911121	0.00041364338102493057	0.01903326957943593	0.03217224054272764	0.03475208831216395	0.012650411864148907	0.0002120729752761641	98.64628748046155	0.034895113619128164
0.09879666440929649	0.01	0.007	0.007	0.007	0.01	0.025823076516117476	0.03975584799255075	0.03888451689459795	0.017025398601767546	0.00041699896939949863	0.023946187450842836	0.03958927950168591	0.04391978228330917	0.016156758308486827	0.00025124985900524475	98.45707191188495	0.0348803638344602
0.11162284441788668	0.01	0.007	0.007	0.007	0.01	0.027745156917762942	0.04142958703440957	0.04206040828396551	0.018717227855790275	0.00041870139873848066	0.029514244581305943	0.047736212640707196	0.05437905665168225	0.020221006836846925	0.00029259961612326807	98.25851658911964	0.03486486220757665
0.12510815901977745	0.01	0.007	0.007	0.007	0.01	0.02952904097911944	0.042809030344235076	0.045066918150728365	0.02038967642602761	0.00041933115306354556	0.03575941421359778	0.05659985273720798	0.06618837502156782	0.024884642258477172	0.00033609555175834074	98.05018935206687	0.034848571384841855
0.1392726631357806	0.01	0.007	0.007	0.007	0.01	0.031171252966856713	0.04392582497379521	0.047893339548537896	0.022035764024189664	0.0004192785196670798	0.0426952710429373	0.06615864531488268	0.07939086411822438	0.030184895009193906	0.00038170512162500735	97.83184529499393	0.034831468269479755
0.15415564446451518	0.01	0.007	0.007	0.007	0.01	0.03267196611796964	0.044812648491540895	0.050534388650604965	0.023650653869453555	0.0004187993395893394	0.05034160341797585	0.0764038647517216	0.09404172191957809	0.036165529197688916	0.0004294796605274391	97.60294982360844	0.034813506662743784
0.16979849645234732	0.01	0.007	0.007	0.007	0.01	0.03403230425090216	0.04550031991191705	0.052985852506341635	0.025229349439846744	0.0004180568616139314	0.0587171240605749	0.08732919584619976	0.1101943242477917	0.04287143302158047	0.00047949108845845933	97.36294501767401	0.034794637985609125
0.18625427980584175	0.01	0.007	0.007	0.007	0.01	0.03525501179917934	0.046017731365464984	0.055245923060291864	0.026767588800810375	0.0004171546550788472	0.06784475442484753	0.09893767758999888	0.127910236311312	0.05035279617126338	0.0005318565027528469	97.11110453087221	0.03477479977426986
0.2035825578617907	0.01	0.007	0.007	0.007	0.01	0.03634363562628098	0.04639109068855241	0.05731389760248016	0.028261119854061482	0.00041616126689393714	0.07774930717604216	0.11123828745004391	0.1472546869696837	0.058663396593141494	0.0005867173340338948	96.84661542807544	0.034753921956147155
0.22185235153200253	0.01	0.007	0.007	0.007	0.01	0.03730253900745956	0.04664381848210499	0.05919032587923277	0.02970584417445971	0.00041512804092980475	0.08845927029540951	0.12424790585793341	0.16829991594360572	0.06786213412390447	0.0006442461795779179	96.56853564949444	0.034731923335889724
0.24114029316465943	0.01	0.007	0.007	0.007	0.01	0.0381366130559294	0.04679644176762565	0.06087657741571272	0.031097536372150073	0.00041410255352271666	0.1000058005077847	0.1379897243699587	0.19112306973534496	0.07801223395154219	0.0007046399336075914	96.27582530702149	0.03470871387599622
0.26153089613980113	0.01	0.007	0.007	0.007	0.01	0.03885121192777199	0.04686667267114365	0.06237480806632927	0.032431806119657784	0.00041313890990545395	0.11242274844459689	0.15249301255894424	0.21580603393840514	0.08918119064083095	0.0007681212785002893	95.96734588968076	0.0346841944324614
0.283114687327431	0.01	0.007	0.007	0.007	0.01	0.03945205227665963	0.046869544352481175	0.06368784596067542	0.03370396490179673	0.0004123062772350859	0.12574529063549017	0.16779127992174922	0.24243242678835755	0.10143932409206084	0.0008349353197908293	95.64189210141778	0.034658259066279604
0.3059861764737509	0.01	0.007	0.007	0.007	0.01	0.0399451921948545	0.04681761239620595	0.06481923360901207	0.03490898961817668	0.00041169618681268665	0.1400083353096447	0.18392029143568328	0.27108400976987623	0.11485783957033452	0.0009053479917151291	95.29822597000626	0.03463079754845306
0.3302402527270673	0.01	0.007	0.007	0.007	0.01	0.04033702950048266	0.046721191396929866	0.06577332037803152	0.036041517523446205	0.0004114287992968203	0.15524390076577374	0.20091500164959597	0.30183490587462275	0.12950557007809155	0.0009796423236020345	94.93513415040093	0.034601699746732294
0.3559672820798664	0.01	0.007	0.007	0.007	0.01	0.04063432821963839	0.04658861736366118	0.06655543761289393	0.03709592943862558	0.0004116577041153434	0.17147769832936005	0.21880568777271334	0.3347440765594672	0.1454444917037926	0.0010581138934288464	94.55150357559619	0.034570861552474054
0.38324662945445703	0.01	0.007	0.007	0.007	0.01	0.04084425106512738	0.046426526807579596	0.06717212164271141	0.038066530873275994	0.0004125723353423473	0.1887248541027542	0.23761318952062008	0.36984595137230913	0.1627238748800471	0.0011410647904216643	94.14641872518582	0.03453819266364389
0.4121364820005166	0.01	0.007	0.007	0.007	0.01	0.04097437171443523	0.04624016122432104	0.06763131942953848	0.03894778202049957	0.00041439647530156973	0.20698355902852744	0.257341934561198	0.4071367929878478	0.1813717990233901	0.001228789182586361	93.71931071714285	0.034503628743051046
0.44265652399709843	0.01	0.007	0.007	0.007	0.01	0.041032678745406746	0.04603372048679262	0.06794257565848452	0.03973455236552643	0.0004173802997701274	0.22622465294614916	0.27796867624694865	0.4465527502046328	0.20138183294871104	0.0013215383806555775	93.27020650702903	0.03446715202985444
0.4747615068423938	0.01	0.007	0.007	0.007	0.01	0.04102761141974352	0.04581077550344803	0.06811727302836383	0.04042247660157616	0.0004217823309530331	0.24637623650933888	0.29942611240952177	0.48793777225969837	0.22269369447619547	0.0014194553903243909	92.80010226439305	0.03442882265679686
0.5083188406085555	0.01	0.007	0.007	0.007	0.01	0.04096811015093232	0.045574637055425804	0.06816895211257992	0.04100870308457491	0.00042784007633138937	0.26731195989734974	0.321590633310114	0.5310193099612345	0.24517714278752575	0.0015225113977320372	92.3112641067364	0.034388804916184464
0.5431230227035627	0.01	0.007	0.007	0.007	0.01	0.04086345443974287	0.04532843501793127	0.06811330556878423	0.041493117587941684	0.00043573911841241836	0.28886330810509897	0.34429535452043925	0.5754340646601941	0.26864240622576435	0.0016305374738205677	91.80698293664972	0.03434734942361173
0.5789540921397858	0.01	0.007	0.007	0.007	0.01	0.04072267222868426	0.045074858197384216	0.06796721447879016	0.04187918354965003	0.0004455984565934421	0.310858771622399	0.36737084501801476	0.6208101293665204	0.2928830034413079	0.0017433778702837226	91.29070086472893	0.0343047230058947
0.6156329187760531	0.01	0.007	0.007	0.007	0.01	0.04055379650872724	0.044815903796722525	0.06774709253368864	0.04217348047755357	0.0004574757652762078	0.33315893606109354	0.39068093137234816	0.6668412748906796	0.31771788873130086	0.0018610345551498513	90.76521070522391	0.03426114284694142
0.653032447060705	0.01	0.007	0.007	0.007	0.01	0.04036346653797678	0.044552925980471045	0.06746759331209522	0.04238434435514723	0.0004713775685031917	0.3556625484202725	0.41412812395953263	0.7133010272162242	0.3430029260030882	0.001983683677339623	90.23250965890314	0.034216763387666375
0.6910755665528073	0.01	0.007	0.007	0.007	0.01	0.04015686667158299	0.044286753382949906	0.06714101254860828	0.042520695307076944	0.00048727154682915016	0.3783036164877168	0.4376501306624862	0.7600375245547863	0.36863153119224107	0.0021116585888453845	89.69384908543744	0.03417167920073434
0.7297230645944373	0.01	0.007	0.007	0.007	0.01	0.0399378936661086	0.04401784614737985	0.06677725616017437	0.042591233785619034	0.0005050957501595124	0.4010424369493181	0.4612104149477296	0.806955256749975	0.3945271718906961	0.0022454067189248204	89.1499235579483	0.0341259396019367
0.7689660003035528	0.01	0.007	0.007	0.007	0.01	0.03970937718664565	0.04374639623467233	0.0663840580907826	0.04260401556725014	0.0005247673878563221	0.4238595328956736	0.48479199551023155	0.8540024550934538	0.4206379846729073	0.0023854643063526398	88.60099284443667	0.03407955794353454
0.8088188485892369	0.01	0.007	0.007	0.007	0.01	0.03947330523978396	0.04347240441879933	0.06596730613368344	0.042566254184779974	0.0005461895430696963	0.44675033368836736	0.5083920908013868	0.9011598374298444	0.44693145297103715	0.002532435971790313	88.0469897402727	0.03403251993831196
0.8493157462351941	0.01	0.007	0.007	0.007	0.01	0.03923101210940862	0.04319572435308532	0.06553136291063907	0.04248426335155759	0.0005692570300774382	0.46972192867552076	0.5320189172235004	0.9484335631539282	0.47339094829386963	0.002686986586236607	87.48758193430298	0.03398478827225422
0.8905079073653386	0.01	0.007	0.007	0.007	0.01	0.03898333022432236	0.04291609186482397	0.06507935573763232	0.042363473222709155	0.0005938608745470472	0.4927906810429696	0.5556893487890638	0.9958499501011288	0.5000129566012711	0.002849838622597626	86.9222161651358	0.033936305812392736
0.9324629517758883	0.01	0.007	0.007	0.007	0.01	0.038730701837572115	0.04263313743130499	0.0646134107318868	0.04220848143528922	0.0006198921805372456	0.5159810485646276	0.5794277813295982	1.043452690916276	0.5268055175570492	0.003021777901774654	86.3501352623077	0.033886996549508594
0.9752655945624972	0.01	0.007	0.007	0.007	0.01	0.038473257804914986	0.04234638764764663	0.06413483343468347	0.042023115052987975	0.0006472454306032337	0.5393252049527149	0.6032657745423073	1.0913017337548325	0.5537874893238316	0.003203666314795202	85.77037673416032	0.03383676494550173
1.019020279607237	0.01	0.007	0.007	0.007	0.01	0.03821086508526527	0.042055253146608025	0.0636442327065128	0.04181048698438168	0.0006758218172674207	0.562863689564962	0.627242698193993	1.1394742828600852	0.5809889431661907	0.003396464898475607	85.18174602212927	0.033785493021281685
1.0638562496709785	0.01	0.007	0.007	0.007	0.01	0.037943145027669434	0.04175900088692418	0.06314158820191851	0.041573035166291315	0.0007055330644531847	0.5866472280518565	0.6514075149531084	1.1880681850468668	0.6084528659489032	0.0036012711976237013	84.58275924581247	0.033733034636282244
1.1099365685558187	0.01	0.007	0.007	0.007	0.01	0.0376694580299359	0.04145670207404627	0.06262625145196316	0.04131253077633015	0.000736306693735869	0.6107403618289042	0.6758223258161697	1.2372089651589737	0.6362388936358274	0.003819380595614923	83.9715372513324	0.03367920522740875
1.1574741143853104	0.01	0.007	0.007	0.007	0.01	0.03738884114955671	0.041147137798723116	0.062096854683523266	0.04103003356404406	0.0007680944228040392	0.6352281880814309	0.7005689529310112	1.2870630959963747	0.6644305292671177	0.004052390905981243	83.34561445612486	0.03362376355144094
1.2067616157288958	0.01	0.007	0.007	0.007	0.01	0.037099862152883606	0.040828619748984746	0.061551058652258066	0.040725746746271656	0.0008008875162226227	0.6602293357421187	0.7257616275173666	1.3378637350652198	0.693149333581725	0.004302394540187823	82.70157610384582	0.03356637731839621
1.2582342420870227	0.01	0.007	0.007	0.007	0.01	0.03680028964413111	0.040498613679101736	0.0609849508856795	0.04039864808037634	0.0008347490814091661	0.6859234477023837	0.7515739104228564	1.3899654487931685	0.722585331055081	0.004572373236263053	82.03429671769096	0.03350655145797102
1.3126301231635082	0.01	0.007	0.007	0.007	0.01	0.03648621733011934	0.04015276588579398	0.06039141303688527	0.04004546133460141	0.0008698996125345903	0.7126228337896588	0.7783090844836824	1.443987316788894	0.7530769060427411	0.00486719424227584	81.33497132094331	0.033443443822615944
1.371515511863745	0.01	0.007	0.007	0.007	0.01	0.036149163628439944	0.03978170421316565	0.059754672554838406	0.03965717959905386	0.0009070032679896116	0.7410089212855431	0.8066328220990733	1.5012858160652554	0.7853754036040197	0.005196846302334638	80.58464621007883	0.03337526163639046
1.4411738242601198	0.01	0.007	0.007	0.007	0.01	0.03575440325769306	0.03934718535073255	0.059009482701970976	0.039193051084563446	0.0009493602578057547	0.7739074254375223	0.8393249070392154	1.5675118587295613	0.8226393708723633	0.005600041541283636	79.70598327415031	0.033294785157303955
1.5056452551528934	0.01	0.007	0.007	0.007	0.01	0.03539284752886411	0.03894925425688299	0.05832769279964555	0.038761286471890456	0.0009868832272781976	0.803711951405114	0.868813265106947	1.6273366002759746	0.8562292315512169	0.005985051144777827	78.90128652582209	0.03322047402380183
1.5663147222563836	0.01	0.007	0.007	0.007	0.01	0.035055938076315026	0.03857846795511455	0.057693107879743924	0.03835468790435456	0.0010205845043595903	0.8312046206513106	0.8959011506820859	1.6823705801129436	0.8870606854504675	0.006356872122887744	78.15146482775344	0.03315069659415176
1.6261256691388206	0.01	0.007	0.007	0.007	0.01	0.0347269283291662	0.038216385933874664	0.05707414973033419	0.03795466289609376	0.0010521889258734878	0.8577922937208303	0.9219902415062499	1.7354518096810843	0.916729693783649	0.0067316542078783076	77.41922923687291	0.03308205003753538
1.6844936320345845	0.01	0.007	0.007	0.007	0.01	0.03440883004766839	0.03786631791115697	0.05647646674722526	0.03756584361680635	0.0010814269978125762	0.8832538073575443	0.9468719953890989	1.7861510216699235	0.9449993959459395	0.007104509483872259	76.71127423700044	0.03301519667942837
1.742044653316062	0.01	0.007	0.007	0.007	0.01	0.03409803575719097	0.03752429118753423	0.055893249848765585	0.037184525733346976	0.0011086717107246043	0.9078987239789699	0.9708570448365853	1.8350962961240904	0.9722237278067395	0.007478312720893936	76.01956689838103	0.032949411305669495
1.7987864397334021	0.01	0.007	0.007	0.007	0.01	0.0337943599087906	0.03719010011517655	0.05532412391097275	0.03681097431063005	0.0011339796713283944	0.9317577434718664	0.9939815152296868	1.8823577195755317	0.9984447438976901	0.007852180922783314	75.3436922403719	0.03288467928335245
1.8549592376648691	0.01	0.007	0.007	0.007	0.01	0.03349639383365481	0.03686219364954201	0.054766421804878375	0.03644381528317302	0.001157513397679957	0.9549554183566267	1.0163715971354805	1.92819002632249	1.0238067293978401	0.008226867734503939	74.68051419565204	0.0328207216391741
1.9106568102083612	0.01	0.007	0.007	0.007	0.01	0.03320354347055805	0.036539917566353775	0.05421900792964934	0.03608257818212441	0.0011793641085915915	0.9775494570720834	1.0380875109684602	1.9727139382469996	1.0483790738188035	0.008602269947093804	74.02871027324721	0.0327574278989262
1.9660150780011822	0.01	0.007	0.007	0.007	0.01	0.03291501523855371	0.036222398272263125	0.05368037765070155	0.0357264778328437	0.0011996351691659136	0.9996108927888169	1.0592014025950902	2.0160752426213717	1.0722445747120553	0.008978648675174526	73.38651418316539	0.032694640685998304
2.0211245979097323	0.01	0.007	0.007	0.007	0.01	0.03263027506905092	0.035909047875998086	0.05314951579026885	0.035374999703697514	0.0012184066636381579	1.02118885094936	1.0797635476183296	2.0583754680463486	1.0954611652639115	0.009356027193690731	72.7527373532799	0.0326322551389911
2.0760778430251374	0.01	0.007	0.007	0.007	0.01	0.032348796378166525	0.035599286788782575	0.0526254250277238	0.0350276027861261	0.0012357544103144677	1.0423303389739604	1.0998215159315854	2.0997110804697914	1.1180836072863538	0.009734495888241533	72.12620790864179	0.032570165033437966
2.130949368257867	0.01	0.007	0.007	0.007	0.01	0.03207016027794742	0.035292653977341916	0.05210731236916787	0.034683852897332786	0.001251743552479665	1.0630728897298525	1.119413261938439	2.140159201375738	1.140155695925624	0.010114066436966655	71.50599368122838	0.03250828513776908
2.185806907619419	0.01	0.007	0.007	0.007	0.01	0.03179399561553278	0.03498874096250639	0.05159447678762734	0.0343433555271869	0.001266433079922173	1.0834493572768207	1.1385718038323593	2.179787156509883	1.1617155592460824	0.010494739099613647	70.89126873195708	0.03244653853467518
2.240708523910681	0.01	0.007	0.007	0.007	0.01	0.03151999135670626	0.03468720543782691	0.05108633175303708	0.034005776037138016	0.0012798756520035874	1.1034871968815019	1.1573246332169582	2.2186511921515235	1.1827950086513992	0.01087647629451137	70.28134090881004	0.03238485974295
2.2957062269560415	0.01	0.007	0.007	0.007	0.01	0.031247876443810184	0.034387749098233396	0.050582367333078165	0.03367081838678909	0.001292119238338103	1.123210132835374	1.1756953655317761	2.2567998275670176	1.203421412786905	0.011259222322766665	69.67560701202119	0.03232319055859703
2.3508457543449386	0.01	0.007	0.007	0.007	0.01	0.03097741939389105	0.03409011719457892	0.05008214904751802	0.0333382272545926	0.0013032075940622716	1.1426383302779353	1.1937039660075908	2.294274274370245	1.2236179654285095	0.01164289767586241	69.07355190180107	0.032261480234526074
2.4061681426385224	0.01	0.007	0.007	0.007	0.01	0.03070841921928994	0.03379408854002563	0.04958530068904263	0.03300777878792469	0.001313181090177895	1.161789176287266	1.2113675343579884	2.331110022175888	1.2434045795784172	0.012027406677852058	68.47472829108821	0.03219968366031423
2.4617101440023443	0.01	0.007	0.007	0.007	0.01	0.030440702325799682	0.033499472095376986	0.04909149828216126	0.03267927822592527	0.0013220771903302208	1.1806776030421904	1.2287006514562353	2.3673375234376155	1.2627982874764927	0.012412637797889136	67.87874984452962	0.03213776084873632
2.5175050614800147	0.01	0.007	0.007	0.007	0.01	0.0301741175516895	0.03320610150893648	0.04860046065450155	0.03235255488027472	0.0013299309393831314	1.1993165261997687	1.2457158242065922	2.402983089200812	1.2818137489623398	0.012798467413351429	67.28528013870898	0.03207567596263936
2.573583199377914	0.01	0.007	0.007	0.007	0.01	0.0299085332527583	0.03291383190825015	0.048111943834845405	0.03202745936973451	0.0013367753155197684	1.2177171215142635	1.2624237735209962	2.43806946371631	1.300463582376133	0.013184761313142319	66.6940261766135	0.032013396779827875
2.6299724084940803	0.01	0.007	0.007	0.007	0.01	0.02964383407265321	0.03262253634565818	0.047625734910502544	0.03170386027601113	0.0013426415419318832	1.2358891106023961	1.2788337243551675	2.4726164084117497	1.3187586963080358	0.013571377176108143	66.10473120097389	0.0319508940588463
2.6866984251483514	0.01	0.007	0.007	0.007	0.01	0.029379918816447557	0.032332103458059314	0.04714164795057579	0.031381642008029155	0.0013475593237515613	1.253840958808939	1.2949536102091812	2.5066411109597713	1.3367085245008303	0.013958165868334262	65.51716996320447	0.0318881411397462
2.743785278334319	0.01	0.007	0.007	0.007	0.01	0.0291166981049635	0.03204243488545119	0.046659519555898435	0.0310607022907097	0.0013515570531379333	1.2715800790190848	1.3107902783985863	2.5401585998017677	1.3543212604903203	0.014344973392195115	64.93114350376752	0.03182511347411675
2.801255521882063	0.01	0.007	0.007	0.007	0.01	0.02885409293314927	0.03175344368440005	0.04617920609382572	0.0307409506773975	0.0013546619650266704	1.289112966002668	1.3263496288424217	2.5731820218476726	1.3716040171990425	0.014731641778087699	64.34647594482475	0.0317617883530279
2.8591305415394586	0.01	0.007	0.007	0.007	0.01	0.028592032953473387	0.03146505243892018	0.045700580450362745	0.030422306665354774	0.0013569002719625645	1.3064453430190608	1.3416367605329862	2.605722939242686	1.3885629942550703	0.01511801059031538	63.7630106703211	0.03169814455567119
2.9174307476399224	0.01	0.007	0.007	0.007	0.01	0.028330455350264773	0.03117719202168991	0.04522352988349304	0.030104698485412966	0.0013582972682914575	1.3235822631261203	1.3566560746947067	2.6377915369778187	1.4052035964226013	0.01550391773345763	63.18060782140847	0.03163416212744422
2.9761757672488396	0.01	0.007	0.007	0.007	0.01	0.02806930376688215	0.030889800413413788	0.04474795398812251	0.029788061919940108	0.001358877417014404	1.3405282026133016	1.3714113686417675	2.6693968127969354	1.421530541116958	0.015889200314642745	62.599141909226674	0.03156982216112021
3.035384621022286	0.01	0.007	0.007	0.007	0.01	0.027808527349510597	0.03060282165053463	0.04427376288805141	0.029472339235840615	0.0013586644204745457	1.3572871427702196	1.3859059171991384	2.700546742578405	1.437547951584129	0.016273695441574452	62.01849968710236	0.03150510659723958
3.0950758729531085	0.01	0.007	0.007	0.007	0.01	0.027548079953900788	0.03031620495226428	0.04380087573724203	0.029157478295053385	0.0013576812776253458	1.373862637613481	1.4001425399513823	2.7312484171814337	1.4532594339134706	0.016657240865791796	61.438578385325705	0.03143999805639749
3.155267756345102	0.01	0.007	0.007	0.007	0.01	0.027287919492386157	0.030029904001987975	0.043329219486606015	0.028843431819402902	0.0013559503311198172	1.390257869739143	1.414123656589488	2.761508155265052	1.4686681404931514	0.017039675487208125	60.8592842580835	0.031374479699397176
3.2159782996358732	0.01	0.007	0.007	0.007	0.01	0.027028007313327693	0.029743876264356088	0.04285872771886092	0.028530156683025137	0.0013534933058895584	1.4064757016345266	1.4278513369133485	2.7913316059843583	1.48377682721454	0.017420839864961218	60.28053120243402	0.03130853508929043
3.277225436104761	0.01	0.007	0.007	0.007	0.01	0.026768307680005612	0.02945808241181567	0.04238933967214648	0.02821761331641008	0.0013503313408405944	1.4225187184911812	1.4413273422525352	2.820723834442875	1.4985879009005503	0.017800576624355868	59.70223959856878	0.031242148072616844
3.3390271134446827	0.01	0.007	0.007	0.007	0.01	0.026508787277321557	0.029172485781746717	0.04192099932154542	0.02790576513783875	0.0013464850144780007	1.4383892673254817	1.454553162561781	2.849689398972857	1.5131034616954202	0.018178730855710784	59.12433521186817	0.03117530266234942
3.4014013909540775	0.01	0.007	0.007	0.007	0.01	0.026249414796743805	0.028887051919703418	0.04145365460899077	0.027594578074759145	0.0013419743660321416	1.4540894895018437	1.4675300468627785	2.878232415068711	1.527325337893204	0.018555150423367046	58.546748269064764	0.031107982935776355
3.4643665238654515	0.01	0.007	0.007	0.007	0.01	0.025990160597775876	0.028601748206868043	0.040987256817134374	0.02728402017397684	0.001336818913556907	1.4696213471095656	1.4802590276133367	2.9063566070380764	1.5412551138962598	0.01892968618220599	57.969412704707494	0.031040172947670586
3.5279410852449833	0.01	0.007	0.007	0.007	0.01	0.025730996237575115	0.02831654334240626	0.04052175971186701	0.026974061052198895	0.0013310376654573407	1.4849866558210898	1.4927409494289043	2.93406537033896	1.5548941627398343	0.019302192397215295	57.39226511390747	0.030971856604431258
3.5921440376926665	0.01	0.007	0.007	0.007	0.01	0.025471894231795113	0.02803140708027953	0.04005711910687782	0.0266646716231478	0.001324649132836758	1.5001871024741036	1.5049764842988356	2.961361805201193	1.5682436636492314	0.019672526835206795	56.81524421989379	0.03090301759386021
3.656994843032657	0.01	0.007	0.007	0.007	0.01	0.025212827681707593	0.02774630981890078	0.03959329219292139	0.026355823664465823	0.0013176713362459624	1.5152242694552291	1.5169661515152433	2.988248761659396	1.581304624602873	0.020040551052802367	56.23829004369642	0.030833639275537148
3.7225135686256126	0.01	0.007	0.007	0.007	0.01	0.02495376994113591	0.027461222234601557	0.039130236944585554	0.026047489433416008	0.0013101218101157271	1.5300996553929136	1.5287103336267982	3.0147288769283547	1.5940779003918402	0.020406130623871574	55.66134316238668	0.030763704576577133
3.788720985785565	0.01	0.007	0.007	0.007	0.01	0.024694694339774677	0.027176114977151278	0.03866791163348557	0.025739641351220754	0.0013020176062071341	1.5448146913955816	1.5402092879257836	3.040804603896041	1.6065642056765332	0.020769135280885982	55.08434409280009	0.03069319589756885
3.855638677816274	0.01	0.007	0.007	0.007	0.01	0.024435573893145518	0.026890958350569063	0.038206274322733186	0.025432251673166196	0.0012933752946600484	1.5593707569750503	1.5514631568112345	3.0664782381990503	1.618764126703724	0.021129439066676872	54.50723264541075	0.03062209501002235
3.923289203697836	0.01	0.007	0.007	0.007	0.01	0.024176380826509997	0.0266057217891999	0.03774528203626232	0.025125291940806527	0.0012842109562831614	1.573769205132111	1.562471984160191	3.0917519604216146	1.6306781393976797	0.02148692072920516	53.92994686374714	0.03055038289680984
3.991696211378638	0.01	0.007	0.007	0.007	0.01	0.023917086328471674	0.0263203735865581	0.03728489034465358	0.024818732710399152	0.0012745401797732724	1.5880113730809802	1.5732357193597222	3.116627851793252	1.6423066139275415	0.021841463774168384	53.352422475250236	0.03047803964865174
4.0608846085788874	0.01	0.007	0.007	0.007	0.01	0.023657660117484713	0.026034880418278634	0.036825052624722	0.02451254306324029	0.001264378050419064	1.6020986021108967	1.583754227196645	3.1411079248860845	1.6536498255030747	0.02219295675250607	52.7745919253212	0.03040504430214084
4.130880767172608	0.01	0.007	0.007	0.007	0.01	0.023398069926073496	0.02574920677451065	0.03636571918236166	0.024206690024267306	0.0012537391325299636	1.6160322601645178	1.5940272981924333	3.165194157574423	1.6647079654820625	0.022541293623045064	52.196383227934405	0.030331374645565706
4.2017127210847045	0.01	0.007	0.007	0.007	0.01	0.023138281058624054	0.025463314473275114	0.03590683651579445	0.02390113807362031	0.0012426374517971763	1.6298137585399932	1.6040546528139585	3.188888515208385	1.6754811457080572	0.022886373971971772	51.6177189799566	0.030257007035260033
4.2734104392125625	0.01	0.007	0.007	0.007	0.01	0.022878255727118744	0.025177161929453445	0.03544834619717303	0.02359584840366807	0.001231086465469831	1.643444578427657	1.6138359509581226	3.2121929880180877	1.6859694083497476	0.023228103477888635	51.03851488067478	0.030181916137234477
4.34600614533162	0.01	0.007	0.007	0.007	0.01	0.02261795228656419	0.024890703313390147	0.03499018359189637	0.023290778067660556	0.0012190990239951233	1.6569263000169445	1.6233708006866345	3.235109630591425	1.696172734692964	0.0235663944380965	50.45867802765435	0.030106074624872164
4.419534694097863	0.01	0.007	0.007	0.007	0.01	0.022357324351873056	0.02460388757903756	0.03453227638637644	0.0229858790006029	0.0012066873228017952	1.6702606346300304	1.6326587660274294	3.257640603771935	1.706091052657546	0.023901166362567273	49.8781049482524	0.030029452824275063
4.49403405333182	0.01	0.007	0.007	0.007	0.01	0.022096319638083402	0.024316657187638743	0.034074542650513996	0.022681096730144866	0.0011938628358396954	1.683449467260634	1.6416993782525646	3.279788230815843	1.7157242476935666	0.02423234681509709	49.29667901450189	0.02995201825646437
4.569545912475633	0.01	0.007	0.007	0.007	0.01	0.021834878486846544	0.024028946486154813	0.03361688837711333	0.022376368739078965	0.0011806362271049662	1.6964949100804618	1.650492149711003	3.3015550675993754	1.7250721759503103	0.024559872508569426	48.71426715867193	0.02987373505816063
4.646116522012341	0.01	0.007	0.007	0.007	0.01	0.021572931760416202	0.023740679389639346	0.03315920395004427	0.022071622114490357	0.00116701722148831	1.7093993810515449	1.659036597953079	3.3229440088901785	1.7341346877722128	0.024883690998842564	48.130715179228574	0.029794563175762814
4.723797729110165	0.01	0.007	0.007	0.007	0.01	0.02131039828833763	0.023451766571367126	0.032701359879887794	0.021766770709162265	0.001153014440713829	1.722165695778975	1.6673322694941746	3.3439584085481697	1.7429116499413224	0.02520376266401482	47.545842049527366	0.029714457373318678
4.802648501513543	0.01	0.007	0.007	0.007	0.01	0.021047180957590606	0.023162101160110134	0.03224320023848523	0.02146171077086963	0.001138635152232071	1.7347972137953993	1.6753787867774326	3.3646022786756076	1.7514029912998237	0.025520063979829977	46.95943120333697	0.0296333657591945
4.882737073098398	0.01	0.007	0.007	0.007	0.01	0.0207831611551427	0.022871552624271773	0.03178453332214832	0.021156314726545514	0.001123884905864964	1.747298046656466	1.6831759161705862	3.3848805737078194	1.7596087687286537	0.025832592238335363	46.37121814820137	0.029551227705536504
4.964144156882307	0.01	0.007	0.007	0.007	0.01	0.020518190309301052	0.022579957463304535	0.03132511741595819	0.02085042170482748	0.0011087669766561873	1.7596733782046867	1.690723678778453	3.4047996326922405	1.7675292753991678	0.026141372909266818	45.78087161288714	0.029467970719343838
5.0469681064014065	0.01	0.007	0.007	0.007	0.01	0.020252076041966584	0.022287103968528996	0.030864637435557587	0.020543821984981777	0.0010932814511080205	1.7719299970463747	1.6980225476379645	3.4243679254600545	1.775165235113294	0.026446472034332782	45.18796268450337	0.02938350539227179
5.131333561618056	0.01	0.007	0.007	0.007	0.01	0.019984558687091133	0.02199270638214394	0.03040266526744537	0.020236230592595363	0.0010774236722377625	1.7840772069909985	1.7050737974014862	3.4435973387029994	1.782518148239266	0.02674801757963676	44.59191247530913	0.02929771691367404
5.217407472441868	0.01	0.007	0.007	0.007	0.01	0.01971526714993144	0.02169635632118243	0.029938585087498037	0.019927237578329673	0.0010611813203340766	1.796128559008203	1.711880200394127	3.4625056483975527	1.7895909841622795	0.027046240355902994	43.99189374853367	0.029210449286028582
5.305431927087474	0.01	0.007	0.007	0.007	0.01	0.019443627504222384	0.021397422190463464	0.029471438519678046	0.019616204927491217	0.0010445283756685105	1.8081054689338194	1.7184475272091166	3.4811217232170057	1.7963896795821153	0.027341559929637466	43.38662721684066	0.029121472899628943
5.395802506873832	0.01	0.007	0.007	0.007	0.01	0.019168642832297553	0.02109480690091461	0.028999551247426744	0.019302017963792252	0.0010274106156472754	1.8200460005675057	1.7247882892103858	3.499498241026912	1.8029268873125568	0.027634794045168037	42.773890898024334	0.02903040696652585
5.48930027948222	0.01	0.007	0.007	0.007	0.01	0.018888237028098363	0.020786225737602002	0.028519419166476528	0.018982343765149123	0.0010097025285003066	1.8320311992178049	1.7309331772180736	3.5177499993371484	1.80923346056996	0.027927788285642127	42.14905774162593	0.02893648949249309
5.588092756360183	0.01	0.007	0.007	0.007	0.01	0.0185964098021002	0.020465075498889505	0.028020876089667267	0.01865041387989463	0.0009910214021263241	1.8442997845663296	1.7369815934673296	3.536221376376711	1.8154092753971252	0.028226163972388977	41.49875544156232	0.028837583659168473
5.709159653534392	0.01	0.007	0.007	0.007	0.01	0.018244929199374222	0.020078277910145517	0.027421992174937636	0.018251680353443624	0.0009682628816980221	1.8587985247015177	1.743792720937025	3.5577568488998037	1.8223193246768536	0.028576520007532264	40.71549722471637	0.028716838718004296
5.781363581968817	0.01	0.007	0.007	0.007	0.01	0.018038479223672594	0.01985108355675902	0.027071030779542586	0.018018014152969847	0.0009546749680066173	1.8671730088302785	1.7475500706368947	3.570042407755892	1.8261073933560985	0.02877766612763096	40.255419945703096	0.028645067610792815
5.850628758452034	0.01	0.007	0.007	0.007	0.01	0.017842628660638304	0.019635553704364095	0.02673864502736534	0.017796716594164815	0.000941697629344311	1.8750204959607915	1.7509467978981534	3.58144757946882	1.8295147668362386	0.028965270090650842	39.81895459415891	0.02857638621794098
5.922615275633006	0.01	0.007	0.007	0.007	0.01	0.017641337478287403	0.019414036558392828	0.026397594851997296	0.017569651615077137	0.0009282816246401402	1.882987415900327	1.7542666458444311	3.592915628555505	1.8328269843638596	0.029154796461100817	39.37035523521752	0.028505180922195516
5.996695953962293	0.01	0.007	0.007	0.007	0.01	0.017436562274952043	0.019188685304733073	0.026051237934380796	0.017339054800574356	0.0009145474824543454	1.8909895877899654	1.7574646883418594	3.604317283138497	1.8359981472640434	0.0293441560276099	38.913981668599384	0.028432089430691043
6.071420035101593	0.01	0.007	0.007	0.007	0.01	0.01723241761008725	0.018964027933809427	0.0257065506501713	0.01710957091132341	0.0009007717180294541	1.8988639510881218	1.7604717063339337	3.6154171201425274	1.8389593820041104	0.029529445974994423	38.459003555744424	0.028358552992283244
6.146112044100149	0.01	0.007	0.007	0.007	0.01	0.017030750215265397	0.01874209673822625	0.02536664192462163	0.016883269771675282	0.0008870855757266372	1.9065414930811113	1.7632633944617524	3.6261199879394725	1.8416874316404213	0.02970904496969168	38.0095368630026	0.028285238187732518
6.220652545197687	0.01	0.007	0.007	0.007	0.01	0.016831845872308602	0.018523206215892395	0.025031974828128724	0.016660459639062097	0.0008735167704139001	1.914015130578141	1.765841505473628	3.636420064752971	1.844185048195179	0.029882809224150784	37.56621882817353	0.028212261060840942
6.29505049996796	0.01	0.007	0.007	0.007	0.01	0.0166356393361891	0.01830728456635797	0.02470242004453569	0.016441054374467644	0.0008600689485741717	1.9212912290116098	1.7682128508932515	3.646330392372261	1.8464599310459664	0.03005091301427202	37.12890434917797	0.028139611235258582
6.369325706668079	0.01	0.007	0.007	0.007	0.01	0.01644203905659044	0.018094231040652387	0.02437780500374758	0.01622493904313968	0.0008467433667389189	1.9283769341828454	1.7703842619434176	3.6558648491154737	1.848519735897998	0.0302135488310222	36.69738967850671	0.028067267892737075
6.443494403553155	0.01	0.007	0.007	0.007	0.01	0.016250965633676732	0.017883958261147796	0.024057978565638707	0.016012012979189413	0.0008335415466975147	1.935278733719952	1.77236209856967	3.66503617384358	1.8503716017629779	0.030370893751960865	36.27149813377316	0.027995213875610495
6.517569935808636	0.01	0.007	0.007	0.007	0.01	0.01606234951103897	0.017676389682700994	0.023742806982290827	0.015802187097210336	0.0008204651789115071	1.942002572619226	1.7741523274565814	3.6738561594189005	1.8520222342657393	0.03052311222410636	35.851074958286226	0.027923434995014578
6.591563833890287	0.01	0.007	0.007	0.007	0.01	0.015876127780759888	0.017471456076691896	0.023432168423042812	0.01559538024714024	0.0008075159521519584	1.9485539922215185	1.7757605944043438	3.6823358665636077	1.8534779810326332	0.03067035930941804	35.43598020179012	0.027851918952525166
6.665486408496339	0.01	0.007	0.007	0.007	0.01	0.015692242390318044	0.017269093557757523	0.023125949888773107	0.015391517159831183	0.0007946954695972042	1.9549382111189586	1.7771922692580848	3.6904857512226257	1.854744879136301	0.030812782541992722	35.026084725125585	0.02778065474363818
6.739347062322281	0.01	0.007	0.007	0.007	0.01	0.01551063915597917	0.01706924249804893	0.02282404549772993	0.015190527305762586	0.0007820052142213109	1.9611601731054598	1.7784524759120393	3.698315743352871	1.8558286873887593	0.030950523007720183	34.621268002152654	0.02770963234231692
6.813154452801134	0.01	0.007	0.007	0.007	0.01	0.015331267197319632	0.016871846904936087	0.022526355487446845	0.014992344230503147	0.0007694465389492663	1.9672245778691928	1.7795461145179363	3.7058353002472666	1.8567349106845403	0.031083716022517194	34.22141686017037	0.027638842533066324
6.886916599679014	0.01	0.007	0.007	0.007	0.01	0.0151540785369394	0.01667685398050044	0.02223278550047606	0.014796905079132859	0.0007570206649634938	1.97313590434191	1.7804778797138399	3.713053448410091	1.8574688201691136	0.031212491641000362	33.82642458841535	0.02756827679824894
6.9606409574082	0.01	0.007	0.007	0.007	0.01	0.014979027806086394	0.01648421379758089	0.02194324605256185	0.01460415024212962	0.0007447286846879958	1.978898429224769	1.7812522761417444	3.7199788178063202	1.8580354705356903	0.03133697505583732	33.436190282546384	0.027497927240621788
7.034334457513189	0.01	0.007	0.007	0.007	0.01	0.014806072036465787	0.016293879070664465	0.021657652148515835	0.01441402309959159	0.0007325715685268123	1.984516241701972	1.7818736319805348	3.726619670206815	1.8584397152214696	0.03145728691300238	33.0506183811743	0.02742778653557048
7.1080035747633215	0.01	0.007	0.007	0.007	0.01	0.014635170407723474	0.01610580487799739	0.021375922829064444	0.014226469719510672	0.000720550166557469	1.9899932587956257	1.7823461113366104	3.7329839271962735	1.8586862202235963	0.03157354363997153	32.66961810350846	0.02735784786147156
7.181654348942219	0.01	0.007	0.007	0.007	0.01	0.014466284110099483	0.015919948510438365	0.021097980911715178	0.014041438685214352	0.0007086652165542777	1.9953332362490648	1.7826737250210671	3.739079191888994	1.8587794762813588	0.031685857677176056	32.293103143689464	0.027288104873082926
7.2552924354879496	0.01	0.007	0.007	0.007	0.01	0.014299376148375204	0.015736269255706505	0.02082375263791897	0.013858880860430337	0.000696917346412166	2.0005397806974936	1.782860340526065	3.7449127713146453	1.8587238100422148	0.031794337736613006	31.92099123419551	0.02721855164807832
7.328923116782243	0.01	0.007	0.007	0.007	0.01	0.014134411244071965	0.015554728290753423	0.02055316748483778	0.013678749263935813	0.0006853070821017726	2.0056163581759563	1.7829096909006839	3.7504916938350963	1.858523394136743	0.031899088982834	31.55320392824281	0.0271491826713962
7.402551357047976	0.01	0.007	0.007	0.007	0.01	0.013971355645736287	0.01537528847298596	0.020286157828648784	0.013500998845375613	0.0006738348480119402	2.0105663050063165	1.78282538293152	3.755822728524295	1.8581822563129824	0.03200021326304409	31.189666177228748	0.02707999277887359
7.47618180825175	0.01	0.007	0.007	0.007	0.01	0.013810177056442628	0.01519791426048481	0.020022658802702296	0.013325586390800441	0.0006625009744209389	2.015392834593547	1.7826109044823775	3.7609123993395484	1.857704287800208	0.03209780925165139	30.830306169468276	0.027010977147579423
7.549818835315925	0.01	0.007	0.007	0.007	0.01	0.013650844522541073	0.01502257158957384	0.01976260809391486	0.013152470387089547	0.0006513057013108551	2.0200990450606526	1.7822696312775954	3.7657669997012753	1.857093250973288	0.03219197261232579	30.47505508249688	0.026942131268241038
7.623466531410875	0.01	0.007	0.007	0.007	0.01	0.013493328349053714	0.014849227781715716	0.01950594578458556	0.012981610916614369	0.0006402491831821664	2.0246879257309938	1.781804833139414	3.7703926053220718	1.8563527864332452	0.032282796136288754	30.12384689475881	0.026873450927305944
7.6971287623799824	0.01	0.007	0.007	0.007	0.01	0.013337599957718906	0.014677851387292381	0.01925261410256971	0.012812969490898414	0.0006293314890965147	2.029162364941937	1.7812196794912565	3.7747950878453866	1.8554864191771754	0.032370369906117274	29.776618069389766	0.0268049321621898
7.77080915739453	0.01	0.007	0.007	0.007	0.01	0.013183631864722638	0.014508412161099394	0.019002557368147533	0.012646509015218708	0.0006185526103664645	2.0335251540598573	1.7805172446922597	3.778980124164261	1.8544975647393838	0.03245478138356523	29.43330750483464	0.0267365712670098
7.8445111385385715	0.01	0.007	0.007	0.007	0.01	0.013031397578411291	0.014340880949780841	0.01875572181178614	0.012482193667263037	0.0006079124620396605	2.037778993579483	1.7797005127338241	3.7829532074572167	1.8533895344964877	0.03253611553849865	29.09385630702992	0.026668364762228846
7.918237911262112	0.01	0.007	0.007	0.007	0.01	0.012880871581914827	0.014175229672706794	0.018512055531032457	0.0123199888684068	0.0005974108897043251	2.041926496582494	1.778772381938181	3.786719655313073	1.8521655410780888	0.032614454926364236	28.758207750895124	0.02660030940081793
7.9919925133591985	0.01	0.007	0.007	0.007	0.01	0.012732029198111007	0.014011431173369098	0.018271508257835214	0.012159861128796646	0.0005870476676095169	2.045970195258158	1.7777356686492662	3.79028462034348	1.8508287024935075	0.03268987982363271	28.426306979449542	0.0265324021204884
8.065777800412961	0.01	0.007	0.007	0.007	0.01	0.012584846588514002	0.013849459218158593	0.018034031344050922	0.0120017780376778	0.0005768225055931982	2.0499125434852195	1.7765931113171434	3.7936530967935465	1.8493820468629387	0.03276246828758681	28.09810100153602	0.026464640054907188
8.139596465375933	0.01	0.007	0.007	0.007	0.01	0.012439300684131172	0.013689288420274438	0.017799577637589277	0.01184570818092268	0.0005667350508612245	2.0537559211352345	1.7753473739202363	3.796829928464694	1.8478285163147026	0.03283229624871616	27.773538537832383	0.02639702051349491
8.21345104834584	0.01	0.007	0.007	0.007	0.01	0.012295369138894756	0.01353089418847677	0.017568101396038878	0.0116916210835109	0.0005567848909291566	2.057502637579552	1.7740010492336638	3.799819815620431	1.8461709707335696	0.03289943758759962	27.452569917186057	0.026329540970462095
8.28734395120721	0.01	0.007	0.007	0.007	0.01	0.012153030275902308	0.013374252667925392	0.01733955818959203	0.011539487144887202	0.0005469715557081586	2.0611549352232275	1.7725566617597244	3.8026273216248834	1.8444121911195237	0.032963964211687916	27.13514695689827	0.026262199049568148
8.361277432667972	0.01	0.007	0.007	0.007	0.01	0.012012263073467417	0.013219340724829122	0.017113904868672467	0.011389277617391159	0.0005372945219819721	2.0647149918720342	1.7710166708171393	3.805256878417964	1.8425548831601803	0.03302594611094008	26.821222931774365	0.026194992526896718
8.435253627748283	0.01	0.007	0.007	0.007	0.01	0.011873047105442411	0.01306613588077205	0.016891099458746058	0.011240964536215724	0.0005277532144418171	2.0681849241554446	1.7693834729755777	3.8077127925906376	1.8406016800190603	0.03308545143192223	26.51075244118888	0.026127919311431602
8.509274542762734	0.01	0.007	0.007	0.007	0.01	0.011735362530071196	0.012914616300446576	0.016671101133624466	0.011094520701616812	0.0005183470097476022	2.0715667895940566	1.767659404802554	3.8099992502187843	1.8385551455168503	0.03314254652774711	26.203691384365676	0.026060977448050308
8.58334207970236	0.01	0.007	0.007	0.007	0.01	0.011599190025043532	0.012764760720181902	0.016453870103266644	0.01094991960420821	0.0005090752366696841	2.074862589896418	1.7658467447912727	3.812120322355598	1.8364177763442284	0.03319729602867646	25.89999681567063	0.02599416509397203
8.65745802628354	0.01	0.007	0.007	0.007	0.01	0.011464510788265235	0.012616548448791703	0.016239367607237664	0.010807135420589246	0.0004999371804470053	2.0780742725245944	1.763947715906854	3.8140799691237963	1.8341920050214642	0.03324976288282851	25.599626946451966	0.02592748052640488
8.73162406559732	0.01	0.007	0.007	0.007	0.01	0.011331306502861516	0.012469959329061156	0.01602755585139484	0.01066614297118169	0.0004909320844887941	2.0812037330617184	1.761964487565001	3.815882044206805	1.8318802021868008	0.03330000841038882	25.302541067107903	0.025860922132496314
8.805841785767177	0.01	0.007	0.007	0.007	0.01	0.011199559303873221	0.012324973701096786	0.015818397947861693	0.010526917680256176	0.0004820591519887964	2.0842528174346056	1.7598991774494954	3.817530299037913	1.829484678705308	0.033348092354751564	25.008699472920526	0.025794488399417986
8.880112684697556	0.01	0.007	0.007	0.007	0.01	0.011069251755165346	0.012181572376914905	0.015611857871745466	0.010389435547104676	0.000473317548035418	2.0872233238057953	1.7577538533232864	3.81902838661144	1.8270076877764245	0.03339407292779829	24.718063412657937	0.02572817790896898
8.954438160043113	0.01	0.007	0.007	0.007	0.01	0.010940366852806981	0.012039736644161239	0.015407900460119549	0.010253673145346939	0.00046470640329371803	2.0901170038000503	1.7555305351779151	3.820379864830935	1.8244514274309835	0.03343800684474029	24.43059509621317	0.02566198934539575
9.028819538560896	0.01	0.007	0.007	0.007	0.01	0.010812887960527992	0.011899448195082252	0.015206491303778989	0.010119607550862554	0.00045622481300646063	2.092935565201445	1.7532311961286116	3.821588200432085	1.8218180415836158	0.033479949381205874	24.14625755074084	0.025595921468144642
9.103258056223359	0.01	0.007	0.007	0.007	0.01	0.01068679883200306	0.011760689151048427	0.015007596776879243	0.00998721636150464	0.00044787184159802285	2.0956806726180663	1.7508577646562566	3.822656771772043	1.8191096226388968	0.0335199543987624	23.865014670448364	0.02552997312859083
9.17775488267885	0.01	0.007	0.007	0.007	0.01	0.010562083557287643	0.011623442003608118	0.014811183946926446	0.00985647763717114	0.0004396465221183232	2.098353949781845	1.7484121254212794	3.8235888722334184	1.8163282124583036	0.03355807439478671	23.586831097207376	0.025464143247362493
9.252311101323016	0.01	0.007	0.007	0.007	0.01	0.010438726585481967	0.01148768963942899	0.014617220605384618	0.009727369920163705	0.0004315478605573453	2.1009569801227026	1.7458961213946511	3.824387712805504	1.8134758048322066	0.03359436052664386	23.311672271186502	0.025398430831078504
9.326927733789951	0.01	0.007	0.007	0.007	0.01	0.010316712673160202	0.011353415283545198	0.014425675181537097	0.009599872177837076	0.00042357483516824106	2.1034913088967797	1.743311554480085	3.8250564251278973	1.810554346232173	0.03362886265799428	23.039504315897144	0.025332834949819662
9.401605724935846	0.01	0.007	0.007	0.007	0.01	0.010196026899397538	0.011220602515894683	0.01423651676146306	0.009473963815216823	0.0004157264000117901	2.105958443842171	1.740660187369088	3.825598063919748	1.8075657379639318	0.033661629383863065	22.77029407178546	0.025267354749535693
9.476345957475734	0.01	0.007	0.007	0.007	0.01	0.010076654632265451	0.01108923523444773	0.01404971503094043	0.009349624636980679	0.0004080014852317395	2.1083598568140114	1.7379437443310906	3.826015609605794	1.8045118371120081	0.03369270806906149	22.504009021566038	0.025201989438352213
9.551149261716064	0.01	0.007	0.007	0.007	0.01	0.009958581504942974	0.010959297628917949	0.013865240233897715	0.00922683481979048	0.0004003989978680684	2.110696985147608	1.7351639120639841	3.826311970687587	1.8013944575578429	0.0337221448819813	22.240617236998062	0.025136738277353535
9.626016395547978	0.01	0.007	0.007	0.007	0.01	0.0098417934392559	0.010830774206666885	0.013683063205178482	0.009105574934088348	0.0003929178255944331	2.1129712320429923	1.7323223415935118	3.8264899858902766	1.7982153721725296	0.03374998481573137	21.980087431458056	0.02507160059734218
9.70094806408314	0.01	0.007	0.007	0.007	0.01	0.009726276606476115	0.010703649749564358	0.013503155305352978	0.008985825900693778	0.0003855568363449921	2.115183968170546	1.72942064867289	3.826552426418942	1.7949763133227317	0.0337762717246879	21.722388872554493	0.025006575780974503
9.775944919485022	0.01	0.007	0.007	0.007	0.01	0.009612017420492017	0.010577909306472741	0.013325488406437956	0.008867568981286805	0.000378314879927722	2.1173365325818363	1.7264604148387919	3.8265019979827612	1.7916789741148607	0.03380104835157975	21.467491366949094	0.024941663262285096
9.851007540893194	0.01	0.007	0.007	0.007	0.01	0.009499002560946981	0.010453538218710545	0.013150034924233778	0.008750785799920191	0.00037119079141348496	2.1194302330428765	1.7234431892376845	3.826341342807077	1.7883250104916109	0.03382435634804389	21.21536531203247	0.024876862543375292
9.926136488954612	0.01	0.007	0.007	0.007	0.01	0.009387218884091065	0.01033052202194617	0.01297676767643915	0.008635458248568087	0.0003641833874268942	2.1214663484245526	1.720370487422245	3.826073041428801	1.784916039956863	0.033846236317930475	20.965981497096703	0.024812173146678444
10.0	0.01	0.007	0.007	0.007	0.01	0.00927860101597543	0.010210989742166908	0.012808671569590344	0.008523573069685129	0.0003574114399367071	2.123411550326072	1.717299627340997	3.8257071278558246	1.7815154175654702	0.03386637682835292	20.723656201234103	0.02474873734152916
