0.0	0.01	0.007	0.007	0.007	0.01	0.0	0.0	0.0	0.0	0.0	0.0	0.0	0.0	0.0	0.0	100.0	0.035
0.006347698975888328	0.01	0.007	0.007	0.007	0.01	0.002396774062861455	0.0055285951767005	0.0038833783809494858	0.0012906517808205246	0.000473929965670701	0.00011433974072323233	0.0004579515385848361	0.00048020504999082137	8.951167365857717e-5	1.5286365861275675e-5	99.89207101454055	0.034992301040011095
0.010721846829989435	0.01	0.007	0.007	0.007	0.01	0.003967786170216224	0.008944576034783713	0.006455462859854738	0.002157135423136257	0.0007391383191035592	0.00032169660030592585	0.0012686795353517456	0.0013547483671488936	0.0002534403492024319	4.133104048262374e-5	99.81776582577837	0.03498699673477105
0.017139460308395162	0.01	0.007	0.007	0.007	0.01	0.006159776500515645	0.013438006239487744	0.010081849875992763	0.0033954942444816764	0.001055453817319088	0.0008055352996183882	0.0031074079588157325	0.0034056929469322753	0.0006404600085157022	9.787040478638544e-5	99.7088475918	0.034979215878551906
0.023332337968976435	0.01	0.007	0.007	0.007	0.01	0.008154056950823423	0.017252203530199815	0.013421763450418732	0.004554334937423683	0.001294557229252103	0.0014641210193566817	0.005532546435750573	0.006213228746879506	0.0011742627820705534	0.0001690092264943497	99.60385620137532	0.034971709137575316
0.030587107489369308	0.01	0.007	0.007	0.007	0.01	0.010348068989162518	0.021149574002893613	0.01714438598711255	0.005868092590703734	0.001510537698020312	0.002460135316463342	0.00908149962830492	0.01048480003771049	0.0019929889409647183	0.00026832166697461277	99.48100255757858	0.03496291726578331
0.038139849355973164	0.01	0.007	0.007	0.007	0.01	0.012479246905871263	0.02463830074848041	0.020812784133120963	0.007187224465258072	0.0016791331144258106	0.0037374063466453673	0.013477100389915427	0.01599806897836822	0.0030589447616209274	0.0003856150042401328	99.3532639847026	0.03495376663713855
0.046387709402956154	0.01	0.007	0.007	0.007	0.01	0.014640422301932925	0.027880071151017913	0.02459039989806126	0.00857314162672817	0.0018143896680711407	0.00539198288558396	0.018971896497312	0.023188311580927035	0.004461922365708648	0.0005256382435949123	99.21395631929639	0.034943776564155565
0.05508286641311052	0.01	0.007	0.007	0.007	0.01	0.016744477532285074	0.030752490434769693	0.028329375791738044	0.009974780567150184	0.0019165635853302008	0.007407270153614131	0.025425165808487277	0.03200806246391078	0.006199529427152926	0.0006829696781067541	99.06730523821373	0.03493324780242056
0.06434652587854109	0.01	0.007	0.007	0.007	0.01	0.01880433805315713	0.033296037120173136	0.03205453937411195	0.011403619429892571	0.0019927418684535132	0.009835031064029135	0.03291918982660917	0.04271056028984988	0.008329326419085023	0.000858256407691548	98.91130437265946	0.03492203414464951
0.07410456169867713	0.01	0.007	0.007	0.007	0.01	0.020787745531520296	0.035496375184628795	0.03570883426455375	0.012839847020307793	0.0020473833803786555	0.012678108188245867	0.04137869904094646	0.05533803221036003	0.0108684944728445	0.0010486951542117101	98.74724382555395	0.034910225937275934
0.08440105346999319	0.01	0.007	0.007	0.007	0.01	0.02269096040538628	0.0373801598233898	0.03928509532944791	0.014282131597938398	0.0020854464843206534	0.015966419621510575	0.05081297686637368	0.07005497025971638	0.013859774680197931	0.0012538381775618662	98.57442534105836	0.03489777047315128
0.09522476389506915	0.01	0.007	0.007	0.007	0.01	0.024500524201559203	0.03896599036621036	0.04275689899191078	0.01572103460109345	0.0021108355841782866	0.019710968922155233	0.06117738942057138	0.08694450483320378	0.01733078302988924	0.0014723433626531856	98.39308397568819	0.03488468203400743
0.10660503604599861	0.01	0.007	0.007	0.007	0.01	0.026211801002133005	0.04028255324621068	0.04611312842232437	0.017152765280988372	0.0021268672027892946	0.023933210869582194	0.0724606533784389	0.10613903269734506	0.02132043335176643	0.0017038593736117833	98.20277769123445	0.03487092587332812
0.11855895762715499	0.01	0.007	0.007	0.007	0.01	0.027818993409305326	0.04135730789057998	0.04933936909197753	0.018571709871641032	0.0021361227376560693	0.028648489405710246	0.08463840388751291	0.12774577669866355	0.02586381613093072	0.0019479602152824385	98.00327493530513	0.034856482142464486
0.1311207421878423	0.01	0.007	0.007	0.007	0.01	0.029319521568356346	0.04221908542445399	0.052426553842250506	0.019974106696100214	0.0021406023041537514	0.03387695540001347	0.09770322199446888	0.1518961401816203	0.031002490610079505	0.002204715090313802	97.79406408391603	0.03484131038725166
0.1443258167944489	0.01	0.007	0.007	0.007	0.01	0.030711335973832816	0.04289523272517463	0.05536584413529371	0.021355903700242155	0.0021418102322419267	0.03963804275387483	0.1116499081838842	0.17872055469034673	0.036779371950351164	0.002474337583258196	97.5746210109723	0.03482536880475857
0.15822006495293536	0.01	0.007	0.007	0.007	0.01	0.031993817271996926	0.04341165774305997	0.05815059034595883	0.02271366913980991	0.0021408697605460538	0.045954533831588255	0.12648557663342228	0.20836722887299014	0.043242857593599124	0.0027573477856709582	97.34425680586732	0.03480860310515019
0.17285520699640008	0.01	0.007	0.007	0.007	0.01	0.03316698346163415	0.043792053137515066	0.060774809150181665	0.02404392169400781	0.002138619232241652	0.052850880073258284	0.14222509604842043	0.2409944527237027	0.050445375254521314	0.0030544550568717514	97.10219682735047	0.034790952123372604
0.18829185631951456	0.01	0.007	0.007	0.007	0.01	0.03423159727768705	0.04405778100053296	0.06323350108918137	0.025343290905559968	0.0021356943307358515	0.06035470591274848	0.15889426463615836	0.2767776791116086	0.058445124412836204	0.0033666022969217196	96.84753244251196	0.03477234416821634
0.20459810647712207	0.01	0.007	0.007	0.007	0.01	0.03518889380873666	0.04422772036788913	0.06552211989668774	0.02660824616415523	0.0021325919349778014	0.06849619946383795	0.17652799205130695	0.3159066442392936	0.06730565780156118	0.003694924366127247	96.57924727074682	0.03475269877053918
0.22185008751798835	0.01	0.007	0.007	0.007	0.01	0.03604054647583881	0.04431830007652339	0.06763653542260104	0.027835043139604266	0.0021297152258489185	0.07730828324317711	0.19517039338433473	0.35858601751010294	0.07709621225664783	0.004040751455064023	96.29621114049687	0.03473192606112138
0.24013036034613502	0.01	0.007	0.007	0.007	0.01	0.03678856985828939	0.04434358440711916	0.06957282338985968	0.02901954575718152	0.0021274014151489375	0.08682558676735473	0.21487241553951297	0.4050300725481986	0.08789062632501736	0.00440557296100574	95.99720989654244	0.034709928757925855
0.25952570829366406	0.01	0.007	0.007	0.007	0.01	0.03743531192583588	0.04431543056413078	0.07132724045994007	0.030157106918987066	0.0021259334574256815	0.09708293793184715	0.23568875176051335	0.4554545944788128	0.099765465693916	0.004790992510465	95.68098494267599	0.03468660487749057
0.28012270971685665	0.01	0.007	0.007	0.007	0.01	0.03798348263633422	0.044243689738335215	0.07289627627969889	0.03124244810581394	0.0021255382874780905	0.10811255111002896	0.257672414805789	0.5100618280157306	0.11279626814868055	0.00519864036502625	95.34630843920715	0.03466185310759676
0.30200180439400615	0.01	0.007	0.007	0.007	0.01	0.038436268588288226	0.044136440379927346	0.0742769433756753	0.03226964728856312	0.002126374764822918	0.11994031908366196	0.2808678914171131	0.5690202414520118	0.12705216467917665	0.005630055664920891	94.99208158377112	0.034635579969761576
0.32523144220725003	0.01	0.007	0.007	0.007	0.01	0.03879752671374184	0.04400022653647347	0.07546736323794133	0.033232328246278454	0.002128516326345109	0.13258219188455392	0.3053047100656636	0.6324439819868273	0.14258994691485657	0.006086567250496209	94.61742942652671	0.034607706851372266
0.3498662117742987	0.01	0.007	0.007	0.007	0.01	0.0390720037408416	0.04384026253580473	0.07646761223022533	0.03412413780846757	0.002131935601435768	0.14604294460916417	0.33099554396292447	0.7003839225944157	0.15945055030808175	0.006569246520582004	94.22172931587015	0.0345781722297679
0.3759521974630424	0.01	0.007	0.007	0.007	0.01	0.03926544270073046	0.0436605757952064	0.07728051266761546	0.03493942037779741	0.002136499054786763	0.16031924809106304	0.35794196778023957	0.7728407959532634	0.1776609008011005	0.007078993102267117	93.8045226160545	0.03454692522106354
0.40353853827407954	0.01	0.007	0.007	0.007	0.01	0.0393844458927923	0.0434641019278532	0.07791192750303007	0.0356738084124317	0.0021419761255013336	0.17540641805684973	0.3861462794554454	0.8497981846513426	0.19724109273313226	0.00761673242237308	93.36532958151936	0.0345139117361294
0.43268936441583045	0.01	0.007	0.007	0.007	0.01	0.03943610070879219	0.043252784172024265	0.07837035963621182	0.036324455467631224	0.002148060333016662	0.19130538166488595	0.4156229621376109	0.9312581067605675	0.2182128854145321	0.008183613592371125	92.90346323037794	0.03447906026191536
0.4634902867081352	0.01	0.007	0.007	0.007	0.01	0.039427522059869005	0.043027718357143495	0.07866609187545559	0.036889883971181675	0.002154395103790108	0.2080264006188582	0.44640384779443176	1.017261038112673	0.24060479453335237	0.008781097844063718	92.41793493836418	0.03444227423980881
0.4960454280081188	0.01	0.007	0.007	0.007	0.01	0.039365485136048574	0.0427893585036621	0.07881029011326099	0.03736961366134967	0.0021605975763108287	0.22558730989319647	0.4785334177087731	1.1078779905333094	0.2644501338870522	0.009410863068854098	91.90751219576059	0.034403435789605905
0.5304594066561439	0.01	0.007	0.007	0.007	0.01	0.03925626745249088	0.04253780722849656	0.0788144321034385	0.03776376709889164	0.0021662773005959855	0.24400352764668207	0.5120496505036652	1.2031596868114274	0.2897734500703553	0.010074420372579287	91.3710100478202	0.034362427354033394
0.5667951925807415	0.01	0.007	0.007	0.007	0.01	0.039105780104668836	0.04227324499958342	0.07869035434508648	0.03807285545712271	0.002171051833692577	0.26326570594112575	0.5469432638047793	1.303020963785031	0.31655877292045054	0.010772277352603258	90.8079462166616	0.0343191819028053
0.6050099347659412	0.01	0.007	0.007	0.007	0.01	0.03891997501935701	0.04199647458786904	0.0784510566237615	0.03829804067137152	0.0021745677905924765	0.28330739565488056	0.5830999828560007	1.4070728220175386	0.3447022992686627	0.011502710945792262	90.21950904826376	0.0342737589081432
0.6449221953606878	0.01	0.007	0.007	0.007	0.01	0.03870514985169032	0.04170919242037509	0.078111598692171	0.03844205902806396	0.002176536661537626	0.30399169280831384	0.6202779820640132	1.5145537573747327	0.3739908591025233	0.01226119884033813	89.60900372279433	0.03422638238405788
0.6862866699312835	0.01	0.007	0.007	0.007	0.01	0.03846751451803495	0.04141346004358738	0.07768843754024363	0.03851007298221472	0.0021767715603333107	0.3251544440206521	0.6581867645757364	1.6245573283062569	0.4041624493294303	0.013041939093803964	88.98064413377041	0.03417735116241997
0.728904975837116	0.01	0.007	0.007	0.007	0.01	0.038212353944872705	0.04111092651038047	0.07719728041197432	0.038509242771883376	0.0021751911552618038	0.34666276348600084	0.6965919162747479	1.7363408881200695	0.4349926942734132	0.01384002006071656	88.33784608344214	0.034126907181449735
0.7726579246811812	0.01	0.007	0.007	0.007	0.01	0.03794368833817097	0.0408026273014414	0.07665156255794155	0.038447488451643023	0.00217179360256287	0.3684297844950043	0.7353405314151136	1.8494055867758503	0.4663205198328068	0.014652043276539947	87.68276494663992	0.034075197663014395
0.8174848571020302	0.01	0.007	0.007	0.007	0.01	0.037664419744677595	0.04048915714992934	0.07606213942112086	0.038332551918189704	0.0021666277317298538	0.3904018103739712	0.7743376188775782	1.9634307762044136	0.4980329885992832	0.015475725088833416	87.01664169754179	0.034022300113110616
0.8633675317369703	0.01	0.007	0.007	0.007	0.01	0.03737655141079981	0.040170801467203955	0.07543744857978554	0.03817152797260644	0.002159771066090636	0.4125483076284786	0.8135280631553832	2.0782218457626405	0.5300525904936646	0.016309580922340017	86.34007061842998	0.0339682417853559
0.9103145285616545	0.01	0.007	0.007	0.007	0.01	0.03708142609014137	0.03984765705652264	0.07478390998656397	0.037970694366498005	0.0021513153183145743	0.43485278131042143	0.8528804162837611	2.193662066319222	0.5623247732412455	0.017152621667146258	85.65324998334044	0.03391301839245828
0.9583536222631716	0.01	0.007	0.007	0.007	0.01	0.0367799015554491	0.03951969251010568	0.07410630193552217	0.03773548616777516	0.0021413568605117175	0.45730804818381937	0.8923786054177544	2.309687102942426	0.5948112479038088	0.018004199798651484	84.95610760760368	0.03385660330883466
1.007525719399297	0.01	0.007	0.007	0.007	0.01	0.03647249218099795	0.03918679509161895	0.07340811641565448	0.037470545242229834	0.0021299910426632747	0.47991259479774545	0.9320155877166856	2.426265187389255	0.6274845747750677	0.018863886374578975	84.2483991744073	0.03379895486652748
1.0578817170097399	0.01	0.007	0.007	0.007	0.01	0.03615946814093742	0.03884879589624217	0.07269184411550482	0.037179794839721295	0.0021173087625992603	0.5026685524640517	0.9717898556677396	2.543385775949337	0.6603249536662146	0.019731402593532607	83.52976110102023	0.033740020173018116
1.109480103207426	0.01	0.007	0.007	0.007	0.01	0.03584092961027326	0.03850548900545071	0.07195921031166284	0.03686652461485184	0.0021033946973883903	0.5255801700708587	1.0117028036734126	2.6610509170469028	0.6933176838702176	0.020606566076233998	82.7997509658494	0.03367973803272503
1.1623857489971596	0.01	0.007	0.007	0.007	0.01	0.03551685757513892	0.038156642028518754	0.071211356176599	0.03653347165792673	0.0020883264298837538	0.548652934391783	1.0517572137059457	2.7792700915860875	0.7264515531395271	0.021489259158909514	82.05786977219915	0.03361804045747834
1.2166691625839643	0.01	0.007	0.007	0.007	0.01	0.035187149810480614	0.03780200327433351	0.07044898045383087	0.03618289542804558	0.0020721741876070753	0.5718929588328592	1.0919561935047006	2.8980565504279583	0.7597176281093099	0.022379405837065353	81.30357711286811	0.03355485362982712
1.2724063064019404	0.01	0.007	0.007	0.007	0.01	0.03485164467854452	0.037441305105441317	0.06967244573527634	0.03581664344237635	0.002055000874915488	0.5953066529082063	1.1323025880614874	3.0174251884062295	0.7931084712575897	0.02327695849422235	80.5362982443751	0.03349009820932924
1.3296787653684252	0.01	0.007	0.007	0.007	0.01	0.034510136606966384	0.03707426506727426	0.06888185781956638	0.035436208189568476	0.002036862265759084	0.6189005515827565	1.1727986526669039	3.137391309948094	0.8266176105432218	0.024181890215922625	79.75542643940337	0.03342368923551852
1.3885742887510004	0.01	0.007	0.007	0.007	0.01	0.03416238505187908	0.036700584812087836	0.06807712269816518	0.035042775246615865	0.002017807232292581	0.6426812910950865	1.2134459623338172	3.2579701946840656	0.8602392386415726	0.025094192423888464	78.96032064902272	0.03335553560773791
1.4491876540305115	0.01	0.007	0.007	0.007	0.01	0.03380811872572642	0.036319947320468615	0.06725798604063787	0.034637263495376706	0.0019978779536216113	0.6666556876409296	1.2542454791642963	3.3791772184805886	0.8939680732131906	0.02601387629544436	78.15029953785901	0.033285539208455235
1.5116219044905073	0.01	0.007	0.007	0.007	0.01	0.03344703589816366	0.035932012269379164	0.06642405795963649	0.034220357857810066	0.0019771100486945365	0.6908309182734311	1.2951977720772434	3.501028505559343	0.9277993694667506	0.02694097800466212	77.3246315656544	0.03321359361744966
1.5759900317777278	0.01	0.007	0.007	0.007	0.01	0.03307880123459516	0.03553640931732086	0.06557482507335959	0.033792534915593656	0.0019555325912430656	0.7152148070442544	1.3363033873540346	3.6235421048988314	0.9617290795662459	0.027875567909724414	76.48252062147692	0.0331395823436901
1.6424172536918378	0.01	0.007	0.007	0.007	0.01	0.03270303904650239	0.03513272865598582	0.06470965049293854	0.03335408130666968	0.0019331679534928706	0.7398162430679105	1.3775634055155697	3.746739800620083	0.9957541840817922	0.02881776467501114	75.62308581903174	0.03306337641371581
1.7110441146874833	0.01	0.007	0.007	0.007	0.01	0.03231932235479415	0.034720507823976426	0.06382776122731881	0.03290510436355015	0.0019100314119485885	0.7646457737515112	1.418980242957854	3.8706497427302344	1.0298732394628867	0.02976775590712978	74.74533330566979	0.03298483107168405
1.7820307997234561	0.01	0.007	0.007	0.007	0.01	0.031927156321382266	0.03429921297983882	0.06292822051699327	0.03244553355239589	0.0018861304071268509	0.7897164563183466	1.4605588157900178	3.995310272684034	1.0640872337154472	0.03072582835580164	73.84811623349191	0.03290378116729017
1.8555634475316587	0.01	0.007	0.007	0.007	0.01	0.031525952647957885	0.033868210808655624	0.062009878130796864	0.031975109047514515	0.0018614632345192836	0.8150451557862576	1.50230834388118	4.1207758188695705	1.0984009734149995	0.03169241465708357	72.93007472470624	0.0328200343700126
1.9318638009178308	0.01	0.007	0.007	0.007	0.01	0.03111498905540645	0.033426724621568926	0.061071286088314775	0.03149335095100622	0.0018360167914466615	0.8406546009457712	1.5442452498178965	4.247126304283592	1.1328253676111464	0.03266816813937809	71.98954207818791	0.032733360746054936
2.0112050674364057	0.01	0.007	0.007	0.007	0.01	0.03069334072109802	0.03297376047249337	0.06011055105746269	0.030999494356735404	0.0018097625549337467	0.8665769019273409	1.5863981989711884	4.374483359048881	1.167381454154158	0.03365409183276953	71.0243869563641	0.032643475538571345
2.0939420809904274	0.01	0.007	0.007	0.007	0.01	0.030259745334158754	0.032507962052971476	0.05912503810685411	0.030492346325387987	0.0017826483853594	0.8928606440028511	1.6288184979182843	4.503043355190988	1.2021087791883167	0.03465180071343492	70.03170355579299	0.03255000619589696
2.180564314410514	0.01	0.007	0.007	0.007	0.01	0.02981236654282085	0.03202735648971887	0.05811084962934785	0.029970025443572093	0.0017545839438111008	0.9195831824693875	1.6715980035753626	4.633134427137267	1.23707983703757	0.035663975877233994	69.0072687785693	0.032452434425773606
2.2718347781639983	0.01	0.007	0.007	0.007	0.01	0.029348152391422907	0.031528665090121734	0.05706140035265385	0.029429233998410825	0.0017254007130729648	0.946885071544229	1.7149205373526424	4.765378067810726	1.2724416940943322	0.03669564491616136	67.94407099284534	0.03234994328996219
2.3692015018104864	0.01	0.007	0.007	0.007	0.01	0.028860916709788388	0.03100524223305968	0.05596314764833893	0.028863061489917963	0.0016947319637431323	0.9750736448555871	1.7592173715081283	4.901176326467513	1.3085419281715573	0.03775803935526392	66.82791090722247	0.03224096324219781
2.476570167747955	0.01	0.007	0.007	0.007	0.01	0.02833302502535287	0.030438143955390674	0.05477707062246875	0.028251435505917633	0.001661492960328203	1.0050737480053282	1.8058461245766118	5.044834975543491	1.3464786458669151	0.03888539432260797	65.61833981881541	0.032121213868224294
2.5880788725442416	0.01	0.007	0.007	0.007	0.01	0.027795021258010554	0.029860182006094	0.053572432109209395	0.027630114816033138	0.001627647735561323	1.0350695267277128	1.8518998464496683	5.187532263935106	1.3838813196488182	0.040008939974703644	64.38529886297171	0.031997317872766225
2.6788640849291285	0.01	0.007	0.007	0.007	0.01	0.02736457470811145	0.029397763809327602	0.05261169728319793	0.02713453534523021	0.0016005736121856992	1.0586473200336919	1.8876731838045813	5.299002910763872	1.4128881651440173	0.040889377421787845	63.39854536038764	0.031896800504970256
2.7620431560801326	0.01	0.007	0.007	0.007	0.01	0.026976059778320644	0.028980392266356368	0.05174693200224437	0.02668843067290103	0.0015761466943871704	1.0796065115793896	1.9191380483344476	5.397555130593242	1.4383670604393264	0.041669920604181065	62.50774477600639	0.03180498187266765
2.844130786173807	0.01	0.007	0.007	0.007	0.01	0.02659806375397775	0.02857432101967881	0.05090777449829892	0.026255517591199255	0.0015524130958062441	1.099704997979411	1.948997327221231	5.491563650423028	1.4625154676272674	0.04241645433396642	61.6409048508448	0.031714627180458865
2.9273700865362384	0.01	0.007	0.007	0.007	0.01	0.026220185408533613	0.02816837610991853	0.05007106678924734	0.025823855598026416	0.001528723524163778	1.1195079332125242	1.9781007235318229	5.583694017741903	1.4860236252177328	0.04315005440866316	60.7741778217248	0.031623266945142635
3.0116385253912807	0.01	0.007	0.007	0.007	0.01	0.02584311604189345	0.027763300104639878	0.04923835604129999	0.025394247052638083	0.0015051220099383076	1.1389799379221224	2.0063940597203764	5.673784310580067	1.5088496309616566	0.04386941973432404	59.90914810521537	0.031531045246139325
3.096321230206577	0.01	0.007	0.007	0.007	0.01	0.02546966820762967	0.027362114435160404	0.0484158385435709	0.024969891858046152	0.0014817852292294774	1.1579806207710934	2.0336756814620474	5.761194615964049	1.5308330455444537	0.044569401806683874	59.05226893647271	0.03143864111041893
3.1811068063915227	0.01	0.007	0.007	0.007	0.01	0.025101185588668536	0.026966262591271946	0.04760642142545489	0.02455229221190948	0.0014587974608861708	1.1764511459200269	2.0598690306787724	5.845672222951027	1.551914824725856	0.04524790481088502	58.20662703608109	0.03134639601413664
3.265928381833772	0.01	0.007	0.007	0.007	0.01	0.02473789325392578	0.026575986368999927	0.046810532167422404	0.024141670357316184	0.0014361726701008905	1.1943914104074476	2.084984138221377	5.927237686606528	1.5721057600951402	0.045905009295284835	57.372743556156344	0.03125438258284831
3.350796020026443	0.01	0.007	0.007	0.007	0.01	0.0243796779981955	0.02619116416233722	0.0460278542491599	0.023737864206298635	0.0014139033829306293	1.2118181611640726	2.109054944685834	6.005988271907437	1.5914357657621099	0.04654141368457834	56.55036336844222	0.031162589497086446
3.4357314761079505	0.01	0.007	0.007	0.007	0.01	0.024026381730455973	0.025811626143554155	0.04525797559096378	0.023340662028719726	0.0013919790645568753	1.2287498017428111	2.1321171616227415	6.082027596552574	1.6099360229043522	0.047157872559489986	55.73912809073454	0.031070992975571605
3.520753626153924	0.01	0.007	0.007	0.007	0.01	0.023677864176369558	0.025437221624112848	0.04450052601102424	0.022949873470898156	0.0013703900845702095	1.24520330588089	2.154203951809136	6.155451626896218	1.627635515673465	0.04775508358427357	54.938720009952824	0.03097957260379609
3.605876994092154	0.01	0.007	0.007	0.007	0.01	0.023334007743377124	0.025067824281631724	0.04375518729211399	0.022565334818154748	0.0013491280684362933	1.2611940700498803	2.1753458282134943	6.2263481863431185	1.6445609644098398	0.048333682710873016	54.148873296433166	0.030888312864049437
3.6911124668003756	0.01	0.007	0.007	0.007	0.01	0.02299471326415015	0.024703327587345933	0.043021683384361784	0.022186903987328158	0.0013281856726476153	1.27673619811938	2.1955711377668106	6.294798393855147	1.6607372261163054	0.04889425510361775	53.36936427173277	0.030797202302357465
3.776468065425729	0.01	0.007	0.007	0.007	0.01	0.022659895824769495	0.024343640324473743	0.04229977093572794	0.02181445567381193	0.0013075563576811235	1.2918427615022048	2.2149064874379034	6.360877953149385	1.676187645917643	0.0494373450396382	52.60000186023967	0.030706232649541733
3.8619495434219733	0.01	0.007	0.007	0.007	0.01	0.02232948156650048	0.023988683152462883	0.04158923205475283	0.021447877640468172	0.0012872342153408486	1.306525996884112	2.2333770664084587	6.424658131459243	1.6909343231578056	0.04996346343579061	51.84062026797797	0.030615398141023518
3.9475608397043316	0.01	0.007	0.007	0.007	0.01	0.022003405271627027	0.023638386013523294	0.04088986885993566	0.02108706792164717	0.001267213839851257	1.320797455148247	2.2510068882814895	6.486206497637655	1.7049983119247676	0.05047309352768485	51.09107345578334	0.03052469500140599
4.0333044433650835	0.01	0.007	0.007	0.007	0.01	0.021681608456283682	0.02329268608381176	0.04020149919214824	0.02073193262269585	0.0012474902264761538	1.334668117581925	2.2678189785395513	6.545587497227862	1.7183997766188464	0.05096669530456955	50.35123077212348	0.030434121031041393
4.119181669639383	0.01	0.007	0.007	0.007	0.01	0.021364037929716525	0.022951526225686428	0.03952395338320626	0.020382384261232345	0.0012280586957842178	1.3481484838422209	2.2838355164119877	6.60286288942407	1.7311581102166516	0.05144470887953299	49.62097365376818	0.030343675292917052
4.205192863688533	0.01	0.007	0.007	0.007	0.01	0.021050644720354294	0.02261485383401609	0.03885707185027655	0.02003834053231621	0.001208914837917924	1.3612486382651785	2.299077942326785	6.658092078933988	1.743292024404198	0.05190755704631481	48.90019316654723	0.030253357880506405
4.291337605956683	0.01	0.007	0.007	0.007	0.01	0.020741383074352502	0.022282619760342993	0.038200702877733514	0.0196997231688184	0.001190054459325319	1.3739783084339736	2.3135670494643272	6.711332404903055	1.754819626509727	0.05235564752652098	48.18878771013721	0.030163169687875604
4.377614856234162	0.01	0.007	0.007	0.007	0.01	0.02043620974454053	0.02195477754901799	0.03755470104424125	0.019366457133603902	0.0011714735455789294	1.3863469077528028	2.327323050985365	6.762639353960379	1.7657584766543692	0.05278937462169513	47.48666138854667	0.030073112247584185
4.464023058807817	0.01	0.007	0.007	0.007	0.01	0.02013508346683045	0.021631282874719996	0.036918926066658996	0.019038470025992037	0.0011531682342361062	1.3983635675376587	2.3403656311453225	6.812066723228079	1.7761256317723144	0.05320912047418291	46.79372281024193	0.029983187611767693
4.550560271480787	0.01	0.007	0.007	0.007	0.01	0.019837964393905675	0.021312092934082125	0.03629324156943439	0.018715691449227814	0.0011351347840144695	1.4100371685238609	2.3527139921417546	6.859666775626749	1.785937685994183	0.053615256288117995	46.10988378863271	0.0298933982104976
4.637224249675655	0.01	0.007	0.007	0.007	0.01	0.01954481372390147	0.02099716604679132	0.03567751427975232	0.018398052597192915	0.001117369554896079	1.421376362576119	2.364386887054093	6.905490350182431	1.7952107997834383	0.054008143190435204	45.43505849005975	0.02980374675897917
4.724012508220039	0.01	0.007	0.007	0.007	0.01	0.019255593431712886	0.02068646136693889	0.035071613447735336	0.018085485956910303	0.0010998689936801886	1.4323895890002727	2.3754026448088523	6.949586947036713	1.80396072259245	0.05438813289136542	44.76916281716989	0.029714236189327246
4.810922372124842	0.01	0.007	0.007	0.007	0.01	0.018970266057126286	0.020379938655414633	0.03447541039225854	0.017777925075613495	0.0010826296223351692	1.4430850876452994	2.385779190119296	6.992004796971947	1.8122028114123676	0.05475556822364702	44.112113922491844	0.029624869594816104
4.897951045097017	0.01	0.007	0.007	0.007	0.01	0.018688794452848108	0.020077558009219284	0.03388877796854752	0.017475304287281	0.001065648023433743	1.4534709126194718	2.3955340624182786	7.032790931067696	1.8199520484306577	0.05511078369328893	43.46382962911626	0.029535650156938594
4.985095643889143	0.01	0.007	0.007	0.007	0.01	0.018411141661724115	0.01977927972956312	0.033311590310599735	0.01717755858079454	0.0010489208329607425	1.463554940393213	2.4046844279216004	7.0719912260656015	1.8272230531573352	0.05545410582880368	42.82422814838967	0.029446581108616754
5.072353227120854	0.01	0.007	0.007	0.007	0.01	0.018137270821695372	0.019485064219761615	0.03274372263355635	0.01688462349889773	0.001032444734441101	1.4733448764398833	2.4132470894874154	7.109650442744288	1.8340300927372946	0.055785853474637444	42.19322786122001	0.02935766570368503
5.159720824305902	0.01	0.007	0.007	0.007	0.01	0.01786714507860634	0.019194871891566368	0.03218505105400855	0.016596435046300897	0.0010162164532631984	1.4828482612364382	2.4212384951946917	7.1458122607426535	1.840387091189274	0.05610633805761884	41.570747117249034	0.029268907186707233
5.24719546507032	0.01	0.007	0.007	0.007	0.01	0.017600727506572534	0.018908663079617145	0.03163545242742911	0.01631292960653007	0.0010002327512422093	1.492072475678867	2.428674745759421	7.180519310148251	1.8463076376719019	0.056415863828623874	40.95670405123958	0.02918030876314333
5.3347741795118475	0.01	0.007	0.007	0.007	0.01	0.017337981122069825	0.018626398056576978	0.031094804379598058	0.01603404395876745	0.0009844904266116626	1.5010247430420791	2.435571598702673	7.213813189344788	1.8518049921178932	0.0567147279842523	40.35101661534215	0.029091873599156225
5.422454039251916	0.01	0.007	0.007	0.007	0.01	0.01707886877835853	0.018348036919713772	0.030562985091265586	0.015759715167331392	0.0009689863067350119	1.509712134947131	2.441944475438849	7.245734497393158	1.856892093148209	0.05700322091967811	39.753602335471896	0.029003604780524966
5.510232140509554	0.01	0.007	0.007	0.007	0.01	0.01682335323782603	0.018073539668615673	0.030039873448964537	0.015489880659968067	0.0009537172513314142	1.5181415711482553	2.4478084633207686	7.2763228429224505	1.8615815619228329	0.05728162627204717	39.164378477755896	0.028915505330415224
5.598105651152746	0.01	0.007	0.007	0.007	0.01	0.016571397057085196	0.01780286608175424	0.029525348810834746	0.015224478107497642	0.0009386801444737885	1.5263198255677843	2.4531783221765555	7.305616875709001	1.8658857095315173	0.0575502211691598	38.58326178325718	0.028827578162920833
5.686071782164557	0.01	0.007	0.007	0.007	0.01	0.016322962695381877	0.017535975832943956	0.02901929122953705	0.014963445539190023	0.0009238718998253554	1.5342535248816258	2.4580684854472725	7.3336542908023805	1.8698165400248568	0.05780927622936325	38.010168717607485	0.028739826112751256
5.7741278231541715	0.01	0.007	0.007	0.007	0.01	0.01607801243794494	0.017272828408998405	0.028521581295601093	0.014706721262304679	0.0009092894548413426	1.5419491531994796	2.462493065516082	7.360471854551288	1.8733857567513312	0.05805905576082189	37.4450152938999	0.028652251900798512
5.862271119589183	0.01	0.007	0.007	0.007	0.01	0.015836508485905666	0.01701338320632857	0.028032100319689907	0.014454243956408767	0.0008949297748412535	1.5494130513884203	2.4664658556237264	7.386105411404499	1.8766047659059883	0.05829981778371065	36.887717279815284	0.02856485815804321
5.950499084985678	0.01	0.007	0.007	0.007	0.01	0.015598412945943042	0.016757599519819033	0.027550730309112367	0.014205952661526113	0.0008807898511236476	1.5566514196800194	2.470000333995618	7.4105899023763575	1.8794846818005542	0.05853181415890819	36.338190173514555	0.02847764741454095
6.038809213133548	0.01	0.007	0.007	0.007	0.01	0.015363687821957813	0.01650543653388341	0.02707735394827382	0.013961786768284693	0.0008668666992181393	1.5636703201670965	2.47310966777216	7.433959382806563	1.8820363319313638	0.058755290710934806	35.79634918419559	0.02839062208859176
6.127199078634341	0.01	0.007	0.007	0.007	0.01	0.015132295039111532	0.01625685334828858	0.026611854643996014	0.013721686041493352	0.0008531573590706015	1.570475678313307	2.4758067164355264	7.456247036592799	1.8842702615891518	0.058970487317661455	35.26210928736632	0.02830378448759062
6.2156663315517235	0.01	0.007	0.007	0.007	0.01	0.01490419648205359	0.016011809019221702	0.02615411659819721	0.013485590657801918	0.0008396588960844493	1.5770732841070723	2.4781040352594252	7.477485189287414	1.8861967384269829	0.059177637988103465	34.735385312945645	0.02821713681463935
6.304208674408358	0.01	0.007	0.007	0.007	0.01	0.014679354075410694	0.015770262645758728	0.025704024963632898	0.013253441286175538	0.000826368404667494	1.5834687921119197	2.4800138787170103	7.4977053178752655	1.8878257569141197	0.05937697090577608	34.21609213107716	0.028130681192267352
6.3928239095511445	0.01	0.007	0.007	0.007	0.01	0.01445772968344629	0.01553217326207035	0.025261465636365308	0.013025178980975952	0.000813283001172542	1.5896677267349024	2.4815482056736666	7.516938077145698	1.8891670442386588	0.059568708634403576	33.70414442038785	0.028044419617339677
6.481509910269437	0.01	0.007	0.007	0.007	0.01	0.014239285206071388	0.015297499940564898	0.024826325441642403	0.012800745277937745	0.0008003998284323195	1.5956754818285737	2.482718682650385	7.535213307709775	1.8902300645381034	0.05975306814465157	33.19945688969773	0.0279583539906896
6.570264597660048	0.01	0.007	0.007	0.007	0.01	0.01402398265352918	0.015066201872121269	0.024398492274469892	0.01258008226675347	0.0007877160590558302	1.6014973211060544	2.48353668796564	7.552560047157136	1.8910240237631024	0.0599302608679288	32.70194445067606	0.02787248614067544
6.659085982143896	0.01	0.007	0.007	0.007	0.01	0.013811784061920287	0.014838238275339484	0.023977854922787697	0.012363132499938171	0.0007752288894338619	1.607138382922547	2.4840133167143263	7.569006554314071	1.8915578752523108	0.060100492882947956	32.21152202280336	0.02778681778405852
6.747972146207637	0.01	0.007	0.007	0.007	0.01	0.013602651554310995	0.014613568462188116	0.023564303180555947	0.012149839051207124	0.0007629355423291169	1.6126036810198203	2.484159384876525	7.584580320962039	1.8918403244799753	0.060263964976909036	31.728104674689018	0.027701350544042536
6.836921238854423	0.01	0.007	0.007	0.007	0.01	0.013396547370326979	0.014392151869797178	0.02315772789692673	0.011940145540873486	0.0007508332676532971	1.617898106204619	2.483985433848534	7.599308086510858	1.891879834097851	0.060420872735391304	31.25160769266923	0.027616085956791766
6.925931464120331	0.01	0.007	0.007	0.007	0.01	0.013193433907260542	0.014173948104619404	0.022758021047177522	0.01173399617245649	0.0007389193439525647	1.6230264277805555	2.483501735186251	7.613215852058136	1.89168462907678	0.060571406624870115	30.78194667610201	0.02753102548350676
7.015001081344029	0.01	0.007	0.007	0.007	0.01	0.01299327373189673	0.013958916955135644	0.022365075745069865	0.011531335739067837	0.0007271910782205655	1.6279932957685181	2.4827182954903133	7.626328896673108	1.8912627019282375	0.06071575209841044	30.31903756503631	0.02744617051111133
7.104128434957672	0.01	0.007	0.007	0.007	0.01	0.012796029526968643	0.013747018334332575	0.02197878612704181	0.011332109563687857	0.000715645801951311	1.632803244696269	2.481644860892602	7.638671797494666	1.8906218176311722	0.060854089745350295	29.862796516690032	0.027361522324944834
7.193311919346497	0.01	0.007	0.007	0.007	0.01	0.012601664183436547	0.013538212378837596	0.021599047522521796	0.011136263586999751	0.0007042808757273446	1.6374606937474372	2.4802909220794205	7.650268440021375	1.8897695187918375	0.060986595334143044	29.413140119193034	0.027277082143355166
7.282549979068567	0.01	0.007	0.007	0.007	0.01	0.012410140809731619	0.013332459458849887	0.021225756460065786	0.01094374437054099	0.0006930936890013702	1.6419699490410449	2.4786657192896215	7.661142034225939	1.8887131308039424	0.06111343991771656	28.969985413397836	0.027192851118343075
7.371841109065429	0.01	0.007	0.007	0.007	0.01	0.01222142274055728	0.013129720187596445	0.020858810672473176	0.010754499099321458	0.0006820816598910861	1.6463352058997878	2.4767782472893076	7.671315130461283	1.8874597669430793	0.061234789937602875	28.533249913688852	0.027108830336213943
7.4611838667047055	0.01	0.007	0.007	0.007	0.01	0.012035473520802392	0.012929955404050435	0.020498109053546657	0.010568475559497529	0.0006712422335706168	1.6505605516558257	2.4746372600187074	7.680809636365	1.8860163331895807	0.06135080734182422	28.102851571202205	0.027025020807146187
7.550576860152314	0.01	0.007	0.007	0.007	0.01	0.011852256939393992	0.012733126209299643	0.02014355171194204	0.010385622166113596	0.0006605728835946516	1.6546499672687047	2.4722512756799886	7.689646830770383	1.8843895332930383	0.06146164966871618	27.678708852628954	0.026941423477065355
7.640018736703058	0.01	0.007	0.007	0.007	0.01	0.011671737060519495	0.012539194000088716	0.01979504001913751	0.010205887987805359	0.0006500711130965755	1.6586073290379202	2.4696285819905657	7.697847377929146	1.882585873915579	0.06156747013365788	27.260740813005075	0.026858039239348767
7.729508194791719	0.01	0.007	0.007	0.007	0.01	0.011493878205552121	0.012348120449402616	0.019452476561853747	0.010029222722222396	0.0006397344531668788	1.6624364113955155	2.466777240789969	7.705431343912149	1.880611669288817	0.06166841774436244	26.848867054405492	0.026774868924348775
7.819043984162616	0.01	0.007	0.007	0.007	0.01	0.011318644959786043	0.012159867513702734	0.019115765142732777	0.009855576696336224	0.0006295604627015902	1.6661408890906162	2.4637050928374205	7.7124182113782895	1.8784730459490482	0.0617646373983276	26.443007742064115	0.026691913300073346
7.908624888224694	0.01	0.007	0.007	0.007	0.01	0.011146002212841712	0.011974397476334617	0.018784810845454945	0.009684900899976848	0.0006195467302195608	1.6697243386523157	2.4604197632376437	7.718826892884899	1.8761759478680569	0.06185626996110672	26.04308369851292	0.026609173089292622
7.998249736049445	0.01	0.007	0.007	0.007	0.01	0.010975915139736472	0.011791672927193164	0.018459519985579702	0.009517146960433157	0.0006096908722839892	1.6731902410973445	2.4569286658695777	7.724675746457673	1.8737261408489756	0.06194345237652904	25.649016360330165	0.026526648959085165
8.087917390626801	0.01	0.007	0.007	0.007	0.01	0.010808349227767102	0.011611656791602861	0.0181398001493717	0.009352267162426438	0.0005999905345912941	1.6765419836409938	2.453239008591671	7.729982589100636	1.8711292174199887	0.0620263177502873	25.2607278410119	0.026444341532345223
8.17762674897604	0.01	0.007	0.007	0.007	0.01	0.010643270279389497	0.011434312333412404	0.01782556018643759	0.009190214444262183	0.0005904433917008198	1.679782861889547	2.4493577980106953	7.73476471105209	1.868390601382808	0.06210499544537339	24.87814093826946	0.026362251388253214
8.26737675414557	0.01	0.007	0.007	0.007	0.01	0.01048064439346998	0.011259603134853618	0.01751671016143369	0.00903094237287388	0.0005810471455492929	1.6829160824059806	2.4452918436256557	7.739038890275953	1.8655155518772963	0.06217961118529401	24.501179091195183	0.026280379051915822
8.357166377488443	0.01	0.007	0.007	0.007	0.01	0.010320438000884368	0.011087493134786068	0.017213161409298305	0.00887440517225358	0.0005717995271082092	1.6859447641723115	2.441047763192466	7.74282140509939	1.8625091682673125	0.0622502871296012	24.12976646339278	0.026198725011195065
8.446994624701546	0.01	0.007	0.007	0.007	0.01	0.01016261785547601	0.010917946618984141	0.016914826505428505	0.008720557708018804	0.0005626982954985988	1.6888719409045059	2.4366319870340902	7.746128047960928	1.8593763942446009	0.06231714196955069	23.763827922667954	0.02611728971172216
8.536860529965567	0.01	0.007	0.007	0.007	0.01	0.010007151046200383	0.01075092823318468	0.01662161927618367	0.008569355492775403	0.000553741238340864	1.6917005629216724	2.43205076282136	7.748974138323873	1.8561220222272803	0.06238029101225835	23.403289069835616	0.026036073562747324
8.626763167938647	0.01	0.007	0.007	0.007	0.01	0.009854004977928219	0.010586402962464601	0.0163334547503423	0.008420754661030934	0.0005449261703314844	1.6944334995507881	2.427310159381828	7.751374535908877	1.852750697031201	0.06243984627595769	23.048076194852253	0.025955076926826984
8.716701630017619	0.01	0.007	0.007	0.007	0.01	0.009703147413393178	0.010424336176305839	0.016050249225887863	0.008274712003581342	0.0005362509353317019	1.6970735403887311	2.422416072281593	7.753343652590357	1.8492669207654076	0.062495916559038966	22.698116374760094	0.025874300141751613
8.806675042276927	0.01	0.007	0.007	0.007	0.01	0.009554546442940253	0.010264693596096932	0.015771920200808153	0.008131184931772015	0.0005277134043472631	1.6996233978345408	2.4173742271948573	7.75489546530208	1.845675056120783	0.0625486075363955	22.353337404194075	0.025793743504813834
8.896682553622885	0.01	0.007	0.007	0.007	0.01	0.009408170504933757	0.010107441317058138	0.015498386399410048	0.007990131491014747	0.0005193114764171079	1.7020857086736356	2.4121901847543445	7.756043527834869	1.8419793306775478	0.06259802183404092	22.013667843388006	0.025713407283917047
8.986723323923014	0.01	0.007	0.007	0.007	0.01	0.009263988404234716	0.009952545828092345	0.015229567794685083	0.007851510372268281	0.0005110430794011461	1.7044630356931498	2.4068693454319767	7.756800982665301	1.8381838412034377	0.06264425910450301	21.679037061742697	0.025633291728504846
9.076796559851875	0.01	0.007	0.007	0.007	0.01	0.009121969254150543	0.009799973949422463	0.014965385488182917	0.007715280850040825	0.0005029061664304477	1.7067578705162278	2.4014169515123034	7.757180572887045	1.834292555846024	0.06268741612481377	21.349375103778666	0.025553397038032156
9.166901491102392	0.01	0.007	0.007	0.007	0.01	0.00898208251535678	0.009649692874405678	0.0147057617712995	0.007581402813943891	0.0004948987178901579	1.7089726347621186	2.3958380924119917	7.757194653079239	1.8303093186795742	0.06272758685980713	21.02461278011083	0.025473723383677347
9.257037352524476	0.01	0.007	0.007	0.007	0.01	0.00884429802219254	0.009501670197783398	0.01445062016238439	0.007449836787776514	0.00048701874268703923	1.711109681437179	2.3901377097419703	7.756855200456443	1.8262378540411184	0.06276486253087123	20.704681729185733	0.02539427092443928
9.347203408046513	0.01	0.007	0.007	0.007	0.01	0.008708585943934517	0.009355873874078869	0.014199885323355761	0.007320543886477258	0.000479264275839156	1.713171297314166	2.3843205996981816	7.756173825745172	1.822081768930136	0.06279933170154334	20.389514328060674	0.025315039786278987
9.437398944757792	0.01	0.007	0.007	0.007	0.01	0.008574916793226292	0.009212272226653339	0.013953483064277008	0.007193485818435933	0.0004716333787549754	1.715159704504749	2.378391417163647	7.755161783623813	1.8178445566014712	0.06283108034675251	20.079043712633474	0.02523603006775139
9.527623266979258	0.01	0.007	0.007	0.007	0.01	0.008443261433578278	0.009070833955764074	0.01371134034616874	0.007068624886896207	0.00046412413946715284	1.7170770620240376	2.3723546797755093	7.753829983029593	1.813529600106789	0.06286019192145251	19.773203795729398	0.025157241845546775
9.617875702281399	0.01	0.007	0.007	0.007	0.01	0.008313591068935661	0.008931528127357863	0.013473385250917435	0.006945923974392549	0.00045673467186103245	1.718925467584989	2.3662147711317676	7.752188997085189	1.8091401751952374	0.06288674743191042	19.47192924353601	0.025078675169548627
9.708155589567262	0.01	0.007	0.007	0.007	0.01	0.00818587725914112	0.008794324189683452	0.013239546998951577	0.006825346551819502	0.0004494631163745995	1.7207069589800565	2.359975945125574	7.750249073054638	1.804679453994953	0.06291082549973952	19.175155512191623	0.025000330073527026
9.798462279101448	0.01	0.007	0.007	0.007	0.01	0.008060091917243072	0.008659191970400553	0.01300975593355427	0.006706856670298072	0.000442307639678906	1.722423515700507	2.353642329429929	7.7480201419583095	1.8001505080631481	0.0629325024288951	18.882818842208454	0.024922206575317435
9.888795156475236	0.01	0.007	0.007	0.007	0.01	0.007936207274198859	0.008526101638661007	0.012783943446023054	0.00659041892254187	0.0004352664325319733	1.7240770609459772	2.3472179271839058	7.745511827220757	1.7955563101264995	0.06295185227574679	18.594856177093902	0.02484430465638863
9.97915360674512	0.01	0.007	0.007	0.007	0.01	0.007814195926716427	0.008395023756506045	0.012562042052866153	0.006475998482620726	0.00042833771232279346	1.7256694624643667	2.3407066228021205	7.742733454564689	1.7908997387473755	0.06296894690332397	18.311205275189966	0.024766624293148198
10.0	0.01	0.007	0.007	0.007	0.01	0.007786314809003489	0.00836507077945101	0.01251140454029386	0.006449888022208742	0.00042674936737420807	1.726028292868797	2.3391927367735197	7.742055200128865	1.7898170582445914	0.06297257766469384	18.246381512382914	0.02474873734152919
