0.0	0.01	0.007	0.007	0.007	0.01	0.0	0.0	0.0	0.0	0.0	0.0	0.0	0.0	0.0	0.0	100.0	0.035
0.006963234011760987	0.01	0.007	0.007	0.007	0.01	0.0027617782228498895	0.0054916234320574915	0.003353760191403016	0.0011931503017350228	0.00010812273978010595	0.0001635501511782187	0.0003465789006372177	0.00025156949240808424	7.899494870778378e-5	3.355660921603338e-6	99.88719625484535	0.03499155456355823
0.012017470617959658	0.01	0.007	0.007	0.007	0.01	0.004658163500800397	0.009079965545508769	0.00567573995459672	0.0020371017502134733	0.00016764632460934575	0.000479445924145214	0.0010025006236753003	0.000739140656840811	0.00023345426174380766	9.299768789858282e-6	99.80539779980813	0.034985425752468984
0.019345552424736553	0.01	0.007	0.007	0.007	0.01	0.007255179555495931	0.013751066332338831	0.008882625690917752	0.00322859842481295	0.0002328187303496929	0.001214337327859256	0.0024917058340047484	0.0018781144654480978	0.0005981696042653644	2.1811708653276266e-5	99.68691807747159	0.034976541563458696
0.026541615601636436	0.01	0.007	0.007	0.007	0.01	0.009639782758943134	0.017790759700334766	0.0118567207391239	0.00436259093825959	0.0002786828475774103	0.002235513899184691	0.004505622535141648	0.0034681697867682327	0.0011135580572899657	3.742144430412979e-5	99.5707096908471	0.03496781962248906
0.034976506552125336	0.01	0.007	0.007	0.007	0.01	0.012239948395492072	0.021920878214106737	0.01513460473932448	0.005647751479006311	0.0003162664305861654	0.003783446445169612	0.007472491832824831	0.005890396233349418	0.0019090032280135378	5.865766873388636e-5	99.43466806455466	0.034957598937255835
0.043820057870692306	0.01	0.007	0.007	0.007	0.01	0.014756216555067151	0.025641831881223147	0.018344601157232146	0.006945806594292514	0.0003427031988557869	0.005782262921886538	0.011189482936491257	0.009034847421521205	0.0029563405744963307	8.324972632208166e-5	99.29223497710295	0.034946886280040404
0.053494635431057695	0.01	0.007	0.007	0.007	0.01	0.017282082342967457	0.029100587751759485	0.02160812034665753	0.008310056468595527	0.000361499757103896	0.008372814636847225	0.01585965622857383	0.013132856389175192	0.004341804420185072	0.00011193365636873965	99.13665116295535	0.03493517071723949
0.0637230159720008	0.01	0.007	0.007	0.007	0.01	0.01971616551832962	0.032167910527850625	0.02479646211687241	0.009691464511490493	0.0003739140449689133	0.011529696285422015	0.021373063090655876	0.01815564461348233	0.006066804767992222	0.00014352991564771654	98.97242635925518	0.03492278879025696
0.07463041448569466	0.01	0.007	0.007	0.007	0.01	0.022067915907812086	0.03487967357129349	0.027922219095403763	0.011098428459548202	0.00038184646412797117	0.015324243054519003	0.027792021041150812	0.024228834549480317	0.008186880536258507	0.00017807879522492302	98.79759910572335	0.034909589715766756
0.08613053729448245	0.01	0.007	0.007	0.007	0.01	0.024300374653532835	0.03722062716457036	0.030935797163465544	0.01251114600184521	0.0003865851581885166	0.019754867408422215	0.03505199611703472	0.031363022924757004	0.01071978466899888	0.00021503325968844127	98.61360591543992	0.0348956787864453
0.09826771223326247	0.01	0.007	0.007	0.007	0.01	0.026408635515580977	0.03921824032571419	0.03382882795421251	0.013927051047239989	0.0003891906406896872	0.024857844624545062	0.04315461587776723	0.03963020714652691	0.013706399531030023	0.000254319558990755	98.41979201732327	0.03488100327013245
0.11102762684048008	0.01	0.007	0.007	0.007	0.01	0.02837913844081326	0.04089341727111022	0.036580208380388876	0.015336526210889517	0.0003903990277989093	0.03064135883245062	0.052058676493619914	0.04905775123380364	0.017173399855024037	0.00029573014736668127	98.21644455141572	0.034865581430706914
0.12444155487721875	0.01	0.007	0.007	0.007	0.01	0.030208514603581375	0.042277647492418254	0.03918190077984389	0.016735327582722104	0.0003907224163444384	0.03712804648738794	0.061749849386772526	0.05969687804330877	0.021157726814996194	0.0003392468916065942	98.0031274258865	0.034849376491594565
0.13852859583733662	0.01	0.007	0.007	0.007	0.01	0.03189308106778332	0.043401449815135495	0.04162471619834916	0.01811774791461741	0.0003904969324536773	0.04433151677584929	0.07220410867084519	0.07158442266212788	0.025692715424076733	0.0003848425963972606	97.77960475850448	0.03483236649432736
0.15332735387531382	0.01	0.007	0.007	0.007	0.01	0.03343296165197752	0.04429659098851495	0.043904296066405064	0.019479875435675267	0.00038993831578591125	0.05227196429777831	0.08341157316158106	0.08476824707571896	0.030817586414821047	0.00043257359142722957	97.54533816356495	0.03481450604629391
0.16887840682785485	0.01	0.007	0.007	0.007	0.01	0.03482924604665937	0.04499313294515747	0.04601723293752914	0.020817618924406315	0.0003891833935523995	0.060968373457529736	0.09536479030924064	0.09929436006516734	0.03657271063581003	0.00048251511584375113	97.29976739524503	0.03479574753041691
0.18523411772725107	0.01	0.007	0.007	0.007	0.01	0.03608470390659159	0.04551937743489733	0.04796225471829208	0.02212748990024558	0.0003883215854273177	0.07044417962643922	0.10806658571080231	0.11521622048177467	0.043003330822179206	0.000534787546030772	97.0421570688223	0.034776029298118225
0.2024534052685009	0.01	0.007	0.007	0.007	0.01	0.037202925917045014	0.04590108131203661	0.04973906857803768	0.023405979273948763	0.00038741848443366424	0.08072482794178726	0.12152627885858361	0.13259061501713307	0.05015811452399671	0.0005895362559258226	96.77168197613251	0.03475528202351582
0.2206048733100877	0.01	0.007	0.007	0.007	0.01	0.03818834217266285	0.046161341247594384	0.05134848910843666	0.024649687424396195	0.00038653318318133424	0.09183975167374593	0.13576199840382547	0.1514808906711502	0.058090609852623994	0.0006469404149265346	96.48738063485642	0.034733424978765234
0.23976509936198676	0.01	0.007	0.007	0.007	0.01	0.03904591857493429	0.046320466355712644	0.0527920509452091	0.02585507934231634	0.0003857320528082687	0.103821418369956	0.15079904677873043	0.171955237150142	0.066858689375467	0.0007072083905339688	96.18818550427044	0.03471036815303798
0.26001915679122234	0.01	0.007	0.007	0.007	0.01	0.039781086187143	0.04639603854426452	0.05407197004426893	0.02701844648714632	0.00038510029939109854	0.11670552680039081	0.1666698439147564	0.19408685544960666	0.07652470051065993	0.0007705826435827854	95.8729183943634	0.03468601168536676
0.28145896084682964	0.01	0.007	0.007	0.007	0.01	0.040399628087604715	0.046403029367891105	0.05519102541015688	0.02813577232494926	0.00038475263942222646	0.13052972121156495	0.18341206009888428	0.21795152859047387	0.0871544013144144	0.0008373406549636427	95.54032015655409	0.03466024792193399
0.30418114626269105	0.01	0.007	0.007	0.007	0.01	0.040907643706557036	0.04635398620520432	0.05615256336306806	0.029202658424519468	0.0003848435257688342	0.14533185730170062	0.2010663362413536	0.24362431073802668	0.09881529316592998	0.0009077981103750251	95.18908751789614	0.034632964035108356
0.32828216420347134	0.01	0.007	0.007	0.007	0.01	0.0413115292730454	0.04625926400924264	0.05696052767954825	0.030214230601441728	0.00038557676615876447	0.16114637583441307	0.21967187852099335	0.27117281034681295	0.1115730947432908	0.0009823080728650721	94.81795233753098	0.03460404797308098
0.35384858572973854	0.01	0.007	0.007	0.007	0.01	0.041617994576279065	0.046127311023226814	0.05761954981960677	0.031165036442126808	0.00038721313424072923	0.1779975078161191	0.23925855035558038	0.30064477661268546	0.12548503778638306	0.0010612507622473548	94.42583274090019	0.03457340012941929
0.38093747801939815	0.01	0.007	0.007	0.007	0.01	0.04183413040118008	0.04596503594441627	0.05813511596673984	0.03204890103081032	0.000390072346300459	0.19588607319674642	0.2598318807698092	0.3320442348582093	0.14058683831252958	0.0011449978854542761	94.0121317598139	0.03454095683439014
0.4095394729446762	0.01	0.007	0.007	0.007	0.01	0.04196759241626652	0.04577830555444032	0.05851391884128049	0.03285877988116715	0.0003945215515273634	0.21476535294439422	0.2813461027354747	0.36528810262611144	0.15686870486878146	0.0012338251807397713	93.57728975500699	0.03450673439831472
0.43953097583649947	0.01	0.007	0.007	0.007	0.01	0.042027002495063026	0.045572521103280424	0.058764654186063796	0.03358709562681721	0.00040093970749920056	0.23451102342456553	0.30367116063907473	0.40015203233165936	0.17424379858715583	0.0013277821196713737	93.12348286349842	0.0344708858258248
0.4706668584707084	0.01	0.007	0.007	0.007	0.01	0.04202236102142735	0.04535287845649387	0.05889915241626643	0.03422752734289653	0.0004096624469203829	0.25491967052476694	0.3265921601460018	0.43626693934083566	0.1925404062536999	0.0014266615459899517	92.65468832775005	0.034433708787333525
0.5026623802223723	0.01	0.007	0.007	0.007	0.01	0.041964700660842534	0.04512393282384276	0.058932502931848346	0.03477772483321286	0.000420944597545784	0.2757667849415966	0.3498741729510162	0.4732220960879642	0.21155034752976357	0.0015302212276386928	92.17540920272975	0.034395547088820276
0.5352868061580445	0.01	0.007	0.007	0.007	0.01	0.04186483540871227	0.04488906360847962	0.05888124510021802	0.03524011120728087	0.00043496096397964206	0.29687047123636395	0.3733312341943326	0.5106799714220935	0.23108947434563723	0.0016384413992494064	91.68926204178922	0.034356678831844095
0.5683790858082731	0.01	0.007	0.007	0.007	0.01	0.04173228566740658	0.044650538060206024	0.05876118845665314	0.035620306412639274	0.0004518163599299783	0.318101579625483	0.39683518166011733	0.5483963346301655	0.25101299704348606	0.0017515494461259491	91.19876260678487	0.03431729805256923
0.6018379235091936	0.01	0.007	0.007	0.007	0.01	0.04157485360137269	0.04440976943603681	0.058586191637847375	0.03592549777254159	0.0004715581537803541	0.339375886283216	0.4203056125172523	0.5862077392599728	0.27121350719872994	0.0018699738162539883	90.70549765980279	0.03427752695066134
0.635603484418787	0.01	0.007	0.007	0.007	0.01	0.04139866313104094	0.0441676008590979	0.05836779575633852	0.03616328846130394	0.0004941857120399946	0.36064063833729776	0.4436945482537998	0.6240082548398256	0.2916119444547924	0.001994276185424947	90.21041552952958	0.03423743798708538
0.6696464879627718	0.01	0.007	0.007	0.007	0.01	0.041208378301743544	0.04392449052087592	0.058115302337023736	0.036341078440910356	0.0005196608402008795	0.38186604368119975	0.4669771003112341	0.6617345065620797	0.31215169275863025	0.0021251118919241923	89.71400101763844	0.034197067088133665
0.7039593253329346	0.01	0.007	0.007	0.007	0.01	0.04100747558036991	0.043680644552834436	0.057836046311088914	0.03646573857983181	0.0005479163340205137	0.40303834973840225	0.49014410246423673	0.6993532855118982	0.3327931763166697	0.002263199570662383	89.21641601244497	0.03415642436924324
0.7385506976357132	0.01	0.007	0.007	0.007	0.01	0.040798495292155	0.04343609823129862	0.0575357140205626	0.03654347425373073	0.0005788638658835965	0.4241554402679531	0.5131975721009119	0.7368535168896896	0.35351021699478075	0.0024093049702114855	88.71758528608302	0.03411550062539
0.7734414621319835	0.01	0.007	0.007	0.007	0.01	0.040583257481461826	0.04319077154978276	0.05721865199147045	0.036579788854835746	0.0006124001007090201	0.44522343987524365	0.5361472645408799	0.77423997935087	0.37428696264660954	0.002564230132895736	88.21726247678026	0.03407427235204271
0.8086620502565509	0.01	0.007	0.007	0.007	0.01	0.04036303341439535	0.04294450316052587	0.056888134349819076	0.03657950445811101	0.0006484117980683482	0.466254491392522	0.5590084723520617	0.8115291094907636	0.3951157154789221	0.0027288092078232695	87.7150717524624	0.034032704878882616
0.8442506852706516	0.01	0.007	0.007	0.007	0.01	0.04013867902042542	0.04269707242967958	0.056546585474192806	0.03654680948741312	0.0006867797435391537	0.48726517121257223	0.5818004761203617	0.8487459595621218	0.4159952490869476	0.002903907828876453	87.21053696206702	0.033990754541247434
0.8802524469417411	0.01	0.007	0.007	0.007	0.01	0.03991073494444787	0.0424482119147523	0.056195757436267584	0.0364853172536218	0.000727381979112468	0.5082755200948628	0.6045456230444511	0.88592227419353	0.4369296609120777	0.003090426474691699	86.70309806957776	0.03394836984147506
0.9167189264227036	0.01	0.007	0.007	0.007	0.01	0.039679500322150014	0.04219761369004347	0.055836868544989204	0.03639812557093454	0.0007700964476476996	0.5293084897793371	0.6272688196787752	0.9230953304875066	0.4579276050267822	0.0032893070531215445	86.19211895373641	0.03390549191062686
0.9537085284112167	0.01	0.007	0.007	0.007	0.01	0.03944508498304342	0.04194493013165256	0.05547070773619642	0.03628787194363857	0.0008148034049982025	0.5503897988088792	0.6499974353230972	0.9603075245256373	0.4790019226883284	0.0035015435830760976	85.67688613543119	0.033862054209927904
0.9912873320136044	0.01	0.007	0.007	0.007	0.01	0.039207444896857666	0.04168977043115093	0.05509771096573411	0.0361567814664669	0.000861387716817513	0.5715481078085367	0.6727615212289665	0.9976065380991939	0.5001695933493873	0.003728197316229878	85.15660005388168	0.03381798158298179
1.0295307406813112	0.01	0.007	0.007	0.007	0.01	0.038966402845052185	0.04143169173584819	0.05471801212948053	0.03600670523737758	0.0009097414542886865	0.5928156066641499	0.6955944455830481	1.0350462399868345	0.5214521023913112	0.003970418681224781	84.63035609401577	0.033773188395853686
1.0685260490046733	0.01	0.007	0.007	0.007	0.01	0.03872165626410668	0.04117018447134039	0.05433147140044356	0.03583914786784144	0.0009597670131590736	0.6142290375585638	0.718533967043142	1.072688352882967	0.5428762474751865	0.00422947841813301	84.09711414690193	0.03372757562548588
1.1083764634277797	0.01	0.007	0.007	0.007	0.01	0.03847277112361461	0.0409046486803977	0.053937679280682355	0.03565528137801333	0.0010113813967060144	0.6358313901300944	0.7416239935304423	1.110605287788097	0.564475611985368	0.004506813598350108	83.55565007067602	0.033681026281748024
1.149207375531985	0.01	0.007	0.007	0.007	0.01	0.03821915879780113	0.04063435666681522	0.05353593177918804	0.03545594114921714	0.0010645225164623885	0.6576746108261284	0.7649173784603251	1.1488847263092414	0.586293032571309	0.004804097596117542	83.00447934382503	0.033633398252002816
1.1911766589036112	0.01	0.007	0.007	0.007	0.01	0.03796002685769726	0.04035839118089664	0.053125162671623254	0.035241594288180515	0.0011191593895856114	0.6798241260229919	0.7884805821148511	1.1876373205696602	0.6083848325567854	0.0051233527464885934	82.44173090326275	0.03358451253866276
1.2344925208868174	0.01	0.007	0.007	0.007	0.01	0.03769428436773246	0.04007553767099061	0.052703802507631035	0.03501226033743654	0.0011753099226643974	0.7023667713344457	0.8124018432510731	1.2270102398085818	0.6308283588345175	0.005467143374614815	81.86492733570759	0.03353413284386432
1.2794475251965196	0.01	0.007	0.007	0.007	0.01	0.03742035263871165	0.03978407782973445	0.05226948729360052	0.0347673348071153	0.0012330754387791525	0.7254260677621024	0.8368069409892491	1.2672133323332109	0.6537366412402306	0.005838939266006762	81.27056377672137	0.03348192661616148
1.3264927939941602	0.01	0.007	0.007	0.007	0.01	0.037135743091859956	0.039481336882432494	0.051818398899704216	0.034505176238792484	0.001292717837728528	0.7491958998745814	0.8618940064123495	1.3085769107448044	0.6772909094048255	0.0062438983328237845	80.65318457296948	0.03342737999459535
1.3764400014156548	0.01	0.007	0.007	0.007	0.01	0.03683589403658399	0.039162443949243245	0.0513434355390338	0.03422194700902446	0.0013548756211222864	0.774033273360996	0.8880296168254024	1.3517111782301574	0.7018305503974627	0.006690965108081281	80.00285501415215	0.03336956597313362
1.431249780953913	0.01	0.007	0.007	0.007	0.01	0.0365096000337674	0.038815470354674926	0.050827004456222014	0.03390703341317703	0.0014214270477426259	0.8008238073013701	0.916128146230502	1.3981352212154352	0.7282086036183565	0.007200958254575969	79.2952459375602	0.03330623857293389
1.5067707519590205	0.01	0.007	0.007	0.007	0.01	0.036064699861281135	0.03834241766728005	0.05012369475437713	0.033468802518114	0.0015097961836503199	0.83695621334885	0.9538672073126734	1.460574411524451	0.7636200921880454	0.007934949444956632	78.33049130904817	0.033219178226452456
1.5576753099603844	0.01	0.007	0.007	0.007	0.01	0.03576786618012885	0.038026817484061025	0.04965505236845851	0.03317199685966675	0.001567008398978021	0.8608099541830652	0.9786787993330599	1.501683262788535	0.7868859941423665	0.008448764689735138	77.68683410655316	0.03316062403581993
1.6142363002219569	0.01	0.007	0.007	0.007	0.01	0.03544090666830269	0.037679195818184276	0.04913944201573944	0.032841912835742657	0.001628109895975902	0.8868502267122508	1.0056677929558449	1.5464556881107772	0.8121759452534574	0.00903634115250329	76.97785614329902	0.03309568444165187
1.6664691055620295	0.01	0.007	0.007	0.007	0.01	0.035141618670693216	0.03736099953800798	0.04866803798703569	0.03253746898565274	0.0016821598655219674	0.9104714069220787	1.0300591300108182	1.5869720041971325	0.8350133430361771	0.009593404740313755	76.3288787189551	0.03303582713761379
1.7190484987064472	0.01	0.007	0.007	0.007	0.01	0.03484289588032708	0.03704340724686792	0.04819808228234591	0.032231888878267966	0.001734180545801619	0.933842922674422	1.0541051443137268	1.6269671288321883	0.8575081784503735	0.010167070991432842	75.68112085194012	0.03297568199203969
1.7699974289750797	0.01	0.007	0.007	0.007	0.01	0.03455585859338993	0.036738240431860456	0.047747046841709974	0.03193700697007543	0.0017822655384519268	0.9561072126938066	1.0769283807309677	1.664979395136218	0.8788397804477788	0.010734280562990526	75.05869420426902	0.03291750638159885
1.8205579324143177	0.01	0.007	0.007	0.007	0.01	0.03427334756939225	0.03643788687557073	0.04730364555112534	0.031645850577016764	0.0018276982425145978	0.9778357391853404	1.0991212227504845	1.701992067012749	0.8995627431014173	0.0113072231217555	74.44607359970387	0.03285987575609317
1.870322594481706	0.01	0.007	0.007	0.007	0.01	0.03399753947483985	0.036144660265406754	0.046871270473654546	0.031360932675805676	0.001870187404409275	0.9988719625070994	1.12052815284031	1.7377436871462375	0.9195325199003055	0.011880020639772077	73.84797878740018	0.03280325078685042
1.9196982529308992	0.01	0.007	0.007	0.007	0.01	0.033726081723450485	0.035856059161146855	0.04644620877603423	0.031080033196515783	0.0019101650428200074	1.0194058132399273	1.141346733666154	1.772562094082128	0.9389342445997284	0.012456177361914525	73.25930816091808	0.03274716488418506
1.9686394236952276	0.01	0.007	0.007	0.007	0.01	0.033459152617663995	0.03557227295810272	0.04602872018652411	0.03080349526119928	0.0019476652725033308	1.0394320664843286	1.1615750163218566	1.806442450674501	0.9577668371785757	0.013034149756373606	72.68044849138698	0.032691667149137876
2.0173168327284796	0.01	0.007	0.007	0.007	0.01	0.03319575868248093	0.035292245337419766	0.0456172331800085	0.030530413123116797	0.001982888342315553	1.0590326414973217	1.1812987519695277	1.8395269733152242	0.9761108796410736	0.013615029478280603	72.10924553181025	0.032636561806741106
2.065765857603851	0.01	0.007	0.007	0.007	0.01	0.03293566046027427	0.03501572165485286	0.045211359009365695	0.03026063452765713	0.002015922062489454	1.078231517423806	1.20054455753803	1.8718591962367577	0.9939918152843259	0.014198407246877008	71.54518018899022	0.032581807240593084
2.114077868228852	0.01	0.007	0.007	0.007	0.01	0.032678328141382586	0.0347421386021609	0.044810258128734695	0.029993685545079397	0.002046887470524714	1.0970731967042147	1.2193592134659685	1.9035167699949815	1.0114537682008249	0.014784617815759458	70.98710368960198	0.03252729899373312
2.1623002951913857	0.01	0.007	0.007	0.007	0.01	0.032423479021081704	0.034471195595998205	0.04441347911536728	0.02972933273804065	0.002075869038768991	1.1155829941977293	1.2377698312233356	1.9345445687573237	1.0285225169406453	0.015373530353249135	70.43440312156369	0.03247298275709167
2.210491662894482	0.01	0.007	0.007	0.007	0.01	0.032170780655999286	0.03420253918273115	0.0440204951362198	0.02946727895403771	0.0021029527698186562	1.1337890863099145	1.2558060166904415	1.964991890149909	1.0452260926624564	0.015965199872343953	69.88635767683296	0.032418792117900413
2.258693904876726	0.01	0.007	0.007	0.007	0.01	0.03191999641625627	0.03393591777882462	0.04363093037818047	0.02920731702451634	0.0021282098466067923	1.1517120221910697	1.273489473529762	1.9948949144313783	1.0615851431346734	0.016559521335611567	69.34245431322853	0.03236467971418785
2.3069492627666306	0.01	0.007	0.007	0.007	0.01	0.03167089504568868	0.03367108551756269	0.043244418969667145	0.02894923801723667	0.002151707459967601	1.1693713988396301	1.290840690843104	2.0242879465927675	1.0776191406894717	0.017156428699983812	68.80219161620956	0.03231059815390862
2.355292333932211	0.01	0.007	0.007	0.007	0.01	0.03142329117277554	0.0334078453168991	0.04286066769628917	0.028692874799722306	0.002173505185345473	1.1867830486734494	1.3078762065465448	2.0531987656596367	1.0933438569793223	0.017755791211860435	68.26516766146183	0.03225650890716946
2.403755608956953	0.01	0.007	0.007	0.007	0.01	0.031177015645369188	0.033146017339945495	0.042479409708270924	0.02843807249168354	0.0021936584491377286	1.2039612384825256	1.3246108137901287	2.081652332950986	1.1087734110578842	0.01835747693674172	67.73101567949172	0.03220237605430136
2.4523673879590695	0.01	0.007	0.007	0.007	0.01	0.030931925497178468	0.03288544959029386	0.04210041978916157	0.028184699715312202	0.0022122180682155436	1.220918034202559	1.3410569707403377	2.1096697706549032	1.1239197307316282	0.01896132315243986	67.19942567456305	0.03214816858795828
2.501153761468129	0.01	0.007	0.007	0.007	0.01	0.030687893182916818	0.03262600646700735	0.04172349751527039	0.0279326381753721	0.0022292315633050445	1.2376641148082896	1.357225624126015	2.137269742073236	1.1387933183012402	0.01956715783477769	66.67012107968368	0.03209385817104837
2.5501382152767795	0.01	0.007	0.007	0.007	0.01	0.03044480804448461	0.032367570323167824	0.041348469387382666	0.027681784744014358	0.0022447433686390472	1.2542087195705343	1.3731261818746634	2.164468389492093	1.1534032304069592	0.020174792269622557	66.14286193916551	0.03203941955552599
2.5993424446910347	0.01	0.007	0.007	0.007	0.01	0.030202571764000076	0.03211003663161876	0.040975181685025015	0.027432047210750432	0.002258795441854672	1.2705600035796794	1.3887668779328604	2.191279942600362	1.1677574183453543	0.02078402914559265	65.61743504861845	0.031984829656178125
2.6487863982066844	0.01	0.007	0.007	0.007	0.01	0.029961097766139384	0.03185331334947014	0.04060349944378118	0.027183344022505558	0.002271427536192382	1.2867251140323295	1.4041548633435794	2.2177168624122583	1.1818628157170183	0.02139466144613936	65.09365266057472	0.03193006748641246
2.6984886918288256	0.01	0.007	0.007	0.007	0.01	0.029720308848842903	0.031597318399122595	0.04023330271610022	0.02693560212486934	0.0022826775411045833	1.3027103811152057	1.4192964044374752	2.2437901704437007	1.1957255238752529	0.022006476224040943	64.57134734708983	0.03187511368510348
2.7484667457837344	0.01	0.007	0.007	0.007	0.01	0.02948013624506571	0.03134197867072878	0.03986448505316349	0.026688756224257724	0.0022925816980801416	1.318521406761535	1.4341969804847003	2.2695096075106247	1.2093509045038393	0.022619255159970673	64.05036996607919	0.03181995035430401
2.798737017629632	0.01	0.007	0.007	0.007	0.01	0.029240518262805985	0.03108722857631425	0.039496951349798436	0.026442747572163115	0.0023011748070866952	1.3341631773822844	1.4488614019573223	2.2948838294691227	1.2227436906201596	0.0232327764864056	63.53058671266234	0.03176456079238322
2.849315157870167	0.01	0.007	0.007	0.007	0.01	0.029001399347518983	0.030833009052966615	0.03913061635028592	0.02619752315011074	0.002308490383808969	1.3496401446105724	1.4632938963996323	2.3199205486689927	1.2359080674733052	0.023846816088497834	63.01187708649481	0.031708929314988775
2.900216157443898	0.01	0.007	0.007	0.007	0.01	0.028762729221076616	0.03057926664741005	0.03876540328093209	0.025953034905977623	0.002314560790928392	1.3649562978542142	1.4774981848870685	2.3446266603772385	1.2488477444732349	0.02446114860842265	62.49413202495726	0.031653041086697406
2.9514544636342626	0.01	0.007	0.007	0.007	0.01	0.028524462203089997	0.030325952794462686	0.03840124277015581	0.025709239155631898	0.0023194173441889615	1.3801152222945727	1.4914775433992873	2.3690083441475704	1.2615660130317108	0.02507554824435356	61.97725243177147	0.03159688198893975
3.0030440946760733	0.01	0.007	0.007	0.007	0.01	0.028286556566531285	0.03007302313196159	0.038038071827957334	0.02546609600224411	0.0023230904014838794	1.3951201523682633	1.5052348587096303	2.3930711566195844	1.2740657991274311	0.025689789593500413	61.46114777988114	0.031540438490687016
3.054998739620702	0.01	0.007	0.007	0.007	0.01	0.028048973988125635	0.029820436916444374	0.0376758329765512	0.025223568838759012	0.0023256094356325016	1.4099740171268291	1.5187726755910054	2.4168201100856557	1.2863497077134538	0.02630364835953278	60.94573491979044	0.03148369753655694
3.1073318571741195	0.01	0.007	0.007	0.007	0.01	0.027811679027310375	0.029568156469202793	0.03731447343026471	0.024981623868574377	0.002327003094312096	1.4246794819449449	1.5320932395976554	2.4402597441601075	1.2984200628748315	0.02691690207449336	60.43093694975885	0.031426646437213955
3.1600567421205246	0.01	0.007	0.007	0.007	0.01	0.02757463877375157	0.02931614680153871	0.036953944537198184	0.02474022978934419	0.002327299248359317	1.4392389781434256	1.545198527916861	2.463394177245305	1.3102789369671757	0.027529330456442055	59.91668245156718	0.0313692727961884
3.2131866112676795	0.01	0.007	0.007	0.007	0.01	0.027337822423993654	0.02906437516467866	0.03659420111703107	0.024499357397263426	0.002326525032540803	1.4536547356963085	1.5580902822251887	2.486227162160604	1.3219281814065555	0.028140716007821174	59.40290457245757	0.03131156441631926
3.2667346778663156	0.01	0.007	0.007	0.007	0.01	0.02710120092895115	0.0288128106750038	0.03623520091083634	0.024258979258107504	0.002324706878048355	1.4679288102495707	1.5707700355937924	2.508762131958164	1.3333694519048214	0.028750844476767373	58.88954026067638	0.03125350921973739
3.320714206920602	0.01	0.007	0.007	0.007	0.01	0.026864746742084316	0.02856142404632277	0.03587690418722869	0.024019069476146057	0.0023218705394602995	1.4820631029554308	1.5832391322993642	2.5310022337388247	1.344604227160638	0.029359505095057643	58.376529719382916	0.031195095189443113
3.3751385796498448	0.01	0.007	0.007	0.007	0.01	0.02662843354085761	0.028310187293739672	0.035519273310882025	0.023779603432235202	0.0023180411168863472	1.49605938102496	1.595498747692091	2.5529503630691965	1.3556338274890536	0.029966490914117586	57.86381580253413	0.031136310301728153
3.430021367674021	0.01	0.007	0.007	0.007	0.01	0.026392235921410448	0.028059073409043088	0.03516227227372216	0.023540557492258214	0.0023132430725535586	1.5099192989045482	1.6075499079583888	2.574609198794494	1.3664594332331943	0.030571599231039557	57.351343352583335	0.03107714244897076
3.485376399051186	0.01	0.007	0.007	0.007	0.01	0.02615612914487267	0.02780805609100083	0.0348058663075427	0.023301908766226245	0.0023075002432857276	1.5236444154383904	1.61939350570754	2.595981230978445	1.3770820992999684	0.031174631895871812	56.839058650162656	0.03101757937217496
3.541217815839356	0.01	0.007	0.007	0.007	0.01	0.025920088934461617	0.027557109529643513	0.03445002157611284	0.023063634917409318	0.0023008358504487763	1.537236207266427	1.6310303117236558	2.6170687824762715	1.3875027661556263	0.03177539549833662	56.326908973889225	0.03095760860350923
3.5975601529256753	0.01	0.007	0.007	0.007	0.01	0.025684091197035557	0.0273062081102335	0.034094704756075546	0.022825713894350768	0.0022932725045339843	1.550696085823687	1.6424609892420672	2.637874035622874	1.3977222729910836	0.032373701751360194	55.81484199620564	0.030897217386893168
3.654418405178529	0.01	0.007	0.007	0.007	0.01	0.025448111810881736	0.027055326187651333	0.033739882720785125	0.02258812372961239	0.002284832207886563	1.5640254096813597	1.6536861035963226	2.658399051162467	1.4077413666422367	0.03296936770372102	55.30280532287103	0.030836392612174707
3.711808097697532	0.01	0.007	0.007	0.007	0.01	0.025212126416117968	0.02680443786356053	0.033385522230774116	0.02235084234113746	0.002275536354838582	1.5772254960243253	1.6647061305646003	2.678645785383832	1.417560709267242	0.03356221594111582	54.79074603806874	0.030775120746994674
3.7697453749095584	0.01	0.007	0.007	0.007	0.01	0.024976110144683733	0.026553516699347045	0.03303158953643731	0.022113847273325334	0.002265405726624834	1.5902976347469062	1.675521466275089	2.698616110772221	1.4271808873271534	0.03415207492870736	54.27861011837145	0.030713387749649403
3.8282471097063215	0.01	0.007	0.007	0.007	0.01	0.024740037290184324	0.026302535365113115	0.0326780498942672	0.02187711537896988	0.0022544604798196877	1.6032431049173963	1.6861324382681462	2.7183118396470656	1.43660242148616	0.03473877948438711	53.76634171611764	0.030651178961996088
3.8873309746663156	0.01	0.007	0.007	0.007	0.01	0.024503881153536237	0.02605146547557429	0.03232486735023767	0.021640622679048215	0.0022427201393466043	1.6160631806318282	1.69653930702442	2.7377347310081306	1.445825767939708	0.0353221707902317	53.25388282419181	0.030588479044186233
3.9470155889415066	0.01	0.007	0.007	0.007	0.01	0.024267613606833164	0.025800277126382356	0.03197200410501179	0.021404343941642326	0.002230203575313138	1.6287591513916946	1.7067422785722877	2.7568865188530336	1.4548513294852945	0.0359020970756926	52.741172329279344	0.03052527183053551
4.007320616554609	0.01	0.007	0.007	0.007	0.01	0.024031204880542816	0.025548938667882663	0.03161942021796657	0.02116825248702893	0.0022169289868816645	1.6413323291879205	1.7167415052568	2.7757689195623185	1.46367945597852	0.036478413709338325	52.22814554965321	0.03046154023891572
4.068266947781351	0.01	0.007	0.007	0.007	0.01	0.023794623052466032	0.0252974161617989	0.03126707287071084	0.02093231969722268	0.0022029138666688937	1.6537840704518694	1.726537097378616	2.7943836609116737	1.4723104542892065	0.037050983977548725	51.714733125675544	0.030397266094264807
4.12987685378697	0.01	0.007	0.007	0.007	0.01	0.023557833680947993	0.025045672991280316	0.030914915852253422	0.02069651467345939	0.0021881749680237417	1.666115788787705	1.7361291260652394	2.8127324961706632	1.4807445903550138	0.03761967944915676	51.20086022320881	0.030332429983037576
4.192174208958593	0.01	0.007	0.007	0.007	0.01	0.023320799217813475	0.024793669236761136	0.030562898722954233	0.02046080367819938	0.002172728254391472	1.6783289777114203	1.7455176324896542	2.830817232044112	1.488982096668169	0.03818438080266059	50.686445258865334	0.030267011039202405
4.2551847015384565	0.01	0.007	0.007	0.007	0.01	0.02308347851702795	0.024541361153591484	0.03021096612907708	0.020225149677653514	0.0021565888489283973	1.6904252265054411	1.7547026298855068	2.8486397450206176	1.4970231732340702	0.03874497833579867	50.17139883283521	0.030200986746063273
4.318936173151946	0.01	0.007	0.007	0.007	0.01	0.022845825914887163	0.024288700194137182	0.029859056491177698	0.01998951146476854	0.00213977094904212	1.702406255818691	1.7636841184450194	2.8662020252878384	1.5048679995899452	0.039301373384609394	49.65562173163995	0.030134332607017294
4.383458937255784	0.01	0.007	0.007	0.007	0.01	0.022607790467434982	0.024035632197037016	0.0295071009386159	0.019753842946807827	0.002122287742534837	1.714273942274804	1.7724620889161395	2.8835062023014033	1.5125167366092205	0.03985347922655056	49.13900327185552	0.030067021843771892
4.448786224758177	0.01	0.007	0.007	0.007	0.01	0.022369314801784793	0.023782096165980083	0.0291550216867691	0.019518092059597886	0.0021041512872866674	1.7260303592928632	1.7810365350348332	2.9005545917291062	1.5199695356780236	0.04040122272083347	48.621418805606844	0.02999902496775532
4.514954750092935	0.01	0.007	0.007	0.007	0.01	0.0221303336408784	0.023528022701296895	0.02880272995126618	0.01928219937163544	0.002085372353589106	1.7376778296713695	1.7894074700496894	2.917349756211284	1.52722655093164	0.04094454647628166	48.102726516917855	0.029930309234037798
4.582005386727781	0.01	0.007	0.007	0.007	0.01	0.02189077207492999	0.023273332162237412	0.028450123512984052	0.019046096454248814	0.002065960231250409	1.7492189850682092	1.7975749424829506	2.933894571942911	1.5342879501900384	0.041483411309881896	47.58276366778258	0.029860837991521182
4.649984100741956	0.01	0.007	0.007	0.007	0.01	0.021650543088934986	0.023017932038331697	0.028097083218536437	0.018809703538902732	0.002045922457772759	1.7606568544938208	1.8055390651458296	2.9501923316196055	1.5411539365357503	0.04201780001437935	47.06134122894256	0.029790569778233595
4.718943131716908	0.01	0.007	0.007	0.007	0.01	0.021409544456923658	0.022761713647502298	0.027743468592036937	0.01857292657937965	0.0020252644678572075	1.7719949735508627	1.8133000484954678	2.966246869677583	1.5478247724642455	0.04254772203143676	46.53823713534426	0.02971945717781294
4.788942656561274	0.01	0.007	0.007	0.007	0.01	0.02116765426538257	0.022504547376771024	0.027389111491001348	0.018335653004324343	0.0020039890920920656	1.7832375457555003	1.8208582561122093	2.982062751569798	1.5543008214614127	0.04307322046590213	46.01318656501866	0.029647445200194685
4.860053073512511	0.01	0.007	0.007	0.007	0.01	0.020924724738992536	0.02224627611806684	0.027033807354448117	0.018097745857575752	0.0019820958588753815	1.7943896650532014	1.8282142818187814	2.997645535128084	1.5605826057746035	0.043594381824371524	45.48586853138354	0.029574469055471033
4.932358345888217	0.01	0.007	0.007	0.007	0.01	0.020680573074739392	0.02198670552347326	0.02667730218842616	0.01785903508440201	0.0019595799603773036	1.805457650486642	1.8353690726809686	3.013002168482006	1.5666708999135253	0.04411135078963526	44.955885979511876	0.02950045088426154
5.005961139555136	0.01	0.007	0.007	0.007	0.01	0.020434967161039055	0.02172558882245928	0.026319272254164968	0.01761930393164956	0.0019364306467108607	1.8164495745209872	1.8423241340706877	3.0281416257378084	1.5725668885441115	0.0446243537200654	44.42273477587517	0.02942529471784184
5.080991006339372	0.01	0.007	0.007	0.007	0.01	0.0201876026092446	0.02146260240283573	0.02595929136401432	0.0173782670505051	0.0019126286441358224	1.8273761195628653	1.8490818731456202	3.0430759450243814	1.578272432768228	0.04513373694087099	43.885753834011474	0.02934887843144864
5.157618531350324	0.01	0.007	0.007	0.007	0.01	0.019938062566156732	0.021197303085270743	0.02559677357467451	0.01713553212614146	0.001888141657234145	1.8382520937408704	1.8556462327541419	3.057822083524882	1.5837905660638503	0.045640034858612524	43.3440378521002	0.02927103979468424
5.236082025375573	0.01	0.007	0.007	0.007	0.01	0.019685741082397346	0.0209290466520865	0.02523086376842897	0.016890526614974498	0.0018629158281226966	1.8490993501577484	1.862023955485891	3.0724055199471247	1.5891264904183589	0.04614410169637333	42.79627091913203	0.02919155008765756
5.316744826383123	0.01	0.007	0.007	0.007	0.01	0.019429676919314843	0.020656811158456963	0.024860200048218282	0.01664233865280823	0.0018368573093780125	1.8599531804862752	1.8682274432270696	3.08686820769865	1.5942898448141976	0.046647401083523415	42.240365658001146	0.029110057329979646
5.400242463782685	0.01	0.007	0.007	0.007	0.01	0.019168123025521674	0.02037873921984007	0.02448229754598687	0.016389304473868736	0.0018097847712121354	1.8708790168478193	1.874282426352956	3.1012894893590968	1.5993008213662434	0.04715276479052976	41.672528438259754	0.029025940193024555
5.487991329736987	0.01	0.007	0.007	0.007	0.01	0.018897047495033504	0.020090544300428323	0.024091400864550305	0.016127570476540728	0.001781264947404228	1.8820310112823775	1.8802554572796215	3.1158598666912845	1.6042121869331936	0.047667060238346944	41.08400457522602	0.028937802218627726
5.585558411720729	0.01	0.007	0.007	0.007	0.01	0.018600141902827952	0.019774888043251584	0.02366415816206447	0.015841501046129226	0.0017495242992911328	1.894044957021753	1.8864416994465876	3.131378182646375	1.6092602424297813	0.048219116891584576	40.43938411407126	0.028840116681852407
5.679759931287305	0.01	0.007	0.007	0.007	0.01	0.018317907091196333	0.019474829038676953	0.023258910672003485	0.015570159892190688	0.0017189169820335008	1.9052704509055103	1.8919743984664277	3.1457013422043714	1.6137357726531707	0.048732814971718386	39.82659845226484	0.028746113697235294
5.753671000408775	0.01	0.007	0.007	0.007	0.01	0.018099466849810123	0.0192425934427714	0.02294586109024871	0.015360552228394178	0.0016948871500190629	1.9138280625674176	1.8960218924278607	3.156499394502753	1.616982206759637	0.04912288318689297	39.35231125125263	0.028672572961361522
5.821368493231522	0.01	0.007	0.007	0.007	0.01	0.01790167788724289	0.019032313330453302	0.02266286209694844	0.015171065905191046	0.0016729007483237877	1.9214782444844112	1.8995088439751824	3.166059444690474	1.6197571300248814	0.04947034656358759	38.922854119898595	0.028605379758631286
5.889034228699468	0.01	0.007	0.007	0.007	0.01	0.017706142554160247	0.018824429165241744	0.022383516463958565	0.014984026178933865	0.0016509875027836956	1.928949227126579	1.902788794217689	3.1753071179638637	1.6223459135419338	0.049808443998274984	38.498281884631616	0.028538375430955845
5.958193035551146	0.01	0.007	0.007	0.007	0.01	0.017508500433122395	0.0186143051495608	0.022101598114643888	0.014795264299549183	0.0016286626058380426	1.9364076047383334	1.9059339854265656	3.1844482754738097	1.624805694924843	0.05014467064418804	38.06912657507842	0.028470054805037885
6.028135269830738	0.01	0.007	0.007	0.007	0.01	0.017310864091493742	0.01840418726643838	0.02182013129493729	0.014606805201199429	0.0016061657483990067	1.9437720526800697	1.9089069537412322	3.1933812966163773	1.6271068782234144	0.0504752954706449	37.63997516741125	0.028401126593726383
6.098093555209622	0.01	0.007	0.007	0.007	0.01	0.01711541505051755	0.018196394808799955	0.021542219394025022	0.014420726789104254	0.0015837548209119304	1.9509627180140459	1.9116765939965177	3.2020103904793427	1.62922587964682	0.050796714912482235	37.215564737627055	0.02833234950199116
6.167844384513439	0.01	0.007	0.007	0.007	0.01	0.016922743491531937	0.01799155523075572	0.021268688785263654	0.014237582356698423	0.001561511471651946	1.9579612631902144	1.914239855422556	3.210316623589263	1.6311614208638041	0.051108124588240954	36.797177103086874	0.028263942176710726
6.237378359100342	0.01	0.007	0.007	0.007	0.01	0.016732830737401335	0.01778964867610256	0.02099949822021987	0.01405734427120248	0.0015394478285025819	1.96477209897183	1.9166030081071586	3.218308731085663	1.6329194457697567	0.05140974704691847	36.384772003240386	0.028195911926914126
6.306715700179607	0.01	0.007	0.007	0.007	0.01	0.016545578198383443	0.017590570329164255	0.02073449362547797	0.013879909357559594	0.0015175658526978995	1.971402364570815	1.9187731109512605	3.2259985193424354	1.6345064336933477	0.051701927830522146	35.9781356340031	0.02812823711098261
6.375875255859023	0.01	0.007	0.007	0.007	0.01	0.016360894137701747	0.01739422265998367	0.02047353148829669	0.013705181512477604	0.0014958673032022943	1.9778587366500522	1.920756780010709	3.233397036572899	1.6359284580987363	0.05198499238267934	35.5770690558277	0.028060897624436195
6.444873712568667	0.01	0.007	0.007	0.007	0.01	0.01617869544046415	0.01720051730497044	0.020216481266870045	0.013533073318153782	0.0014743540408075635	1.984147389388784	1.922560206384235	3.2405145496272114	1.6371912080304716	0.05225924424345469	35.1813920369335	0.02799387564657138
6.513726280848529	0.01	0.007	0.007	0.007	0.01	0.015998905428652864	0.017009372743904124	0.01996322221354086	0.013363503915169368	0.0014530278600276647	1.990274092294029	1.92418921627814	3.247360678317303	1.638300039558564	0.052524969330935076	34.79093831003528	0.027927154949520985
6.5824469301911845	0.01	0.007	0.007	0.007	0.01	0.01582145296890471	0.01682071335136995	0.019713642044896663	0.013196398111985258	0.0014318904582833957	1.9962442583076607	1.9256493091740303	3.2539444680197147	1.6392600098002073	0.05278243801083507	34.405553636146365	0.027860720652667665
6.651048510462553	0.01	0.007	0.007	0.007	0.01	0.015646271919816095	0.01663446880916063	0.019467636100999698	0.013031685821945633	0.0014109434356192236	2.0020629777999583	1.926945688522938	3.260274443785756	1.640075904709135	0.053031906547111006	34.02509460551917	0.027794559089862645
6.7195428748658665	0.01	0.007	0.007	0.007	0.01	0.01547330060528644	0.016450573546360685	0.019225106549169927	0.012869301530118452	0.0013901882897962565	2.007735049789985	1.9280832889886441	3.2663586593495326	1.6407522636641922	0.05327361843174853	33.649427494977296	0.027728657677082588
6.7879409958137344	0.01	0.007	0.007	0.007	0.01	0.015302481334195516	0.01626896622869069	0.018985961660156498	0.012709183808610055	0.0013696264102188865	2.0132650098990075	1.9290668003741127	3.2722047406849732	1.6412934010383111	0.05350780557107063	33.27842722573078	0.027663004788784456
6.8562530108812645	0.01	0.007	0.007	0.007	0.01	0.015133760118019571	0.0160895894582906	0.018750115367618517	0.012551275021573225	0.0013492590899070178	2.018657150431153	1.9299006878889682	3.277819919587119	1.641703424764474	0.053734689135466036	32.911976750968925	0.027597589702898204
6.924488344038557	0.01	0.007	0.007	0.007	0.01	0.014967086219233126	0.01591238929360228	0.01851748659579268	0.012395520875011392	0.0013290875123235914	2.0239155447194364	1.9305892113173888	3.2832110703982638	1.6419862534781664	0.053954480588220596	32.54996607583802	0.027532402474769437
6.99265573054544	0.01	0.007	0.007	0.007	0.01	0.014802411956236158	0.01573731504197783	0.01828799895063322	0.012241870209947318	0.0013091127647390285	2.0290440621288566	1.9311364409367375	3.2883847356899394	1.6421456311713771	0.054167382317785846	32.19229183447659	0.02746743390458983
7.060763321997408	0.01	0.007	0.007	0.007	0.01	0.014639692326559567	0.015564318859089571	0.018061580161184657	0.012090274628366692	0.0012893358260306351	2.0340463878731505	1.9315462726115933	3.2933471558147267	1.642185140667052	0.05437358846971721	31.838856472280288	0.027402675429160472
7.128818700155809	0.01	0.007	0.007	0.007	0.01	0.014478884865287965	0.015393355598412328	0.01783816185265205	0.011940688341249672	0.0012697575796078886	2.0389260346020905	1.9318224405296767	3.298104289083447	1.6421082153851385	0.054573285433316715	31.489567938983903	0.027338119101595837
7.196828939622954	0.01	0.007	0.007	0.007	0.01	0.014319949395831012	0.015224382546255534	0.017617679172349677	0.011793067918101962	0.0012503788105336605	2.0436863566483474	1.9319685291112145	3.3026618338117903	1.6419181500930968	0.054766652437768515	31.144339147865598	0.027273757525131333
7.264800669789888	0.01	0.007	0.007	0.007	0.01	0.014162847795449003	0.015057359172481287	0.01740007043949291	0.011647372052453182	0.00123120020186289	2.0483305630678132	1.9319879835502118	3.3070252482564753	1.6416181104075473	0.0549538620944039	30.8030874669332	0.027209583788534258
7.332740077713584	0.01	0.007	0.007	0.007	0.01	0.014007543907496292	0.014892247037206046	0.01718527700094399	0.011503561465250658	0.001212222346595253	2.0528617257161885	1.9318841192372327	3.311199765097037	1.6412111415443338	0.055135080735593596	30.465734528752723	0.027145591457982232
7.400652982525832	0.01	0.007	0.007	0.007	0.01	0.01385400329592128	0.014729009529796654	0.016973242870596036	0.011361598663394366	0.0011934457385047261	2.057282791486295	1.9316601303333283	3.3151904091978652	1.640700175948856	0.05531046891976974	30.13220569758866	0.02708177450190116
7.4685448419554445	0.01	0.007	0.007	0.007	0.01	0.013702193164267027	0.014567611782755957	0.01676391459867092	0.011221447852208686	0.0011748707812102106	2.061596589206943	1.9313190974918328	3.3190020097552693	1.6400880404593945	0.055480181719223594	29.80242989382753	0.027018127280411277
7.536420781022466	0.01	0.007	0.007	0.007	0.01	0.013552082228981133	0.014408020537031942	0.016557241079330563	0.011083074806614605	0.0011564977901605993	2.0658058375113675	1.930863994931902	3.3226392128800204	1.6393774627652773	0.05564436904625581	29.47633931912147	0.02695464451419281
7.604285629433369	0.01	0.007	0.007	0.007	0.01	0.01340364057995638	0.014250203993751329	0.01635317334247022	0.010946446731713253	0.0011383269916626399	2.069913152662714	1.9302976967633758	3.326106493603347	1.6385710771400017	0.05580317597508241	29.15386915375785	0.02689132124566307
7.672143931770572	0.01	0.007	0.007	0.007	0.01	0.013256839606765606	0.014094131735796113	0.016151664437480926	0.01081153218494668	0.001120358528667672	2.0739210541892454	1.929622982896806	3.3294081655226906	1.6376714299097541	0.055956742976339055	28.834957396708788	0.026828152825978467
7.73999997995324	0.01	0.007	0.007	0.007	0.01	0.013111651880545803	0.013939774602228396	0.015952669257298577	0.010678300958280436	0.0011025924600402155	2.0778319714539215	1.9288425442738262	3.332548390839328	1.6366809842007197	0.05610520618639691	28.519544609309417	0.026765134881544
7.807857832046762	0.01	0.007	0.007	0.007	0.01	0.012968051070652856	0.013787104599681787	0.015756144411564713	0.010546723993269	0.0010850287630544335	2.081648248966505	1.9279589877025227	3.3355311889286203	1.635602124382251	0.056248697626100436	28.207573734444967	0.026702263293610928
7.8757213129528285	0.01	0.007	0.007	0.007	0.01	0.01282601190295592	0.013636094858022153	0.01556204815776381	0.010416773334938513	0.0010676673400583443	2.0853721503569598	1.9269748405457243	3.3383604435350276	1.6344371604428656	0.056387345368087545	27.898990006180025	0.02663953419487505
7.943594055427189	0.01	0.007	0.007	0.007	0.01	0.012685510036408231	0.013486719499123442	0.015370340221531872	0.010288422011468842	0.0010505080143666467	2.089005864289897	1.9258925544966776	3.341039911153389	1.633188331368494	0.05652127377558554	27.593740681824276	0.026576943928962423
8.011479491554415	0.01	0.007	0.007	0.007	0.01	0.012546522047206967	0.013338953620027535	0.015180981765024488	0.01016164401300489	0.0010335505385000194	2.0925515073283414	1.924714509683374	3.3435732267540064	1.6318578090150082	0.05665060362565401	27.291775007717977	0.026514489055996432
8.079380875597643	0.01	0.007	0.007	0.007	0.01	0.012409025349599553	0.013192773208749153	0.01499393526942525	0.010036414212984342	0.0010167945940432245	2.0960111282898795	1.9234430180423898	3.3459639103992673	1.6304477011858642	0.05677545228732731	26.993044047365977	0.02645216632930956
8.147301297787928	0.01	0.007	0.007	0.007	0.01	0.012272998138732958	0.013048155083516122	0.014809164448402455	0.009912708310186575	0.0010002397935672538	2.0993867118408014	1.9220803265128712	3.348215373010531	1.6289600545803549	0.056895933869975046	26.69750055744463	0.02638997268075566
8.215243689053624	0.01	0.007	0.007	0.007	0.01	0.012138419354015053	0.012905076853816904	0.014626634190116769	0.00979050278989749	0.0009838856844773156	2.1026801814247045	1.9206286201570129	3.3503309214478034	1.6273968577048978	0.057012159346715593	26.405098908361197	0.026327905214482965
8.283210839195526	0.01	0.007	0.007	0.007	0.01	0.012005268617675537	0.012763516855081572	0.014446310466162753	0.009669774862936915	0.0009677317493444134	2.1058934026649827	1.9190900247801441	3.3523137636854674	1.6257600432769597	0.05712423669371647	26.11579495091764	0.02626596118854257
8.351205392510261	0.01	0.007	0.007	0.007	0.01	0.011873526219854748	0.012623454132829086	0.014268160304172404	0.009550502447308805	0.0009517774113913603	2.109028185501155	1.9174666098267834	3.3541670129737566	1.6240514909573591	0.05723227098390074	25.829545984055542	0.02620413801722477
8.419229874896415	0.01	0.007	0.007	0.007	0.01	0.01174317304379691	0.012484868363136191	0.014092151679827308	0.009432664095895587	0.0009360220323176592	2.1120862876513784	1.9157603903716691	3.3558936926268066	1.6222730291467813	0.0573363645259745	25.546310592452127	0.026142433244826707
8.487286680389687	0.01	0.007	0.007	0.007	0.01	0.011614190571567472	0.012347739858716057	0.013918253518297313	0.009316238997414624	0.000920464919433988	2.115069416040106	1.9139733298864567	3.3574967394114834	1.620426437624768	0.05743661693216205	25.266048659068126	0.026080844556450572
8.555378089201623	0.01	0.007	0.007	0.007	0.01	0.011486560829915464	0.01221204951136167	0.013746435615126328	0.009201206923444593	0.0009051053252181672	2.117979229558452	1.9121073421099948	3.3589790075764214	1.6185134492623356	0.05753312523133714	24.98872124763538	0.02601936976023036
8.623506285764403	0.01	0.007	0.007	0.007	0.01	0.011360266338914784	0.012077778737343638	0.013576668561535415	0.009087548178409958	0.0008899424468924841	2.120817341624254	1.9101642926911488	3.360343272532973	1.6165357515309333	0.05762598397329458	24.714290491169958	0.025958006769793256
8.691673340655331	0.01	0.007	0.007	0.007	0.01	0.01123529012915552	0.01194490949568744	0.013408923762311791	0.008975243611551999	0.0008749754338918082	2.1235853211058604	1.9081460017085303	3.3615922335789326	1.6144949889197633	0.057715285278359583	24.442719629431796	0.02589675361937778
8.759881233114369	0.01	0.007	0.007	0.007	0.01	0.01111161568398677	0.01181342422676861	0.013243173353145742	0.008864274561580662	0.0008602033860756635	2.126284694875958	1.9060542449535698	3.3627285173169934	1.61239276409759	0.05780111894036448	24.173972883521635	0.02583560844238247
8.828131846463915	0.01	0.007	0.007	0.007	0.01	0.0109892269332378	0.011683305845637518	0.013079390187522631	0.008754622847893745	0.0008456253578194916	2.128916949129511	1.9038907558608016	3.3637546803390945	1.6102306397456807	0.057883572488327734	23.9080154423306	0.025774569474414144
8.896426977065207	0.01	0.007	0.007	0.007	0.01	0.010868108222912913	0.011554537709800371	0.012917547791631625	0.008646270740383702	0.0008312403589945128	2.1314835311712397	1.9016572269407994	3.3646732120122587	1.6080101398950895	0.05796273126279197	23.64481339677564	0.025713635044221132
8.964768343280351	0.01	0.007	0.007	0.007	0.01	0.010748244286313413	0.011427103588517486	0.012757620321560074	0.008539200930775113	0.0008170473558996456	2.133985851093553	1.8993553110871118	3.3654865370714613	1.6057327511497157	0.0580386784875548	23.384333677129025	0.025652803564741214
9.03315758537965	0.01	0.007	0.007	0.007	0.01	0.010629620232167684	0.011300987650183801	0.012599582543493644	0.008433396519364538	0.000803045273993418	2.1364252830321444	1.8969866230830486	3.366197017943563	1.6033999241150039	0.05811149532762544	23.12654402730262	0.025592073532299617
9.101596265429585	0.01	0.007	0.007	0.007	0.01	0.010512221533101601	0.011176174450071257	0.012443409814527413	0.008328841002169664	0.0007892330004547663	2.1388031663729734	1.8945527410483136	3.3668069569796075	1.6010130747684876	0.058181260945515456	22.87141297986836	0.025531443525828045
9.170085871701623	0.01	0.007	0.007	0.007	0.01	0.010396034006779378	0.011052648910278606	0.01228907805390231	0.008225518251668474	0.0007756093856906247	2.1411208070642527	1.8920552076604364	3.3673185986301077	1.5985735856113243	0.058248052560228705	22.61890981514685	0.025470912202096473
9.238627836709671	0.01	0.007	0.007	0.007	0.01	0.010281043775103312	0.0109303962763545	0.012136563685401352	0.008123412478230705	0.000762173242126517	2.1433794793036522	1.889495530781808	3.3677341315717713	1.5960828062464458	0.05831194551593539	22.36900447260673	0.025410478279002974
9.30722350983963	0.01	0.007	0.007	0.007	0.01	0.010167237300612086	0.010809402155994673	0.011985843682404929	0.008022508260278097	0.0007489233518210128	2.1455804256533626	1.8868751856962318	3.3680556904257783	1.59354205552865	0.05837301330518228	22.121667630032512	0.025350140558988266
9.375874193558724	0.01	0.007	0.007	0.007	0.01	0.010054601316363898	0.010689652444496765	0.011836895471780122	0.00792279047993652	0.00073585846154267	2.1477248592173455	1.884195614928084	3.3682853577971943	1.5909526213619758	0.05843132765027311	21.8768705512036	0.025289897896384354
9.444581125112428	0.01	0.007	0.007	0.007	0.01	0.009943122848001647	0.010571133348219247	0.011689696960238607	0.007824244340678965	0.0007229772884109441	2.14981396396365	1.8814582300294873	3.368425165879638	1.5883157624159265	0.058486958531466376	21.634585133906175	0.02522974921288623
9.513345485482425	0.01	0.007	0.007	0.007	0.01	0.009832789190541041	0.010453831359903463	0.011544226500794067	0.007726855344866391	0.0007102785201508312	2.151848895900845	1.8786644122965548	3.3684770981444325	1.5856327088015176	0.05853997423887834	21.394783859542592	0.025169693489017566
9.582168390125029	0.01	0.007	0.007	0.007	0.01	0.009723587915092239	0.010337733265820052	0.011400462898882005	0.007630609297841747	0.0006977608186540986	2.15383078366097	1.8758155141635295	3.36844309091979	1.5829046634012733	0.05859044140811426	21.157439807795097	0.02510972977156708
9.651050920752747	0.01	0.007	0.007	0.007	0.01	0.009615506810769616	0.010222826084009868	0.011258385333276222	0.007535492254982728	0.0006854228160308513	2.1557607302294093	1.8729128588551038	3.3683250348846343	1.5801328015316494	0.05863842508467056	20.922526530421433	0.02504985714528058
9.71999408869873	0.01	0.007	0.007	0.007	0.01	0.009508533935699686	0.010109097118513466	0.01111797342079076	0.007441490565015379	0.0006732631229824217	2.1576398126606477	1.869957742820007	3.3681247765177718	1.5773182732706188	0.058683988736403125	20.6900181621674	0.024990074764206983
9.788998871295924	0.01	0.007	0.007	0.007	0.01	0.009402657552981634	0.009996533891287261	0.010979207129719414	0.007348590812061571	0.0006612803239893568	2.159469083842624	1.8669514350824314	3.367844119417379	1.5744622028374438	0.058727194317276694	20.45988928162522	0.024930381819505222
9.858066184317707	0.01	0.007	0.007	0.007	0.01	0.00929786616705462	0.009885124180867634	0.010842066825336743	0.007256779846098191	0.0006494729837697798	2.161249572447864	1.8638951792588772	3.3674848256871495	1.571565690516828	0.05876810228580117	20.232114990323637	0.02487077756281779
9.927196909276844	0.01	0.007	0.007	0.007	0.01	0.0091941484755639	0.009774855971197184	0.010706533204642349	0.007166044739268011	0.000637839644119284	2.162982284336504	1.8607901931752042	3.3670486170873333	1.5686298122997242	0.058806771657935644	20.006670808149508	0.024811261282132763
9.996391879563722	0.01	0.007	0.007	0.007	0.01	0.009091493384873518	0.009665717468117214	0.010572587314658658	0.007076372798127272	0.0006263788278199992	2.164668202831083	1.8576376702347235	3.366537176287479	1.5656556211891566	0.058843260032705985	19.783532707106424	0.02475183231329528
10.0	0.01	0.007	0.007	0.007	0.01	0.009086172075319225	0.00966006007910273	0.010565649425002203	0.007071728137818033	0.0006257847015341794	2.1647548056905475	1.85747208389578	3.366508489051798	1.5654995795378082	0.05884510307351076	19.7719658472508	0.024748737341529173
