0.0	0.01	0.007	0.007	0.007	0.01	0.0	0.0	0.0	0.0	0.0	0.0	0.0	0.0	0.0	0.0	100.0	0.035
0.007032093769801017	0.01	0.007	0.007	0.007	0.01	0.002883702946338993	0.005497518290768274	0.0031441169601118136	0.0011052536021157351	0.0001176941923090553	0.0001436824670093451	0.0003508160766699252	0.00021714275942885425	6.064255764159038e-5	3.5565538246067866e-6	99.86006311715278	0.03499147105640539
0.012104422724073093	0.01	0.007	0.007	0.007	0.01	0.004855621965212733	0.009065541857357237	0.005307995904103177	0.0018810499498895159	0.00018213676991639567	0.0004192086861268539	0.001009286988921168	0.0006346471993041862	0.00017818997970917274	9.808295865468479e-6	99.75924664024227	0.03498532032298518
0.01947741698198243	0.01	0.007	0.007	0.007	0.01	0.0075691242358398615	0.013720658707536122	0.008305314989376903	0.0029775685852820007	0.0002529724330738312	0.0010615960860970992	0.002505696669851813	0.001611190221860525	0.00045585432503332193	2.2989863593965114e-5	99.61288412604743	0.03497638171832519
0.026703623596309234	0.01	0.007	0.007	0.007	0.01	0.010062522585295301	0.017737179236993247	0.011080944209643876	0.004017426755502502	0.0003027971121303069	0.0019528878043661249	0.004523470602759673	0.0029710219026747114	0.00084683577758502	3.939946956088908e-5	99.46964388605015	0.03496762328680235
0.035181104102495635	0.01	0.007	0.007	0.007	0.01	0.012791501732332101	0.021845444915034908	0.014144231239465354	0.005194816443858234	0.000343720499677176	0.0033059219315026054	0.00749596867239714	0.005043293103521582	0.001449833839007915	6.17395992001925e-5	99.30186302458566	0.03495735106041598
0.04406524192221731	0.01	0.007	0.007	0.007	0.01	0.015439558588856274	0.02554294541276523	0.017144246330269515	0.006381110598885518	0.00037252368437709827	0.005053774652707131	0.011215544617413498	0.007731354448034438	0.002242227182387703	8.759558749038175e-5	99.1263375479531	0.03494658932252274
0.053788088602997365	0.01	0.007	0.007	0.007	0.01	0.018107701750513898	0.028978840209063543	0.02019709424869387	0.007625714072991474	0.0003930169453898223	0.0073221576290876484	0.01588749854586956	0.011235045589022037	0.003289273461105705	0.00011776063327218919	98.93459710822033	0.03493481541746245
0.06406760714340703	0.01	0.007	0.007	0.007	0.01	0.02068806643171234	0.0320230361145882	0.023181172358164595	0.008883028688886243	0.0004065340261245518	0.010089402486511436	0.02139922542915594	0.015528526450622158	0.004590945904043209	0.0001509796868436268	98.73228209056883	0.03492237172315344
0.07503230763539959	0.01	0.007	0.007	0.007	0.01	0.02319106240093937	0.0347117013911258	0.026108837990748184	0.010160692193065549	0.00041513497446594473	0.013420111387153382	0.027813276848771218	0.020720149896629157	0.006188640165322424	0.00018729758334794038	98.51693773749697	0.034909103479006366
0.08659442949101599	0.01	0.007	0.007	0.007	0.01	0.025576630355693533	0.03702923172834576	0.028933073502461982	0.01144026365599681	0.00042021725812781385	0.01731403758509976	0.0350633169382357	0.02681835040820502	0.008094626723214485	0.00022612876353524046	98.29036890779695	0.03489511776341216
0.09879954345275525	0.01	0.007	0.007	0.007	0.01	0.02783897480467226	0.039002985117114385	0.03164593612186717	0.012719237510273386	0.00042293785923865323	0.02180478886504701	0.043150174676066175	0.033884900604211766	0.010338736659198173	0.00026739131907969747	98.05176545393849	0.03488036035409619
0.11163318202633768	0.01	0.007	0.007	0.007	0.01	0.029962592607437888	0.0406536742536037	0.03422721651414976	0.013988635865186219	0.0004241033125433767	0.026900892185510585	0.05203111435296185	0.04194272917741893	0.012939761331888549	0.00031085895672271446	97.80149938232209	0.034864849716398014
0.12512746978728403	0.01	0.007	0.007	0.007	0.01	0.03194285450175835	0.04201265075166297	0.03666906233343266	0.01524444314186998	0.0004242770025133796	0.03262380448717046	0.06169059851397207	0.05103544466327087	0.015924159742557665	0.000356506822446031	97.53903904701856	0.034848548062087724
0.13930210006311247	0.01	0.007	0.007	0.007	0.01	0.03377460251841091	0.043110305145008014	0.03896244203187404	0.016481326208863025	0.00042383090400038755	0.03898686719284621	0.07210316294728224	0.0611940794046475	0.019315451879677464	0.0004042998774097468	97.26410469557037	0.03483143273421943
0.1541968208879887	0.01	0.007	0.007	0.007	0.01	0.035456728816954136	0.04397828659372749	0.04110287142781501	0.017695614940460402	0.00042300580127548764	0.04600930249087473	0.08325760805050261	0.07245919854478228	0.023141450390563797	0.00045429205825610683	96.97603827825874	0.034813456981604346
0.16985356041815314	0.01	0.007	0.007	0.007	0.01	0.03698908888561307	0.044646546301900604	0.04308671924792201	0.018883496004912875	0.0004219575761488249	0.05370921324317247	0.09514512371300175	0.08486971583681643	0.027430644733807467	0.0005065576495682169	96.67415399700765	0.0347945715845724
0.18632659723756412	0.01	0.007	0.007	0.007	0.01	0.038373329634933846	0.04514327182300956	0.044912347965037715	0.02004172359676052	0.00042079316888737396	0.062108701557606845	0.10776728178508269	0.09847104120810124	0.03221503622895008	0.0005612198865415712	96.35754481510244	0.034774712617213606
0.20367734274908753	0.01	0.007	0.007	0.007	0.01	0.03961196078562985	0.045494101310289276	0.046579011897291585	0.02116705265866842	0.0004195992117519568	0.07123170720499844	0.12113224759799635	0.11331156885107622	0.037529050287122404	0.0006184305083748363	96.02518738728578	0.03475380778991411
0.22197774156924727	0.01	0.007	0.007	0.007	0.01	0.040708396527871685	0.04572200065702132	0.04808698000478527	0.02225635563438945	0.00041846512401658045	0.08110585059641169	0.13525719608710932	0.12944560166506353	0.043410668931411864	0.000678380937257231	95.67588126245018	0.034731772402131225
0.2413087336401647	0.01	0.007	0.007	0.007	0.01	0.04166662909672462	0.04584713472248867	0.04943716102751917	0.023306400169293168	0.00041750428975527947	0.09176163475889293	0.15016673460575122	0.14693198341294905	0.049901049495226515	0.0007413003358259206	95.30828375343818	0.03470851125745803
0.2617609545454956	0.01	0.007	0.007	0.007	0.01	0.042491157618934156	0.045886924635440834	0.050631055293853075	0.024313808313180005	0.0004168752613312192	0.10323263967439028	0.16589286494379205	0.16583430257192106	0.057044661005809065	0.000807465340999286	94.92090248418782	0.0346839178889634
0.28343276270203704	0.01	0.007	0.007	0.007	0.01	0.04318685928601398	0.045856168865179146	0.05167061650956689	0.02527491313182281	0.0004168051563343214	0.11555409826190406	0.18247276629388215	0.18621838676241642	0.06488833905905769	0.0008772069353536982	94.51213927559782	0.034657877007782785
0.30642608456032167	0.01	0.007	0.007	0.007	0.01	0.04375893579406825	0.0457672493789812	0.05255820425992826	0.026185622429179475	0.00041761607760549413	0.1287600451490581	0.19994488384593123	0.20814733552150222	0.07347921371080358	0.0009509185087408317	94.08037470475593	0.03463026956952048
0.3308332019254117	0.01	0.007	0.007	0.007	0.01	0.04421285874366725	0.04563044149843796	0.05329650492502264	0.027041125344696538	0.00041975318025169733	0.14287510572187767	0.21833832712127424	0.23166748569320395	0.08285871678543222	0.0010290458363655568	93.62422002855428	0.034600988687266056
0.3567013541674241	0.01	0.007	0.007	0.007	0.01	0.044554399608881086	0.045454442808455536	0.05388849975954574	0.02783531668912382	0.00042380534546219544	0.15789337268312845	0.23764639104876883	0.25677250978419447	0.09304697258050937	0.0011120185088938875	93.14317348454499	0.034569982046376874
0.38395383703391595	0.01	0.007	0.007	0.007	0.01	0.0447900291766012	0.04524731164300916	0.05433784575656646	0.02855996567416326	0.0004304895545257357	0.17373244575605412	0.25777004027484157	0.28332533247405667	0.1040080704450015	0.0012000470249559582	92.63905714341666	0.03453734614474673
0.41230444987953885	0.01	0.007	0.007	0.007	0.01	0.044928334133115234	0.04501750318192065	0.05465086601834668	0.02920531018844243	0.00044055658581506734	0.19018547121556925	0.27846119262608193	0.3109759211054157	0.11561048749542516	0.0012928719800411074	92.11752292819315	0.034503427886865036
0.4413411230594066	0.01	0.007	0.007	0.007	0.01	0.044981687140120914	0.04477335899178767	0.05483981150255341	0.02976475258182279	0.0004546671960485035	0.20697447836974378	0.29939262999634386	0.3392497363296996	0.12765817242645017	0.0013899971267191198	91.58641143800526	0.03446872336531602
0.47073879105280925	0.01	0.007	0.007	0.007	0.01	0.04496504541010319	0.04452126566994817	0.054922348959481504	0.030238824810819933	0.0004733674904318819	0.22387858794240167	0.3203150190287664	0.3677647198129637	0.13998219166661208	0.001491318987058325	91.05181640650501	0.0344336229444344
0.500291583914349	0.01	0.007	0.007	0.007	0.01	0.044892969720833245	0.04426543534878585	0.05491730493347948	0.030632962927933275	0.0004970969413797668	0.24075394732577238	0.3410755004204855	0.39626738205041184	0.15246102357560115	0.0015971916777617686	90.51754560882323	0.03439837333358853
0.5298767518707934	0.01	0.007	0.007	0.007	0.01	0.04477803453848675	0.0440084763814348	0.05484191223820389	0.03095472274355283	0.0005261934675624152	0.2575119154186168	0.36158700734392923	0.4245977072247345	0.16500981047561378	0.0017082827460437545	89.9858296402765	0.034363121251021936
0.559422967218967	0.01	0.007	0.007	0.007	0.01	0.04463046477075746	0.04375195009440171	0.05471083613114972	0.031212149862715633	0.0005608984028545792	0.27409921244721447	0.3818025084561958	0.4526564448271644	0.17756886655712328	0.0018254485471793885	89.45793097819836	0.03432795163795041
0.5888934962014303	0.01	0.007	0.007	0.007	0.01	0.044458296381654445	0.043496735111078946	0.05453607944658031	0.0314130066406035	0.0006013677561732934	0.2904866798906239	0.40170107723657694	0.4803864024619258	0.19009706905259488	0.0019496650106479011	88.9344696199529	0.03429290797316245
0.6182748301962485	0.01	0.007	0.007	0.007	0.01	0.044267713001025694	0.04324327422884667	0.0543272393207993	0.031564411171043555	0.0006476844526581873	0.30666143263254864	0.421278614564535	0.5077591948614161	0.20256689887596552	0.002081981491999441	88.41564171105782	0.03425800598300728
0.647569633756269	0.01	0.007	0.007	0.007	0.01	0.044063402555244616	0.042991730320173796	0.05409187292021287	0.031672706778665086	0.0006998712870933456	0.32262176786524555	0.4405420992703427	0.5347665218006402	0.21496102300780848	0.0022234937592034783	87.90135520213627	0.03422324214722884
0.676791541503939	0.01	0.007	0.007	0.007	0.01	0.04384888049075107	0.04274209002620668	0.053835870423177376	0.03174344675289527	0.0007579021026226265	0.33837340399251864	0.4595054720137892	0.561413642925138	0.22726956621650413	0.002375325914741463	87.39132872354294	0.03418859996174565
0.705961710843257	0.01	0.007	0.007	0.007	0.01	0.04362675769907261	0.04249422917982887	0.05356378755156714	0.031781440042371885	0.0008217116118201968	0.3539269370746483	0.4781869515728769	0.5877149025251657	0.23948813057526377	0.0025386204691184534	86.88515672608402	0.03415405408466598
0.7351063023414587	0.01	0.007	0.007	0.007	0.01	0.043398955196946525	0.042247955938311155	0.053279126456481425	0.031790822889717185	0.0008912032019564629	0.36929599866140317	0.4966071375501317	0.6136904521570504	0.2516162560101464	0.00271453253044743	86.38235647163245	0.03411957336011214
0.7642548481363822	0.01	0.007	0.007	0.007	0.01	0.04316687031121669	0.04200303761022528	0.0529845629003085	0.03177513883832868	0.0009662553986775841	0.3844960393615898	0.5147878061601258	0.6393640517815603	0.2636563196774368	0.0029042279139123816	85.88239827046456	0.03408512277486543
0.7934391456996396	0.01	0.007	0.007	0.007	0.01	0.04293150395920059	0.04175921777264385	0.052682126910770906	0.03173741687622779	0.0010467269765810968	0.3995434986551805	0.5327511166041287	0.6647615461545325	0.2756127207515184	0.003108883448282119	85.38472579676267	0.03405066478352062
0.8226925560809989	0.01	0.007	0.007	0.007	0.01	0.04269355699244727	0.04151622683183781	0.05237334432050461	0.0316802431536836	0.0011324610350050633	0.4144552634263817	0.5505191193549748	0.689909850166	0.2874912927592329	0.0033296889865083866	84.88876891787505	0.03401616014920567
0.8520496381503941	0.01	0.007	0.007	0.007	0.01	0.042453502270503964	0.04127378790604306	0.052059346229927826	0.03160582428563947	0.0012232884082660955	0.42924835261788563	0.5681134992669631	0.7148363343640546	0.2992989042666901	0.003567851081536653	84.39395048422872	0.033981568383997136
0.8815460012403842	0.01	0.007	0.007	0.007	0.01	0.042211638439967926	0.04103161980604792	0.051740953349763266	0.03151604189798022	0.0013190305205189265	0.44393974707744005	0.5855554636707125	0.7395684706366898	0.3110431884006115	0.0038245979442123003	83.89968928527284	0.03394684793025505
0.9112183456969898	0.01	0.007	0.007	0.007	0.01	0.041968129645580575	0.04078943785056365	0.051418740404764476	0.031412498823650985	0.001419501918397346	0.45854633407781215	0.6028657446519056	0.764133683303235	0.3227323783294151	0.004101185876984903	83.4053998330178	0.033911956120591634
0.941104642430029	0.01	0.007	0.007	0.007	0.01	0.04172303464753868	0.04054695322223586	0.05109308506844145	0.031296557762767165	0.001524512571763842	0.47308493027820236	0.6200646767138505	0.7885593415910096	0.3343752194300895	0.004398907232016129	82.91048991308934	0.033876848975530935
0.9712444783634621	0.01	0.007	0.007	0.007	0.01	0.04147632747476221	0.04030387084257673	0.050764204278918104	0.031169373102606552	0.0016338702133946678	0.4875723867026461	0.6371723571690491	0.8128728968182086	0.3459809596968603	0.004719100658744233	82.41435556063304	0.033841480808559594
1.001679532923895	0.01	0.007	0.007	0.007	0.01	0.04122791169081611	0.0400598861901847	0.05043218079254987	0.031031916791753204	0.0017473827260674009	0.5020257498554618	0.654208860716165	0.8371021183302417	0.3575593958667489	0.0050631639238303576	81.91637414885257	0.0338058036809432
1.0324542156185028	0.01	0.007	0.007	0.007	0.01	0.04097762939238325	0.03981468092408986	0.050096981601225464	0.03088499889061803	0.0018648607484790778	0.51646248561209	0.6711945174236221	0.8612754371653215	0.36912097848003317	0.005432570266236909	81.41589520116045	0.03376976667243743
1.0636165279448013	0.01	0.007	0.007	0.007	0.01	0.04072526547827017	0.03956791690533435	0.049758469068716234	0.030729283129722576	0.001986120764151149	0.5309007868028066	0.6881502792556302	0.8854224302944844	0.3806769903738962	0.005828889887609931	80.91222803190831	0.03373331489561133
1.0952191833945386	0.01	0.007	0.007	0.007	0.01	0.04047054774655618	0.039319228457234734	0.049416405665706646	0.030565297826420878	0.0021109887824748612	0.5453599692364078	0.7050981803584847	0.9095744509868094	0.3922397999228756	0.006253818158666592	80.40462585084481	0.03369638821670284
1.1273211525841285	0.01	0.007	0.007	0.007	0.01	0.040213142151394515	0.0390682116774888	0.04907045153268543	0.03039344174259753	0.0022393051797054185	0.5598610190774551	0.7220619636530725	0.9337655076978795	0.403823236499837	0.006709214271188412	79.8922638848183	0.03365891949101117
1.1599897602219835	0.01	0.007	0.007	0.007	0.01	0.03995264280681144	0.03881440999853213	0.048720154433182436	0.030213984522366368	0.0023709310412022453	0.5744273284628775	0.7390679141768833	0.9580334493056033	0.41544311403143547	0.007197154435444987	79.37420986140242	0.033620832169853655
1.1933037327422207	0.01	0.007	0.007	0.007	0.01	0.03968855414134752	0.03855729316213685	0.048364928722156704	0.030027059786918085	0.0025057573024497314	0.5890857683801203	0.7561460687077485	0.9824216999526626	0.4271180167441512	0.007720008845036736	78.8493810598993	0.03358203682124051
1.2273577310930215	0.01	0.007	0.007	0.007	0.01	0.03942026165149216	0.038296225923699516	0.0480040186705221	0.02983264801904377	0.0026437183248487336	0.6038682858360427	0.7733320114232823	1.0069818464854408	0.43887048871677237	0.008280556305412646	78.31648040154158	0.0335424259538271
1.262269445107859	0.01	0.007	0.007	0.007	0.01	0.0391469836886465	0.038030418955630065	0.047636436111630605	0.029630543173931937	0.0027848133042871364	0.6188144139795821	0.790669693543999	1.0317777109690327	0.45072892440806916	0.008882163201117711	77.77389620072283	0.033501865911821506
1.2981915054188098	0.01	0.007	0.007	0.007	0.01	0.03886768808127211	0.03775884607391521	0.04726085082223211	0.02942028995114045	0.0029291428078405558	0.6339755195887034	0.808216207534459	1.0568922520724255	0.4627307931049037	0.009529081761988531	77.21953316239416	0.03346018325557962
1.335333055649536	0.01	0.007	0.007	0.007	0.01	0.03858093863804338	0.037480093723853455	0.046875386976891885	0.02920106331237731	0.0030769761655431755	0.6494225553086407	0.8260505099139122	1.0824401758513686	0.4749285546676505	0.010226986218694445	76.65050507795735	0.03341714007856486
1.3740036738593837	0.01	0.007	0.007	0.007	0.01	0.03828457927308948	0.03719205301118444	0.04647720236850645	0.028971415372411442	0.00322889175695701	0.6652619961831066	0.8442913823832807	1.1085938923482745	0.4874018699682984	0.010984052777057456	76.0625060577418	0.03337238370741669
1.4147212078506426	0.01	0.007	0.007	0.007	0.01	0.03797495189040608	0.036891159003767715	0.04606144396398547	0.028728643405113847	0.0033861307535930775	0.6816754364536867	0.8631421559736134	1.1356481008740258	0.5002880506226394	0.011813571376656411	75.44825746793609	0.033325323074099036
1.4585539284561322	0.01	0.007	0.007	0.007	0.01	0.03764440119278911	0.03656996593639224	0.04561791182945919	0.028466767333463143	0.003551743566988001	0.6990463694889117	0.8830341451716143	1.1642267925160843	0.5138797926029061	0.01274213851250178	74.79255745304866	0.03327473613189472
1.5092851829972393	0.01	0.007	0.007	0.007	0.01	0.037265389516663576	0.03620171378288792	0.04510980253970726	0.028163669311727205	0.0037380306774285475	0.7187719686223807	0.9055471035494561	1.19661051854274	0.529252780089396	0.013860580944531988	74.04077237733642	0.03321628351582056
1.5598980912111249	0.01	0.007	0.007	0.007	0.01	0.03689104521982639	0.03583801769563821	0.044608453608033505	0.027861903838928337	0.003917497316030809	0.7380538061029246	0.9274731520006798	1.2281928505546496	0.544213317141688	0.015020372303316166	73.29827135479927	0.03315806958140483
1.6052999280402187	0.01	0.007	0.007	0.007	0.01	0.03655843352867567	0.03551487893356465	0.0441634374224951	0.027592177436406885	0.004072637084494191	0.7550188817358725	0.946696460456168	1.2559191487704788	0.5573188610213724	0.01609562177573489	72.63855544585091	0.03310593612858073
1.6510158723832828	0.01	0.007	0.007	0.007	0.01	0.0362265445604263	0.03519244980808863	0.04371981759566743	0.027321834961932853	0.004222940161345655	0.7717904438177976	0.9656353698369144	1.2832711396673027	0.5702194833720079	0.017209290681210663	71.98027472933927	0.03305352481648947
1.694765160682424	0.01	0.007	0.007	0.007	0.01	0.035911751367795564	0.03488663395525218	0.04329945598174565	0.027064529552668956	0.00436102100685295	0.7875535754178714	0.9833744355617835	1.3089244909699795	0.5822920102885503	0.018302050381351853	71.35589952560262	0.0330034458874724
1.738074694490774	0.01	0.007	0.007	0.007	0.01	0.03560281485786223	0.034586510902042476	0.042887308729228385	0.026811344333171894	0.00449202201373369	0.8028866791885894	1.0005708083574663	1.3338264263811357	0.5939844997345742	0.019407837542637457	70.74313510925975	0.03295394507066201
1.7803525562511544	0.01	0.007	0.007	0.007	0.01	0.035303800225809125	0.034296028745210996	0.042488775757773656	0.026565796639281287	0.004614353451384891	0.8175983389467896	1.0170139171687984	1.3576700408656013	0.6051543466973688	0.020508473798669123	70.15004318801293	0.03290569502158141
1.8221273862899856	0.01	0.007	0.007	0.007	0.01	0.03501080981617566	0.03401140029915122	0.04209863747845178	0.02632483288721937	0.004729796331002109	0.8318905153918082	1.0329336232669597	1.3807865999811855	0.6159583586595707	0.021614830071610497	69.5688921100638	0.03285808845332508
1.8632841985703357	0.01	0.007	0.007	0.007	0.01	0.03472453201588501	0.03373329382395533	0.041717791210126885	0.026089129243218344	0.004838236285031862	0.8457375573210921	1.0483045613827815	1.4031377111990442	0.626379872842123	0.022721469906040445	69.0010469636222	0.03281125353246798
1.9040441238378112	0.01	0.007	0.007	0.007	0.01	0.034443322433876315	0.033460111543440425	0.04134403137779059	0.025857418110023865	0.0049404621353346615	0.8592261815105441	1.0632259257539227	1.4248661745927582	0.6364866876328799	0.02383217799364491	68.44324594989591	0.03276493604910469
1.9444211296397171	0.01	0.007	0.007	0.007	0.01	0.03416700063669559	0.033191677960973436	0.040977103248027634	0.025629617846154546	0.005036689422311465	0.8723709866914678	1.0777162911796783	1.4459978682456511	0.646291864423903	0.024945449845519795	67.8951312067424	0.0327191181608753
1.9845285260889134	0.01	0.007	0.007	0.007	0.01	0.0338947192886304	0.032927169784770643	0.04061586838665604	0.025405082997824978	0.005127359524998739	0.8852175195979796	1.0918280112938525	1.4666081112337452	0.6558312793097121	0.02606270627458073	67.35502207339216	0.032673669643192245
2.024408544414399	0.01	0.007	0.007	0.007	0.01	0.0336261337878973	0.03266625215201617	0.04025985835748267	0.02518357159992257	0.005212722673122933	0.897786505375392	1.1055856734335292	1.4867319571594593	0.6651219587662697	0.027183591462311998	66.82223513441778	0.032628541378315626
2.06413043905105	0.01	0.007	0.007	0.007	0.01	0.03336072971407306	0.03240842526044952	0.039908381468545695	0.02496469329115567	0.005293071475047462	0.9101059320169232	1.1190215039165776	1.5064158095993911	0.6741860403745732	0.028308649513678532	66.29575011335614	0.03258365400656366
2.1037367983314526	0.01	0.007	0.007	0.007	0.01	0.03309818409823646	0.032153375314685484	0.039561001587645486	0.024748209121862978	0.0053686248060838	0.9221941846204011	1.1321569221290466	1.525690435474868	0.6830383162225794	0.02943779721007126	65.77492649870042	0.03253895867738538
2.143275986922348	0.01	0.007	0.007	0.007	0.01	0.03283814556849052	0.031900760941671887	0.03921724651327427	0.024533851668619676	0.005439598727921656	0.9340704210836589	1.1450139354196058	1.5445876125856546	0.6916939333898499	0.030571215208038256	65.25906741713962	0.032494400302778045
2.1827840295739125	0.01	0.007	0.007	0.007	0.01	0.03258035334925165	0.031650328788070003	0.03887676525024516	0.024321424233278714	0.0055061732462972105	0.9457491631212837	1.1576092927480754	1.5631315338398464	0.7001644586165772	0.031708815580207134	64.74765569454198	0.03244993797337028
2.222296694577035	0.01	0.007	0.007	0.007	0.01	0.032324555967057876	0.03140183454395445	0.0385392202561994	0.02411073463560874	0.005568517104096502	0.9572441109867171	1.1699586625146277	1.5813449192507094	0.7084606991716571	0.0328505722088537	64.2401925888902	0.032405531290780415
2.2618436183154214	0.01	0.007	0.007	0.007	0.01	0.032070548622540884	0.031155079245716318	0.03820433664270267	0.023901626642224668	0.005626779325859715	0.9685665088722086	1.182074896825492	1.5992464448353503	0.7165915401046158	0.03399634050003512	63.736271930073826	0.03236114695431644
2.3014525974995297	0.01	0.007	0.007	0.007	0.01	0.03181814426907395	0.03090988117898785	0.03787186382758636	0.023693956624832813	0.005681097892469028	0.9797265088252959	1.1939695276570157	1.6168529306484631	0.7245649547839204	0.03514597167012594	63.23552274704101	0.03231675390599466
2.3411479060922367	0.01	0.007	0.007	0.007	0.01	0.031567183651702725	0.030666085629959188	0.03754158864184942	0.02348760220750723	0.005731598493910021	0.9907327687494661	1.2056523584878422	1.634178724422218	0.7323877346988051	0.036299256502181264	62.737629185788194	0.032272325198788
2.380951918601642	0.01	0.007	0.007	0.007	0.01	0.031317524205404276	0.0304235540999025	0.03721332058047056	0.02328245342886046	0.005778398009338076	1.0015929866322764	1.2171320549420297	1.6512365628431311	0.7400658892032829	0.0374559662429338	62.24230848684602	0.03222783615658682
2.4208847635427873	0.01	0.007	0.007	0.007	0.01	0.03106904166669007	0.03018216587027547	0.03688689382515383	0.02307841430596544	0.005821605002160823	1.0123138637917886	1.2284161224721508	1.668037528237731	0.7476046335970702	0.038615837549374386	61.74931418461621	0.03218326474645846
2.460965003591515	0.01	0.007	0.007	0.007	0.01	0.030821625283102498	0.02994181334864665	0.03656216085623341	0.022875399086793483	0.005861321372255854	1.0229013436573227	1.2395111739470315	1.684591436735462	0.7550085708787038	0.039778588162701106	61.25842660508121	0.03213859080423139
2.5012096696618458	0.01	0.007	0.007	0.007	0.01	0.030575177176105778	0.02970240144953415	0.03623899154208482	0.022673331880401753	0.005897643072732277	1.0333606642823	1.2504229975146488	1.7009069314354917	0.7622817394096958	0.040943914544300845	60.76945160349432	0.03209379598507524
2.54163459517216	0.01	0.007	0.007	0.007	0.01	0.03032960990626785	0.029463845228931775	0.03591726987849491	0.022472144782510854	0.005930661032088359	1.0436964844211736	1.26115669986555	1.716991689104091	0.769427710591416	0.042111498805792416	60.2822157351694	0.03204886338100296
2.5822545335832596	0.01	0.007	0.007	0.007	0.01	0.030084845444220076	0.029226068884527005	0.03559689258421735	0.022271777132741765	0.005960461746200768	1.053912945704073	1.271716780588109	1.732852525303367	0.776449640210121	0.043281009807604506	59.796564215175444	0.032003777381893354
2.6230833505635394	0.01	0.007	0.007	0.007	0.01	0.02984081373709699	0.028989004362983305	0.035277767174746955	0.022072174422471898	0.005987127850334695	1.064013749054383	1.2821072198541785	1.748495520433317	0.7833503283923403	0.044452106781523906	59.312358075236936	0.03195852345495898
2.6641341466899053	0.01	0.007	0.007	0.007	0.01	0.02959745174545343	0.02875259042429257	0.03495981066043435	0.021873287574275188	0.006010738555004651	1.0740022086638765	1.2923315413913579	1.7639261096616647	0.7901322628544862	0.045624441230085036	58.82947225393169	0.031913088002842635
2.705419380802311	0.01	0.007	0.007	0.007	0.01	0.029354702515400042	0.028516771740358004	0.034642948297157375	0.021675072238859724	0.006031370019969826	1.083881302360759	1.3023928705759458	1.7791491662840089	0.7967976587008058	0.046797659071611646	58.34779375660969	0.03186745822213983
2.7469509753806562	0.01	0.007	0.007	0.007	0.01	0.029112514393607257	0.028281498132379197	0.034327112529626856	0.02147748819984091	0.006049095661649806	1.0936537141698919	1.3122939834552039	1.7941690721248325	0.8033484920108926	0.04797140244443289	57.86722009864309	0.031821621982905314
2.7887404010830825	0.01	0.007	0.007	0.007	0.01	0.028870840394935506	0.028046723956514735	0.03401224213887696	0.021280498895793927	0.006063986405144663	1.1033218690538704	1.3220373469030957	1.8089897751402837	0.8097865273911808	0.04914531105685561	57.38765805139779	0.03177556773210059
2.8307987681307836	0.01	0.007	0.007	0.007	0.01	0.028629637557051595	0.027812407476909076	0.033698281377184294	0.02108407092576444	0.006076110900495921	1.1128879667689042	1.331625157072585	1.8236148449966283	0.8161133442555099	0.05031902383513421	56.90902236226401	0.03172928439031195
2.8731368800209545	0.01	0.007	0.007	0.007	0.01	0.028388866536041002	0.027578510472839136	0.03338517942073948	0.020888173746339656	0.0060855356937599804	1.1223540048804728	1.3410593662270545	1.8380475114609527	0.8223303553032926	0.05149217959484908	56.43123495280114	0.03168276129070605
2.9157653250570115	0.01	0.007	0.007	0.007	0.01	0.02814849100615465	0.027344997655590793	0.03307288957074807	0.020692779205273616	0.006092325381548591	1.131721808484838	1.350341715663532	1.8522907125335455	0.828438828906919	0.052664418825941195	55.95422372811999	0.031635988077037866
2.9586945130555717	0.01	0.007	0.007	0.007	0.01	0.027908477391862457	0.027111836408156967	0.03276136888990696	0.02049786134242529	0.006096542727949651	1.1409930458654371	1.3594737540108377	1.8663471206497295	0.8344399017564071	0.05383538399279019	55.47792204560582	0.031588954662569356
3.0019347300448453	0.01	0.007	0.007	0.007	0.01	0.027668794511723247	0.026878996439271267	0.03245057772642649	0.020303396116066835	0.006098248769564343	1.1501692469193179	1.368456857868064	1.8802191727643782	0.8403345929731569	0.05500472037256389	55.00226800858731	0.03154165116968607
3.045496206079048	0.01	0.007	0.007	0.007	0.01	0.02742941316661461	0.026646449383391273	0.03214047916853877	0.020109361082079256	0.006097502902376188	1.159251822919697	1.3772922532435765	1.8939091020580423	0.8461238186631115	0.05617207725653357	54.527203649512295	0.03149406785574514
3.089389144193576	0.01	0.007	0.007	0.007	0.01	0.027190305958450588	0.026414168624590156	0.03183103880013877	0.01991573525851163	0.006094362952065416	1.1682420767783386	1.3859810272564583	1.9074189549404161	0.8518084000076632	0.0573371081012158	54.05267457046524	0.03144619508196084
3.133623785554952	0.01	0.007	0.007	0.007	0.01	0.026951446922785897	0.02618212893964861	0.03152222421720254	0.019722498837863645	0.006088885232404025	1.1771412198153395	1.39452414580169	1.9207506175782776	0.8573890752024904	0.058499471647316025	53.57862921427999	0.03139802324321449
3.178210423337581	0.01	0.007	0.007	0.007	0.01	0.026712811453352133	0.025950306424744867	0.031214004923811475	0.019529633134696803	0.006081124597051317	1.1859503770289623	1.4029224597449423	1.9339058248702101	0.86286650383532	0.05965883166544024	53.10501871496508	0.03134954275425322
3.2231594739336042	0.01	0.007	0.007	0.007	0.01	0.02647437592781234	0.025718678131893134	0.030906351843375472	0.019337120290591016	0.00607113447676346	1.194670603070703	1.411176721095879	1.946886185232582	0.8682412777358256	0.06081485819546748	52.63179615511751	0.031300743973868526
3.2684815055228293	0.01	0.007	0.007	0.007	0.01	0.026236117576951677	0.02548722194186863	0.030599237146354676	0.019144943175550346	0.006058966912834333	1.203302888660285	1.4192875896523223	1.959693190803835	0.8735139255486217	0.061967227630072674	52.15891630641484	0.031251617176021734
3.3141872890608557	0.01	0.007	0.007	0.007	0.01	0.025998014245661682	0.02525591633201513	0.03029263393973006	0.01895308520154097	0.006044672579963569	1.2118481705851014	1.427255642757003	1.9723282327793785	0.8786849192930284	0.06311562334532218	51.68633515531111	0.03120215249706955
3.3602878421051274	0.01	0.007	0.007	0.007	0.01	0.02576004420511761	0.025024740193784537	0.029986516024187997	0.018761530177241553	0.006028300803581515	1.2203073393874602	1.4350813825285433	1.984792613063319	0.8837546792318867	0.06425973609560372	51.21400953028803	0.03115233989130519
3.4067944775842363	0.01	0.007	0.007	0.007	0.01	0.025522185952093414	0.024793672637780952	0.029680857636315613	0.01857026215242507	0.006009899569802837	1.228681247107119	1.4427652428176747	1.9970875557722152	0.8887235785189489	0.06539926447649606	50.74189670353229	0.0311021690816939
3.453718851556862	0.01	0.007	0.007	0.007	0.01	0.02528441802704523	0.024562692817037657	0.02937563321654933	0.018379265277611568	0.005989515530332141	1.236970713951408	1.4503075948344426	2.0092142169254115	0.8935919469426029	0.0665339152963156	50.26995402981886	0.03105162951228409
3.5010730226138422	0.01	0.007	0.007	0.007	0.01	0.025046718787380764	0.024331779706759222	0.029070817121250345	0.01818852362803705	0.005967193997441473	1.2451765361219946	1.4577087534752167	2.0211736955872865	0.8983600750780628	0.06766340415356589	49.798138496396234	0.031000710288702556
3.54886950446262	0.01	0.007	0.007	0.007	0.01	0.024809066231110344	0.024100911933006924	0.028766383401258512	0.017998021068606405	0.005942978936892182	1.2532994914531779	1.4649689812751059	2.03296704155073	0.9030282168619265	0.06878745575794121	49.32640637282232	0.030949400126696735
3.5971213307152	0.01	0.007	0.007	0.007	0.01	0.024571437775376716	0.023870067557551153	0.028462305524353956	0.01780774108322081	0.005916912951094484	1.261340346196791	1.4720884930139198	2.044595264440714	0.9075965925457018	0.06990580444450081	48.85471277118781	0.03089768728829118
3.6458421293944836	0.01	0.007	0.007	0.007	0.01	0.024333810005971394	0.023639223834538307	0.028158556062691156	0.017617666581738165	0.005889037252352632	1.2692998623076777	1.4790674603078935	2.056059343242662	0.9120653915894308	0.07101819479236864	48.38301114868824	0.03084555950838971
3.6950462012323353	0.01	0.007	0.007	0.007	0.01	0.02409615842955397	0.023408356969783686	0.027855106386028297	0.01742777971017782	0.005859391629224929	1.2771788041123437	1.4859060151469765	2.067360234610284	0.9164347748245668	0.07212438218873471	47.91125281549543	0.030793003918297757
3.7447486020769665	0.01	0.007	0.007	0.007	0.01	0.023858457228342376	0.02317744188246456	0.027551926360505106	0.01723806166407184	0.005828014406651355	1.284977944372388	1.4926042523757954	2.0784988799669644	0.9207048758872443	0.07322413333268496	47.43938644746639	0.03074000696590586
3.7949652600017267	0.01	0.007	0.007	0.007	0.01	0.023620678874546025	0.022946451830560252	0.027248983871284247	0.017048492391320037	0.005794942380131609	1.2926980743551202	1.4991622350004052	2.089476217940703	0.9248758043902572	0.07431722732664761	46.96735732034681	0.030686554300086454
3.8457130683225245	0.01	0.007	0.007	0.007	0.01	0.02338279389033369	0.022715358177671865	0.026946244534050794	0.016859050412989643	0.0057602107605351826	1.3003400084385301	1.5055799940802788	2.100293188540076	0.9289476455712795	0.07540345601761907	46.49510683278814	0.03063263068221296
3.8970100320854546	0.01	0.007	0.007	0.007	0.01	0.023144770387370218	0.02248412994570382	0.02664367112908345	0.01666971247031182	0.0057238530801211555	1.3079045951628931	1.5118575333278594	2.110950746019554	0.9329204628616509	0.076482625264773	46.02257159167654	0.030578219842339497
3.948875419685662	0.01	0.007	0.007	0.007	0.01	0.022906573624683728	0.022252733385352465	0.02634122306324118	0.01648045318897798	0.005685901089104712	1.3153927267272196	1.5179948313652059	2.1214498688964887	0.9367942988644009	0.07755455600442551	45.54968253372275	0.0305233043319378
4.001329930772679	0.01	0.007	0.007	0.007	0.01	0.022668165536329454	0.02202113151725328	0.026038855798335505	0.016291244722259287	0.005646384636558175	1.3228053484662958	1.5239918428719996	2.1317915692676177	0.9405691755255349	0.07861908532108433	45.07636398695679	0.030467865361553832
4.05439592811596	0.01	0.007	0.007	0.007	0.01	0.02242950402125697	0.021789283442119944	0.02573651998356687	0.0161020562088229	0.005605331499052499	1.3301434745713925	1.5298485034692424	2.141976910028068	0.9442450965269346	0.07967606842144961	44.602532259959574	0.030411882573438413
4.108097673700765	0.01	0.007	0.007	0.007	0.01	0.022190542281432336	0.021557143697760562	0.025434160656468023	0.015912853273318064	0.005562767200046851	1.337408200818182	1.5355647304867732	2.152007016872071	0.947822046919046	0.08072538018559283	44.128094326691546	0.03035533381296227
4.162461650136382	0.01	0.007	0.007	0.007	0.01	0.021951227855146183	0.02132466131998137	0.02513171606622098	0.015723597290578577	0.0055187147577545346	1.3446007249492467	1.5411404278468737	2.161883099698248	0.9512999951389244	0.0817669178206534	43.65294590591374	0.03029819481386484
4.217516911918205	0.01	0.007	0.007	0.007	0.01	0.021711501614881914	0.021091778869061894	0.024829116462771104	0.015534244628356996	0.005473194402901125	1.3517223659902957	1.5465754875961708	2.1716064710053096	0.9546788926762856	0.08280060335775924	43.17696946994818	0.030240438856802096
4.273295559807384	0.01	0.007	0.007	0.007	0.01	0.021471296341331027	0.02085843104447701	0.02452628236322504	0.015344745562915386	0.005426223190351914	1.3587745937151268	1.551869796218239	2.181178576339778	0.9579586764062807	0.0838263876080838	42.70003141153428	0.030182036304261375
4.3298332929933805	0.01	0.007	0.007	0.007	0.01	0.02123053510820184	0.02062454311581323	0.024223122596017783	0.015155043055516423	0.005377814538847821	1.3657590604129557	1.5570232387100862	2.1906010254507438	0.961139269114964	0.08484425443734887	42.22197883455083	0.030122954061175513
4.3871701440998985	0.01	0.007	0.007	0.007	0.01	0.02098912906614391	0.02039002876995415	0.023919531608353067	0.014965071067881005	0.005327977609260545	1.3726776461568602	1.5620357077348288	2.1998756386891305	0.964220582633994	0.08585422697623202	41.74263515107356	0.03006315485323225
4.445351389006959	0.01	0.007	0.007	0.007	0.01	0.020746974723469553	0.0201547874694273	0.02361538616727404	0.014774752498197877	0.00527671652459558	1.379532513260557	1.56690711286918	2.2090045017332103	0.9672025203107839	0.08685637512944734	41.26179467851683	0.030002596334327856
4.504428771567972	0.01	0.007	0.007	0.007	0.01	0.020503950214094856	0.019918700826882046	0.02331054082271522	0.014583996342446231	0.005224029307603272	1.3863261827097577	1.5716373969361639	2.2179900443996408	0.9700849828607332	0.08785082623101935	40.779215224768336	0.029941229880989
4.5644621133392596	0.01	0.007	0.007	0.007	0.01	0.020259910382390726	0.019681627830250622	0.02300482193289696	0.014392693956127122	0.005169906469576729	1.3930616345449165	1.576226557262888	2.2268351439986898	0.9728678758703762	0.08883777911152384	40.29460832273821	0.029878999006681284
4.625521519598492	0.01	0.007	0.007	0.007	0.01	0.02001467998217938	0.019443398235889153	0.02269801939002557	0.014200713877010229	0.005114329058540197	1.3997424479923124	1.5806746779350216	2.235543271133144	0.9755511220809822	0.0898175238480298	39.80762571828078	0.02981583718469052
4.687690550104215	0.01	0.007	0.007	0.007	0.01	0.019768043756038287	0.019203802931083487	0.022389874532155348	0.014007894261461632	0.0050572658281858515	1.4063730091462046	1.5849819839325885	2.244118709545451	0.9781346840880232	0.09079047120977707	39.31783966048875	0.029751664710521313
4.751070717096436	0.01	0.007	0.007	0.007	0.01	0.019519732339713772	0.018962580240843182	0.02208006296921467	0.013814032138458051	0.004998669192189913	1.4129588054547866	1.5891489175185478	2.252566867542169	0.9806185961600226	0.09175719451756244	38.82471489758448	0.029686384248482953
4.815788527731236	0.01	0.007	0.007	0.007	0.01	0.019269399813953456	0.018719394120554244	0.02176816718257752	0.013618866264660828	0.004938468841582782	1.419506903794623	1.593176279092892	2.26089479362045	0.9830030279083726	0.09271849793431884	38.32756407987467	0.02961987383806308
4.882006638395308	0.01	0.007	0.007	0.007	0.01	0.019016587918868767	0.018473799391903918	0.02145363282074351	0.013422049777786448	0.004876561569811388	1.4260267163956732	1.5970654608375843	2.269112007171451	0.985288391830362	0.0936755261568061	37.82547666624293	0.029551975802495335
4.949943170751944	0.01	0.007	0.007	0.007	0.01	0.018760663362804898	0.018225180841380497	0.02113569204593091	0.013223102232960129	0.004812793544498359	1.4325313586822581	1.600818890512161	2.277231988710111	0.9874755549743209	0.09462995947919361	37.317194381353694	0.029482477501042877
5.019908188483118	0.01	0.007	0.007	0.007	0.01	0.018500698210882537	0.017972637023346807	0.020813217132583117	0.0130213179960214	0.004746926642722313	1.4390402667134008	1.6044409358203313	2.285275081447363	0.9895662816325356	0.09558439078901243	36.800873598555	0.02941107491243002
5.092381969672234	0.01	0.007	0.007	0.007	0.01	0.01823521061634776	0.01771472839271775	0.020484402805008833	0.01281556747467785	0.004678565856496179	1.4455849287132454	1.607939988516243	2.293274906512643	0.9915642764795014	0.09654315302899176	36.27357029229661	0.029337294347240958
5.168219138454671	0.01	0.007	0.007	0.007	0.01	0.01796148194650403	0.01744881392492991	0.02014592871866036	0.01260377306228954	0.004606969166584241	1.4522241338370934	1.61133427661901	2.3012955895565472	0.9934781503464845	0.09751452532705443	35.72988350477217	0.029260287910472152
5.2494115071814065	0.01	0.007	0.007	0.007	0.01	0.017672978623095085	0.017168546555540124	0.01978979408432988	0.012380928480053423	0.004530334501458373	1.459102160110797	1.614675096192734	2.3094981234202123	0.9953334896272877	0.09851916840010613	35.156833909940104	0.02917806773825355
5.345969180708366	0.01	0.007	0.007	0.007	0.01	0.01733590593820551	0.016841096327364198	0.019374506836102704	0.012121071059611176	0.004439356610052796	1.4669824498136923	1.618267442538501	2.318753528905171	0.9972889593019977	0.09966760916462652	34.48728935660227	0.02908058845649454
5.426017920822313	0.01	0.007	0.007	0.007	0.01	0.01706134549170097	0.016574373727584985	0.01903688524109481	0.011909812010808008	0.004364142288761006	1.4732771191881304	1.6209432796992922	2.3260298495472442	0.9987112353700273	0.10058256197264621	33.941897963365726	0.02900002262953978
5.497134590431501	0.01	0.007	0.007	0.007	0.01	0.01682107249990803	0.01634095976880046	0.01874191014455363	0.011725238538898558	0.004297523687615692	1.4786940784452045	1.6230986266101752	2.332203030355271	0.9998291495524984	0.10136793133872027	33.46460226086435	0.02892863382387386
5.566079927009681	0.01	0.007	0.007	0.007	0.01	0.01659136755424343	0.016117812159099052	0.01846033649183262	0.011549051131887398	0.004233185710343378	1.4837926933414174	1.6249949965133033	2.3379341595509273	1.0007863808596686	0.10210521965669835	33.00828780386141	0.028859592434303794
5.6347962957111655	0.01	0.007	0.007	0.007	0.01	0.016365547878628567	0.015898438892237746	0.0181839373456137	0.011376101962038991	0.004169345901294721	1.4887286413167644	1.6267014040694845	2.343405090202924	1.0016203300687738	0.10281699561028199	32.55968008526833	0.028790944287042472
5.703134539417295	0.01	0.007	0.007	0.007	0.01	0.016144020277504795	0.015683235158888517	0.017913192938253785	0.011206691504580882	0.004106172486349704	1.4934970304105044	1.6282218605503174	2.3486139991429997	1.0023344421697937	0.1035025493002385	32.119587755873916	0.028722835837682772
5.770862246292605	0.01	0.007	0.007	0.007	0.01	0.015927431623026005	0.015472829365569702	0.01764887335212226	0.01104130159586207	0.004043904706942443	1.4980883863335746	1.6295600428043713	2.353554707717031	1.0029322642723921	0.10416054523041131	31.689296488677204	0.028655494839296216
5.837992436237394	0.01	0.007	0.007	0.007	0.01	0.01571562239230084	0.0152670665440773	0.01739076218286372	0.010879796805464024	0.003982550509581401	1.5025106901461316	1.6307254736462606	2.3582402496385546	1.003420139063617	0.10479217657633508	31.26848997673669	0.028588903745752764
5.90459124428652	0.01	0.007	0.007	0.007	0.01	0.015508274279042894	0.015065637475515306	0.017138451190492694	0.010721921669533343	0.0039220666979737535	1.506774867742101	1.6317278745451642	2.362686414825408	1.0038043047239478	0.10539906028542458	30.85653640730037	0.028522992682930397
5.970719755143741	0.01	0.007	0.007	0.007	0.01	0.015305098265226172	0.014868261393081691	0.01689157001633227	0.010567444429422538	0.0038624130761767956	1.510890777232495	1.632575933709468	2.3669073974654853	1.0040903306177038	0.10598265883193685	30.45286209371237	0.028457697412143854
6.036431484756926	0.01	0.007	0.007	0.007	0.01	0.015105840560982551	0.014674691752413505	0.016649793088784247	0.010416161352438945	0.0038035549939893156	1.514867153945912	1.6332774052625003	2.3709158078499395	1.00428319451851	0.1065442725333841	30.056963285701844	0.028392961736519468
6.101772925441669	0.01	0.007	0.007	0.007	0.01	0.01491027895415095	0.014484712685356595	0.016412834866394492	0.01026789375504218	0.003745463007839838	1.5187117494354514	1.633839250973077	2.374722884125506	1.0043873746459582	0.10708505979277491	29.66839892559815	0.028328736868892725
6.166784519834223	0.01	0.007	0.007	0.007	0.01	0.014718218149315274	0.014298134472068328	0.016180443906051323	0.010122484290958196	0.00368811211364096	1.5224314799237202	1.6342677652058462	2.378338702190331	1.004406928642486	0.10760605863510846	29.286781395349802	0.028264980390031585
6.231501591970511	0.01	0.007	0.007	0.007	0.01	0.014529485554914122	0.014114789448399175	0.015952397527115175	0.00997979361222623	0.0036314809967822716	1.5260325552847953	1.634568677785845	2.3817723545863676	1.004345558039956	0.10810820538299763	28.91176815233879	0.028201655264184503
6.295955271940431	0.01	0.007	0.007	0.007	0.01	0.014343927379199505	0.013934528213304603	0.015728496896272558	0.00983969729354426	0.0035755512787294364	1.5295205927672537	1.634747237808789	2.385032104068271	1.0042066601266	0.10859235105317547	28.543053977551384	0.02813872887510379
6.360173278395186	0.01	0.007	0.007	0.007	0.01	0.014161405396563223	0.013757216487486798	0.01550856296318914	0.00970208328900858	0.003520306886753743	1.5329007100039087	1.6348082805040853	2.3881255082309925	1.003993369190108	0.10905927471968196	28.18036455463689	0.0280761722139848
6.424179778250475	0.01	0.007	0.007	0.007	0.01	0.01398179650769277	0.013582734686111967	0.015292435791352052	0.0095668515132734	0.0034657342099411823	1.5361775606297183	1.6347562819543753	2.39105948489042	1.0037085933563947	0.1095096888524749	27.82345559978242	0.028013959974671224
6.487996534814807	0.01	0.007	0.007	0.007	0.01	0.013804988764478058	0.013410974057194876	0.015079969650733552	0.009433910770878209	0.0034118211410665133	1.5393554310550355	1.6345954065086357	2.3938404283303614	1.0033550414812507	0.1099442530364238	27.472104966087155	0.02795206939982144
6.551643018268075	0.01	0.007	0.007	0.007	0.01	0.013630880493843638	0.013241835830445931	0.014871031868116912	0.009303178036791938	0.003358557013402547	1.542438275371153	1.6343295440304078	2.3964742634942353	1.0029352474486386	0.11036357904409329	27.126110905155667	0.02789048014561687
6.615136760098369	0.01	0.007	0.007	0.007	0.01	0.013459378816504821	0.013075229778314039	0.014665500963058391	0.009174577289990484	0.0033059323249993128	1.5454297585642178	1.63396234159277	2.398966504328696	1.0024515898248307	0.11076823700821661	26.785289125933044	0.027829173913152677
6.678493639772638	0.01	0.007	0.007	0.007	0.01	0.013290398441184653	0.012911073044626619	0.0144632651291357	0.009048038563095943	0.0032539385207853693	1.5483332920447355	1.633497229877843	2.401322301984978	1.0019063082837738	0.1111587604838992	26.449470400535326	0.027768134150034842
6.741728043288271	0.01	0.007	0.007	0.007	0.01	0.013123860871120096	0.012749289373749154	0.014264221220454423	0.00892349730816769	0.00320256788002817	1.5511520598344102	1.6329374461140966	2.4035464824648685	1.0013015182314713	0.11153565019999571	26.118498989102857	0.027707345879022155
6.804853100510383	0.01	0.007	0.007	0.007	0.01	0.012959693454573469	0.012589808188202668	0.014068273560679176	0.008800893651456997	0.0031518133385356286	1.5538890456573344	1.6322860529945549	2.4056435826716367	1.0006392224784997	0.11189937789249718	25.792230754384377	0.02764679545349257
6.867880809637106	0.01	0.007	0.007	0.007	0.01	0.01279782878366939	0.012432564004663124	0.013875333176885404	0.00868017191397985	0.003101668403219084	1.556547052524861	1.6315459554625757	2.4076178783681734	0.9999213219298964	0.11225038909363748	25.470531968335646	0.027586470424069063
6.930822154511269	0.01	0.007	0.007	0.007	0.01	0.01263820414684425	0.012277495902042813	0.013685317103582024	0.008561280176001886	0.0030521270711737795	1.5591287202279527	1.6307199152994873	2.4094734089106455	0.9991496248452082	0.11258910561636357	25.153278225095697	0.027526359413842138
6.993687252709095	0.01	0.007	0.007	0.007	0.01	0.012480760937087249	0.01212454694662491	0.013498147639975021	0.008444169812272745	0.0030031837245565658	1.5616365424302407	1.629810563201822	2.4112140001165154	0.9983258543316029	0.11291592795693785	24.84035326593562	0.027466451965940306
7.056485434915851	0.01	0.007	0.007	0.007	0.01	0.012325444265535692	0.011973663816690244	0.013313751856946925	0.008328795183511489	0.0029548330800758743	1.5640728794508523	1.6288204098762291	2.412843282623929	0.9974516554397364	0.11323123710487575	24.531648212202523	0.027406738458361765
7.119225331053965	0.01	0.007	0.007	0.007	0.01	0.012172202580763215	0.011824796432674272	0.013132061114820829	0.008215113334644137	0.0029070701327357186	1.566439970186752	1.6277518556007897	2.4143647085480406	0.9965286012216048	0.11353539622140849	24.227060809466483	0.027347210013516855
7.181914934330732	0.01	0.007	0.007	0.007	0.01	0.012020987363223793	0.011677897660334308	0.012953010673974629	0.008103083751140482	0.0028598901163875375	1.5687399421681614	1.6266071988538255	2.4157815658775275	0.9955581982504045	0.11382875205782181	23.92649482094521	0.027287858429825756
7.244561684965452	0.01	0.007	0.007	0.007	0.01	0.011871752790333189	0.011532922985392392	0.012776539273910132	0.007992668095616984	0.002813288449450982	1.570974821452655	1.6253886434651927	2.417096991842102	0.9945418910981902	0.11411163633548732	23.629859362476	0.02722867609562731
7.30717250325088	0.01	0.007	0.007	0.007	0.01	0.011724455539887033	0.011389830322565611	0.012602588878963313	0.00788383004870796	0.0027672607187770987	1.5731465398814153	1.624098305708227	2.418313983836484	0.9934810669490609	0.11438436677386621	23.337068512376547	0.02716965595190485
7.3697538633794	0.01	0.007	0.007	0.007	0.01	0.011579054509509636	0.011248579743024081	0.012431104327091318	0.007776535089295791	0.0027218026330566615	1.5752569431438461	1.6227382197803832	2.419435410121328	0.9923770590105025	0.11464724820797556	23.048040754332916	0.027110791417182985
7.432311796227662	0.01	0.007	0.007	0.007	0.01	0.011435510714790341	0.011109133375435802	0.012262033191781044	0.007670750408090231	0.002676910028188765	1.5773077958104529	1.6213103440289134	2.420464018195086	0.9912311506534738	0.1149005733133865	22.76269877541617	0.02705207637999172
7.494851991088716	0.01	0.007	0.007	0.007	0.01	0.011293786968484352	0.01097145509432528	0.012095325387698759	0.007566444660872956	0.0026325788010063012	1.5793007891795112	1.6198165643668774	2.4214024440680433	0.9900445773728345	0.11514462367019686	22.480968828845583	0.026993505098847712
7.557379756173334	0.01	0.007	0.007	0.007	0.01	0.011153847894121025	0.01083551053329397	0.011930933172036433	0.007463587969324179	0.002588804944440665	1.5812375440104682	1.6182587003057762	2.42225321841134	0.988818530936044	0.11537967018407728	22.20278076144957	0.02693507223535758
7.619900103032515	0.01	0.007	0.007	0.007	0.01	0.011015659663464964	0.01070126682997613	0.011768810822085578	0.007362151719272415	0.002545584493914415	1.5831196169245758	1.6166385076606975	2.4230187740841798	0.9875541609327855	0.11560597395161762	21.928067492149232	0.026876772771449477
7.682417764440508	0.01	0.007	0.007	0.007	0.01	0.010879189894788935	0.010568692527215932	0.011608914503635319	0.007262108478340961	0.0025029135215907826	1.5849485042473177	1.6149576823018885	2.4237014519412594	0.9862525772332487	0.11582378680116405	21.65676481007087	0.026818601989508948
7.744937195497479	0.01	0.007	0.007	0.007	0.01	0.010744407592123782	0.010437757514052008	0.011451202188314125	0.007163431944218229	0.002460788141383888	1.5867256451165137	1.6132178640431782	2.4243035060440046	0.9849148525850809	0.11603335174102698	21.38881125409479	0.026760555468322962
7.807462611803647	0.01	0.007	0.007	0.007	0.01	0.010611283008212489	0.01030843289258383	0.011295633482470336	0.007066096837581066	0.002419204488305304	1.588452425432838	1.6114206392242287	2.424827108868846	0.9835420242324427	0.11623490350243332	21.124147840701756	0.02670262904475609
7.869998015058212	0.01	0.007	0.007	0.007	0.01	0.010479787541634807	0.010180690878033305	0.011142169497235708	0.006970078820786541	0.0023781587068209082	1.5901301811471085	1.609567543264483	2.4252743558906804	0.9821350955576462	0.11642866899541363	20.862717859718895	0.026644818787522784
7.932547193677242	0.01	0.007	0.007	0.007	0.01	0.01034989369109571	0.010054504754338384	0.010990772786177258	0.006875354458852739	0.002337646955545082	1.591760200655984	1.6076600636786988	2.4256472696183358	0.9806950381009253	0.11661486765552713	20.604466783690597	0.026587120994306337
7.995113760583217	0.01	0.007	0.007	0.007	0.01	0.010221574935495968	0.009929848757647278	0.010841407197088648	0.006781901126719948	0.002297665387475774	1.5933437280027043	1.6056996417482197	2.4259478035743367	0.979222792583295	0.11679371187835655	20.349342029673654	0.026529532154726383
8.057701137037938	0.01	0.007	0.007	0.007	0.01	0.010094805729735808	0.00980669807224232	0.010694037859377835	0.0066896970013511185	0.0022582101650363944	1.5948819644942036	1.603687675613918	2.4261778456563583	0.9777192710237502	0.11696540726805228	20.097292951109914	0.026472048963277973
8.120312594416692	0.01	0.007	0.007	0.007	0.01	0.00996956138408539	0.009685028713353912	0.010548631036449162	0.006598720969364167	0.00221927743779907	1.5963760716517026	1.6016255213822825	2.4263392215513466	0.9761853573781331	0.11713015303299616	19.848270598190606	0.02641466827904904
8.182951242027187	0.01	0.007	0.007	0.007	0.01	0.00984581805686828	0.009564817520053193	0.010405154110520155	0.006508952617525093	0.002180863354418994	1.5978271726607385	1.5995144957504854	2.4264336976634584	0.9746219093334708	0.117288142208217	19.602227703495853	0.02635738713523671
8.245620068800966	0.01	0.007	0.007	0.007	0.01	0.009723552641889628	0.009446042045893714	0.010263575445739005	0.006420372147098572	0.0021429640410137577	1.599236354982365	1.5973558766997342	2.426462983972084	0.9730297586780087	0.11743956200206591	19.35911845834211	0.026300202699425776
8.30832191854735	0.01	0.007	0.007	0.007	0.01	0.009602742790096428	0.009328680579953676	0.010123864407486147	0.006332960385917915	0.002105575620309402	1.6006046712919035	1.5951509062621492	2.426428736568624	0.971409713220911	0.11758459395627617	19.118898556012493	0.02624311229479965
8.37105951912062	0.01	0.007	0.007	0.007	0.01	0.009483366826541413	0.009212712066170267	0.009985991260669392	0.006246698724746092	0.0020686941975962036	1.601933141570607	1.592900791347816	2.426332560112118	0.9697625572841292	0.11772341422865287	18.881525026805186	0.026186113372138456
8.433835486656614	0.01	0.007	0.007	0.007	0.01	0.00936540371888193	0.009098116072737883	0.009849927128200013	0.00616156909129026	0.0020323158619457273	1.6032227545145619	1.5906067052807642	2.426176010072087	0.9680890527300204	0.11785619379799199	18.646956175538808	0.026129203504748337
8.496652333936776	0.01	0.007	0.007	0.007	0.01	0.009248833039571733	0.00898487275537935	0.009715643942516118	0.006077553919866613	0.00199643668484327	1.604474468949866	1.5882697890834268	2.425960594827907	0.9663899398114041	0.11798309866689319	18.41515150650709	0.02607238037971912
8.55951247457029	0.01	0.007	0.007	0.007	0.01	0.009133634937495047	0.008872962829789829	0.009583114408324043	0.005994636128084277	0.0019610527211374835	1.6056892150828415	1.5858911528139263	2.425687777645648	0.9646659380665538	0.11810429004470968	18.18607166720054	0.026015641793058524
8.622418231320127	0.01	0.007	0.007	0.007	0.01	0.009019790103336535	0.00876236753799545	0.00945231195842221	0.005912799089201503	0.0019261600075234438	1.6068678957609335	1.5834718766581384	2.4253589785196215	0.9629177470414133	0.11821992452887496	17.95967837956328	0.025958985641154123
8.685371844424191	0.01	0.007	0.007	0.007	0.01	0.008907279736663784	0.008653068616375525	0.009323210711817827	0.005832026605916762	0.0018917545610676433	1.608011387657234	1.5810130119274732	2.424975575887176	0.9611460469497782	0.11833015427548522	17.735934374646703	0.025902409912343775
8.74837546321381	0.01	0.007	0.007	0.007	0.01	0.008796085543943162	0.008545048293735279	0.009195785467580602	0.005752302906519023	0.0018578323867058418	1.609120542093826	1.5785155826351682	2.4245389083472233	0.959351499753995	0.11843512713266385	17.514803388771853	0.025845912693550743
8.811431171102967	0.01	0.007	0.007	0.007	0.01	0.008686189678142692	0.008438289232632715	0.009070011631920867	0.005673612599260049	0.001824389466496773	1.6101961864120349	1.5759805856947853	2.4240502760761227	0.9575347492570955	0.11853498682410193	17.29625004352204	0.02578949214699884
8.874540973008688	0.01	0.007	0.007	0.007	0.01	0.00857757474633701	0.008332774536766762	0.00894586522349641	0.005595940675670871	0.0017914217692088083	1.6112391246123716	1.5734089925244514	2.423510942390742	0.9556964222107008	0.1186298730602337	17.080239860962177	0.025733146520730877
8.937706807814275	0.01	0.007	0.007	0.007	0.01	0.008470223773796208	0.008228487716091196	0.008823322829022718	0.005519272482785712	0.0017589252462882818	1.6122501383938306	1.5708017496043156	2.4229221350665964	0.9538371286728903	0.11871992168547284	16.866739192313297	0.025676874136698394
9.000930556675579	0.01	0.007	0.007	0.007	0.01	0.008364120177018361	0.008125412660617105	0.00870236156940443	0.005443593701948857	0.001726895830242228	1.613229988057561	1.5681597791240725	2.4222850475827666	0.951957462436103	0.11880526480966795	16.6557151644059	0.02562067338269236
9.06421403456707	0.01	0.007	0.007	0.007	0.01	0.008259247765775113	0.008023533642400155	0.008582959099128583	0.005368890348431771	0.0016953294414516974	1.6141794131077933	1.565483980276947	2.421600840463399	0.9500580019174156	0.11888603091097612	16.447135683830638	0.025564542719223947
9.127558998565696	0.01	0.007	0.007	0.007	0.01	0.00815559071722174	0.007922835290389797	0.008465093573905971	0.005295148751184945	0.001664221986240824	1.6150991330878144	1.5627752298196702	2.4208706424064084	0.9481393105267112	0.11896234495810315	16.240969385526864	0.025508480671512703
9.190967156158322	0.01	0.007	0.007	0.007	0.01	0.008053133551336513	0.007823302566569774	0.008348743620060071	0.005222355533683339	0.0016335693551080852	1.615989848364587	1.560034382570149	2.420095551327682	0.9462019369945487	0.11903432852524724	16.037185584008547	0.02545248582155368
9.254440165160746	0.01	0.007	0.007	0.007	0.01	0.007951861120978574	0.007724920756299865	0.008233888320710453	0.005150497605279356	0.001603367425094098	1.6168522407527002	1.5572622722162228	2.4192766354373467	0.9442464159227285	0.11910209989150508	15.835754253660623	0.025396556807667375
9.31797963362298	0.01	0.007	0.007	0.007	0.01	0.007851758602232467	0.0076276754589361465	0.00812050720237649	0.005079562152818876	0.0015736120619748435	1.6176869741148647	1.5544597120933816	2.4184149342750723	0.9422732683132771	0.1191657741371073	15.636646009602838	0.02534069232406328
9.381587111287057	0.01	0.007	0.007	0.007	0.01	0.007752811498066921	0.007531552591385419	0.008008580236724806	0.005009536641731852	0.0015442991261372036	1.6184946948346457	1.5516274963099956	2.417511459828605	0.9402830023416329	0.11922546322893589	15.439832115034358	0.02528489112780731
9.445264123202776	0.01	0.007	0.007	0.007	0.01	0.007655005576911962	0.007436538328435619	0.00789808776881606	0.004940408771138384	0.0015154244590053266	1.6192760327976172	1.5487663989610119	2.4165671970076437	0.9382761127875404	0.11928127614184345	15.24528435912237	0.025229152008830674
9.509012131668523	0.01	0.007	0.007	0.007	0.01	0.007558326923418983	0.007342619152067142	0.007789010572386422	0.0048721665084324175	0.0014869839024275397	1.6200316014323575	1.545877176496365	2.41558310508583	0.9362530826843959	0.11933331890850019	15.052975158027948	0.025173473822862932
9.572832574112612	0.01	0.007	0.007	0.007	0.01	0.007462761872040482	0.007249781786928475	0.00768132977273812	0.00480479804103709	0.0014589732833103018	1.6207619986811244	1.5429605666676105	2.41456011800779	0.9342143825663733	0.11938169473561139	14.862877422846383	0.025117855457818652
9.636726837636754	0.01	0.007	0.007	0.007	0.01	0.007368297038223645	0.007158013230639533	0.007575026879994215	0.004738291797207842	0.0014313884267915954	1.6214678071727553	1.540017290293468	2.413499145599812	0.932160471693363	0.11942650406172874	14.674964621710632	0.025062295855638978
9.700696280058514	0.01	0.007	0.007	0.007	0.01	0.007274919279469969	0.007067300715962798	0.007470083743315673	0.0046726364173870555	0.0014042251486890021	1.6221495949259934	1.537048050891586	2.4124010740274016	0.9300917977824904	0.11946784465012014	14.48921070238479	0.025006793993541443
9.764742217097664	0.01	0.007	0.007	0.007	0.01	0.00718261570743413	0.006977631722556972	0.007366482562713641	0.004607820761592144	0.0013774792626981029	1.6228079156459552	1.534053535832606	2.4112667667622936	0.9280087978042423	0.11950581165323644	14.30559011638217	0.024951348894791316
9.828865939240949	0.01	0.007	0.007	0.007	0.01	0.007091373656823178	0.006888993946763896	0.007264205852367727	0.004543833886464478	0.0013511465749014209	1.6234433093230567	1.5310344160973823	2.4100970650151567	0.9259118978052818	0.11954049769440644	14.124077757145965	0.024895959613719296
9.893068694646155	0.01	0.007	0.007	0.007	0.01	0.0070011807037154185	0.006801375319404684	0.007163236459508847	0.004480665057081123	0.0013252228924277773	1.624056302462137	1.5279913475968023	2.408892788735196	0.9238015138190594	0.11957199292645813	13.944648996538328	0.02484062525017196
9.957351701771415	0.01	0.007	0.007	0.007	0.01	0.0069120246412309365	0.006714763982144704	0.007063557535495102	0.004418303728857313	0.001299704019657892	1.6246474086027587	1.5249249710825468	2.407654737058099	0.9216780517963646	0.11960038510590375	13.767279636486922	0.024785344938232985
10.0	0.01	0.007	0.007	0.007	0.01	0.006853501995660996	0.006657911708229115	0.006998198361120494	0.004377413675518262	0.0012830049499624734	1.6250273495179124	1.5228801973980646	2.406815991341002	0.9202637177531054	0.11961753429025528	13.650851341945904	0.024748737341529173
