0.0	0.01	0.007	0.007	0.007	0.01	0.0	0.0	0.0	0.0	0.0	0.0	0.0	0.0	0.0	0.0	100.0	0.035
0.0064283997799443535	0.01	0.007	0.007	0.007	0.01	0.0025634088687888153	0.006438662546920653	0.00340575453978532	0.001222838690356216	0.00015707052272087742	0.00010047203555856855	0.0004195474162054058	0.0004924100608008857	7.901825246065432e-5	3.393505005484827e-6	99.89227745791905	0.034992203170995106
0.011433539032902042	0.01	0.007	0.007	0.007	0.01	0.004460719500081793	0.010994697084501452	0.005941843108663868	0.002147308274617453	0.00026072696145353796	0.0003130481216343588	0.0012906329857881832	0.001536801456686649	0.00024768525630774823	1.0246098971873706e-5	99.80848525565472	0.03498613377811727
0.01846615172500453	0.01	0.007	0.007	0.007	0.01	0.00698836988298306	0.016785355687990063	0.009342020368061392	0.003406617298489157	0.0003832492486580279	0.0007995036947718725	0.003239078542034358	0.003933947422415273	0.0006378529343682225	2.5078418312646115e-5	99.69086939609085	0.03497760758444653
0.02551936113216482	0.01	0.007	0.007	0.007	0.01	0.009369909796964155	0.021947299025715548	0.012569641027423565	0.004624537761985226	0.00048349311328858895	0.0014951607697899457	0.005955321580802876	0.007373613358839146	0.0012026781916369927	4.502618222661167e-5	99.57304827956958	0.03496905850673373
0.033696171425638445	0.01	0.007	0.007	0.007	0.01	0.011950396096202019	0.0272153782427506	0.01609520458637467	0.0059820195417499885	0.0005767488265498982	0.0025447696051268225	0.009944574346872945	0.012582225141868039	0.0020661618594958017	7.326435368156968e-5	99.43663212654755	0.03495915014640312
0.042309103525938634	0.01	0.007	0.007	0.007	0.01	0.014472926267143896	0.032034832241172505	0.019572440861060837	0.007351115354555143	0.0006537271981079741	0.0039125852808780375	0.01499675112818111	0.019396376127967775	0.003207486996248983	0.00010770472416369869	99.29314212868738	0.0349487163456719
0.051684565898849066	0.01	0.007	0.007	0.007	0.01	0.017007281814182398	0.036543973893031996	0.02309955039458955	0.00877353258405373	0.0007181993167579704	0.005683418889409101	0.02134779370060073	0.028254226365456388	0.004707262471473676	0.0001494192457532063	99.13718386426393	0.03493736234713375
0.06159292446282994	0.01	0.007	0.007	0.007	0.01	0.019464617711296185	0.04059304488626412	0.026554813016051115	0.010203356947067744	0.0007695488454693213	0.007847663794756866	0.02887930227759504	0.03912588540885743	0.006569023527270369	0.0001971241888624704	98.97262725107447	0.034925367002548904
0.07212587097756376	0.01	0.007	0.007	0.007	0.01	0.021848301449853034	0.044212078135543995	0.02994335056953309	0.011644541935286556	0.0008098932434061441	0.010448763109170395	0.03765994651853736	0.05224895434925652	0.008842925979079704	0.0002508474710210309	98.79799707478138	0.03491262002981573
0.08321074015710035	0.01	0.007	0.007	0.007	0.01	0.02412465872699125	0.04737933615267218	0.03321709036681466	0.013078035673160824	0.0008406118693966302	0.013488863822042499	0.04761471838268579	0.06765518515255213	0.01154502613343995	0.000309800739825985	98.614549092705	0.03489921014461447
0.09487839205505669	0.01	0.007	0.007	0.007	0.01	0.02628701231007678	0.05012129513582611	0.03636527373195648	0.014499659131594064	0.0008634775099370742	0.016990492027497375	0.058739509153375835	0.08548041948840297	0.014710500897523843	0.0003737256375577418	98.4218243509349	0.03488510080386826
0.10711537222975163	0.01	0.007	0.007	0.007	0.01	0.02832214269397958	0.05245897801607136	0.039366910529309865	0.015899939694580027	0.0008799947784833886	0.02096019401133695	0.0709814226571679	0.10578048226980717	0.018361500347738667	0.00044216255445098687	98.2201001694509	0.03487030912005203
0.11994428233401105	0.01	0.007	0.007	0.007	0.01	0.030225634604713586	0.054426351077727204	0.04221311670770186	0.017274123685663587	0.0008915541991824645	0.02541208012333861	0.08431613303738704	0.12865042292084075	0.022528106399942543	0.0005148939676113357	98.00906206077188	0.03485480866382305
0.13337918689235256	0.01	0.007	0.007	0.007	0.01	0.03199315793057959	0.056057384939495025	0.04489457636619269	0.018616623275858588	0.0008993317884343371	0.030355029338220832	0.09870817807846163	0.15415907074423404	0.02723663277310002	0.0005917053216567855	97.78854128311217	0.03483858340437234
0.14744960688289405	0.01	0.007	0.007	0.007	0.01	0.03362379992287103	0.05738835328606365	0.047406626676621204	0.019923530286021656	0.0009043315504506822	0.03580128568020655	0.11413740634881626	0.18239291180569311	0.03251755620091678	0.0006725201243762082	97.55812105789141	0.03482159873380616
0.16218708442461677	0.01	0.007	0.007	0.007	0.01	0.03511766780803926	0.05845435146156771	0.0497457962811246	0.02119103622902711	0.0009074016505164121	0.04176226881179883	0.13058645292291104	0.21343441803137822	0.03840157467302012	0.0007573225183921936	97.31735909496096	0.03480381772396017
0.177632415957824	0.01	0.007	0.007	0.007	0.01	0.0364764428408474	0.05928910749729397	0.05191075770056681	0.02241599618043635	0.0009092737463122537	0.048251670555894306	0.14804943039073168	0.24737795223954395	0.04492259515839882	0.0008461975473694482	97.06567076373919	0.03478519242068013
0.1938316669969681	0.01	0.007	0.007	0.007	0.01	0.03770263720267518	0.05992395208815762	0.053901270346917225	0.02359543970567793	0.0009105977761682918	0.05528418048161203	0.16652799186578382	0.28432305582419437	0.05211651800769873	0.0009393088904439164	96.80239632782062	0.03476566868563003
0.21083840163270806	0.01	0.007	0.007	0.007	0.01	0.03879958512147557	0.06038757476703214	0.05571824225849523	0.02472665331518741	0.0009119746719916064	0.0628765711730519	0.1860339055477392	0.32437999648545823	0.06002233605524804	0.001036914965753298	96.52676679189912	0.0347451835423666
0.2287124650563404	0.01	0.007	0.007	0.007	0.01	0.03977117125544333	0.06070576509445078	0.057363359909562976	0.025807003177181088	0.0009139811892264387	0.07104726012379978	0.20658747993889157	0.36766732889078985	0.06868169263026845	0.0011393684050745453	96.23792621582737	0.03472366668398674
0.2475205000058523	0.01	0.007	0.007	0.007	0.01	0.04062175571599553	0.06090138364046443	0.05883902128193446	0.026833915905374314	0.0009171855945521522	0.07981652140861108	0.2282177426532967	0.4143128101002238	0.07813905964833257	0.0012471287937137882	95.93492606739882	0.034701039894810014
0.2673351439097091	0.01	0.007	0.007	0.007	0.01	0.04135606442148073	0.06099440108830189	0.06014820296706586	0.02780480400367108	0.0009221528772906229	0.08920602718637093	0.25096095225631615	0.4644507041970292	0.08844115234283402	0.0013607708323348485	95.61674117831983	0.034677218065123916
0.288234329073213	0.01	0.007	0.007	0.007	0.01	0.041979144642568286	0.06100202372032618	0.06129443087558614	0.028717045151501516	0.0009294395882916841	0.09923835286574637	0.27485912316811845	0.5182187852783702	0.09963619925540336	0.001480995344585734	95.28228412261241	0.034652110083848664
0.31029965366626366	0.01	0.007	0.007	0.007	0.01	0.042496334864443513	0.06093886759670943	0.0622817741226676	0.029567969246301975	0.0009395789796813567	0.10993598317088844	0.29995743948591874	0.5757525540242712	0.11177252859034738	0.001608635936339114	94.9304344754694	0.034625620848385365
0.333614278524268	0.01	0.007	0.007	0.007	0.01	0.04291326894057924	0.060817170902158456	0.06311490315653502	0.030354892081460895	0.0009530582011610501	0.12132005328500794	0.3263011518366834	0.637177894841189	0.12489667892670067	0.0017446620178686776	94.56007532014289	0.03459765383964059
0.35826004524894406	0.01	0.007	0.007	0.007	0.01	0.04323589438328337	0.06064702985670832	0.06379918331723682	0.03107518926717033	0.0009702900132308436	0.13340871896212614	0.353931689173354	0.7026016122525526	0.13905088614166441	0.0018901738902125525	94.17014150736671	0.03456811462236157
0.3843152168733713	0.01	0.007	0.007	0.007	0.01	0.04347050431667064	0.06043663901745846	0.06434081425229563	0.03172644753694336	0.0009915834809429464	0.14621589262823528	0.3828836300090578	0.7721038767958511	0.1542708086400968	0.0020463952239746794	93.75965712538178	0.03453691358547079
0.41185357266435985	0.01	0.007	0.007	0.007	0.01	0.04362374099156168	0.06019251822272332	0.06474694474071002	0.032306667200702154	0.0010171191461584106	0.15975075754176093	0.4131833292431852	0.8457349421011807	0.17058407895084976	0.0022146651747894847	93.32775082928603	0.03450396704900902
0.4409466152149243	0.01	0.007	0.007	0.007	0.01	0.0437025377749032	0.05991970730136079	0.06502570159029628	0.0328144900350001	0.0010469353242652639	0.17401893173722158	0.4448510170449113	0.9235210290223226	0.18801089636277774	0.0023964406723018653	92.87362217875666	0.0344691946456051
0.47166930353798064	0.01	0.007	0.007	0.007	0.01	0.043713966999261895	0.05962192402697084	0.06518605438971309	0.03324937843420151	0.0010809299181242494	0.18902541713304916	0.47790654121159437	1.0054802694144949	0.20656705319710103	0.0025933148192929475	92.39645421604241	0.03443251250880831
0.5041088135232408	0.01	0.007	0.007	0.007	0.01	0.043664998995254695	0.05930169185477083	0.06523749635835072	0.033611682807110826	0.0011188778661858048	0.20477894208161404	0.5123778628856707	1.0916466274789254	0.22626908919293004	0.0028070545507128033	91.89528219379442	0.034393822898456834
0.5383751153246575	0.01	0.007	0.007	0.007	0.01	0.0435622126226075	0.05896044762068385	0.065189588156484	0.03390257116113897	0.001160459633896103	0.22129692068743165	0.5483106749643765	1.182097479915008	0.24714066552600472	0.0030396570422324544	91.36883934282835	0.034353001742609406
0.5746127921131128	0.01	0.007	0.007	0.007	0.01	0.04341150901125159	0.0585986285216385	0.06505144972081567	0.03412384327497428	0.0012052942438646767	0.23861057103600378	0.5857782564291619	1.276982177464918	0.2692195150046387	0.003293427235030486	90.81539043606456	0.034309884813999554
0.6130145366325019	0.01	0.007	0.007	0.007	0.01	0.04321786298858089	0.058215726047339184	0.06483127164447026	0.03427767193923984	0.0012529710603844453	0.2567702371757945	0.6248917251038347	1.3765516305150092	0.29256489245008077	0.0035710839690967157	90.23254851527888	0.03426425205687815
0.6538359253598357	0.01	0.007	0.007	0.007	0.01	0.04298513011468428	0.05781030588426392	0.06453589235117728	0.034366305204231264	0.0013030743215799807	0.2758505570536187	0.6658099063611812	1.4811867594141779	0.3172649109003702	0.00387589448081099	89.61708349462911	0.03421581058602465
0.6974021330501279	0.01	0.007	0.007	0.007	0.01	0.04271597215378218	0.05738008567443242	0.06417054862954126	0.03439176757429356	0.0013551852660602882	0.29595102795142003	0.7087392722961421	1.591401237569304	0.34343778011209536	0.004211763614297946	88.96486497614625	0.0341641874684096
0.7440490772897923	0.01	0.007	0.007	0.007	0.01	0.042412293244949634	0.05692263218780318	0.06373940276142585	0.03435575083983683	0.0014087982432347843	0.31716625914241336	0.7538695031527027	1.7076775931546109	0.37119290923922915	0.004582793648392732	88.27178673561374	0.03410900021824257
0.7937801895128352	0.01	0.007	0.007	0.007	0.01	0.042077723708526034	0.05643876597645666	0.0632492419139048	0.03426069320693346	0.0014629526717643449	0.33943206452252056	0.8010478302694197	1.8296239051691574	0.40042760634440483	0.004990376362109282	87.5388297391724	0.03405026231800983
0.8456269447431075	0.01	0.007	0.007	0.007	0.01	0.041722288594283244	0.05593861310865827	0.062716849405658	0.034113481264017476	0.00151573888606729	0.3622582321403411	0.8492223720179447	1.9545166022937832	0.430472327282806	0.005427266664403471	86.78117070293774	0.03398913330526345
0.8984847367631538	0.01	0.007	0.007	0.007	0.01	0.04135666558241923	0.055433242216856325	0.062160677423959934	0.033924911115823214	0.0015654830339132159	0.38512551981088816	0.8972928964808485	2.0794852282185285	0.46061328300721044	0.0058838411216287296	86.01548726042599	0.033926925219170796
0.9520463102775681	0.01	0.007	0.007	0.007	0.01	0.040985309068220364	0.05492579732686189	0.061589736758387595	0.033704031219953946	0.0016116239808986821	0.40788557344752424	0.944948358153871	2.2036995377725273	0.49062650418336146	0.0063564966107911665	85.2465000275165	0.03386400499440605
1.0061402374466213	0.01	0.007	0.007	0.007	0.01	0.040610994457718375	0.054418032200792256	0.06101003541102432	0.03345834015171346	0.0016539028779193117	0.43045683755953956	0.9920194155618886	2.3267012449109745	0.5203807504861047	0.0068425520275555134	84.47684720727489	0.03380057783482456
1.0607393330864814	0.01	0.007	0.007	0.007	0.01	0.040234964451848876	0.05391029859181569	0.06042479422489085	0.033193477123940385	0.001692291095081224	0.4528224149497273	1.0384719734504413	2.4483893321165384	0.5498346870496996	0.007340516088428068	83.70705310719588	0.0337366788137182
1.115826831873477	0.01	0.007	0.007	0.007	0.01	0.039858034217033204	0.053402839654819886	0.05983622293987596	0.032913895969566925	0.0017268334287000068	0.4749710067059737	1.0842830835044153	2.568696069652667	0.5789583117916846	0.007848981848251845	82.93748194628519	0.03367233062348365
1.1714291123367566	0.01	0.007	0.007	0.007	0.01	0.03948049407534431	0.05289549888737013	0.05924544973781076	0.032622902893806774	0.0017576440532550194	0.49690913816047383	1.1294661880219925	2.687652388447754	0.6077482497656207	0.00836695955241392	82.1678937210842	0.03360750557283106
1.2275769801926066	0.01	0.007	0.007	0.007	0.01	0.03910246221906379	0.05238808782753833	0.05865313872628424	0.03232303082758765	0.0017848611819966452	0.5186446019243861	1.1740366766423098	2.8052970087587585	0.6362052285767135	0.008893539377500316	81.39800039358572	0.03354217107949332
1.2843166035153044	0.01	0.007	0.007	0.007	0.01	0.0387238670994089	0.05188029085763219	0.05805951600340574	0.03201614371205886	0.0018086411585808064	0.5401903586174192	1.2180198990971032	2.921697050124685	0.6643385913912421	0.009427997981105333	80.62732089485112	0.03347627703798203
1.3416960688198931	0.01	0.007	0.007	0.007	0.01	0.03834457522799875	0.05137179057974215	0.05746460998106174	0.03170363826184397	0.0018291432958791383	0.5615589969028116	1.2614397581246346	3.036917635850782	0.6921585451983641	0.009969672285309872	79.85537104010116	0.03340977156849915
1.3997686065335984	0.01	0.007	0.007	0.007	0.01	0.037964393022322254	0.05086224054888493	0.05686828386762149	0.03138653125324127	0.0018465264042470677	0.5827638319918661	1.3043209649872327	3.151027596498217	0.7196772187859639	0.010517985711422892	79.08162202727416	0.033342597320972805
1.45858787164068	0.01	0.007	0.007	0.007	0.01	0.03758311308039736	0.05035130836506797	0.05627032958169059	0.031065567071260722	0.0018609439652212591	0.6038170602014737	1.3466852956103235	3.264089359870953	0.7469059660703683	0.011072398270662	78.3055657936294	0.03327469698814594
1.5182090102648143	0.01	0.007	0.007	0.007	0.01	0.037200516547646056	0.04983866679525047	0.05567048670446879	0.030741275727115578	0.0018725428651456897	0.6247301336227495	1.38855237423014	3.376160884758364	0.7738556341480994	0.011632410729441777	77.52670152435171	0.03320601209547138
1.5786871707417245	0.01	0.007	0.007	0.007	0.01	0.03681638876279688	0.0493240071110187	0.0550684777979681	0.030414030459433024	0.0018814621846823564	0.6455132234407372	1.4299386150301117	3.4872927288529274	0.8005357022863498	0.012197544756350489	76.7445559122479	0.03313648474236547
1.6400780506401453	0.01	0.007	0.007	0.007	0.01	0.03643051950428627	0.048807034598365884	0.054464016365054435	0.03008408309847621	0.0018878330507527362	0.6661754270268874	1.4708576619271712	3.5975291379411436	0.8269544245932436	0.012767342565035502	75.95867634830785	0.03306605699013627
1.7024376822721432	0.01	0.007	0.007	0.007	0.01	0.036042706843946504	0.048287470684695556	0.05385681818181646	0.029751594991793466	0.0018917786286864315	0.6867247047421393	1.5113202818851366	3.7069076978418183	0.8531186535864457	0.01334135976323173	75.16863416526738	0.03299467112980775
1.76582294872237	0.01	0.007	0.007	0.007	0.01	0.03565275561294967	0.047765048976332734	0.05324660257396396	0.02941665740505668	0.0018934143898851918	0.7071680598283376	1.5513347359804852	3.8154602907903596	0.8790339971682204	0.013919165336434001	74.37401862329536	0.032922269114442286
1.8302919341168151	0.01	0.007	0.007	0.007	0.01	0.03526047655538048	0.04723951293082678	0.05263309364275476	0.029079307813654212	0.0018928484202891634	0.7275116458438321	1.590906996981813	3.923213662071267	0.904704896909182	0.01450034026895227	73.5744333728428	0.032848792189201795
1.895904530610601	0.01	0.007	0.007	0.007	0.01	0.034865683762746326	0.046710611675751815	0.05201601801583607	0.028739541028414212	0.0018901817562045535	0.747760938969464	1.6300410835731627	4.030190325068399	0.9301347980096372	0.015084478566594992	72.76949008953868	0.03277418023669077
1.962723143440888	0.01	0.007	0.007	0.007	0.01	0.0344681915774846	0.04617809539858427	0.05139510123068663	0.028397316962794683	0.0018855086878159294	0.7679209157759168	1.6687393909687223	4.136409483303796	0.955326330423798	0.015671189007965197	71.95880144384932	0.03269837102243309
2.0308134709443304	0.01	0.007	0.007	0.007	0.01	0.03406781123177204	0.04564171055874762	0.05077006334084106	0.028052565897235766	0.0018789170137475653	0.7879962254902647	1.7070029950189853	4.241887908642503	0.9802814840343251	0.016260097227623897	71.14197378580968	0.03262129936904624
2.1002455863589513	0.01	0.007	0.007	0.007	0.01	0.033664346004627824	0.045101193224792724	0.05014061196929315	0.0277051906856737	0.001870488211088983	0.8079914182583471	1.7448320442606589	4.346641095141421	1.0050018510783525	0.01685084986236179	70.31859695783416	0.03254289600550297
2.17109509793477	0.01	0.007	0.007	0.007	0.01	0.03325758636056738	0.04455626245515133	0.0495064351852295	0.027355067553319387	0.0018602975221935995	0.8279111535056656	1.782226089776369	4.450684283501368	1.0294888373958715	0.017443118487217017	69.48823415195984	0.03246308634970624
2.243444703761102	0.01	0.007	0.007	0.007	0.01	0.03284730335876049	0.044006611403986574	0.048867191599522346	0.027002044320921938	0.0018484139167816438	0.8477604711173278	1.8191845048248498	4.554033784468948	1.0537439414948329	0.018036605696913184	68.65040827551941	0.03238178887222258
2.317386097806568	0.01	0.007	0.007	0.007	0.01	0.032433240800658646	0.04345189676273993	0.04822249846299484	0.026645936704198573	0.001834899914170075	0.8675450959436913	1.8557069288676176	4.656708436417069	1.0777690595663858	0.018631052414063848	67.80458574659765	0.03229891309947059
2.3930224613351223	0.01	0.007	0.007	0.007	0.01	0.032015105039260715	0.042891725084643714	0.047571916133573144	0.026286521959411918	0.001819811214508447	0.8872718201401533	1.8917938072742664	4.758731416616745	1.101566864704935	0.01922624768182013	66.95015549446664	0.032214357004496444
2.4704717917984262	0.01	0.007	0.007	0.007	0.01	0.031592551420413784	0.04232563460662482	0.04691492735413372	0.025923529152047667	0.0018031960685083175	0.9069489997940565	1.9274470751652137	4.860132575587028	1.1251412952040887	0.01982204197236309	66.08640103558217	0.032128003520048354
2.549871450354845	0.01	0.007	0.007	0.007	0.01	0.031165165802134742	0.04175307048289624	0.046250908974234055	0.025556624850665226	0.001785094278421915	0.9265872202649368	1.962671056922806	4.960951546643434	1.1484982039897527	0.020418365569852333	65.21246241922556	0.03203971577310921
2.631384640723733	0.01	0.007	0.007	0.007	0.01	0.030732438106220426	0.04117334934759401	0.045579091448114166	0.025185391754012354	0.0017655356333364553	0.9462002427415286	1.9974737413244041	5.061242164491533	1.171646283017619	0.021015255317876	64.32728177532366	0.031949330284907186
2.7152099230431936	0.01	0.007	0.007	0.007	0.01	0.030293723304249443	0.040585607045318016	0.04489849906694334	0.024809296429098095	0.001744537462183378	0.9658063958639509	2.031868654402202	5.161078959002564	1.1945984235153035	0.021612894526999736	63.42952299879711	0.031856646970974685
2.8015959762438967	0.01	0.007	0.007	0.007	0.01	0.029848180323139687	0.03998871678184537	0.04420785631874601	0.02442763814310087	0.0017221006759300882	0.9854307638822868	2.0658778312580823	5.260567393492285	1.217373869147679	0.02221167642699635	62.5174460020679	0.031761413589987804
2.890865669518122	0.01	0.007	0.007	0.007	0.01	0.02939467158683397	0.03938115454017455	0.04350543385651193	0.024039464176836535	0.0016982031263487972	1.0051088006857014	2.099536768079703	5.35986081949587	1.2400017940053665	0.022812309762321348	61.588699980881756	0.031663300335256696
2.9834583201418945	0.01	0.007	0.007	0.007	0.01	0.02893158492710152	0.03876076049598059	0.04278877531387906	0.023643419180924156	0.001672787720772898	1.0248927821429412	2.1329033698885347	5.459190857471511	1.2625277415016583	0.023416008420246513	60.63995699911551	0.031561855131296904
3.0800108331741365	0.01	0.007	0.007	0.007	0.01	0.028456488436105695	0.0381242766284841	0.042054167633684726	0.02323745270605869	0.0016457392969164543	1.0448644019446596	2.166075621643896	5.558926915247521	1.2850262899993177	0.024024863241811897	59.666201998451825	0.03145641762109683
3.1815393331610275	0.01	0.007	0.007	0.007	0.01	0.0279653483508012	0.03746629893573584	0.04129544009976638	0.02281815569217505	0.0016168323992444803	1.0651636292511415	2.1992327343079707	5.659713233084496	1.3076303797359796	0.024642697624845337	58.65912439912899	0.03134592612779891
3.2898512818477443	0.01	0.007	0.007	0.007	0.01	0.02745076668155475	0.03677691643880222	0.04050125934550414	0.022379265745150104	0.00158561206722332	1.0860531237312903	2.2327258776684378	5.762773630578772	1.3305962530687145	0.025276974760039782	57.6034930657336	0.031228480171904258
3.4080740724401335	0.01	0.007	0.007	0.007	0.01	0.026899937464756572	0.0360389733359111	0.03965201073081187	0.02190994381325621	0.001551242801023881	1.107984317195116	2.267154311572786	5.870206528241304	1.3543621426543098	0.025940683926940888	56.472940746246614	0.03110078981261843
3.52665592992544	0.01	0.007	0.007	0.007	0.01	0.026358575561828922	0.03531371206635972	0.03881825386907323	0.021449183938515245	0.0015166112462672565	1.129105068160434	2.2995448708965616	5.972871914369287	1.376890675071504	0.026577195453467792	55.36124418540823	0.030973236124412468
3.63597517875538	0.01	0.007	0.007	0.007	0.01	0.02586918921296641	0.034658080710551514	0.038065321087355185	0.02103309092404744	0.0014846477982983193	1.1478277699312263	2.327581794328051	6.063177650770171	1.3965446615874741	0.02713879953983468	54.355780832939494	0.030856109335235363
3.7421473126599776	0.01	0.007	0.007	0.007	0.01	0.02540261966189168	0.03403301714231292	0.03734818919928253	0.020636783485932952	0.001453660719135774	1.1653497928176422	2.353202844851491	6.147050403296478	1.414649171426758	0.027661772029449378	53.396746214878625	0.030742778419926127
3.846382453938991	0.01	0.007	0.007	0.007	0.01	0.0249527763893633	0.033430361577409015	0.03665741947893728	0.020255045477948323	0.0014233622693454243	1.1819403798684887	2.376872563751357	6.22585321431438	1.4315158373428194	0.028154294770438716	52.47167052966795	0.030631920039840742
3.94913989643847	0.01	0.007	0.007	0.007	0.01	0.024517134436648404	0.032846731228354575	0.03598907712783463	0.019885702381849293	0.0013936692052687076	1.1977231024460382	2.3988209408437906	6.300229276059007	1.4472956327814241	0.02862015791835088	51.57539789916377	0.03052302455460482
4.050698885254584	0.01	0.007	0.007	0.007	0.01	0.02409407186744709	0.03227995317271458	0.03534062573093386	0.019527352461860603	0.0013645406874402204	1.2127822342937897	2.41921090043088	6.370623563900969	1.4620943873959997	0.02906197092096213	50.704621959685106	0.030415779489749977
4.15127848505838	0.01	0.007	0.007	0.007	0.01	0.023682308399760887	0.03172831222452449	0.034710061261481386	0.019178888195025622	0.0013359460254817354	1.2271854335749404	2.4381743597456933	6.437394441165687	1.4759975866201578	0.029481842932110883	49.856733988574724	0.030309940032871057
4.251056906037053	0.01	0.007	0.007	0.007	0.01	0.023280801321829716	0.03119041147459134	0.03409575030739263	0.018839406872665575	0.0013078608265119044	1.2409885750195713	2.4558209433922005	6.500838521459689	1.489076142998663	0.029881527985345758	49.02961010547375	0.030205307562701792
4.350182607710765	0.01	0.007	0.007	0.007	0.01	0.022888683751505497	0.030665089572759464	0.03349633395222524	0.018508157483092195	0.00128026502054258	1.2542387004868978	2.4722434220791425	6.561205974134166	1.5013899760167566	0.030262513541466977	48.221485144759804	0.0301017172317632
4.448780345873176	0.01	0.007	0.007	0.007	0.01	0.022505228229403436	0.030151371952817762	0.03291067089607515	0.018184509278693133	0.001253141995747676	1.2669758604073533	2.4875212519352345	6.618710228471141	1.5129903146282904	0.030626075948185203	47.43087840947095	0.02999903107995613
4.546955619736093	0.01	0.007	0.007	0.007	0.01	0.022129819696345143	0.029648434630286588	0.032337795225345065	0.017867928438092734	0.0012264779563616022	1.279234485905766	2.501723220578673	6.673535213742014	1.5239214170485818	0.030973321822923484	46.656538571077114	0.029897132957552624
4.644798155631228	0.01	0.007	0.007	0.007	0.01	0.02176193446365913	0.02915557602899668	0.031776883560299236	0.017557959910636762	0.00120026139391445	1.2910444497678661	2.514909485103639	6.725840949011493	1.5342218967442243	0.031305220058078925	45.89740078120819	0.029795924553140167
4.74238563971239	0.01	0.007	0.007	0.007	0.01	0.021401120099886584	0.02867219003540374	0.031227223784883643	0.017254210135345765	0.001174482397234085	1.3024320074328481	2.527133276078279	6.7757683928773655	1.5439258499015438	0.03162262992852857	45.152545555501504	0.02969532124987513
4.839783027398434	0.01	0.007	0.007	0.007	0.01	0.021046993032997917	0.02819776278633405	0.03068821090192474	0.016956344749841448	0.001149133059365087	1.3134201115790698	2.538441777364293	6.823441388517908	1.5530633778960237	0.03192631132304963	44.42119414029857	0.029595252604718982
4.937046942623189	0.01	0.007	0.007	0.007	0.01	0.020699218151931598	0.027731845341335833	0.030159315554346106	0.016664071194185885	0.0011242064815881058	1.3240292506408071	2.54887747081506	6.868970804031143	1.561661510408741	0.032216949349441346	43.70266666286633	0.02949565761622424
5.034226073618342	0.01	0.007	0.007	0.007	0.01	0.020357504190879415	0.02727404749901622	0.029640076684341612	0.0163771346538153	0.001099696805602796	1.3342777441812386	2.5584787943737926	6.912456183612157	1.5697446171975507	0.032495163466390815	42.99637280201908	0.02939648416672777
5.131362729384433	0.01	0.007	0.007	0.007	0.01	0.020021595448422424	0.026824026703243763	0.029130088671650373	0.016095310951618598	0.0010755989153127272	1.3441821236993594	2.567280823232242	6.953987701788487	1.577334860491292	0.032761518796554555	42.301794852264905	0.02929768729727884
5.2284937462167225	0.01	0.007	0.007	0.007	0.01	0.01969126638410729	0.026381480804224467	0.028628992902833546	0.01581840188871188	0.0010519082894260901	1.3537573996038175	2.5753157766035537	6.99364756419658	1.5844525259136024	0.033016534117227464	41.61847669747481	0.029199228174686443
5.325651340079677	0.01	0.007	0.007	0.007	0.01	0.019366316818182266	0.025946141627630013	0.02813647029888324	0.015546231114854082	0.0010286208550940917	1.3630172902597373	2.582613440561096	7.0315111970726685	1.591116300839178	0.03326068866473082	40.946014004257705	0.029101073133528655
5.422863795794172	0.01	0.007	0.007	0.007	0.01	0.0190465680423041	0.0255177697641438	0.02765223526083579	0.015278640782514487	0.0010057328735694206	1.3719744077948177	2.58920151134722	7.067648212682107	1.5973435003881225	0.03349442763796971	40.2840462764369	0.029003192900949378
5.520156062189513	0.01	0.007	0.007	0.007	0.01	0.018731859534520452	0.02509615016855009	0.027176030560734213	0.0150154887233895	0.0009832408428909634	1.3806404130499499	2.5951058784490737	7.1021232112449155	1.6031502544295066	0.033718166763124544	39.63225014097964	0.02890556193071826
5.61755022435014	0.01	0.007	0.007	0.007	0.01	0.018422046316640007	0.02468108861942494	0.026707623229681957	0.014756646175953144	0.0009611414255607125	1.3890261413964728	2.6003508561561826	7.134996434046916	1.6085516602724685	0.03393229599232359	38.99033394814319	0.028808157872874104
5.715065867946748	0.01	0.007	0.007	0.007	0.01	0.01811699684777533	0.02427240889713453	0.026246801276555546	0.014501995972062018	0.000939431397592698	1.3971417049091643	2.6049593745238955	7.166324297038269	1.6135619080760335	0.03413718250684392	38.358033469564205	0.028710961160923348
5.812720511738371	0.01	0.007	0.007	0.007	0.01	0.017816590866636145	0.023869949893170452	0.02579337034609591	0.014251430690086974	0.0009181075803373817	1.4049965883059745	2.6089531447554277	7.1961598774562985	1.618194392119837	0.03433317348434586	37.73510747921488	0.028613954539273245
5.910529786158779	0.01	0.007	0.007	0.007	0.01	0.017520718164379286	0.023473563966149993	0.025347151796693092	0.014004851592589749	0.000897166827177082	1.4125997138590842	2.6123527886848628	7.224553261665011	1.6224617943852109	0.03452059801851764	37.121335254134635	0.02851712285071191
6.008507740141395	0.01	0.007	0.007	0.007	0.01	0.01722927706282512	0.02308311490309393	0.024907980344086148	0.013762167324141362	0.0008766059801015782	1.4199595091741133	2.6151779554496817	7.2515518890501225	1.6263761631642228	0.03469976906243432	36.516513457306196	0.028420452701462214
6.106667030958825	0.01	0.007	0.007	0.007	0.01	0.016942173349127915	0.022698476492213085	0.024475702403833437	0.013523292995295864	0.0008564218509126845	1.427083958679084	2.617447416813995	7.277200820444165	1.6299489759618233	0.03487098492071304	35.920453960661895	0.028323932247473087
6.205019074788025	0.01	0.007	0.007	0.007	0.01	0.01665931939946532	0.022319531348923758	0.02405017472630554	0.013288149428223086	0.0008366112092575591	1.4339806468939604	2.619179148624744	7.301542965251562	1.6331911930251	0.035034530506119634	35.33298205535564	0.02822755102312594
6.303574223429949	0.01	0.007	0.007	0.007	0.01	0.01638063329123624	0.021946169726465507	0.02363126302120476	0.013056662396564757	0.0008171707644451853	1.4406567989689205	2.6203904017272075	7.32461928867054	1.63611330498848	0.03519067849831547	34.75393463372694	0.0281312997476072
6.402341876156858	0.01	0.007	0.007	0.007	0.01	0.016106038160257356	0.021578288654743052	0.023218840956720464	0.012828762072321497	0.0007980971598072103	1.4471193126094808	2.6210977619922904	7.346468979421551	1.6387253723969186	0.035339690269247034	34.1831588761578	0.028035170197969042
6.501330585284076	0.01	0.007	0.007	0.007	0.01	0.01583546161977594	0.02121579116198296	0.02281278925635954	0.012604382526721875	0.0007793869673947388	1.4533747864219486	2.6213172026657645	7.367129597775513	1.641037060380204	0.035481816702526835	33.62051106326948	0.02793915509059879
6.600548149027583	0.01	0.007	0.007	0.007	0.01	0.01556883525427722	0.02085858559659189	0.022412994912331563	0.012383461295505232	0.000761036684464605	1.4594295446573426	2.6210641299740463	7.386637204781161	1.6430576689066394	0.03561729890966199	33.06585554083171	0.027843247977144128
6.700001704860559	0.01	0.007	0.007	0.007	0.01	0.015306094147500652	0.020506584994843348	0.02201935045403055	0.012165938974656317	0.0007430427294280214	1.4652896595436478	2.6203534228850676	7.405026477510984	1.644796159455254	0.03574636887330661	32.51906375334725	0.027747443141875487
6.7996977573428214	0.01	0.007	0.007	0.007	0.01	0.015047176613147606	0.020159706720111255	0.02163175352340452	0.011951758985726983	0.0007254014491071003	1.4709609677145732	2.619199468445605	7.422330800408655	1.6462611775357923	0.0358692499444638	31.980013697355005	0.02765173556375874
6.899642292172634	0.01	0.007	0.007	0.007	0.01	0.014792023722486945	0.019817871830004788	0.021250106148727615	0.01174086717450367	0.0007081091099159287	1.4764490900029792	2.617616192387891	7.43858236267383	1.6474610741868503	0.03598615740082131	31.448588950292848	0.027556120796782314
6.9998407782833825	0.01	0.007	0.007	0.007	0.01	0.014540579147310039	0.019481004865978955	0.02087431449302905	0.01153321167196715	0.0006911619085376735	1.4817594432383825	2.6156170871644817	7.453812226851	1.6484039234461754	0.03609729881893645	30.924678354201117	0.02746059495913858
7.100298256436443	0.01	0.007	0.007	0.007	0.01	0.014292788797847284	0.019149033368252525	0.020504288297675994	0.011328742586802366	0.0006745559670005652	1.4868972556411586	2.6132152358239775	7.468050404800078	1.649097539147272	0.0362028745143984	30.408175271173832	0.027365154640444683
7.201019321771943	0.01	0.007	0.007	0.007	0.01	0.014048600743560331	0.018821887769697176	0.020139940750567686	0.01112741193254359	0.0006582873452160142	1.4918675754560655	2.610423335276859	7.4813259109676205	1.649549489039956	0.03630307783130444	29.89897742699954	0.02726979691096875
7.302008226677051	0.01	0.007	0.007	0.007	0.01	0.013807964850120218	0.018499500909496994	0.019781187932000514	0.010929173321351378	0.0006423520332123847	1.4966752848228644	2.6072537144795547	7.493666827406461	1.6497671083853187	0.03639809553205782	29.396986162230974	0.027174519217218158
7.403268857152644	0.01	0.007	0.007	0.007	0.01	0.013570832739908271	0.018181807980234232	0.019427948744964434	0.010733981925478754	0.0006267459637039424	1.501325106368883	2.603718353699622	7.50510034618709	1.649757511481207	0.036488108031324074	28.902106356755976	0.027079319398307173
7.504804755959872	0.01	0.007	0.007	0.007	0.01	0.013337157643770914	0.017868746329287852	0.0190801446839656	0.010541794349511538	0.0006114650162464754	1.5058216116269345	2.5998289012540647	7.515652815114187	1.6495276026500867	0.03657328966355529	28.41424612709741	0.026984195658124512
7.606619200093657	0.01	0.007	0.007	0.007	0.01	0.013106894140226194	0.017560255109447514	0.0187376994376496	0.010352568410773401	0.0005965050131572519	1.5101692310844272	2.5955966863482502	7.525349784642313	1.6490840859774933	0.03665380897395333	27.93331628786484	0.026889146487346645
7.708715164004411	0.01	0.007	0.007	0.007	0.01	0.01287999816790574	0.01725627529558471	0.018400538899207987	0.01016626314506325	0.0005818617323830793	1.514372258524348	2.591032734764806	7.534216039188066	1.6484334743633986	0.03672982889528799	27.45923038293355	0.02679417069309129
7.811095350253049	0.01	0.007	0.007	0.007	0.01	0.012656426886243804	0.016956749498019605	0.018068590951489286	0.009982838687900958	0.0005675309096249195	1.518434858004206	2.58614778108259	7.542275633385543	1.6475820978812241	0.036801506971997286	26.991904399425078	0.02669926736545788
7.913762227377497	0.01	0.007	0.007	0.007	0.01	0.012436138530692056	0.01666162176855184	0.017741785245027165	0.009802256151861106	0.000553508239478548	1.5223610705253487	2.5809522791742725	7.549551925502845	1.6465361112188936	0.03686899557244437	26.53125646954924	0.02660443583803483
8.016717999890913	0.01	0.007	0.007	0.007	0.01	0.012219092420782398	0.016370837611264958	0.017420053203616136	0.009624477629643562	0.0005397893856432227	1.5261548176547128	2.5754564150748855	7.556067603444544	1.6453015011510244	0.036932442043953184	26.07720689154257	0.026509675711517272
8.119964673836655	0.01	0.007	0.007	0.007	0.01	0.012005248767603068	0.016084343724601227	0.017103327732873288	0.009449466033024384	0.0005263699778218572	1.5298199084735788	2.569670114218715	7.56184471561672	1.6438840925470182	0.036991988921685225	25.629677730785986	0.026414986789262806
8.223504013238893	0.01	0.007	0.007	0.007	0.01	0.011794568717895824	0.015802088060440988	0.01679154328024361	0.009277185126004141	0.0005132456229944273	1.5333600421127889	2.5636030535852052	7.566904692628819	1.6422895551171115	0.037047774059272266	25.18859291545822	0.026320369113670784
8.327337592474867	0.01	0.007	0.007	0.007	0.01	0.011587014200587744	0.015524019618500709	0.01648463560267829	0.009107599396426658	0.0005004119037980458	1.5367788135192295	2.557264668003697	7.571268373308878	1.6405234085607194	0.037099930810150734	24.753877918542013	0.0262258229145274
8.43146677332115	0.01	0.007	0.007	0.007	0.01	0.011382547933006047	0.015250088454660776	0.01618254177126793	0.008940674058531693	0.0004878643863992783	1.5400797162920794	2.5506641600609408	7.574956025009975	1.6385910283661154	0.037148588158331594	24.32545977371657	0.02613134862660664
8.535892723290345	0.01	0.007	0.007	0.007	0.01	0.011181133345007978	0.014980245579322298	0.015885200054709368	0.008776374988555921	0.00047559862283277893	1.543266146748911	2.5438105071265587	7.577987364852229	1.6364976506913378	0.03719387086639002	23.903266919191836	0.026036946869567888
8.640616406417994	0.01	0.007	0.007	0.007	0.01	0.010982734560315621	0.014714442932402965	0.01559254988767649	0.00861466870724909	0.00046361015643933543	1.5463414069031027	2.5367124696044177	7.58038157873194	1.6342483774340755	0.03723589960450424	23.48722916114856	0.02594261845299089
8.745638622757218	0.01	0.007	0.007	0.007	0.01	0.01078731628772672	0.014452633237590998	0.015304531706557887	0.008455522289103276	0.00045189452151624457	1.5493087086998656	2.529378595455941	7.582157340430336	1.6318481799926372	0.03727479109416883	23.07727744798873	0.025848364337602975
8.850959992492847	0.01	0.007	0.007	0.007	0.01	0.010594843822015691	0.014194770003553112	0.015021086947456599	0.008298903361242034	0.00044044724927418637	1.5521711763772577	2.5218172279175533	7.58333282803677	1.6293019038623286	0.037310658222625234	22.673343874291426	0.02575418564671846
8.956580939846166	0.01	0.007	0.007	0.007	0.01	0.01040528304334264	0.013940807523144522	0.014742158041994316	0.008144780101096438	0.0004292638732948711	1.554931848799543	2.5140365131008067	7.583925740171173	1.6266142731671185	0.03734361015644714	22.27536168164536	0.025660083677559585
9.062501733050818	0.01	0.007	0.007	0.007	0.01	0.010218600316959486	0.013690700739044125	0.014467688266597412	0.007993121153122208	0.00041833992882258264	1.5575936831461952	2.5060444031707636	7.58395331185516	1.6237898935875843	0.037373752469311836	21.88326505003112	0.025566059862587948
9.16872246142836	0.01	0.007	0.007	0.007	0.01	0.010034762509747993	0.013444405265911605	0.014197621764071949	0.007843895640716421	0.00040767095867859593	1.5601595567588047	2.497848663716896	7.58343232890046	1.6208332566085955	0.037401187244405554	21.496989134236134	0.025472115787153096
9.275243040461792	0.01	0.007	0.007	0.007	0.01	0.009853736956410626	0.013201877345093734	0.013931903491192093	0.007697073137252774	0.00039725251593014866	1.5626322696552564	2.4894568788658114	7.582379142040601	1.617748742938875	0.037426013183435095	21.116469994505156	0.025378253182074994
9.38206322406368	0.01	0.007	0.007	0.007	0.01	0.009675491415898747	0.012963073786251186	0.013670479152223152	0.007552623629345517	0.0003870801657824969	1.5650145470712342	2.480876455503398	7.580809680182052	1.6145406255178305	0.03744832571310426	20.74164450649014	0.025284473910028832
9.489182602817912	0.01	0.007	0.007	0.007	0.01	0.009499994053956752	0.012727951943972964	0.0134132951710174	0.0074105175014271074	0.0003771494887569209	1.5673090415486757	2.4721146283076645	7.5787394630550144	1.6112130727421439	0.03746821708443107	20.37245032593529	0.025190779964422698
9.596600609361158	0.01	0.007	0.007	0.007	0.01	0.009327213414988884	0.012496469680086523	0.013160298647610128	0.00727072551176182	0.000367456083047844	1.5695183350925	2.4631784639828127	7.576183613217527	1.6077701513375517	0.03748577647062076	20.008825830801456	0.025097173462038887
9.704316495257093	0.01	0.007	0.007	0.007	0.01	0.009157118440464896	0.012268585388317281	0.012911437383081913	0.007133218806179701	0.00035799556925599315	1.5716449406691517	2.454074867674799	7.573156868299107	1.60421583002776	0.03750109005780764	19.650710161253624	0.025003656660491553
9.812329379317786	0.01	0.007	0.007	0.007	0.01	0.00898967837453924	0.012044257867844623	0.012666659739479422	0.006997968840673221	0.00034876358867448154	1.5736913050654753	2.4448105831976052	7.569673590914183	1.6005539807558842	0.0375142411440129	19.298043022142693	0.024910231913561755
9.92063819592716	0.01	0.007	0.007	0.007	0.01	0.00882486282967746	0.01182344641122385	0.012425914734038137	0.006864947433456454	0.00033975581024384404	1.5756598096687902	2.4353922014773555	7.565747780782385	1.5967883830552718	0.0375253102205273	18.950764822227033	0.024816901713487508
10.0	0.01	0.007	0.007	0.007	0.01	0.008706023534896173	0.011664231224967415	0.012252449113988513	0.006769100855445182	0.00033330288890337886	1.577050890125256	2.428413450021808	7.562605842290517	1.5939721649226994	0.03753212980411952	18.70027513965815	0.02474873734152918
