0.0	0.01	0.007	0.007	0.007	0.01	0.0	0.0	0.0	0.0	0.0	0.0	0.0	0.0	0.0	0.0	100.0	0.035
0.006493682766182197	0.01	0.007	0.007	0.007	0.01	0.002478194926813062	0.0064094983022032846	0.0034197861801465654	0.0011882283130039194	0.00021076903765429418	0.00010292739485950115	0.0004022225601579646	0.0004616621585880182	7.859137571541125e-5	5.2477417446370115e-6	99.8886034091753	0.03499212399996904
0.011480270606159118	0.01	0.007	0.007	0.007	0.01	0.004289588599065166	0.010871024231716271	0.005925010625776262	0.0020760114580577363	0.0003476960856901785	0.0003170044270658979	0.0012219070364503472	0.0014226971290496708	0.00024355274642177756	1.5652726383890678e-5	99.80314468423089	0.03498607711486886
0.018518649838767304	0.01	0.007	0.007	0.007	0.01	0.006717659324625225	0.016554915209825813	0.009290951414349082	0.0032936241218598566	0.0005101131914312665	0.0008080458850638296	0.0030563895905139564	0.003629401634843069	0.0006261824972631504	3.819903943049847e-5	99.68264735456061	0.03497754394463702
0.025546973298336415	0.01	0.007	0.007	0.007	0.01	0.008999793592445373	0.02158682074682425	0.01246324205606876	0.0044692652914244185	0.0006422631319467585	0.0015067779566859043	0.005596036246564466	0.006773174221819395	0.0011775711728371826	6.833088706218927e-5	99.56246735102988	0.03496902504259318
0.033702217743207544	0.01	0.007	0.007	0.007	0.01	0.011480174801903371	0.026713766685640242	0.015921276680399058	0.005784703247930797	0.0007651996718006456	0.0025616854378912013	0.00932060639419582	0.011525473258502752	0.0020214024090956396	0.00011095723560597359	99.42319928349661	0.03495914282073499
0.042280369217783775	0.01	0.007	0.007	0.007	0.01	0.013907323350995248	0.03138452731678654	0.019316113561805928	0.0071139102057325935	0.0008664387331332156	0.003934751371595272	0.014021716274304211	0.0177194398310986	0.003135935849186108	0.00016281391890297743	99.276919401356	0.03494875114955133
0.05161965626154867	0.01	0.007	0.007	0.007	0.01	0.016352755633009215	0.035742661589886635	0.02274845073951304	0.008500067352202193	0.0009511693120241565	0.005713479076668658	0.019922026747709855	0.025754699755579112	0.004602153497527024	0.00022557801067751612	99.1179048707275	0.03493744094219385
0.06148615987129283	0.01	0.007	0.007	0.007	0.01	0.018729769852358684	0.03964245159886114	0.026097245417285184	0.00989828298309192	0.0010185621870472073	0.007888016854163973	0.026905303080161848	0.035592403589915174	0.006423803054270099	0.00029727889328416587	98.95019039714839	0.03492549623288987
0.07197618018202465	0.01	0.007	0.007	0.007	0.01	0.021042902208456723	0.043116913098871924	0.029368985665733514	0.01131358023540467	0.0010714606579077907	0.010504006470371226	0.03503610622472448	0.04744502426797914	0.00865218604426028	0.00037799248911074736	98.77218839738245	0.034912801153035626
0.08301652097747377	0.01	0.007	0.007	0.007	0.01	0.02325912436936368	0.04614679263930301	0.03251684890360002	0.012727502721796246	0.0011116848829613288	0.013564565118114097	0.04424230324421816	0.06133311095154339	0.011304546960529337	0.0004665292319758274	98.5851940111401	0.03489944505631042
0.09464024474952197	0.01	0.007	0.007	0.007	0.01	0.025372013951854268	0.04876012802007069	0.03553127123481687	0.014136472336634348	0.0011415780534698992	0.017094280095903167	0.054520367963390166	0.07737484125557101	0.014417897657602654	0.000562521496450981	98.38870120591943	0.03488538873121287
0.10683442016537584	0.01	0.007	0.007	0.007	0.01	0.027368175262946912	0.0509790672504202	0.038392496735377916	0.015531320926216681	0.0011631158383276128	0.021101287739982974	0.06582055658908066	0.0956139874518947	0.01801636838561217	0.0006652847517167023	98.18298614526613	0.0348706486558774
0.11962304197594034	0.01	0.007	0.007	0.007	0.01	0.02924280824384432	0.052838146939100564	0.0410927840064805	0.016907558162586836	0.0011781170239797	0.0256017613988876	0.07812076939048769	0.11613100576207314	0.022132500139831524	0.0007745051915068146	97.96770487100243	0.03485519671650318
0.13302103781825092	0.01	0.007	0.007	0.007	0.01	0.030990955521818558	0.05437157997083913	0.04362397173696528	0.0182596919927846	0.0011881060152465915	0.030606487594517735	0.09138840200672012	0.1389819185631816	0.026795295256549542	0.0008898663344065321	97.74267180208876	0.03483901584100912
0.14705911070650718	0.01	0.007	0.007	0.007	0.01	0.0326109615207094	0.055615563880652294	0.045982495186810725	0.019583853608428417	0.0011943665086779898	0.036129832657010155	0.10560555526833959	0.16423908745924545	0.03203832988481679	0.0010112579850610677	97.50744249864296	0.03482206999740618
0.1617698609197252	0.01	0.007	0.007	0.007	0.01	0.03410207436525728	0.056604904707902505	0.04816597363790746	0.020876172145774488	0.001197958761538587	0.04218531040884517	0.12075695468904549	0.19197094121933536	0.037895710235939385	0.0011386534263648036	97.26154888540074	0.034804320986097655
0.1771953215823182	0.01	0.007	0.007	0.007	0.01	0.03546506174289626	0.0573728638414448	0.050174140017736554	0.02213338180993693	0.0011997682923392586	0.04878882245064993	0.13683822528050416	0.22225672384445241	0.0444051668728501	0.0012721694269574168	97.00437470825976	0.0347857193694354
0.19338282134026974	0.01	0.007	0.007	0.007	0.01	0.036701476956182894	0.05795018218627051	0.05200780191411651	0.02335231487814815	0.0012005500667880604	0.055957283189933926	0.15385204797561963	0.25518014594742855	0.05160680620190386	0.0014120272277983526	96.7352269661153	0.03476620949780168
0.21038733232444587	0.01	0.007	0.007	0.007	0.01	0.03781368109001414	0.05836486913752424	0.05366889948604902	0.024529997736181978	0.0012009720979679697	0.06370975579156966	0.1718106075599657	0.2908345207791038	0.05954427670364683	0.0015585726692185138	96.45329909585476	0.03474572671358315
0.22827018288377396	0.01	0.007	0.007	0.007	0.01	0.03880458169514702	0.058641976209556156	0.05516014151079689	0.025663462404981515	0.0012016514407433977	0.07206695479872686	0.19073402088188854	0.32932039678632463	0.06826431449997576	0.0017122688484789927	96.15769508520543	0.03472419894395885
0.2470995926303383	0.01	0.007	0.007	0.007	0.01	0.03967757519622575	0.058803592681532575	0.05648493853953193	0.02674972589596598	0.001203180732741087	0.08105144593634757	0.2106504764737198	0.37074636681929	0.07781693986625962	0.0018737089017015116	95.84742351922212	0.03470154610124132
0.26694980327221174	0.01	0.007	0.007	0.007	0.01	0.040436448429604976	0.05886890693118846	0.05764727262440749	0.027785704794997337	0.0012061432623179853	0.09068711776729949	0.2315947529017813	0.415226498169515	0.08825483304970995	0.002043620953131462	95.52141513919265	0.03467768117860823
0.28790034460627795	0.01	0.007	0.007	0.007	0.01	0.04108534872434911	0.05885435017611558	0.058651668597008745	0.028768187214267292	0.0012111157627899076	0.100998625088202	0.25360678818827426	0.4628775930325797	0.09963255706108574	0.002222877841623138	95.17853825212562	0.03465251118502276
0.3100343276160413	0.01	0.007	0.007	0.007	0.01	0.04162876718728374	0.058773786234921174	0.05950318568155454	0.02969380988219902	0.001218658857955441	0.11201029531313053	0.27672918795103746	0.5138139296970672	0.11200503747116182	0.002412500746369198	94.81763006395506	0.03462593924975211
0.33343618086909543	0.01	0.007	0.007	0.007	0.01	0.04207155680394314	0.0586387373078824	0.06020746433414084	0.030559082439692232	0.0012292961869368954	0.12374471796493391	0.30100418212528723	0.5681404983668249	0.12542547279688032	0.00261365806899008	94.43753672786647	0.034597867390663686
0.358188691742506	0.01	0.007	0.007	0.007	0.01	0.042418968707412824	0.05845863133358057	0.060770805300815973	0.031360461161847424	0.001243484451024697	0.1362209946322178	0.32646996136658957	0.625944637662788	0.13994260939271727	0.002827655228464715	94.03716397707811	0.03456820010679069
0.38437058487026915	0.01	0.007	0.007	0.007	0.01	0.042676701476206814	0.058241052106451974	0.061200276108084734	0.03209450833133987	0.0012615788717094058	0.14945332857007446	0.35315772889579344	0.6872892417984349	0.15559816494512513	0.0030559221823200453	93.61551802663028	0.03453684731235571
0.4120556560858444	0.01	0.007	0.007	0.007	0.01	0.04285092287376465	0.05799197340087793	0.0615037837770119	0.03275812234462971	0.0012838005739853318	0.16345052978574084	0.3810904915027643	0.7522102498320534	0.1724251853794411	0.003300004185207016	93.17172050543128	0.03450372539519096
0.441315388454693	0.01	0.007	0.007	0.007	0.01	0.04294822443600507	0.05771595592400494	0.06169005117380061	0.03334881308868326	0.0013102142085282807	0.17821742351344572	0.4102854055916677	0.8207230419040075	0.19044872554175704	0.0035615715503923354	92.70496741217374	0.03446875410775782
0.47222583574000687	0.01	0.007	0.007	0.007	0.01	0.042975468369306075	0.057416298602849705	0.06176842740042146	0.03386494098064419	0.0013407226071709285	0.19375848296827614	0.44076016081104996	0.8928392552865867	0.2096895427183862	0.003842458447694339	92.21442161012548	0.03443184838310399
0.504878392908208	0.01	0.007	0.007	0.007	0.01	0.04293952447870329	0.05709514877683738	0.06174851832938133	0.03430583561594968	0.0013750805211716157	0.21008331432856894	0.4725426203225276	0.968592271052492	0.23017060686487112	0.004144734571946142	91.69904768569431	0.03439290557278012
0.539393322369477	0.01	0.007	0.007	0.007	0.01	0.042846937116981676	0.056753580475516215	0.061639690370022426	0.03467174894618305	0.0014129235653567787	0.2272131824179825	0.505682195949589	1.0480675310657792	0.2519255358865641	0.004470808679066904	91.15741001070208	0.03435178950266146
0.5759354888956282	0.01	0.007	0.007	0.007	0.01	0.042703579541554966	0.056391640387331514	0.061450533677657015	0.03496365515936524	0.0014538049288532208	0.24518805025841714	0.5402620458207552	1.131435130918627	0.27500824557086634	0.004823567468529282	90.5874454696359	0.03430831204453654
0.614732405778292	0.01	0.007	0.007	0.007	0.01	0.04251434003603273	0.056008354040749816	0.06118835677786718	0.035182937639017975	0.0014972314332319621	0.26407393419412306	0.5764117795279416	1.2189836422231175	0.29950340789097124	0.005206556862856503	89.98621241665758	0.03426221213341667
0.656090648819307	0.01	0.007	0.007	0.007	0.01	0.04228288707114361	0.05560172796269908	0.06085878961924212	0.035330996132031466	0.0015426864716701748	0.283968429892982	0.6143165778421555	1.3111450958718625	0.3255346945188223	0.005624167821601536	89.34968030300723	0.03421313697259778
0.7003743424626931	0.01	0.007	0.007	0.007	0.01	0.042011762609638466	0.05516910167823741	0.06046587001999149	0.03540883171183162	0.0015895969787655185	0.3049871968521778	0.6541901595656091	1.4084314094732513	0.3532476656069183	0.006081438866221011	88.67311424891277	0.03416066843330711
0.7477609235809963	0.01	0.007	0.007	0.007	0.01	0.04170409902152626	0.054709618752112575	0.060014554290864906	0.03541714717618385	0.0016370807940336855	0.3271474176329446	0.6960541308690372	1.5108947290844135	0.3826543103638564	0.006581433849926733	87.95481534627723	0.03410461262352729
0.797486193401094	0.01	0.007	0.007	0.007	0.01	0.04136912009074512	0.05423144460938383	0.05951895753849579	0.035359262931320024	0.0016833531963994614	0.350029293204757	0.7391057497874194	1.616567318637646	0.4131762320115172	0.007116731238768899	87.20732155512877	0.03404588917270365
0.8482175994674493	0.01	0.007	0.007	0.007	0.01	0.04101999224313602	0.05374785152341126	0.05899935023740144	0.03524472956431844	0.0017264722844035811	0.3729810809070866	0.7821174154235477	1.7224209158110149	0.443910362443313	0.007672583688608831	86.45124943993439	0.03398608171939756
0.8995923216115944	0.01	0.007	0.007	0.007	0.01	0.040662622542030895	0.053262507603181936	0.05846530931231145	0.035084108001815516	0.0017657784800369906	0.39582146354093267	0.8247534940800155	1.827609409541283	0.4745769993865958	0.008243877267452428	85.69226968481362	0.033925622926376506
0.951445428378091	0.01	0.007	0.007	0.007	0.01	0.04030056807363329	0.05277709201026458	0.057922783005658215	0.03488665593245136	0.001801002461738539	0.418467845468372	0.8668638332124384	1.9317464909955402	0.5050325966347817	0.008827399772011713	84.93297902832043	0.033864710218966546
1.0037635668029679	0.01	0.007	0.007	0.007	0.01	0.039935565588074894	0.052291817618784944	0.05737485604807447	0.03465974377509137	0.0018321246660218517	0.4409084755216817	0.9084295233059284	2.0347743395046396	0.535233996281767	0.009421551014324897	84.17369727921525	0.03380336207360566
1.0565457686015596	0.01	0.007	0.007	0.007	0.01	0.0395687333895387	0.05180677449699391	0.056823565353507355	0.03440933432175724	0.0018592160553474175	0.4631380785426312	0.9494425011534313	2.136666029368892	0.5651516576938426	0.01002487438546237	83.41455888455425	0.033741582387085384
1.109833071186666	0.01	0.007	0.007	0.007	0.01	0.03920054350254385	0.051321669198466306	0.05626988324217996	0.03414004610110594	0.0018824211934568035	0.4851692614420631	0.9899267080453701	2.2374772022059255	0.5947842391726684	0.010636426741707668	82.65510073366285	0.03367932603309843
1.1636708438528065	0.01	0.007	0.007	0.007	0.01	0.038831208825467936	0.05083618193412116	0.05571432134346726	0.033855519634958656	0.0019019127618151957	0.5070156027714107	1.0299068497319217	2.3372679925254594	0.6241350538399824	0.011255363762893784	81.89481907816011	0.033616543210743415
1.2181190606043133	0.01	0.007	0.007	0.007	0.01	0.03846069652943522	0.050349877557722154	0.05515696926506531	0.033558550679468085	0.001917880860077731	0.5286954561862638	1.0694154617243603	2.4361201479046515	0.6532164740644907	0.011881059205420014	81.13302930266185	0.033553167553000696
1.2732393970899212	0.01	0.007	0.007	0.007	0.01	0.03808887328626941	0.04986232564118581	0.05459772737542668	0.03325131125073835	0.0019305177059249345	0.5502263643441617	1.1084827136474156	2.534111294037992	0.6820418228135784	0.012512952480936939	80.36905352162658	0.03348913127295697
1.3290983332993405	0.01	0.007	0.007	0.007	0.01	0.03771552119048279	0.04937307430998923	0.054036341607595746	0.03293546045188095	0.0019400125929020275	0.571626158610514	1.1471384707629675	2.63131984425207	0.7106263631208302	0.013150576980711683	79.60217942455928	0.033424361601322825
1.3857627888458797	0.01	0.007	0.007	0.007	0.01	0.03734039175588163	0.04888169012429662	0.053472492703963266	0.03261227083064671	0.0019465471551280878	0.5929111583346421	1.185409062775696	2.7278167327376357	0.7389844960971585	0.013793501614903897	78.8317226852882	0.033358785901513276
1.4433012655911415	0.01	0.007	0.007	0.007	0.01	0.03696321424594261	0.04838774867269397	0.05290581460526658	0.032282703684882307	0.0019502937105855518	0.6140965833104153	1.2233180701371957	2.8236672602816837	0.7671300057991488	0.014441335385814184	78.05701219942915	0.03329233037341663
1.5017826306137219	0.01	0.007	0.007	0.007	0.01	0.03658371436038703	0.04789084574206972	0.052335926785342414	0.031947480845964965	0.001951414209413768	0.6351960784239054	1.2608854978836381	2.9189289233563267	0.7950751827394325	0.015093705354983007	77.27740759237696	0.033224921492039726
1.561276843266066	0.01	0.007	0.007	0.007	0.01	0.036201616534784015	0.047390591617912224	0.051762440757491514	0.031607132118629325	0.0019500600681346526	0.6562219759423694	1.298128268973914	3.0136525973245494	0.8228309810155164	0.015750257129558024	76.49229028456197	0.03315648519721304
1.6218550424031584	0.01	0.007	0.007	0.007	0.01	0.035816648295468566	0.046886611095900005	0.05118496880357547	0.031262035931650826	0.0019463722929207396	0.6771853089460115	1.3350602602924388	3.107882592475252	0.8504068818552883	0.01641064846546933	75.70106350810599	0.033086946829278756
1.6835903029106272	0.01	0.007	0.007	0.007	0.01	0.0354285389794791	0.04637853809432508	0.05060312362032029	0.030912448036866706	0.0019404817993863154	0.6980960470914914	1.3716927222692963	3.2016577086838214	0.8778110791458543	0.017074550501549247	74.90314384217876	0.033016230302429
1.7465583497482946	0.01	0.007	0.007	0.007	0.01	0.03503701806435982	0.04586601105301736	0.05001651694407917	0.030558524175312178	0.0019325097894136824	0.7189632869208994	1.4080346022044923	3.2950120739340716	0.9050506234623203	0.017741648384665222	74.09795396561064	0.03294425734020841
1.8108385674906253	0.01	0.007	0.007	0.007	0.01	0.0346418113716318	0.04534866639750649	0.049424754684506245	0.030200336246498392	0.0019225681067493849	0.7397955073661812	1.444092964596073	3.387976260802423	0.9321316635984729	0.01841164467701762	73.28491235104653	0.03287094638819158
1.8765152460512706	0.01	0.007	0.007	0.007	0.01	0.03424263588236456	0.04482613074097741	0.04882742977868517	0.02983788351107526	0.00191075951612024	0.7606008570187597	1.4798734446617168	3.4805785245196668	0.9590597347222396	0.01908426443418212	72.46342094929419	0.032796211277483556
1.9436790313176	0.01	0.007	0.007	0.007	0.01	0.03383919363254818	0.0442980122430336	0.04822411354295477	0.029471099963138046	0.0018971778855995979	0.781387451862109	1.5153806935997907	3.5728460622347433	0.9858400596971525	0.019759261157562436	71.632851516008	0.03271995968019312
2.0124289223946037	0.01	0.007	0.007	0.007	0.01	0.03343116289454924	0.0437638886505161	0.04761434290010383	0.029099856816755896	0.0018819081891149644	0.8021637753564043	1.5506189663417742	3.6648066946760913	1.012477976125756	0.02043642648638055	70.79252668053292	0.03264209097596456
2.0828746070497504	0.01	0.007	0.007	0.007	0.01	0.03301818823028604	0.043223294013075356	0.046997605906876544	0.028723962011736524	0.001865026349241124	0.8229390925534362	1.5855926897995394	3.7564905666500636	1.0389793675746155	0.021115600660186723	69.941698876634	0.032562493777600135
2.1551397712301763	0.01	0.007	0.007	0.007	0.01	0.032599866018600564	0.04267569957187661	0.04637332055191221	0.02834315403066736	0.0018465987707735748	0.8437240417044616	1.6203072751580028	3.8479325760039034	1.0653512999630776	0.021796688940809123	69.07952003557412	0.03248104240999853
2.229366404983012	0.01	0.007	0.007	0.007	0.01	0.032175725926019846	0.042120489400402854	0.04574080758263846	0.02795709076980078	0.0018266815314001027	0.8645313596520584	1.6547700756114605	3.939175312848095	1.0916027933339918	0.022479682438667943	68.20500292186662	0.03239759234141473
2.3057209930200298	0.01	0.007	0.007	0.007	0.01	0.03174520398446281	0.041556925098041535	0.04509925095663613	0.027565329789550324	0.0018053189860873834	0.8853769285817001	1.6889917683416515	4.030273299620998	1.117745948459013	0.023164689288974593	67.31696509604001	0.03231197359964685
2.384403388568454	0.01	0.007	0.007	0.007	0.01	0.03130760402937807	0.040984095272019565	0.04444764117713231	0.02716729723636373	0.001782541537097484	0.9062812549014495	1.7229882850055012	4.1212989582590485	1.143797537133474	0.023851979540576867	66.41394871599678	0.032223981330968904
2.4656604736218197	0.01	0.007	0.007	0.007	0.01	0.03086203774976159	0.040400837037239574	0.04378468714137994	0.02676223681098826	0.0017583619457451558	0.9272717734641042	1.7567838391182202	4.2123519254468125	1.1697814993287572	0.024542056219410503	65.494095937885	0.03213336123361247
2.549807950771532	0.01	0.007	0.007	0.007	0.01	0.03040732845912468	0.03980561003555371	0.043108674600626576	0.0263491255232425	0.001732769167159082	0.9483865472567974	1.790415801655219	4.303574022176371	1.1957329679119744	0.02523577049770613	64.55494897130257	0.03203978628388186
2.637267796082596	0.01	0.007	0.007	0.007	0.01	0.029941844141568825	0.03919627788055138	0.04241722048158761	0.025926525316908224	0.0017057174175457775	0.9696807231470066	1.823943283983991	4.395175447544037	1.2217053365933745	0.02593452410747869	63.59310328473496	0.031942816652180156
2.7286397721694526	0.01	0.007	0.007	0.007	0.01	0.02946317464277165	0.03856968558901618	0.041706797565456775	0.02549229393020282	0.001677104824415128	0.9912391420684787	1.8574641296219505	4.4874861662884955	1.2477841866914947	0.02664066718205611	62.603537313226376	0.03184182296449521
2.8248409906911878	0.01	0.007	0.007	0.007	0.01	0.028967502786619664	0.0379208363606021	0.04097180866265617	0.025043020040503166	0.0016467312880805484	1.013200786546381	1.891147705915546	4.581055379680289	1.2741142150063005	0.027358269929801032	61.57830649552597	0.03173583655576818
2.92740735393614	0.01	0.007	0.007	0.007	0.01	0.028448248568075433	0.03724111681950299	0.0402025909436112	0.024572804138948384	0.0016142071446862652	1.0358112976412082	1.9253050876402216	4.676864942997676	1.300956952240453	0.0280947797310013	60.50372751861951	0.031623226100884465
3.0386657371032544	0.01	0.007	0.007	0.007	0.01	0.02789554607645656	0.03651761238038881	0.03938466703189969	0.024072801334635748	0.0015789093848970113	1.059432620103506	1.9603850807819945	4.776351787247267	1.328692847318461	0.028861223397875554	59.35927561996394	0.03150152420346536
3.1527329293188995	0.01	0.007	0.007	0.007	0.01	0.027340075553645548	0.03579048339392178	0.0385635372233597	0.023570830842958315	0.001542840417677167	1.0827086740080758	1.9943034593332358	4.8737357925051095	1.3556945494009494	0.02961295438640995	58.208401932665765	0.031377236081385276
3.2595687260913317	0.01	0.007	0.007	0.007	0.01	0.026829890185527682	0.03512263224219251	0.03781014962328628	0.023110268683675342	0.0015092656947139106	1.103677202540203	2.024266378784629	4.96087426386913	1.3797195135866647	0.030286741824703672	57.15073370117075	0.031261272085295555
3.363717090561675	0.01	0.007	0.007	0.007	0.01	0.02634173615402364	0.03448362081886619	0.037090023018120456	0.02267003821788887	0.0014768097082495184	1.1233723664208985	2.051860296733648	5.042174513379403	1.4020080916525923	0.0309162965068155	56.138172884628226	0.03114863769636922
3.465935389775766	0.01	0.007	0.007	0.007	0.01	0.025871296015375248	0.03386779721649409	0.03639671130285471	0.022246200015058205	0.001445278617737532	1.1420120335602328	2.07745050917322	5.118596707206642	1.4228375655149699	0.031508844519291236	55.161822950773924	0.03103848525401696
3.5668033253889786	0.01	0.007	0.007	0.007	0.01	0.025415335968072925	0.0332709282251578	0.035725389105312436	0.02183580487322144	0.0014145251341324148	1.1597583842426602	2.1013070204555224	5.1908537216133235	1.4424133951722489	0.03206976753862928	54.21501803645686	0.03093016984829845
3.6665914800069115	0.01	0.007	0.007	0.007	0.01	0.02497219234122087	0.03269083602225781	0.035073558385773605	0.021437326043745986	0.0013844904808820364	1.1767041101824762	2.1235937855874343	5.259362770815843	1.460857954012837	0.03260220051209193	53.29434062427745	0.03082338589444755
3.7655265589812528	0.01	0.007	0.007	0.007	0.01	0.024540491918858775	0.03212572302746687	0.034439157353296224	0.021049503297740236	0.0013551241334429837	1.1929258498806303	2.1444461534520665	5.324468587066438	1.4782723153513802	0.03310874724823769	52.39696970045426	0.03071787877508972
3.8637863002183286	0.01	0.007	0.007	0.007	0.01	0.024119150964450446	0.031574170602860156	0.03382055679401388	0.020671340754377775	0.0013263866598309626	1.2084854432370933	2.163974365869994	5.386450356864062	1.494738560220666	0.03359152579037235	51.52068045354452	0.03061344931437494
3.9615199024983876	0.01	0.007	0.007	0.007	0.01	0.023707267345405948	0.031034997837239217	0.03321639977726529	0.020302008930687263	0.0012982444724042837	1.2234349337206192	2.1822714723602616	5.445543290019987	1.5103259025174482	0.03405233006499168	50.66362139980209	0.030509931206233076
4.058852143455362	0.01	0.007	0.007	0.007	0.01	0.02330409009155858	0.03050722169567845	0.032625555730309855	0.019940816690030276	0.0012706692159558408	1.237818355798966	2.1994166296602797	5.501946802071045	1.5250931179042246	0.03449268922156738	49.82425202360373	0.030407186105048493
4.1558887880428035	0.01	0.007	0.007	0.007	0.01	0.022908986456935874	0.029990013902125603	0.03204707114604719	0.01958718112233791	0.0012436365975693718	1.2516734520394006	2.215478056429365	5.555832158133969	1.5390907676353782	0.0349139239324222	49.001274995011606	0.03030509746947785
4.252720280228988	0.01	0.007	0.007	0.007	0.01	0.022521418771558797	0.029482670637598855	0.03148013489734118	0.01924060634798229	0.0012171256086126179	1.2650329034476233	2.2305151773126326	5.607347977005678	1.552362805699342	0.03531718684805227	48.19358856813509	0.030203566332592087
4.349421947041089	0.01	0.007	0.007	0.007	0.01	0.022140936933512913	0.028984602712099905	0.030924066602669484	0.018900676409907842	0.0011911186195978324	1.2779249281660634	2.2445798963218233	5.656623139389895	1.5649474773578076	0.03570348333747173	47.40027144023087	0.030102510798440684
4.44605860528444	0.01	0.007	0.007	0.007	0.01	0.021767154505173733	0.028495304273958452	0.03037828113524256	0.018567033580038753	0.00116560021539063	1.290374376836507	2.257718311411869	5.703771493160619	1.5768786512662758	0.03607370672996069	46.62053334366642	0.030001860972249897
4.5426853343189855	0.01	0.007	0.007	0.007	0.01	0.021399741413207038	0.028014343253880063	0.02984227754208411	0.018239371586716364	0.0011405570583413707	1.3024031925499395	2.2699716021654996	5.748893996920413	1.5881864638288616	0.03642865385253078	45.853700145380785	0.029901557965439043
4.639349279578425	0.01	0.007	0.007	0.007	0.01	0.021038413364864197	0.027541347510607755	0.0293156232431452	0.017917425956116003	0.0011159774516499982	1.3140309403027477	2.2813769190772417	5.792081055015713	1.5988979937945833	0.03676904231620372	45.09919203847371	0.029801551855720473
4.736090841077294	0.01	0.007	0.007	0.007	0.01	0.020682924388406434	0.027075995066131224	0.028797942865617335	0.01760096718684643	0.0010918510579835687	1.3252751948118624	2.2919680536320532	5.833414246692396	1.6090377658846313	0.03709552325097712	44.35650819388523	0.02970180032042903
4.832944682387322	0.01	0.007	0.007	0.007	0.01	0.020333060614752613	0.026618005965697664	0.028288908945028137	0.017289795065526675	0.0010681686590225	1.336151859060122	2.3017759836336493	5.872967741475424	1.618628161938596	0.03740869173260267	43.62521395911611	0.029602267480572476
4.929940646171407	0.01	0.007	0.007	0.007	0.01	0.019988634883046325	0.026167135216351226	0.027788233874386805	0.01698373374520299	0.001044921937761105	1.346675432590776	2.3108293229194254	5.910809481888072	1.6276897624095388	0.037709095507677266	42.904929740702144	0.029502922862674738
5.027104454149602	0.01	0.007	0.007	0.007	0.01	0.01964948252368518	0.025723167266801683	0.02729566360635464	0.01668262789535073	0.0010221033148531582	1.3568592234278976	2.3191546796483307	5.947002120909654	1.6362416177120584	0.037997241890014036	42.195322316731215	0.029403740600199037
5.124458317416606	0.01	0.007	0.007	0.007	0.01	0.019315457776458864	0.02528591131866791	0.026810972310571956	0.016386339435751303	0.0009997058077953183	1.3667155248578902	2.3267769512661896	5.981603800285206	1.6443014726597605	0.038273603486925385	41.496097452601596	0.029304698741175673
5.222021427609501	0.01	0.007	0.007	0.007	0.01	0.018986430887394854	0.024855197526167747	0.02633395804318181	0.016094744889128276	0.0009777229199535039	1.3762557589245294	2.3337195643556155	6.014668782914435	1.6518859489199547	0.038538622843003585	40.80699391613599	0.029205778689528183
5.319810421102878	0.01	0.007	0.007	0.007	0.01	0.01866228551837054	0.024430873605225188	0.025864438892311173	0.0158077330247498	0.0009561485380619017	1.3854906000364522	2.3400046754002166	6.046247991976468	1.659010699294886	0.038792716407281984	40.12777813009689	0.029106964684097125
5.417839720370654	0.01	0.007	0.007	0.007	0.01	0.018342916756556853	0.024012802227774157	0.025402250011737834	0.015525203044992254	0.0009349768597136893	1.3944300723388527	2.3456533322153468	6.076389439120295	1.6656905309826144	0.039036277670731895	39.45824006640411	0.029008243410975094
5.516121830518705	0.01	0.007	0.007	0.007	0.01	0.018028229417782374	0.023600858800812825	0.024947241095065444	0.015247063041201518	0.0009142023321692754	1.4030836316891988	2.350685608479619	6.105138583782265	1.671939508716754	0.03926967979971072	38.79818974464259	0.028909603667972527
5.614667624103118	0.01	0.007	0.007	0.007	0.01	0.017718136515647267	0.023194929462427252	0.024499274102579776	0.014973228604035368	0.000893819595495266	1.4114602370000433	2.355120717077137	6.1325386423632775	1.6777710427020815	0.03949327790937595	38.14745406797954	0.028811036047016632
5.713486483626899	0.01	0.007	0.007	0.007	0.01	0.017412558285897738	0.02279490980467035	0.024058221801161975	0.014703621930833188	0.0008738234566565364	1.41956840153802	2.358977100020857	6.158630819201838	1.6831979561758683	0.039707410740449305	37.50587481570504	0.028712532764126105
5.812586589480098	0.01	0.007	0.007	0.007	0.01	0.01711142084041929	0.022400703111595432	0.02362396577798224	0.014438170611332983	0.000854208834772814	1.4274162501526546	2.362272511151938	6.1834545467142625	1.6882325519015842	0.03991240244548544	36.87330585155037	0.028614087348155057
5.911974999829683	0.01	0.007	0.007	0.007	0.01	0.016814655547276923	0.022012219547709676	0.023196395510256596	0.01417680705895596	0.0008349707499973091	1.4350115535824344	2.365024078268623	6.207047642228874	1.6928866584760582	0.04010856372454784	36.24961184994996	0.028515694541106786
6.011657797200164	0.01	0.007	0.007	0.007	0.01	0.016522198257239728	0.021629375145471915	0.022775407218961395	0.013919467810039717	0.0008161042989960716	1.4423617642661004	2.3672483593360316	6.229446463113005	1.697171674316524	0.04029619297112424	35.63466669562916	0.02841735013444744
6.111640250028864	0.01	0.007	0.007	0.007	0.01	0.01623398854649917	0.02125209081398395	0.022360902751831727	0.013666092840984561	0.0007976046288358371	1.4494740491207556	2.368961390262905	6.250686045238016	1.7010986061151356	0.04047557730649216	35.028351912500234	0.02831905079375691
6.211926829769319	0.01	0.007	0.007	0.007	0.01	0.01594996942559611	0.020880291957968332	0.021952789141828386	0.013416625298306261	0.0007794669384303895	1.4563553086460879	2.370178723011238	6.270800194314188	1.7046780965505655	0.04064699324092822	34.43055606938785	0.028220794027991866
6.312521361667449	0.01	0.007	0.007	0.007	0.01	0.015670086694736553	0.02051390763385491	0.021550977660439362	0.0131710109199021	0.0007616864552481107	1.463012203215921	2.370915461023689	6.289821594328826	1.707920453754983	0.04081070749754578	33.8411734391615	0.028122578028834992
6.4134270704607825	0.01	0.007	0.007	0.007	0.01	0.01539428863725874	0.020152870148517653	0.021155383360771343	0.01292919775571996	0.0007442584318970734	1.4694511695256018	2.371186287845249	6.307781882201938	1.7108356731227443	0.04096697756903175	33.26010336649214	0.028024401615197096
6.514646660316495	0.01	0.007	0.007	0.007	0.01	0.015122525642699268	0.019797114565854885	0.020765924522166402	0.012691135828238692	0.0007271781366892316	1.47567843757062	2.3710054923063715	6.324711720498679	1.7134334576233599	0.04111605227315853	32.68724948529225	0.02792626414552762
6.61618234200557	0.01	0.007	0.007	0.007	0.01	0.014854749997291946	0.019446578432545596	0.02038252233734835	0.012456776941203928	0.0007104408533957785	1.4817000426923097	2.3703869902515566	6.3406408531660565	1.7157232342519202	0.04125817217537791	32.12251928702346	0.02782816548265596
6.71803589431732	0.01	0.007	0.007	0.007	0.01	0.014590915599982593	0.01910120140630228	0.02000510049468317	0.012226074424255079	0.0006940418751239163	1.4875218385179831	2.3693443436272834	6.355598161109008	1.7177141695397167	0.041393570022505786	31.56582353051849	0.027730105926289977
6.820208719656325	0.01	0.007	0.007	0.007	0.01	0.014330977715399672	0.018760924932499458	0.019633584815420622	0.011998982911165142	0.0006779764995368984	1.4931495082189916	2.3678907768207678	6.36961171041423	1.7194151829579927	0.04152247112492806	31.017075728079707	0.027632086152346802
6.922701839252235	0.01	0.007	0.007	0.007	0.01	0.014074892896030474	0.01842569214230018	0.01926790313434803	0.011775458266871403	0.0006622400335983214	1.4985885714463254	2.366039191767618	6.3827087874748	1.7208349578350248	0.041645093630605624	30.47619198751704	0.027534107211049475
7.025515990784682	0.01	0.007	0.007	0.007	0.01	0.013822618658016898	0.01809544742825863	0.018907984829693632	0.011555457300110763	0.0006468277823806735	1.503844396026162	2.3638021797639066	6.394915943907955	1.7219819526722062	0.041761648900105204	29.943090332940706	0.02743617042755038
7.128651563137846	0.01	0.007	0.007	0.007	0.01	0.013574113575382976	0.017770136567669	0.01855376095168939	0.01133893784199128	0.0006317350627534351	1.5089222002886633	2.361192034705118	6.406259017159337	1.722864409127666	0.04187234166371163	29.41769090840753	0.02733827745886498
7.232108722627299	0.01	0.007	0.007	0.007	0.01	0.013329336911254095	0.017449706239815087	0.018205163691321958	0.01112585842125355	0.0006169571882402793	1.51382706470696	2.3582207611359816	6.4167631715033	1.7234903614121886	0.041977370380528255	28.899915202536317	0.027240430168718827
7.3358873550985235	0.01	0.007	0.007	0.007	0.01	0.013088248708505208	0.017134104144632435	0.017862126505320975	0.01091617834066085	0.0006024894812008763	1.5185639336367642	2.3549000852827353	6.426452914815903	1.7238676429025792	0.04207692737346138	28.389686243356476	0.027142630678178032
7.439987124740396	0.01	0.007	0.007	0.007	0.01	0.012850809604129251	0.016823278759709046	0.017524583847874784	0.010709857513002425	0.0005883272677821605	1.5231376224590016	2.351241462396282	6.43535212649883	1.7240038932315616	0.042171199078682095	27.886928208598444	0.0270448813057113
7.544407478368265	0.01	0.007	0.007	0.007	0.01	0.012616980781705141	0.016517179278063017	0.01719247109982427	0.01050685641780674	0.0005744658807448894	1.5275528216406171	2.3472560846527477	6.443484077482028	1.7239065643213352	0.042260366224032515	27.39156632744827	0.02694718455938177
7.649147656781922	0.01	0.007	0.007	0.007	0.01	0.012386723911425356	0.016215755529636243	0.016865724480574884	0.010307136047492406	0.0005609006611106241	1.5318141008525132	2.3429548882619042	6.450871449580055	1.7235829260386868	0.04234460400581631	26.903526755633095	0.02684954312254957
7.754206713328689	0.01	0.007	0.007	0.007	0.01	0.012160001079276334	0.015918957888587822	0.016544280945095594	0.010110657844404581	0.0005476269588063506	1.5359259130898586	2.3383485596785736	6.457536353942765	1.7230400713945426	0.04242408226215449	26.422736427123244	0.026751959833132336
7.859583511799869	0.01	0.007	0.007	0.007	0.01	0.011936774765654612	0.01562673724530154	0.016228078151452593	0.009917383680966124	0.0005346401358657188	1.53989259771388	2.3334475421684004	6.463500346886271	1.722284921450489	0.04249896562211273	25.949123010300948	0.02665443768234143
7.965276766471579	0.01	0.007	0.007	0.007	0.01	0.011717007738135455	0.015339044866014225	0.01591705430706622	0.009727275765700668	0.0005219355643539123	1.5437183848779783	2.328262039993712	6.468784447117968	1.7213242296188882	0.042569413678248576	25.48261468171959	0.026556979774594213
8.071285026459789	0.01	0.007	0.007	0.007	0.01	0.01150066306742967	0.01505583241370342	0.015611148189890147	0.009540296656175472	0.0005095086311759298	1.547407397600637	2.322802024681942	6.473409148574622	1.7201645859887456	0.04263558111136556	25.02314016087448	0.026459589339311022
8.177606695199128	0.01	0.007	0.007	0.007	0.01	0.011287704071152108	0.01477705187447762	0.015310299067533253	0.009356409209563656	0.0004973547384472226	1.5509636550262678	2.31707723937963	6.477394434580569	1.7188124211941427	0.04269761783573495	24.570628591648983	0.02636226971031287
8.284240007757694	0.01	0.007	0.007	0.007	0.01	0.011078094345153833	0.014502655598591666	0.01501444674034337	0.009175576608976116	0.00048546930861160674	1.5543910741138147	2.31109720515116	6.480759789634406	1.7172740105782502	0.04275566911431814	24.125009609605407	0.026265024344003175
8.391183071796409	0.01	0.007	0.007	0.007	0.01	0.010871797669214896	0.014232596176993741	0.01472353140715779	0.008997762281402609	0.0004738477822128186	1.5576934733445402	2.3048712236217566	6.483524213032407	1.7155554773788324	0.042809875707264425	23.686213142174722	0.026167856779380362
8.498433859302171	0.01	0.007	0.007	0.007	0.01	0.010668778014936198	0.013966826451655137	0.014437493675692638	0.008822929904060922	0.0004624856212889016	1.5608745746186712	2.2984083819542387	6.485706229852652	1.7136627963013944	0.04286037398615953	23.254169425785967	0.026070770643366048
8.605990226816795	0.01	0.007	0.007	0.007	0.01	0.010468999500163978	0.01370529945590918	0.014156274497640406	0.008651043364726088	0.00045137830958873713	1.5639380059488999	2.291717555997403	6.487323902256373	1.7116017965059929	0.04290729605962073	22.828808909178242	0.025973769630324474
8.713849893010796	0.01	0.007	0.007	0.007	0.01	0.010272426425375063	0.013447968462081225	0.013879815219327253	0.00848206679269247	0.00044052135716908644	1.5668873028177295	2.2848074158580416	6.48839483955857	1.7093781652351314	0.04295076987601734	22.410062331060438	0.025876857520254138
8.822010451898283	0.01	0.007	0.007	0.007	0.01	0.01007902324290409	0.013194786941205877	0.013608057537768515	0.008315964531913154	0.00042991030108336466	1.5697259105534411	2.2776864292345795	6.488936208808822	1.7069974507438472	0.0429909193410843	21.997860654835318	0.025780038164693597
8.930469407885292	0.01	0.007	0.007	0.007	0.01	0.009888754491610937	0.01294570847750178	0.013340943408458112	0.008152701084639091	0.0004195407040962121	1.572457187108476	2.2703628630112345	6.488964744676129	1.7044650645134916	0.04302786443787632	21.592134929413387	0.025683315453470298
9.039224131887442	0.01	0.007	0.007	0.007	0.01	0.009701584873611734	0.012700686868816544	0.013078415152818643	0.007992241177094035	0.00040940816099518907	1.5750844037153375	2.26284478994641	6.488496758673293	1.7017862851217271	0.043061721315130294	21.192816452769584	0.02558669335215809
9.148271874819622	0.01	0.007	0.007	0.007	0.01	0.009517479226804387	0.012459676090661863	0.012820415419104893	0.007834549735577586	0.00039950829905411044	1.5776107470771117	2.2551400916084963	6.487548148760306	1.6989662608694054	0.043092602396874034	20.799836713509325	0.025490175887980294
9.257609810349345	0.01	0.007	0.007	0.007	0.01	0.009336402452587156	0.012222630201592068	0.012566887080803812	0.007679591824366332	0.00038983677604413066	1.5800393220739244	2.2472564589707553	6.486134407935481	1.6960100114319705	0.043120616494773216	20.413127236544135	0.02539376711024159
9.36723499817318	0.01	0.007	0.007	0.007	0.01	0.00915831957996869	0.011989503427126862	0.012317773326280104	0.007527332700506154	0.00038038928543006095	1.5823731525451676	2.239201398479175	6.484270633116481	1.6929224314492473	0.04314586889469898	20.032619719800998	0.02529747112130949
9.477144405227003	0.01	0.007	0.007	0.007	0.01	0.008983195731577848	0.011760250115256839	0.012073017610890842	0.007377737784544305	0.00037116155620561293	1.5846151834074067	2.23098223400385	6.481971533456491	1.6897082925956723	0.04316846145856603	19.658245961578906	0.025201292056271793
9.587334890620218	0.01	0.007	0.007	0.007	0.01	0.008810996150066672	0.011534824771006095	0.011832563693642766	0.0072307726829344875	0.0003621493558121596	1.5867682819407554	2.222606111352084	6.479251438982626	1.6863722465857451	0.043188492715153716	19.289937916891173	0.0251052340945939
9.697803227083035	0.01	0.007	0.007	0.007	0.01	0.008641686166604325	0.011313182015188989	0.011596355592892744	0.007086403160960834	0.00035334848992181744	1.588835239797419	2.214080000004554	6.47612430833928	1.6829188270710977	0.04320605795678283	18.92762763002793	0.02500930143983977
9.808546100654903	0.01	0.007	0.007	0.007	0.01	0.008475231205837756	0.011095276590903277	0.011364337593085215	0.006944595146856051	0.00034475480404572574	1.590818774502008	2.2054106963744826	6.472603736673831	1.6793524520840952	0.04322124932870431	18.571247245011687	0.024913498318621063
9.919560110395198	0.01	0.007	0.007	0.007	0.01	0.008311596790892621	0.010881063370076497	0.011136454251502333	0.006805314735927164	0.0003363641850413388	1.5927215309375302	2.196604827034592	6.468702963428055	1.6756774264515757	0.043234155917037824	18.220729016173163	0.024817828979533368
10.0	0.01	0.007	0.007	0.007	0.01	0.008195012305853023	0.010728442499412539	0.010974218980521115	0.006706158223624918	0.00033041346601680863	1.5940485275881113	2.1901559873349457	6.4656528073004145	1.6729547473341748	0.04324211433067769	17.9708870517787	0.024748737341529197
