0.0	0.01	0.007	0.007	0.007	0.01	0.0	0.0	0.0	0.0	0.0	0.0	0.0	0.0	0.0	0.0	100.0	0.035
0.0064349662323507865	0.01	0.007	0.007	0.007	0.01	0.0028056028561169537	0.0061897116072853475	0.0033027949487977526	0.00110382036082628	0.00024180963671216032	0.00011498128376790608	0.0004534628221242124	0.00043136239015353905	6.790792026002558e-5	5.609933215766906e-6	99.87366559307972	0.03499219520761393
0.011181873373946712	0.01	0.007	0.007	0.007	0.01	0.004772544584167901	0.01030799649992457	0.0056356266771614314	0.001896208770583231	0.00039138290886836004	0.0003420661030309479	0.0013298628477757292	0.001285886658257128	0.0002033430954233195	1.6145524464567223e-5	99.78057429285413	0.03498643893085434
0.01796545029168013	0.01	0.007	0.007	0.007	0.01	0.00743993655970182	0.015601561219803209	0.008823506245362695	0.002997230124496835	0.0005698990105022779	0.0008645880473469117	0.0032949980364525002	0.0032593823566589232	0.0005186959984393174	3.899259650852337e-5	99.6476925674324	0.03497821455576446
0.02465216115805138	0.01	0.007	0.007	0.007	0.01	0.009912691338539892	0.020209245027316247	0.011805414203023173	0.004047442572475358	0.0007122498516163143	0.0015948181654600985	0.005963403525270863	0.006028782558219281	0.000965339814161235	6.89098963225017e-5	99.5168815184611	0.034970109512715106
0.03242504985549274	0.01	0.007	0.007	0.007	0.01	0.012603675854428417	0.02489577639724962	0.015081896328763266	0.005225888196893205	0.0008440562896556383	0.002694544315302772	0.009862452949192692	0.010217883417411509	0.0016476734762615284	0.00011104348271383005	99.36503755870606	0.034960690260820736
0.04056321559133271	0.01	0.007	0.007	0.007	0.01	0.015223446953593093	0.0291296735397985	0.018305755041588257	0.006412591301982547	0.0009513487146860034	0.004114802516270984	0.014739726674041605	0.015653546804587224	0.00254256544279687	0.00016180746586882204	99.20630615150867	0.03495083108185993
0.04942125193592579	0.01	0.007	0.007	0.007	0.01	0.017861365158005755	0.033064688555134836	0.021589074530683563	0.007651544188521674	0.0010405000901652316	0.005949343876264312	0.020836686230424836	0.022709430801272804	0.0037173301675668775	0.000222973885620353	99.03382216842218	0.03494010295825314
0.058763248619942574	0.01	0.007	0.007	0.007	0.01	0.020420281202951595	0.03656627959088947	0.02481320659751842	0.008901033173508866	0.0011107592900205909	0.008183508504788878	0.028017354060018047	0.03134649623374432	0.0051724219238341975	0.000292483672577677	98.85223939457418	0.034928792269518984
0.06869270922370987	0.01	0.007	0.007	0.007	0.01	0.022909055610514928	0.03967258784913463	0.02798991543540923	0.010167520018641133	0.0011654481033334773	0.010865696341620362	0.036352362606581916	0.04177038403407351	0.006950170089553194	0.00037047618935186243	98.65960292364788	0.03491677433129555
0.07913800514168715	0.01	0.007	0.007	0.007	0.01	0.025291783756240617	0.042368471633580665	0.03107345149649915	0.011434407191935548	0.001206635588437719	0.013997594344801259	0.045762356547642415	0.05400784160277475	0.009063790244669813	0.0004557741903081428	98.4573641336619	0.03490413652416179
0.09013612468048754	0.01	0.007	0.007	0.007	0.01	0.02756295805118495	0.044683035436988275	0.034055762043917005	0.012699325727992938	0.001236922345235948	0.017605440337245606	0.056246363969557796	0.06818249762254458	0.011544032996537298	0.000548069706118246	98.24486977096181	0.0348908347970686
0.10167605634447019	0.01	0.007	0.007	0.007	0.01	0.02970830340662101	0.046638374355612466	0.03691659161585184	0.013954244739421895	0.001258465386362372	0.021697633380047068	0.06775320797318683	0.08434951551805844	0.014410811015262943	0.0006467205616449741	98.02240011325297	0.03487688322267572
0.1137843304542256	0.01	0.007	0.007	0.007	0.01	0.0317231121615862	0.04826761856198523	0.039647482958844106	0.015195527402373387	0.0012732319273799865	0.026291911068557786	0.0802631542706333	0.10260181606975083	0.01769163943786885	0.0007514671557777987	97.78951538538314	0.03486225052984515
0.1264777041144139	0.01	0.007	0.007	0.007	0.01	0.03360208844136647	0.04960294597032791	0.04223857937732746	0.016418401773509592	0.0012828613732298005	0.03140031654566491	0.0937451341978836	0.12301076917190487	0.021411234859871557	0.00086203946444018	97.54597115670028	0.034846917343066185
0.13978894490531182	0.01	0.007	0.007	0.007	0.01	0.03534348706191622	0.050678009619156125	0.044684310603388344	0.017619565607965494	0.001288733940676261	0.03703913633547586	0.10818449563222546	0.14566544968891967	0.025598564556971955	0.0009783760398827171	97.29122360766156	0.03483084503689486
0.15375263012505055	0.01	0.007	0.007	0.007	0.01	0.03694636927058759	0.05152486426249765	0.04697978595089519	0.018795607908133272	0.001291996771319248	0.04322393644939136	0.12356945927321669	0.17065282941434068	0.030283344141365742	0.0011004971229183608	97.02470469452977	0.03481399292075324
0.16841310992052086	0.01	0.007	0.007	0.007	0.01	0.03841138097486673	0.05217392990361342	0.049121973496584	0.019943627043551092	0.0012936212516141581	0.04997317866233435	0.1399002655330697	0.19807221901777286	0.03549877621981261	0.0012285702748705077	96.74567198185069	0.03479630864984265
0.18382037356717268	0.01	0.007	0.007	0.007	0.01	0.03973993139791286	0.05265314561206745	0.05110862601341979	0.021060738900534948	0.0012944534318324733	0.057306701307633816	0.15718491895049758	0.22802912157853802	0.04128051484419472	0.0013628729210866744	96.45329052435454	0.03477773324841272
0.20003265708414078	0.01	0.007	0.007	0.007	0.01	0.040934250827369255	0.052987823694653505	0.05293843169574278	0.022144178862407684	0.0012952617845748777	0.06524702040183834	0.17544197145672855	0.26064044887447646	0.04766775924286578	0.0015038174721395136	96.14658635334959	0.03475819800065736
0.21711522403177547	0.01	0.007	0.007	0.007	0.01	0.04199710439567096	0.05320047596553044	0.05461064860772299	0.023191111224409266	0.0012967752672930386	0.07381878561425421	0.19469880843908074	0.2960322155533096	0.05470291686128325	0.0016519475645138768	95.82447328848342	0.034737625963651465
0.23514094171748087	0.01	0.007	0.007	0.007	0.01	0.04293173883121465	0.053310837419649544	0.056125068444682145	0.02419859764468666	0.0012997100531949924	0.08304896158102891	0.21499173594313517	0.33434011520924733	0.062431792583648664	0.0018079549089108347	95.48574603954803	0.03471593132029878
0.25418912226401713	0.01	0.007	0.007	0.007	0.01	0.04374177626535377	0.05333594808971672	0.05748188764863973	0.02516348789042422	0.001304782992927036	0.0929660415283301	0.2363639708891929	0.37570600181719654	0.07090291664063483	0.0019726859391372567	95.12910642356663	0.034693020826976215
0.27434398378172764	0.01	0.007	0.007	0.007	0.01	0.044431190165602145	0.05329031229627154	0.05868169615920652	0.02608235520835117	0.0013127109146643247	0.10359893502989666	0.25886312788727384	0.4202728307964371	0.08016644969542987	0.0021471493818654252	94.75319666859012	0.034668795718574424
0.2956912103915451	0.01	0.007	0.007	0.007	0.01	0.04500430866794504	0.053186108178521936	0.05972550409489388	0.026951427078363805	0.0013241949808219288	0.11497476026111726	0.2825366011583573	0.4681747796531081	0.0902719229219772	0.002332509878994481	94.35666775396888	0.03464315589469565
0.3183125945193175	0.01	0.007	0.007	0.007	0.01	0.04546588382919587	0.05303344238739118	0.06061487809941724	0.02776656475365847	0.001339889960054658	0.1271155551442141	0.30742499334090206	0.5195225000130952	0.10126468693603784	0.0025300642349756464	93.9382819063119	0.03461600639341796
0.34227918828554227	0.01	0.007	0.007	0.007	0.01	0.0458212326715548	0.05284063157854066	0.06135221958523847	0.02852334428661531	0.001360360151550227	0.14003422954398778	0.3335542695166922	0.574384815721571	0.1131812463050518	0.0027411986207536696	93.49703994858217	0.0345872656241394
0.3676452855704947	0.01	0.007	0.007	0.007	0.01	0.046076427761451044	0.05261447534465094	0.06194118506793412	0.029217308302597132	0.001386028551613116	0.1537311590094134	0.3609293413197701	0.6327728930146992	0.12604475168674187	0.0029673402447631158	93.03228958479914	0.03455687256162039
0.39444737019313386	0.01	0.007	0.007	0.007	0.01	0.04623844811898659	0.052360469268603764	0.0623871374802297	0.029844408850988546	0.0014171331360917521	0.16819379991195274	0.3895334961887196	0.6946373249247814	0.13986309141943887	0.0032099350414147086	92.54373926502102	0.034524787950435946
0.4227112289250674	0.01	0.007	0.007	0.007	0.01	0.04631514781849528	0.05208292439215696	0.06269738652544818	0.03040152876521464	0.001453707520657035	0.18340105818919278	0.4193366354092698	0.7598860201389391	0.1546317174115585	0.003470482125114361	92.03132263623519	0.03449098572844385
0.45246562678491625	0.01	0.007	0.007	0.007	0.01	0.046314953627049675	0.05178501871371106	0.06288099402745302	0.03088685497294897	0.0014955946468168848	0.19933130955380493	0.45030986612795937	0.8284185776288925	0.1703406916518407	0.0037506219496258424	91.4949482585433	0.03445543665115168
0.48375727829028264	0.01	0.007	0.007	0.007	0.01	0.04624636011513513	0.05146884427305462	0.06294815476927493	0.03129994545703444	0.0015424863958592436	0.2159708597407011	0.4824403155522118	0.9001633746107884	0.186983063827553	0.004052244738894012	90.93423440828059	0.03441809046681935
0.5166637877914165	0.01	0.007	0.007	0.007	0.01	0.04611738899666583	0.05113548076195644	0.06290938058766164	0.03164152184860615	0.00159397432267866	0.2333207590324551	0.5157425372058264	0.9751080535844651	0.2045623595641085	0.0043775986005758286	90.34829042280845	0.034378860636266315
0.5513055096895955	0.01	0.007	0.007	0.007	0.01	0.045935135445664646	0.05078507167118196	0.06277471232966278	0.03191312073544907	0.0016496004018059804	0.2514023182744762	0.5502675168898192	1.0533244981296432	0.22309920380695902	0.004729411260328111	89.73552769774065	0.03433761046682
0.5878602803875719	0.01	0.007	0.007	0.007	0.01	0.04570542204182464	0.05041684997774296	0.06255304634205819	0.032116708682431445	0.0017089042950582908	0.2702632755510082	0.5861130955470378	1.134996434467384	0.24263881794235895	0.005111068236961135	89.09343179091067	0.03429413597382119
0.6265861102137359	0.01	0.007	0.007	0.007	0.01	0.0454325085944009	0.05002905915487434	0.06225153715595218	0.032254288018503476	0.0017714683704571268	0.28998696910349164	0.6234401477327031	1.2204596835252306	0.26326173058102736	0.005526907783037107	88.41821172929215	0.034248139487700696
0.6678566852703116	0.01	0.007	0.007	0.007	0.01	0.045118785628833986	0.04961872903701582	0.061874985806805116	0.0323274576792378	0.001836960903276343	0.31070639365879715	0.6624977730717442	1.3102630284760228	0.2850996640854598	0.005982699676172151	87.7042535859586	0.03419918839233696
0.7121903474220133	0.01	0.007	0.007	0.007	0.01	0.0447645835301133	0.04918151274156713	0.061425379468985054	0.03233688202536845	0.0019051373533221037	0.33261267741143824	0.7036374921018355	1.4052040700633246	0.30834542481016497	0.006486105170057456	86.9437272017349	0.0341466821098184
0.7600160706914769	0.01	0.007	0.007	0.007	0.01	0.044370262082515155	0.04871408801382625	0.060904547768518655	0.032282282471312186	0.001975428258544328	0.3558344821757206	0.7470858405031483	1.5058049209568876	0.33312410905688816	0.007044057427700489	86.13068875880023	0.034090130411905784
0.8101401439931631	0.01	0.007	0.007	0.007	0.01	0.04394950700894301	0.048228931614264774	0.06033273531050379	0.03216786388234621	0.0020448955007591613	0.37971657052525415	0.791603747172494	1.6091898276985623	0.3587154240645261	0.0076439266667561465	85.28673690765885	0.034030961536108385
0.8604427956890084	0.01	0.007	0.007	0.007	0.01	0.04352383006591413	0.04774689566845239	0.05974257128786956	0.032006998574183064	0.0021099174332926676	0.4032187632476839	0.8352529800110964	1.71082826802125	0.3839720582952459	0.008259780564927327	84.44809189979003	0.033971685104066146
0.9110174792952946	0.01	0.007	0.007	0.007	0.01	0.043095210909675795	0.04726711277741824	0.05914006727348825	0.031809221209399316	0.0021703633887319323	0.42638431880057903	0.8781216147522776	1.8108910567342278	0.4089079741775888	0.008891173178449988	83.6132250464992	0.033912192199461975
0.9616370831023031	0.01	0.007	0.007	0.007	0.01	0.042667366198258616	0.04679173886502446	0.05853286831194544	0.031583403436446576	0.0022258685399789693	0.44911188865939905	0.920028141188481	1.9089299320742625	0.43338790936025573	0.009533609695273653	82.78588126596676	0.03385275077926238
1.012415431394433	0.01	0.007	0.007	0.007	0.01	0.042240482162053526	0.046319687017015866	0.05792302230947841	0.031335495000658554	0.0022765818329266345	0.471457574913862	0.9610810751123916	2.0051807661974803	0.4574515187301695	0.010186860268180714	81.96416785368005	0.03379322762869538
1.063323624875991	0.01	0.007	0.007	0.007	0.01	0.04181553857608769	0.04585121872068509	0.05731321085000854	0.03107072040406852	0.0023225582760238147	0.4934129766966596	1.0012687190792329	2.0996037386197037	0.4810734966358019	0.01084895286640595	81.14854061763528	0.03373365733255481
1.1144399955628446	0.01	0.007	0.007	0.007	0.01	0.041392357408308114	0.04538561219387451	0.056704101102809296	0.030792703995783124	0.0023639960897566645	0.5150158490856895	1.0406631146523033	2.192359400588719	0.5042817555179426	0.011519376272292249	80.33774412999797	0.03367394909210365
1.16579662263642	0.01	0.007	0.007	0.007	0.01	0.04097099011291592	0.04492258917278489	0.056096425748427235	0.03050445354531307	0.002401068805893298	0.5362825013070834	1.0792960951225978	2.2835169094359524	0.5270838499692905	0.0121971050214381	79.53129490692703	0.033614066640853056
1.217459739954147	0.01	0.007	0.007	0.007	0.01	0.04055111262538245	0.0444615794812838	0.055490187423237636	0.03020812302170293	0.00243398328220251	0.5572420359485014	1.1172219851970753	2.37320072524124	0.5495031332575361	0.012881642397073735	78.72820066685287	0.03355393426212393
1.2694787356156834	0.01	0.007	0.007	0.007	0.01	0.040132486652607935	0.044002184670549886	0.05488537658146233	0.029905438811205554	0.002462932384729031	0.5779148759878394	1.1544785812437028	2.461498159685243	0.571555195108765	0.013572342030189595	77.9277676708262	0.03349349634976887
1.3219124486080882	0.01	0.007	0.007	0.007	0.01	0.03971476981495049	0.043543941460506226	0.05428173671977551	0.029597667184437498	0.002488109031924214	0.5983236215308472	1.1911069339443339	2.5485057049672153	0.5932591007359261	0.014268744878314643	77.12918867797254	0.03343268676749229
1.3748122079701517	0.01	0.007	0.007	0.007	0.01	0.03929766858523909	0.04308647182267422	0.053679013307841104	0.029285801782644387	0.0025096936571178093	0.6184863055285911	1.2271392387423918	2.6343000923295845	0.6146298886184588	0.014970344380725273	76.33180444020923	0.033371448571030464
1.428230725915804	0.01	0.007	0.007	0.007	0.01	0.03888087644946313	0.04262940373548362	0.05307688457501664	0.028970581674984675	0.0025278580416153336	0.6384200196163138	1.2626054336777988	2.7189537224798106	0.6356822126351903	0.015676695150332834	75.53496566397334	0.033309723669412025
1.4822166130602166	0.01	0.007	0.007	0.007	0.01	0.03846412314147534	0.04217241791156159	0.05247504700141011	0.02865257774570077	0.0025427626760692185	0.6581389161974598	1.2975296839321997	2.8025261398095807	0.6564280543327001	0.016387332014362307	74.73811449464361	0.03324745916771112
1.536817615192058	0.01	0.007	0.007	0.007	0.01	0.03804715255891764	0.041715218911151736	0.05187319361914405	0.028332215790754248	0.0025545583061249095	0.6776555519621084	1.3319328377447262	2.885069752286045	0.6768780216350322	0.017101805825563945	73.940734210083	0.03318460360891176
1.5920790146233574	0.01	0.007	0.007	0.007	0.01	0.03762973710706112	0.04125754787944964	0.05127104197716368	0.028009818855580813	0.0025633859434913936	0.6969804041942755	1.365831618622358	2.966627796736873	0.6970407463042264	0.017819656381072066	73.14237147171387	0.033121108808648825
1.6480450027369666	0.01	0.007	0.007	0.007	0.01	0.03721166821051502	0.04079917022188421	0.05066832557575664	0.027685624999327443	0.0025693778326953357	0.7161224638099448	1.3992397186616985	3.047236873922415	0.7169234376482173	0.01854042535867649	72.34261487139537	0.033056928265115526
1.7047584175578612	0.01	0.007	0.007	0.007	0.01	0.03679275890208141	0.04033987721020148	0.05006480123252028	0.027359809215594173	0.002572658031239905	0.7350892224248039	1.4321678135897924	3.126926918604372	0.7365318164787207	0.01926364853476539	71.5410977663674	0.03299201745678314
1.7622615033802578	0.01	0.007	0.007	0.007	0.01	0.03637283846190255	0.03987947931423939	0.04946024391253889	0.02703249520454913	0.0025733431214523756	0.7538870000953856	1.4646241676958995	3.2057226050990164	0.7558704162036063	0.019988861804605778	70.7374866742509	0.03292633297045886
1.8205960912167016	0.01	0.007	0.007	0.007	0.01	0.0359517513395335	0.03941780451397444	0.04885444697921072	0.026703767279094667	0.0025715427833621525	0.772521054795814	1.4966148490253	3.2836438284290086	0.7749426647818242	0.02071560006956812	69.93147834991153	0.03285983229948448
1.8798041741721985	0.01	0.007	0.007	0.007	0.01	0.035529353201780474	0.038954693643041466	0.04824721777211474	0.026373677512806764	0.002567360314495735	0.7909958050750192	1.528144132922026	3.360706655241396	0.7937510888953682	0.02144340133541173	69.12279167490695	0.03279247319593418
1.9399282619509166	0.01	0.007	0.007	0.007	0.01	0.03510550871402578	0.03848999775024184	0.04763837530875316	0.02604225222802509	0.0025608930639711516	0.8093149606725591	1.5592147381666475	3.4369238819984673	0.8122974263964232	0.022171808039622917	68.31116306190297	0.03272421328181834
2.0010119228393273	0.01	0.007	0.007	0.007	0.01	0.03468008813707854	0.03802357423766651	0.04702774602449813	0.02570949595470765	0.0025522327823161296	0.8274816931269295	1.589828123264988	3.512305752982123	0.8305827810572289	0.02290037058580837	67.49633971585317	0.03265500945380826
2.063100245071993	0.01	0.007	0.007	0.007	0.01	0.03425296471027652	0.03755528390896954	0.046415160467182505	0.025375394718572558	0.002541465902576722	0.8454987606438192	1.619984695830679	3.586860479445206	0.8486077307274584	0.023628649618626055	66.67807447680589	0.03258481738768272
2.126240474423523	0.01	0.007	0.007	0.007	0.01	0.033824011057276934	0.03708498697679546	0.045800448472641433	0.02503991753429294	0.002528673728302285	0.863368663785003	1.6496840643205992	3.660594877702021	0.8663724651548819	0.02435621998564203	65.85611883618655	0.03251359085210211
2.1904826141941505	0.01	0.007	0.007	0.007	0.01	0.03339309615901184	0.03661253971149107	0.04518343508202687	0.024703017514856845	0.0025139325598383796	0.8810937656384821	1.6789252192471382	3.7335148497555832	0.8838768853952155	0.02508267364904931	65.03021706418258	0.03244128107562268
2.2558802052427622	0.01	0.007	0.007	0.007	0.01	0.03296008145063505	0.036137790141662844	0.04456393516295396	0.02436463163186265	0.0024973137259427184	0.8986764369111601	1.7077067439528022	3.8056259555388166	0.90112072415156	0.02580762390969052	64.20009866996286	0.03236783592271156
2.322491204352678	0.01	0.007	0.007	0.007	0.01	0.032524816691964865	0.035660573514114065	0.04394174769211504	0.02402467976741906	0.0024788835326726975	0.9161191968232683	1.7360270039073251	3.8769339540982837	0.918103656267873	0.026530709711263145	63.3654704290138	0.03229319897410158
2.3903790795756428	0.01	0.007	0.007	0.007	0.01	0.03208713492229739	0.03518070675471591	0.04331664873407512	0.02368306262756816	0.0024587031009270007	0.9334248758514663	1.7638843545025515	3.947445418103347	0.9348254232019342	0.02725160103722274	62.52600664914997	0.032217308381677114
2.4596141511709204	0.01	0.007	0.007	0.007	0.01	0.031646846464153694	0.0346979818895256	0.042688383086378505	0.023339658579961457	0.002436828079138262	0.9505967979558877	1.7912773587906767	4.0171684076326475	0.9512859664630017	0.027970005260737934	61.68133760008478	0.03214009547113029
2.5302753176787576	0.01	0.007	0.007	0.007	0.01	0.031203731274342558	0.03421215765576049	0.04205665360997248	0.0229943189445558	0.002413308183980869	0.9676390050250996	1.8182050454626604	4.08611329005063	0.967485588524403	0.028685675348137183	60.831034753634896	0.03206148294341998
2.6024522866610034	0.01	0.007	0.007	0.007	0.01	0.030757529169127242	0.03372294878308436	0.04142110759547124	0.022646861435360648	0.002388186521033726	0.9845565343848834	1.8446672148432934	4.154293741195247	0.9834251465397557	0.029398420325435375	59.974591917668704	0.03198138255187756
2.6762485983854427	0.01	0.007	0.007	0.007	0.01	0.030307926526067817	0.033230011412642556	0.04078131820664565	0.022297060725972328	0.0023614985758671483	1.0013557920553702	1.870664846353579	4.221728087615693	0.9991063121208505	0.030108119746386868	59.11139957013663	0.03189969194880802
2.75178578233367	0.01	0.007	0.007	0.007	0.01	0.029854537982509297	0.03273292303088636	0.040136758942083045	0.02194463504861814	0.002333270736570554	1.0180450607245184	1.8962006465220294	4.288441126655757	1.0145319225657703	0.030814743736331064	58.24070953444145	0.03181629034642692
2.8292092885831908	0.01	0.007	0.007	0.007	0.01	0.029396880154326583	0.032231153654750974	0.03948676695215165	0.021589226579622388	0.0023035180898222725	1.0346352276899249	1.9212798357973182	4.354466735451088	1.0297064857784222	0.03151838210606817	57.36158425489069	0.0317310323147277
2.9086973229782447	0.01	0.007	0.007	0.007	0.01	0.028934332108181297	0.031724022493708155	0.03883048784120918	0.021230371605031512	0.0022722410307782336	1.0511408841121768	1.9459113498132978	4.419851822100804	1.0446369500620463	0.03221928877234283	56.4728205141872	0.03164373852367146
2.9904745876254615	0.01	0.007	0.007	0.007	0.01	0.02846607329186547	0.031210629897286405	0.03816678895189274	0.020867453375395664	0.0022394198639348584	1.0675820603322554	1.9701097588569692	4.484662583501146	1.059333931516774	0.03291795240813273	55.57282966286725	0.03155418131632755
3.074835000989489	0.01	0.007	0.007	0.007	0.01	0.027990979730112504	0.030689743545588066	0.03749411425781679	0.020499622970424927	0.002205005715172812	1.0839871523597124	1.993898557542448	4.548995105904989	1.0738138108987187	0.03361521630484816	54.65943734914456	0.031462060800624005
3.1621822667697104	0.01	0.007	0.007	0.007	0.01	0.02750743645094927	0.03015959279655678	0.03681022198652842	0.020125655990561826	0.0021689040797799475	1.100398261415232	2.0173162717173696	4.612994800515937	1.0881026125012403	0.0343124981365727	53.72952169552877	0.03136696206159532
3.253109809406963	0.01	0.007	0.007	0.007	0.01	0.027012963681625646	0.029617458854197174	0.03611166141877026	0.019743666587697165	0.002130942058122008	1.1168819362716274	2.040428945206954	4.676895685684001	1.1022439089846725	0.035012233829375364	52.77829236640773	0.03126827067290156
3.348587764993672	0.01	0.007	0.007	0.007	0.01	0.026503329620802787	0.02905870203187132	0.035392530011355616	0.01935042793348147	0.0020907910293164523	1.1335550155695717	2.0633608223266315	4.7411154694746624	1.116318162620163	0.035718949734406494	51.79757982618497	0.031164974532609847
3.4504697321252307	0.01	0.007	0.007	0.007	0.01	0.02597013445411464	0.028474112936521724	0.034641088185701864	0.018939521194624238	0.0020477559336338057	1.1506552130636771	2.0863786148565304	4.806515663641908	1.1304957818515537	0.03644219585498129	50.771177161263346	0.03105512630580644
3.5631879759097242	0.01	0.007	0.007	0.007	0.01	0.02539274418505594	0.02784106907863125	0.033828459189824696	0.018495156455187838	0.0020000700491457444	1.1687760062836998	2.110170752347881	4.875266080754794	1.145213075214137	0.03720630402729132	49.65928724008735	0.030934045593907323
3.67735009679614	0.01	0.007	0.007	0.007	0.01	0.02482106855197181	0.02721428952664573	0.03302501782784046	0.018055816874173757	0.0019518490493305916	1.1863105042196596	2.132554973633699	4.9412057930472875	1.1591288644043225	0.03794283329799398	48.55797239664245	0.030811895067521314
3.778659230268269	0.01	0.007	0.007	0.007	0.01	0.024324565244912794	0.026669926435475895	0.032328165543981414	0.017674763766311753	0.0019092148865998983	1.2012103646312537	2.1510398058331512	4.996747175089216	1.170681204417038	0.03856601362522483	47.60112103253522	0.03070390090718194
3.8769304348602516	0.01	0.007	0.007	0.007	0.01	0.023852461572176572	0.026152315386677553	0.03166638376986103	0.017312889033197106	0.0018680917049189963	1.2150940545495594	2.1677839453494467	5.048062853839385	1.1812022358975376	0.03914408678339932	46.69098152716732	0.030599506809195313
3.973554032918012	0.01	0.007	0.007	0.007	0.01	0.023397226388936796	0.025653198763479556	0.03102902184639056	0.01696436863538925	0.0018279479279656782	1.2282192457697805	2.1831542111808058	5.0961576185587045	1.1909161766823562	0.03968793181856633	45.81306995307473	0.030497209046475064
4.068764443007395	0.01	0.007	0.007	0.007	0.01	0.022957166467271698	0.02517071998234175	0.030413640221047204	0.016627868528669713	0.0017887262816948606	1.240661722203785	2.1972814391762823	5.141348555311381	1.1999008838348835	0.04020080981997018	44.96414657990883	0.030396741993052482
4.16280083728471	0.01	0.007	0.007	0.007	0.01	0.022530674556934784	0.024703116854048208	0.029817931271862268	0.016302126807187463	0.0017503599054470818	1.2524903139643946	2.210281162362843	5.183920542459241	1.208225365558273	0.040685687049280314	44.14113317313445	0.030297838650656213
4.25586159795075	0.01	0.007	0.007	0.007	0.01	0.02211642452807727	0.024248935426652938	0.029239990310609032	0.015986101898397276	0.0017127933334902946	1.2637621507357408	2.222249424639884	5.224110154567646	1.2159469810794143	0.041145037141186884	43.34149014655414	0.030200278256077163
4.348111282011689	0.01	0.007	0.007	0.007	0.01	0.02171331797266059	0.02380697142331451	0.02867823865389426	0.015678930498712603	0.0016759809018380503	1.274525028090711	2.2332668874260446	5.262115582497952	1.223113880846276	0.0415809405512289	42.56311439363662	0.030103878211621703
4.439687659445922	0.01	0.007	0.007	0.007	0.01	0.021320435884714783	0.02337621726209104	0.028131354383697727	0.015379889712614135	0.0016398847362166821	1.2848194050109079	2.2434021474320827	5.298104867653995	1.229766989431513	0.041995168483598695	41.80424669705757	0.030008486119260828
4.53070670678365	0.01	0.007	0.007	0.007	0.01	0.0209370036670602	0.02295582368910134	0.027598222161502876	0.015088369610002069	0.001604473321356324	1.2946798650136138	2.252714182333223	5.332221942144495	1.2359414654574057	0.04238924441188677	41.063404690387756	0.029913974102406083
4.62126660247518	0.01	0.007	0.007	0.007	0.01	0.020562363597856636	0.022545069591041016	0.02707789377866638	0.01480385165407485	0.001569720308216954	1.3041362506904584	2.2612542342109236	5.364591304096072	1.2416678270766137	0.04276449186849859	40.33933009691589	0.0298202342771802
4.711450897267591	0.01	0.007	0.007	0.007	0.01	0.020195953210150865	0.02214333829074645	0.026569557198751755	0.014525891772690544	0.0015356035429674253	1.3132145465997747	2.2690672670501773	5.39532164824101	1.2469728235506212	0.04312207163454099	39.630947291917536	0.029727175165530546
4.801331346681699	0.01	0.007	0.007	0.007	0.01	0.019837286999862612	0.02175009749204449	0.026072510435722347	0.01425410607409484	0.0015021041663429672	1.3219376007056607	2.2761931272811844	5.424508804585386	1.2518801319124568	0.04346301202337443	38.937328217992956	0.029634718526781612
4.890969956089917	0.01	0.007	0.007	0.007	0.01	0.019485942864574172	0.02136488441140373	0.02558614216374321	0.013988160243633765	0.0014692059760839872	1.3303256681662126	2.282667429736856	5.452237963906837	1.2564108878314364	0.04378823172342147	38.25766638330701	0.02954279705709243
4.980419420346066	0.01	0.007	0.007	0.007	0.01	0.019141555875721646	0.020987298949873865	0.02510992259909805	0.013727764557354744	0.0014368953444920051	1.3383967364919873	2.2885221838481744	5.478585096898667	1.2605840520316738	0.04409855383058711	37.59126500085498	0.029451353771953678
5.0697259030929915	0.01	0.007	0.007	0.007	0.01	0.018803803741183657	0.020616987754454665	0.024643382976933775	0.01347266265936449	0.0014051602599642664	1.3461670140813102	2.2937864722087515	5.503618845794958	1.2644168274541268	0.044394725927759594	36.93750901638098	0.029360339020293814
5.158929522942246	0.01	0.007	0.007	0.007	0.01	0.018472402059993533	0.020253639015419052	0.024186108670229727	0.013222627798852547	0.0013739902049510783	1.3536511547179604	2.29848686024358	5.527401483689381	1.2679249007931006	0.04467742964722445	36.29585604608119	0.02926970988038455
5.248065493998311	0.01	0.007	0.007	0.007	0.01	0.018147097569941966	0.019896975063078786	0.023737729591817396	0.01297745758156341	0.001343375788339116	1.3608625083318004	2.3026477799654748	5.549989918420791	1.2711226747700703	0.044947291064292856	35.66582340850678	0.029179428905332726
5.337164799757407	0.01	0.007	0.007	0.007	0.01	0.017827663636137872	0.01954674742150515	0.023297913744592953	0.012736970442757864	0.0013133085415235406	1.3678133019529846	2.306291825255164	5.571436434011896	1.2740234451230201	0.04520488824982469	35.046979474227264	0.029089463362099263
5.426254874059704	0.01	0.007	0.007	0.007	0.01	0.017513896082836062	0.019202732238602062	0.022866361286829	0.012501002401884651	0.0012837807105224724	1.374514798599787	2.3094400002141247	5.591789331855581	1.2766395505194943	0.045450757844206637	34.43893566450674	0.028999784477302566
5.515360081411338	0.01	0.007	0.007	0.007	0.01	0.017205610059110914	0.01886472684967583	0.022442800056445212	0.012269404615048357	0.0012547851162877234	1.3809774216020307	2.3121119199208175	5.611093438469055	1.2789824931656308	0.04568540021461428	33.84134043947448	0.028910366897721564
5.604502171209302	0.01	0.007	0.007	0.007	0.01	0.016902637243202363	0.01853254671231924	0.02202698158935392	0.012042041197673508	0.0012263150237148026	1.3872108620892336	2.3143259792809694	5.6293905403207996	1.2810630407348333	0.045909283884709266	33.25387393193747	0.028821188186553125
5.693700655240436	0.01	0.007	0.007	0.007	0.01	0.016604823526393205	0.01820602286704706	0.02161867782092164	0.01181878742072434	0.0011983640369652394	1.3932241682952413	2.316099493358761	5.646719745299047	1.2828913111252287	0.0461228492057987	32.67624350156543	0.02873222840508696
5.782973074681889	0.01	0.007	0.007	0.007	0.01	0.01631202724097096	0.01788499999446025	0.02121767855362151	0.011599528325896197	0.001170926030557314	1.3990258171457408	2.317448814192652	5.663117776559552	1.2844768426302655	0.04632651131206184	32.10818033670912	0.028643469811519783
5.8723353055807905	0.01	0.007	0.007	0.007	0.01	0.016024117401014646	0.01756933448646847	0.020823788958614947	0.01138415735938417	0.001143995069158272	1.4046237801452526	2.318389431152573	5.678619236557762	1.2858286549411437	0.04652066280485646	31.549436074913462	0.028554896526984185
5.961801708485347	0.01	0.007	0.007	0.007	0.01	0.015740972572793385	0.017258893207814114	0.0204368279533881	0.011172575484684255	0.001117565375844021	1.4100255722307886	2.3189360546163402	5.693256811421519	1.2869552990999065	0.046705675780170944	30.99978063975025	0.0284664943612529
6.051385413016623	0.01	0.007	0.007	0.007	0.01	0.015462479410077553	0.01695355189020535	0.020056626132570497	0.010964690051101665	0.0010916312604908583	1.4152383033189189	2.3191026891318054	5.707061472857518	1.2878649025938373	0.04688190389892196	30.458999422951173	0.02837825050871196
6.141098358423254	0.01	0.007	0.007	0.007	0.01	0.01518853204833103	0.01665319446812152	0.01968302488261606	0.010760414309585561	0.001066187120865951	1.4202687101846403	2.3189026948818854	5.720062617983863	1.2885652054765313	0.04704968373868096	29.9268921300299	0.02829015348899439
6.230951517536397	0.01	0.007	0.007	0.007	0.01	0.014919030988631118	0.016357711855157196	0.01931587480732022	0.010559666551756866	0.001041227390108895	1.4251231953869201	2.3183488419353786	5.732288221082426	1.2890635939781752	0.04720933635122505	29.403270632228523	0.028202192909251255
6.3209549600122115	0.01	0.007	0.007	0.007	0.01	0.014653882542099062	0.016067001334905566	0.018955034925680157	0.01036236967124678	0.001016746530983177	1.4298078533827459	2.3174533570472664	5.743764945053366	1.2893671283476842	0.047361168355397325	28.887957904167774	0.02811435938723902
6.411117986835238	0.01	0.007	0.007	0.007	0.01	0.014392998106072488	0.015780965767363937	0.01860037164618124	0.01016845060280016	0.0009927390100655585	1.4343284978045496	2.3162279644387422	5.754518250468815	1.2894825678591941	0.04750547304259747	28.380786632443264	0.0280266444064458
6.501449169289284	0.01	0.007	0.007	0.007	0.01	0.014136293765441319	0.015499513151846459	0.018251758188872886	0.009977840006225877	0.0009691992979959268	1.4386906812874891	2.31468392240944	5.764572481318496	1.2894163925343252	0.04764253121584975	27.881598454170962	0.02793904026625919
6.591956459652863	0.01	0.007	0.007	0.007	0.01	0.013883689719835805	0.015222555998960998	0.01790907377492104	0.009790471823217359	0.000946121850350029	1.4428997169239992	2.3128320548859813	5.773950950441273	1.2891748225879573	0.04777261206088664	27.390242855379462	0.027851539963681088
6.682647236213799	0.01	0.007	0.007	0.007	0.01	0.013635109933599444	0.014950010946845513	0.017572203122974594	0.009606283001935965	0.0009235011060158216	1.4469606945873046	2.3106827800724212	5.782676008870794	1.288763835594828	0.04789597383475223	26.90657650100732	0.027764137140315732
6.773528354302388	0.01	0.007	0.007	0.007	0.01	0.013390481792524079	0.014681798384818633	0.017241035957801788	0.00942521322830832	0.0009013314835658476	1.4508784961164822	2.308246136024316	5.790769109403634	1.288189181927925	0.048012864504144735	26.43046257688004	0.02767682602445135
6.864606197468617	0.01	0.007	0.007	0.007	0.01	0.013149735783628148	0.014417842102293542	0.016915466553112213	0.009247204676019851	0.0008796073774562026	1.4546578091705762	2.3055318034549774	5.798250864165438	1.2874563985939658	0.04812352232828052	25.961770175398676	0.027589601373971876
6.955886722831014	0.01	0.007	0.007	0.007	0.01	0.012912805212220695	0.014158068978571744	0.01659539332754429	0.009072201785581636	0.0008583231556180006	1.4583031396276236	2.3025491262184237	5.805141096249865	1.2865708216682339	0.04822817638425911	25.500373752772504	0.027502458425787222
7.04737550666229	0.01	0.007	0.007	0.007	0.01	0.012679625937924537	0.013902408693422769	0.016280718468711916	0.008900151058742969	0.0008374731570201961	1.4618188229205833	2.2993071295816097	5.81145888656077	1.2855375974494405	0.048327047048305066	25.046152622240104	0.027415392845889668
7.139077759838459	0.01	0.007	0.007	0.007	0.01	0.012450136204086923	0.013650793540053788	0.015971347685389683	0.008731000922967958	0.000817051696007407	1.4652090332954608	2.2958145376723285	5.817222614439129	1.2843616928567128	0.048420346406588495	24.59899062839885	0.027328400708803574
7.230998349379064	0.01	0.007	0.007	0.007	0.01	0.012224276461944506	0.013403158232327909	0.015667189954143228	0.008564701592877541	0.0007970530646870753	1.4684777926296089	2.292079789292196	5.822449995647038	1.28304790493291	0.04850827864529987	24.15877581073913	0.027241478471585007
7.323141826197584	0.01	0.007	0.007	0.007	0.01	0.012001989190720893	0.013159439707522268	0.01536815726203187	0.008401204929546538	0.0007774715336708924	1.4716289788039596	2.2881110520902515	5.827158117690135	1.2816008694532244	0.04859104041943423	23.72540005866137	0.02715462294238481
7.415512471449574	0.01	0.007	0.007	0.007	0.01	0.011783218685987404	0.01291957689428916	0.015074164308251594	0.00824046427735392	0.0007583013489488613	1.4746663340216246	2.283916234528986	5.831363472998662	1.2800250684245502	0.04866882120996758	23.298758703992767	0.027067831232082458
7.50811427571621	0.01	0.007	0.007	0.007	0.01	0.011567911018882524	0.01268351066794716	0.014785128436851133	0.008082434427174887	0.0007395367427132785	1.4775934703038816	2.279502999650256	5.835081986297865	1.278324838003723	0.04874180359934965	22.87875044614749	0.026981100769575134
7.6009509794640735	0.01	0.007	0.007	0.007	0.01	0.011356013855048912	0.012451183651966123	0.014500969381801294	0.007927071476978293	0.0007211719309254297	1.4804138766209225	2.2748787752399657	5.838329043019356	1.2765043748934755	0.048810163583321235	22.465277003382578	0.026894429259588137
7.694026089219422	0.01	0.007	0.007	0.007	0.01	0.011147476341237134	0.012222540093641442	0.014221609104221282	0.007774332742813134	0.00070320111599041	1.4831309247102273	2.270050764054571	5.8411195143063175	1.2745677425468818	0.0488740708412313	22.05824289554661	0.026807814663788617
7.787342862902806	0.01	0.007	0.007	0.007	0.01	0.01094224906621131	0.01199752582123329	0.013946971729964992	0.007624176724667592	0.0006856184950075778	1.4857478736472935	2.265025954912965	5.843467779508047	1.272518877585414	0.04893368897109299	21.657555371541772	0.026721255210759808
7.880904369461991	0.01	0.007	0.007	0.007	0.01	0.010740283862091155	0.011776088026159625	0.013676983274364464	0.007476562955958882	0.0006684182536454809	1.4882678762085513	2.2598111291612017	5.84538774920339	1.2703615942203497	0.04898917576026132	21.26312402499231	0.02663474933713544
7.974713437121145	0.01	0.007	0.007	0.007	0.01	0.010541533856584852	0.011558175320266288	0.013411571703528937	0.007331452037033929	0.0006515945807821315	1.490693981777168	2.254412872446598	5.846892883913482	1.2680995907183432	0.04904068337128691	20.874860899444453	0.026548295732297562
8.068772719570395	0.01	0.007	0.007	0.007	0.01	0.010345953272423608	0.011343737515928456	0.01315066665816443	0.007188805484156789	0.0006351416610449432	1.4930291422222295	2.2488375794639435	5.8479962142821424	1.2657364528822626	0.04908835858939515	20.49268009968585	0.026461893273987274
8.163084656543983	0.01	0.007	0.007	0.007	0.01	0.010153497458209199	0.011132725659873593	0.012894199487312612	0.007048585747942738	0.0006190536863810869	1.4952762146963292	2.2430914640833715	5.848710358001849	1.2632756596724668	0.04913234299753738	20.116497854792172	0.02637554106165085
8.25765151547614	0.01	0.007	0.007	0.007	0.01	0.009964122751468265	0.01092509188303536	0.012642103058593757	0.006910756109599211	0.0006033248529972809	1.4974379662927442	2.237180564318016	5.849047536961057	1.2607205865839928	0.04917277318613184	19.74623225316519	0.02628923837521191
8.352475370732504	0.01	0.007	0.007	0.007	0.01	0.009777786474783558	0.010720789396313324	0.012394311746483096	0.006775280674505234	0.000587949368954911	1.4995170769434105	2.231110750549864	5.849019592701509	1.2580745103338047	0.04920978092240741	19.38180323742008	0.02620298469128554
8.447558126741443	0.01	0.007	0.007	0.007	0.01	0.00959444684534979	0.01051977239141112	0.012150761305682338	0.00664212430296898	0.0005729214541292556	1.5015161431715534	2.2248877306774113	5.848638001332427	1.2553406121665505	0.04924349333217426	19.023132429870934	0.026116779659288845
8.54290150344158	0.01	0.007	0.007	0.007	0.01	0.009414062962099758	0.010321996026722867	0.011911388848140044	0.006511252597654343	0.000558235346147814	1.5034376808218581	2.218517057269764	5.847913887565129	1.252521981974467	0.04927403305859937	18.670143109534337	0.026030623111967088
8.638507065965317	0.01	0.007	0.007	0.007	0.01	0.009236594710101565	0.010127416322514873	0.011676132710577982	0.006382631831144494	0.0005438852992054521	1.50528412855774	2.212004131481279	5.846858037823108	1.2496216209437614	0.049301518429694526	18.322760027134283	0.025944515035887614
8.734376203795684	0.01	0.007	0.007	0.007	0.01	0.009062002764064943	0.00993599016477128	0.011444932453997594	0.006256228945663509	0.0005298655905841702	1.507057850161948	2.2053542099796855	5.8454809129303	1.2466424454820462	0.049326063602020125	17.980909413873306	0.025858455587750555
8.830510135171686	0.01	0.007	0.007	0.007	0.01	0.008890248544346748	0.009747675256959592	0.01121772880036025	0.006132011518449468	0.0005161705229489693	1.5087611372512726	2.1985724099602604	5.843792660149863	1.2435872902669325	0.04934777870812281	17.64451889717287	0.025772445087778175
8.92690993076416	0.01	0.007	0.007	0.007	0.01	0.008721294141987244	0.0095624300378407	0.010994463528737765	0.00600994770496971	0.000502794423917782	1.5103962121694567	2.1916637124731855	5.841803124150416	1.2404589104898904	0.04936677000128874	17.313517355589127	0.02568648399603195
9.023576499168048	0.01	0.007	0.007	0.007	0.01	0.008555102314975511	0.009380213677375376	0.010775079466069457	0.00589000623386039	0.0004897316510219132	1.511965230058496	2.184632968152308	5.839521857988133	1.2372599851416344	0.04938313998535478	16.987834913086065	0.025600572923034977
9.120510559327041	0.01	0.007	0.007	0.007	0.01	0.008391636504767345	0.009200986094835936	0.010559520504647472	0.00577215641647881	0.0004769765978710072	1.5134702806932792	2.17748490378421	5.836958134235887	1.2339931206670205	0.04939698754056259	16.667402973005643	0.025514712651694183
9.217712715872915	0.01	0.007	0.007	0.007	0.01	0.008230860680262608	0.009024707787742437	0.010347731392302011	0.0056563680321872	0.0004645236866542975	1.514913391821877	2.170224121081057	5.8341209529566935	1.2306608510303838	0.04940840805976168	16.3521539137306	0.025428904068035958
9.315183399588115	0.01	0.007	0.007	0.007	0.01	0.008072739414238446	0.008851339915665165	0.010139657829616169	0.005542611381495864	0.00045236737852520593	1.516296530240652	2.1628551050871057	5.831019052497218	1.2272656421410784	0.04941749355807034	16.042021239821075	0.025343148211755994
9.412922878459524	0.01	0.007	0.007	0.007	0.01	0.007917237838371009	0.008680844250911576	0.009935246406994403	0.005430857251651347	0.0004405021742493573	1.5176216039550239	2.1553822272992327	5.827660918318418	1.223809893854617	0.049424332791346455	15.736939495177511	0.025257446263918702
9.510931268905292	0.01	0.007	0.007	0.007	0.01	0.007764321601327073	0.008513183132578084	0.009734444546136154	0.005321076884633643	0.00042892261492288636	1.5188904642148078	2.1478097485310546	5.82405479125353	1.2202959418236266	0.049429011369002344	15.43684418208073	0.025171799534707356
9.60920854717759	0.01	0.007	0.007	0.007	0.01	0.007613956829797566	0.00834831942382747	0.009537200445716156	0.005213241947453803	0.0004176232827632764	1.5201049074331774	2.1401418215407833	5.820208675234291	1.2167260592100066	0.049431611861540166	15.141671685869778	0.025086209451225926
9.707754521677792	0.01	0.007	0.007	0.007	0.01	0.007466110150682226	0.0081862165362131	0.009343463107478706	0.005107324546414908	0.0004065988062786812	1.5212666765456777	2.132382496546853	5.816130346191567	1.2131024597211975	0.04943221390330539	14.85135931958529	0.02500067757937612
9.806568857414732	0.01	0.007	0.007	0.007	0.01	0.007320748633455686	0.008026838366489304	0.009153182257721833	0.005003297184181919	0.00039584385926257765	1.5223774629661913	2.1245357225538837	5.811827358679516	1.2094272986816872	0.049430894293930494	14.565845211890805	0.024915205600221726
9.905651067924373	0.01	0.007	0.007	0.007	0.01	0.007177839784302762	0.007870149290181726	0.008966308336918732	0.004901132754103208	0.0003853531634950463	1.523438908057248	2.116605351053402	5.807307053396219	1.2057026751888777	0.04942772709493333	14.285068296529493	0.02482979531479372
10.0	0.01	0.007	0.007	0.007	0.01	0.007044356372319407	0.0077237943892361025	0.008791938127857554	0.0048058044543873015	0.00037562709737820924	1.52440276326456	2.1089996489607983	5.802819267627598	1.2021213495492717	0.049423073621543225	14.022736698169574	0.024748737341529124
