0.0	0.01	0.007	0.007	0.007	0.01	0.0	0.0	0.0	0.0	0.0	0.0	0.0	0.0	0.0	0.0	100.0	0.035
0.006387815124326086	0.01	0.007	0.007	0.007	0.01	0.0025553823302810526	0.006141747465441978	0.0029605868819993953	0.0010984488924916439	0.0002962888159747728	0.00010445033911577771	0.0004947154451786073	0.0004008610662703301	7.143340840454646e-5	7.687346227527216e-6	99.87651321897174	0.03499225238955736
0.010962327477240283	0.01	0.007	0.007	0.007	0.01	0.004290953153005114	0.010094869293614537	0.004988083470306111	0.0018641853643929407	0.0004743900561272399	0.000302994333725667	0.0014145252650592528	0.0011654057799865972	0.00020867996165507623	2.160338123782071e-5	99.78817422255987	0.034986705139516336
0.017558804933772234	0.01	0.007	0.007	0.007	0.01	0.006662377141643767	0.01521062612281646	0.007781725670792743	0.002938501191064815	0.000689576995027214	0.0007607033758979799	0.0034801345282973782	0.0029350588985547917	0.0005291835134597052	5.19031409407873e-5	99.66092635065742	0.03497870751610617
0.02399886656576855	0.01	0.007	0.007	0.007	0.01	0.008836055299392446	0.01960972665981128	0.01036766251858769	0.003954203535517184	0.0008602105816028552	0.0013916052801654503	0.006245725971229067	0.005385389661650952	0.0009774179895102129	9.11337104749136e-5	99.53685232292051	0.03497090129619746
0.031493897805419765	0.01	0.007	0.007	0.007	0.01	0.011200777618542828	0.024079875925129276	0.01321037826445305	0.005096317933684398	0.0010192326577570902	0.0023394723357185497	0.010276377226706105	0.009084424702208979	0.0016613233304109728	0.00014640424457527875	99.39264776595402	0.03496181850493214
0.03931350076768538	0.01	0.007	0.007	0.007	0.01	0.01349119416832099	0.02809537805326874	0.015995326845015746	0.0062434954238305895	0.001149027817435635	0.0035559118073982877	0.015285955203229434	0.013855852998615638	0.0025536918168372552	0.00021277026406288694	99.24242112137382	0.034952344898584065
0.04782184110511142	0.01	0.007	0.007	0.007	0.01	0.015793156068452677	0.03181872694071192	0.01882807799955318	0.007441924680539487	0.0012576272465491078	0.005122892676747439	0.021531015934692848	0.020034825166764456	0.0037233241006565587	0.00029275545951923875	99.07922069587578	0.0349420397891979
0.05678230066253011	0.01	0.007	0.007	0.007	0.01	0.0180195390670952	0.035120785265442905	0.021602487669435868	0.00864984390317256	0.0013438007103801727	0.007024686425833698	0.028861195260223318	0.027574973989060995	0.005168792433431763	0.00038360781531167863	98.90763820709925	0.03493119036797247
0.06630254566351029	0.01	0.007	0.007	0.007	0.01	0.020180679233096126	0.038043422603939496	0.024330515669520405	0.009874426753049849	0.001411481688040679	0.009303006068519097	0.03735254001627007	0.036657871473770094	0.006933012769667781	0.0004856222976206072	98.72566202582631	0.034919666843435046
0.07631201655457667	0.01	0.007	0.007	0.007	0.01	0.022245319975023256	0.04057377675756243	0.02697079014769692	0.01109888965427423	0.001462969556929977	0.011957905633968487	0.046921001879113036	0.04730068234086168	0.00902847150181017	0.0005972672525662415	98.53469551052949	0.034907555248120184
0.086849866954996	0.01	0.007	0.007	0.007	0.01	0.024209809677649557	0.04274185980459097	0.029515171590790618	0.012320594106428369	0.001501287527932112	0.01501184437854349	0.05756835441478614	0.05961007132840567	0.011486129599210967	0.0007182008723454866	98.33404740262435	0.034894808845703305
0.09790612870649139	0.01	0.007	0.007	0.007	0.01	0.026062172028819035	0.04456983361272089	0.03194339113594105	0.013530669226150323	0.0015289268124200532	0.018471543811030614	0.06924315645991524	0.07362910697091246	0.014325506276480804	0.0008476017841809614	98.12396759064973	0.0348814403852139
0.10950857943853826	0.01	0.007	0.007	0.007	0.01	0.02779896781455001	0.04609018969008662	0.03424472414142679	0.014724262333074991	0.0015481867866226123	0.02235232428971445	0.08192828702915474	0.08943421661208847	0.017573888477848694	0.0009851622996093204	97.90399225311846	0.034867417018393444
0.1216747972579638	0.01	0.007	0.007	0.007	0.01	0.029416033215156095	0.047334056141751485	0.036406014530101345	0.01589484478135955	0.0015609821552530958	0.02666459605127708	0.09559469026470166	0.10707971603125417	0.02125524202751116	0.001130543413667373	97.67385788689548	0.034852718306674114
0.1344384389359571	0.01	0.007	0.007	0.007	0.01	0.030912301466936756	0.04833375596699845	0.038416704463182176	0.01703682321546345	0.0015689200404269904	0.03142274847446276	0.11023107799111939	0.12663278557718138	0.025397407153506326	0.001283680127305283	97.43300417206967	0.03483730447284967
0.1478349153285574	0.01	0.007	0.007	0.007	0.01	0.03228732373994175	0.04911988025690957	0.04026554667108843	0.018143879905376716	0.0015733154269283373	0.036640708881838346	0.12582931615263446	0.14815401115751914	0.030028175812251996	0.001444604622863183	97.1808474732733	0.0348211337371811
0.16190960610842517	0.01	0.007	0.007	0.007	0.01	0.03354200108373116	0.04972133406605482	0.04194157439388487	0.019209541842194425	0.0015752498673612687	0.04233520263504197	0.14239428064454185	0.17170907889436018	0.03517786310586157	0.0016135362633752921	96.9166279511751	0.03480415242224709
0.17671377300989288	0.01	0.007	0.007	0.007	0.01	0.034677850708923874	0.050164558798918214	0.0434331196992579	0.020226628473364528	0.0015756237642657678	0.04852442697334296	0.15993934398156212	0.1973612620637782	0.040877839336717604	0.001790825699380357	96.63948936335369	0.03478629992016891
0.19230730841959617	0.01	0.007	0.007	0.007	0.01	0.03569706657467033	0.050473427657628744	0.04472792681070003	0.021187299027977242	0.0015752108798314298	0.05522924665452685	0.17848943219257254	0.22517381228787928	0.04716118238286984	0.001976983960209519	96.34843051359837	0.03476750541285443
0.20875747794113536	0.01	0.007	0.007	0.007	0.01	0.03660226015353387	0.05066910159986502	0.045812900396624626	0.022082822871204034	0.0015747073432598848	0.062472692810453354	0.19807913085318232	0.2552047740935591	0.054061655394189806	0.002172667893770881	96.0423324020665	0.03474768943171962
0.22613922325097713	0.01	0.007	0.007	0.007	0.01	0.03739640698539918	0.050770073194271695	0.046674232456471926	0.02290353090900859	0.0015747742741617507	0.0702799854872824	0.21875242349243926	0.2875033423819207	0.06161295583085835	0.002378689927306576	95.71995647816554	0.034726763539962346
0.24453307144472355	0.01	0.007	0.007	0.007	0.01	0.038082741452499146	0.050792267796562235	0.04729764169726149	0.023638744225005486	0.0015760724857598893	0.07867739010678587	0.24055945209131988	0.32210079832765187	0.06984659617213716	0.002596006037297784	95.37998763155382	0.03470463290100939
0.2640214923443236	0.01	0.007	0.007	0.007	0.01	0.03866473191800978	0.050749229174298825	0.0476690007386008	0.024276844300941267	0.001579288039429302	0.08769021822709992	0.2635514162926456	0.3589975726317404	0.07878861358398696	0.00282569308244431	95.0211053678736	0.03468120070917164
0.2846814564437265	0.01	0.007	0.007	0.007	0.01	0.03914610533935656	0.0506523712477273	0.04777546510760872	0.024805525976124485	0.0015851466595191565	0.09733895296894758	0.28777116080739024	0.398142944565232	0.08845407191857406	0.0030688892493694387	94.64212340031649	0.03465637717114135
0.3065733849834397	0.01	0.007	0.007	0.007	0.01	0.03953099268631069	0.050511289758928025	0.04760732197191311	0.025212414620237638	0.0015944140245383884	0.10763363240827761	0.3132400215723647	0.4394093865986922	0.09883954905507973	0.003326698411520123	94.24219182764024	0.03463009278093401
0.32972969401242125	0.01	0.007	0.007	0.007	0.01	0.03982422077423815	0.05033408379818163	0.047160491944588705	0.025486187166799113	0.0016078807125892204	0.11856816598682082	0.33994502774018864	0.4825704371813192	0.1099156125432348	0.003600091151512685	93.82100106498517	0.03460231201596266
0.35415109056220295	0.01	0.007	0.007	0.007	0.01	0.04003166541567723	0.05012758583710421	0.04643897032907081	0.025618093765654864	0.0016263392158275386	0.1301186884093164	0.3678359370843556	0.5273000695533895	0.12162403154734815	0.0038898910033099052	93.37883889471179	0.03457303766314979
0.37981720871935004	0.01	0.007	0.007	0.007	0.01	0.040160407004240506	0.04989742279492024	0.04545593826801176	0.025603325367669228	0.0016505718968536157	0.14224920357769147	0.3968389554460252	0.5732051771863415	0.133883580121821	0.004196919930950333	92.9163860634357	0.03454229793294632
0.40670577808574854	0.01	0.007	0.007	0.007	0.01	0.04021846422379666	0.04964798264213578	0.04423289058526318	0.025441575893189128	0.0016813655248894268	0.15492155841979183	0.42687934253187687	0.6198754122975885	0.14660140054075677	0.004522241245636723	92.43436336997928	0.03451012341521478
0.43480607350788963	0.01	0.007	0.007	0.007	0.01	0.04021421417871734	0.049382460951825864	0.04279757210697269	0.02513674716317316	0.001719546967932322	0.16810259246760234	0.4578962687224776	0.6669195116593337	0.15968208537368211	0.004867342942201846	91.93329040941741	0.03447653098644931
0.4641191039722114	0.01	0.007	0.007	0.007	0.01	0.04015582809900938	0.04910306842207776	0.041182012249680995	0.02469632075733228	0.0017660195552676931	0.18176470878612705	0.48984212846083297	0.713974660892484	0.17303024516855325	0.005234175434555526	91.41348683872475	0.034441523642487606
0.4946441979324856	0.01	0.007	0.007	0.007	0.01	0.04005094950937623	0.048811374306386074	0.03942141314085708	0.02413092900929595	0.0018217760717478889	0.19587989695690897	0.5226672265888065	0.7606931552406825	0.18654681736627313	0.005625027358887592	90.8753135276003	0.03440510656194957
0.5263532169487156	0.01	0.007	0.007	0.007	0.01	0.03990666649331136	0.048508740127299284	0.03755399429756218	0.02345439029879556	0.0018878623780077212	0.2104082483751842	0.5562926192080107	0.8067157181727571	0.2001210441113218	0.006042222311398397	90.31962181320593	0.034367317808420964
0.559159309295863	0.01	0.007	0.007	0.007	0.01	0.039729696689753104	0.04819675769942619	0.035621113440398686	0.022684060574620322	0.0019652763404901705	0.22528468594289197	0.5905797508639165	0.8516485631607815	0.21362285154863297	0.00648767412046817	89.74828031062826	0.03432826531747134
0.5929035437802505	0.01	0.007	0.007	0.007	0.01	0.0395265437463692	0.047877466455293644	0.033665908514055126	0.02184067420604431	0.00205484252718366	0.24041471885769847	0.6253214946673006	0.8950762959423176	0.22690585007432768	0.006962570880439154	89.16437085031752	0.034288142356268564
0.627379896483806	0.01	0.007	0.007	0.007	0.01	0.039303366632953224	0.047553171163114104	0.03172941003260846	0.020946797657580597	0.0021571523856005947	0.25568766403328147	0.6602732553346203	0.9366220570381757	0.23982607119031235	0.0074675092341003725	88.57171613775796	0.03424719731599475
0.6623863184122639	0.01	0.007	0.007	0.007	0.01	0.03906559391774445	0.04722600068666288	0.029845771961578	0.02002423017286413	0.0022726155027861378	0.2710004029439765	0.6952075551963776	0.9760174314649461	0.25226615836928995	0.008003039023175453	87.97397985289133	0.03420567277874149
0.6977571337805282	0.01	0.007	0.007	0.007	0.01	0.0388176550634652	0.04689764235754434	0.028039949065214897	0.019092004782896414	0.0024015313869690663	0.286271255155887	0.7299454149470659	1.0131236206089909	0.2641459986010153	0.008570061972565698	87.37411853187746	0.034163767135749167
0.7333681390357204	0.01	0.007	0.007	0.007	0.01	0.038562971344090945	0.046569328507523725	0.026328080436383624	0.018165614752040978	0.002544120778117932	0.3014409996921734	0.7643583233536393	1.0479102344720528	0.2754197710323884	0.009169912707450411	86.7743156993951	0.03412162879022939
0.7691304390433453	0.01	0.007	0.007	0.007	0.01	0.03830409183293483	0.04624191970857006	0.024719049490385336	0.017257032052515688	0.002700529802785722	0.3164689109101132	0.7983590366969108	1.0804234687228313	0.28606842496628687	0.009804295344377741	86.17610832371712	0.03407936372426322
0.8049827513130203	0.01	0.007	0.007	0.007	0.01	0.03804286605631708	0.045915993952849586	0.023216229256363966	0.016375079356760202	0.002870826113762957	0.33132835514703624	0.8318915461901566	1.110758531629384	0.2960923229071857	0.010475195549328967	85.58053478296154	0.034037044828607754
0.8408854655481233	0.01	0.007	0.007	0.007	0.01	0.037780600488652345	0.04559191354255072	0.021819017305696724	0.015525909309634971	0.003054997902689733	0.3460033912987767	0.8649234070309226	1.1390395299475837	0.3055054048130258	0.011184815695366293	84.98824872328944	0.033994719101497615
0.8768163743550861	0.01	0.007	0.007	0.007	0.01	0.03751818646114107	0.0452698726694994	0.02052408286827642	0.014713492067564062	0.003252957222072052	0.3604862871871995	0.8974401667233783	1.1654054728409264	0.3143307572897813	0.011935534751586834	84.39960145633917	0.033952412830656156
0.9127676270143054	0.01	0.007	0.007	0.007	0.01	0.03725619976179939	0.044949931310537684	0.01932633506976745	0.013940065779556778	0.0034645469895680436	0.3747757085674494	0.9294413121768148	1.1900007884615402	0.32259730208072146	0.01272988856361867	83.81470145918767	0.03391013530094271
0.9487434712968824	0.01	0.007	0.007	0.007	0.01	0.03699497662408739	0.04463204034264559	0.018219650967398936	0.013206531978322458	0.003689550148640234	0.3888753572161434	0.9609372196802053	1.2129690291232118	0.3303373348902367	0.013570564830263764	83.23345895976502	0.03386788155023614
0.9847585528202172	0.01	0.007	0.007	0.007	0.01	0.03673467083130127	0.04431606054165544	0.017197405386427115	0.012512789484985956	0.003927699861817062	0.4027929311030529	0.9919468192269033	1.2344488472110053	0.33758472283310426	0.014460409618659735	82.65561994213037	0.03382563445171934
1.0208366713784245	0.01	0.007	0.007	0.007	0.01	0.03647529587833376	0.04400177675232853	0.01625284251596524	0.011858007391385515	0.004178690136788439	0.416539339470765	1.0224958223378895	1.2545715955105206	0.3443736179220349	0.015402444397633342	82.08079164049192	0.03378336624610672
1.0570098937203596	0.01	0.007	0.007	0.007	0.01	0.0362167557602733	0.04368890839408983	0.015379326544106732	0.011240843027311476	0.004442186223536506	0.4301281112476298	1.0526153760035246	1.2734600489627057	0.35073756232085446	0.01639989226230731	81.5084615000538	0.03374103964625868
1.0933181184092606	0.01	0.007	0.007	0.007	0.01	0.035958866032746145	0.04337711569875084	0.014570498847649101	0.010659609962571133	0.004717835538712811	0.4435750130306271	1.0823411778138556	1.2912279622022218	0.35670891364805046	0.017456217360266688	80.93800841981523	0.03369860840642738
1.129809027053633	0.01	0.007	0.007	0.007	0.01	0.03570136746536969	0.04306600247303045	0.013820368743843197	0.010112405311581972	0.005005278891020337	0.4568978316506114	1.1117129497480833	1.3079801613861448	0.3623184993083866	0.01857517821706671	80.3687076822798	0.03365601743776793
1.1665385625886024	0.01	0.007	0.007	0.007	0.01	0.035443932725349764	0.04275511439455935	0.013123354849079305	0.00959720216118364	0.005304163302200869	0.4701163540074255	1.1407743389632001	1.3238130390320089	0.3675954572225456	0.019760902251950745	79.79972772942615	0.03361320231063613
1.2035719992851612	0.01	0.007	0.007	0.007	0.01	0.03518616677600003	0.04244393255157263	0.012474292355766284	0.009111914224791568	0.005614157218478088	0.4832525451208085	1.1695732412110345	1.338815313405725	0.37256721232610435	0.021017988463718364	79.23011823513968	0.03357008807444141
1.24098586447673	0.01	0.007	0.007	0.007	0.01	0.034927600105624415	0.042131860347264447	0.011868414900421677	0.008654436826769009	0.005934970400176	0.49633099104130324	1.1981626842431405	1.3530690195502277	0.37725957014231815	0.022351653766786144	78.65878601807472	0.033526587099930186
1.2788710684994167	0.01	0.007	0.007	0.007	0.01	0.034667673166523645	0.04181820123183597	0.011301317209986178	0.008222667676530813	0.006266381512052632	0.509379695702946	1.2266024521677228	1.3666507235045544	0.3816969142388477	0.02376794616781544	78.0844541311677	0.03348259554039998
1.3173379168586872	0.01	0.007	0.007	0.007	0.01	0.0344057082762198	0.04150212232528216	0.010768900221416144	0.007814508331049536	0.0066082788593399165	0.522431412550936	1.2549618236267017	1.37963303298261	0.38590251866448194	0.025274066169074315	77.50559506205923	0.03343798764560405
1.3565243942129628	0.01	0.007	0.007	0.007	0.01	0.034140860631890584	0.04118259356441457	0.010267293683448187	0.0074278426265682535	0.00696072542715871	0.5355258995218407	1.2833242323030556	1.3920866321954326	0.3898990320231229	0.026878877903661454	76.92031901858712	0.033392606343922236
1.3966104633436156	0.01	0.007	0.007	0.007	0.01	0.033872031636473204	0.04085828189856093	0.0097927424528795	0.007060481868323576	0.007324070177218496	0.5487138657917577	1.3117954483412637	1.404083305665648	0.39370925598633727	0.02859377164030058	76.32617972154468	0.03334624696475146
1.4378447643358139	0.01	0.007	0.007	0.007	0.01	0.03359770489701004	0.040527352571774394	0.009341418271357031	0.006710047917391018	0.007699157127829485	0.5620644226964012	1.3405190629188513	1.4157010998991986	0.39735753578822863	0.030434247342039842	75.71980969515415	0.033298626812201255
1.4806003850361362	0.01	0.007	0.007	0.007	0.01	0.03331560085488107	0.04018705189094358	0.008909052521824473	0.0063737142775597555	0.008087768008248074	0.5756807993642017	1.369709224725513	1.4270346766985842	0.40087261922191414	0.03242317712235537	75.09615459613573	0.033249321549528386
1.5255133281252709	0.01	0.007	0.007	0.007	0.01	0.03302181406582135	0.03983266613599285	0.00849004330728756	0.006047538489185856	0.008493740012687798	0.5897397361928873	1.3997328904522877	1.4382208754474943	0.4042948197887354	0.03459879918045111	74.44656288649706	0.03319760711164881
1.573946445161303	0.01	0.007	0.007	0.007	0.01	0.03270790683486294	0.039454015504992515	0.008074426601097631	0.005724143365733187	0.008926780024389147	0.6046247891759973	1.431388831764525	1.4495257400339385	0.40770066761827667	0.03704112845214475	73.75235316238091	0.03314192954817067
1.6301065489197502	0.01	0.007	0.007	0.007	0.01	0.032347659774759306	0.03901947211615808	0.007634388581037453	0.0053823374029145915	0.009419877507883943	0.6215331733386346	1.4671769775631707	1.461735280232322	0.4113131636849655	0.03999312850385435	72.95549066733275	0.03307748612846321
1.6805194628402707	0.01	0.007	0.007	0.007	0.01	0.03202766687140551	0.038633487313092386	0.00727340063896815	0.0051027393405583205	0.009851823451229282	0.6363962153150273	1.4984800975939845	1.4719456082796276	0.4142760312498478	0.04274748680448459	72.24751166447031	0.03301974431459027
1.729815220442264	0.01	0.007	0.007	0.007	0.01	0.031717833581905414	0.038259758719293345	0.0069480965856808935	0.004851668177121725	0.010262439708822006	0.6506474915680762	1.5283524568666347	1.4813029249964589	0.41694018345819384	0.04553097394012313	71.56186576509413	0.032963379539014875
1.7771304208956118	0.01	0.007	0.007	0.007	0.01	0.03142327504138062	0.03790445567278699	0.006658977324819898	0.004629424811079118	0.01064413307959051	0.6640685409636579	1.5563524735416605	1.4897476261976401	0.41929863719978633	0.04828140373050181	70.90988791001006	0.032909369828819805
1.823394087749586	0.01	0.007	0.007	0.007	0.01	0.03113791486420408	0.0375602483219353	0.006396043605854822	0.004428192018606638	0.011004410572023945	0.6769517975691891	1.5831056578996503	1.4975345743905497	0.42143150815901387	0.05104040885285753	70.27814342644974	0.03285664599757953
1.8684220661795292	0.01	0.007	0.007	0.007	0.01	0.0308626719098583	0.03722824479982883	0.006157156967541231	0.004246202498756853	0.011341897007928177	0.6892675857686495	1.608562136970163	1.5046989576745828	0.4233554561717623	0.05378723481137525	69.66867787338666	0.03280541151929911
1.9125766935654402	0.01	0.007	0.007	0.007	0.01	0.03059513668618064	0.03690553860380525	0.00593776430589928	0.004079852739683944	0.01165955095068482	0.7011342717799031	1.632977219803133	1.5113542153163455	0.42510711037378607	0.056535253489564785	69.07616627026431	0.03275524835485756
1.9558912975851994	0.01	0.007	0.007	0.007	0.01	0.030334950848550545	0.03659169741791204	0.005735625440362526	0.003927319181764502	0.011957885071804281	0.7125763913257023	1.6564101630605885	1.5175498465285562	0.4267046423660351	0.05927916327644945	68.49982346538258	0.03270611405449401
1.998553802871927	0.01	0.007	0.007	0.007	0.01	0.030080851041973576	0.03628519731536714	0.0055481537106916185	0.0037865332521110754	0.012238525947395239	0.7236570094491243	1.6789978143572926	1.5233499199301066	0.42816904448463483	0.0620243674425938	67.93685837981558	0.03265779151612127
2.0406439560117065	0.01	0.007	0.007	0.007	0.01	0.029832251804799387	0.035985332075089756	0.0053736057461104825	0.003656080384863554	0.01250233434411373	0.7344079718365786	1.7008115929645033	1.528795873427214	0.4295146117895626	0.06477033841219516	67.38598012713639	0.03261018722942991
2.0822801338763632	0.01	0.007	0.007	0.007	0.01	0.029588360911030346	0.035691146083438256	0.005210331219152893	0.003534631852366074	0.012750398211100718	0.7448689833906911	1.7219376933970911	1.5339287593330175	0.4307548364266613	0.06751977409289515	66.8454385432644	0.03256316466534398
2.1235402457455943	0.01	0.007	0.007	0.007	0.01	0.02934864531552881	0.035401996362035906	0.005057058390107539	0.003421156334949461	0.01298351914045445	0.7550675518630838	1.7424364811180932	1.5387797987823284	0.4319001858906835	0.07027334530658548	66.314056764371	0.03251663370717863
2.1645076759508344	0.01	0.007	0.007	0.007	0.01	0.02911255696296658	0.035117221830700235	0.004912661845034455	0.003314744053169424	0.013202498705275664	0.7650310015607971	1.7623670327955165	1.5433771822395856	0.4329598976555617	0.07303258225307613	65.79062379130121	0.03247049860439351
2.205247796730443	0.01	0.007	0.007	0.007	0.01	0.028879667140744247	0.03483630536504946	0.004776218962750055	0.003214646528813696	0.013408004596611806	0.7747808753316782	1.7817760109074816	1.5477439423165866	0.4339415688549339	0.0757982228932545	65.27419242789017	0.03242468439765959
2.2458229602428417	0.01	0.007	0.007	0.007	0.01	0.028649577133083918	0.03455876602478368	0.004646928043990962	0.0031202141207154073	0.01360065860888408	0.78433685400326	1.8007056709860212	1.5519002778062572	0.4348517845170059	0.07857113741761043	64.76388134657078	0.03237911994277631
2.2862859661941317	0.01	0.007	0.007	0.007	0.01	0.028421953743138093	0.03428420190060975	0.0045241099257102265	0.0030308955722990146	0.013781006916685198	0.7937153656967114	1.8191912008709041	1.555863292773954	0.4356961258680193	0.08135182459743763	64.25895395727103	0.03233374520064277
2.326685730751396	0.01	0.007	0.007	0.007	0.01	0.028196495324075695	0.03401224913990476	0.004407172746267203	0.0029462108031054956	0.013949552176296159	0.8029310897111699	1.8372638061769826	1.559647961870123	0.4364794414962965	0.08414074704792829	63.75874316621867	0.03228850481398361
2.3670643543857564	0.01	0.007	0.007	0.007	0.01	0.027972946843857135	0.03374260011795995	0.0042956075329984335	0.0028657464800737227	0.014106744537741325	0.8119964095232955	1.8549497170673244	1.563267142678852	0.43720589830402584	0.08693808887412083	63.2626848709447	0.03224335135061468
2.4074604971564737	0.01	0.007	0.007	0.007	0.01	0.02775107972820597	0.033474979124030094	0.004188967368880741	0.0027891398715826844	0.014253000145017054	0.8209223034760381	1.8722720132585082	1.5667321463711794	0.43787914173166204	0.08974395478477809	62.77027331022262	0.032198241481836976
2.447908507263285	0.01	0.007	0.007	0.007	0.01	0.027530695690253668	0.033209146980663996	0.004086861231429837	0.0027160735323814517	0.014388700861154045	0.8297182408486837	1.889250481798264	1.5700528560720424	0.438502353412291	0.09255828316529185	62.28106961665444	0.03215313692570765
2.488439803651892	0.01	0.007	0.007	0.007	0.01	0.02731161823299865	0.032944890793749924	0.003988943190498107	0.002646266790611419	0.014514202386240503	0.8383925697490269	1.9059024249492043	1.5732380124003722	0.4390783362689461	0.09538092023498079	61.79468300662346	0.03210800287448043
2.5290828517083814	0.01	0.007	0.007	0.007	0.01	0.027093692053992563	0.03268202323441766	0.0038949067217421136	0.0025794710439944854	0.014629836619282681	0.8469525784050553	1.9222428237736995	1.5762953459537175	0.4396095641466652	0.09821160073607745	61.31076949910628	0.032062807998831
2.5698638234689444	0.01	0.007	0.007	0.007	0.01	0.026876778839018855	0.03242037746527434	0.0038044783263646866	0.0025154646651128834	0.014735915912132781	0.8554046945002808	1.938284760847107	1.5792317424465114	0.44009823320842495	0.10104997948210302	60.82902261238423	0.03201752369258415
2.610806786742688	0.01	0.007	0.007	0.007	0.01	0.026660755718351026	0.03215980527830991	0.0037174131615258696	0.0024540494308247715	0.014832735408188849	0.8637545733351071	1.9540396224575283	1.5820533503696588	0.44054629906260656	0.1038956327353092	60.34916996587013	0.03197212384585264
2.651934072887461	0.01	0.007	0.007	0.007	0.01	0.026445512853335577	0.031900174183783464	0.003633490934981239	0.0023950472132131715	0.014920575555226752	0.872007215727195	1.969517352081768	1.5847656862575321	0.4409555103540258	0.10674807410088831	59.87096794600653	0.03192658442241564
2.6932664687446857	0.01	0.007	0.007	0.007	0.01	0.026230952036239714	0.031641365721334865	0.0035525127471332796	0.002338297403482136	0.014999703854137505	0.8801670425773109	1.9847266167515805	1.5873737140762207	0.4413274353629226	0.10960675984786278	59.39419861833965	0.03188088323494811
2.7348234709313943	0.01	0.007	0.007	0.007	0.01	0.02601698502715749	0.031383273453930195	0.0034742982535252128	0.002283654614098345	0.015070376495872695	0.8882379763591098	1.9996749823399358	1.589881918079116	0.4416634852906247	0.11247109988358213	58.918666051964536	0.03183499965332204
2.776623431482177	0.01	0.007	0.007	0.007	0.01	0.02580353251422488	0.031125801713657184	0.003398683417542949	0.0022309868397742214	0.015132839554785334	0.8962234960275379	2.0143690355240693	1.592294359651665	0.44196493320222063	0.11534046225770915	58.444194025814596	0.03178891443505876
2.818683738451872	0.01	0.007	0.007	0.007	0.01	0.025590522939245405	0.030868864185175156	0.003325518498192381	0.0021801738203395898	0.015187330070125443	0.9041266947636944	2.028814508042867	1.5946147290190251	0.4422329305802704	0.11821418093298491	57.9706234333585	0.031742609518724305
2.8610209354752723	0.01	0.007	0.007	0.007	0.01	0.0253778916780521	0.030612382917055696	0.0032546664047539645	0.0021311056915656436	0.015234076872282122	0.9119503223856914	2.0430163699573742	1.5968463871283067	0.4424685211274297	0.12109156002952289	57.49781047351076	0.03169606788611656
2.9036508443356186	0.01	0.007	0.007	0.007	0.01	0.02516558023906665	0.030356287355072512	0.003186001253560602	0.0020836818036851956	0.01527330129290548	0.9196968254570671	2.056978916495133	1.5989924026393165	0.4426726527283509	0.12397187882948435	57.02562488018584	0.031649273422301276
2.9465886743821246	0.01	0.007	0.007	0.007	0.01	0.02495353555970823	0.030100513493519207	0.0031194071248412223	0.002037809702130889	0.015305217747224004	0.927368382292001	2.070705843549043	1.6010555837963074	0.44284618771924883	0.12685439630942755	56.553948367734634	0.03160221079123254
2.989849095873975	0.01	0.007	0.007	0.007	0.01	0.024741709507989346	0.02984500327402802	0.0030547770242088214	0.0019934042698206435	0.015330034198003068	0.9349669292574062	2.0842003057899796	1.603038504860623	0.4429899116562955	0.12973835359005673	56.08267353135104	0.03155486535188286
3.0334463314356817	0.01	0.007	0.007	0.007	0.01	0.024530058316366687	0.029589703902671977	0.002992011939088449	0.0019503869522793345	0.015347952564529553	0.9424941884959503	2.0974649758652064	1.604943530366732	0.44310454104004665	0.13262297789265096	55.61170259562298	0.031507223055307426
3.0773942200235367	0.01	0.007	0.007	0.007	0.01	0.024318542171319464	0.029334567354909132	0.002931020043554169	0.001908685100010041	0.015359169050545258	0.9499516890935218	2.1105020905525174	1.6067728354065498	0.4431907299599608	0.13550748487338202	55.14094650843743	0.03145927037257593
3.1217062790670362	0.01	0.007	0.007	0.007	0.01	0.024107124828415975	0.029079549911270538	0.002871715994658143	0.0018682313867557632	0.01536387442513978	0.957340786568763	2.1233134928337596	1.6085284236141202	0.4432490759216979	0.13839108102506179	54.670324090724726	0.031410994225323084
3.1663957530595983	0.01	0.007	0.007	0.007	0.01	0.02389577330732013	0.02882461178947346	0.0028140203237808368	0.0018289633042727644	0.015362254261722552	0.9646626788699046	2.135900666865331	1.6102121426732863	0.4432801249485821	0.1412729653412057	54.1997613633492	0.031362381931648864
3.211475687288375	0.01	0.007	0.007	0.007	0.01	0.02368445748203839	0.028569716650170156	0.0027578588622036685	0.0017908226906728	0.015354489140992335	0.9719184253708684	2.1482647771421806	1.611825699073003	0.4432843760822312	0.1441523327069325	53.729190640027376	0.03131342112522863
3.2569589705372484	0.01	0.007	0.007	0.007	0.01	0.023473149833370913	0.028314831298351176	0.0027031622672071716	0.0017537553362478497	0.015340754817444556	0.9791089596030118	2.160406695885339	1.6133706700969581	0.44326228528716816	0.14702837532671031	53.25854998061555	0.03126409970879836
3.302858323772843	0.01	0.007	0.007	0.007	0.01	0.023261825459746324	0.028059925696418207	0.002649865658621066	0.001717710671922938	0.015321222391706113	0.9862350928467392	2.1723270144632356	1.6148485128768777	0.44321426897432675	0.1499002808540846	52.78778321950546	0.031214405866526965
3.3491863929065815	0.01	0.007	0.007	0.007	0.01	0.023050461612576033	0.027804972403718275	0.002597908171445512	0.0016826414077452316	0.015296058438342041	0.9932975335507076	2.1840260809889407	1.6162605759537054	0.44314070709767117	0.15276723718380975	52.31683893459359	0.03116432796387557
3.3959557609811264	0.01	0.007	0.007	0.007	0.01	0.02283903761734283	0.027549946481361495	0.0025472326453584776	0.0016485032703784676	0.015265425135807276	1.0002968931784197	2.1955040142723408	1.6176081070300579	0.4430419459065314	0.15562843214903047	51.84567027484766	0.03111385453532611
3.4431789888697115	0.01	0.007	0.007	0.007	0.01	0.022627534670489235	0.027294825247224385	0.002497785312721728	0.0016152547449857202	0.01522948037596719	1.0072336959610246	2.2067607238487716	1.618892260842171	0.44291830037738406	0.15848305504498647	51.37423451086627	0.031062974241568505
3.4908686416010766	0.01	0.007	0.007	0.007	0.01	0.022415935709778272	0.027039588119577598	0.002449515531816409	0.0015828568525134599	0.015188377871073026	1.0141083858981603	2.2177959249507	1.6201141058320414	0.4427700563945193	0.16133029727310358	50.90249274878854	0.03101167584259762
3.539037331726667	0.01	0.007	0.007	0.007	0.01	0.02220422521644336	0.026784216378435324	0.002402375528473746	0.001551272937020509	0.015142267237804692	1.0209213357038989	2.228609156125383	1.6212746305812058	0.4425974726358248	0.164169354001933	50.43040949180533	0.03095994815284076
3.58769773851479	0.01	0.007	0.007	0.007	0.01	0.021992389132636323	0.026528693065980453	0.002356320185706145	0.0015204684891677652	0.015091294093218664	1.0276728517305451	2.2391997898999025	1.6223747489858809	0.4424007823072939	0.16699942435656376	49.95795245837324	0.030907780022687768
3.636862647559838	0.01	0.007	0.007	0.007	0.01	0.021780414695746535	0.026273002786717084	0.002311306833374685	0.0014904109732294018	0.015035600126423267	1.0343631813520755	2.2495670469535165	1.6234153053917626	0.44218019461519686	0.1698197127947409	49.48509221479659	0.030855160298447853
3.6865449689144385	0.01	0.007	0.007	0.007	0.01	0.02156829037352527	0.026017131629216744	0.0022672950767776844	0.0014610696833013252	0.014975323186998148	1.040992516907446	2.259710004461659	1.624397078730865	0.44193589614541917	0.17262942919282637	49.01180203234448	0.030802077805722826
3.736757786161435	0.01	0.007	0.007	0.007	0.01	0.021356005673180994	0.02576106693584483	0.0022242466136684546	0.001432415594625713	0.014910597333478218	1.047561003405837	2.2696276098451054	1.6253207868437827	0.44166805194088815	0.1754277906530585	48.53805746294732	0.030748521300072572
3.787514360323608	0.01	0.007	0.007	0.007	0.01	0.021143551150448255	0.025504797313700634	0.0021821251063087587	0.0014044212541629738	0.01484155293281707	1.0540687397845767	2.279318684253248	1.626187089484902	0.44137680665459067	0.17821402069883985	48.063836360810626	0.03069447946634181
3.8388281921330405	0.01	0.007	0.007	0.007	0.01	0.02093091817853972	0.02524831235592116	0.00214089601663945	0.0013770606488994026	0.014768316682738218	1.060515787429492	2.2887819366584425	1.6269965920318687	0.441062285264493	0.18098735166666122	47.58911836794684	0.03063994085613913
3.8907130354186537	0.01	0.007	0.007	0.007	0.01	0.02071809893173693	0.024991602621888258	0.0021005264961109203	0.0013503091126115443	0.014691011693738194	1.0669021718585272	2.2980159672061142	1.6277498479156491	0.4407245939215957	0.18374702428431716	47.11388487843127	0.03058489387792541
3.943182935596068	0.01	0.007	0.007	0.007	0.01	0.020505086270424615	0.024734659498553968	0.0020609852652656233	0.001324143227658271	0.014609757536941975	1.073227887287833	2.307019274542724	1.628447361176778	0.44036382055239054	0.18649228856105982	46.63811878247511	0.03052932676079746
3.9962522807763765	0.01	0.007	0.007	0.007	0.01	0.02029187358482155	0.024477475011943986	0.0020222424953922503	0.0012985407298821297	0.014524670268170102	1.079492902191265	2.3157902640146335	1.629089588813335	0.43998003525294804	0.18922240519807415	46.16180411790024	0.030473227505499776
4.049935819625328	0.01	0.007	0.007	0.007	0.01	0.020078454782497968	0.024220041812100763	0.0019842697250676356	0.0012734804381326556	0.014435862502204046	1.0856971604099896	2.324327249092456	1.6296769423746587	0.43957329081145885	0.19193664513818817	45.684926042487774	0.030416583871208106
4.104248716390628	0.01	0.007	0.007	0.007	0.01	0.019864824134359298	0.02396235298730412	0.0019470397578802145	0.00124894217272051	0.014343443428534459	1.0918405862867464	2.3326284580729197	1.6302097897485717	0.4391436228806366	0.19463429092484816	45.2074704899284	0.03035938332355507
4.159206605249835	0.01	0.007	0.007	0.007	0.01	0.019650976136516715	0.023704401897454312	0.0019105265709534933	0.0012249066823080302	0.014247518824064578	1.097923089060417	2.340692039064437	1.630688456563422	0.4386910500399032	0.1973146378088972	44.729423860827545	0.030301612984176312
4.214825614098247	0.01	0.007	0.007	0.007	0.01	0.019436905502212637	0.023446182164331975	0.0018747052520740478	0.0012013555907832627	0.014148191119056333	1.1039445633607758	2.348516059250797	1.631113227031604	0.438215574021402	0.19997699318863693	44.2507730041056	0.03024325961311415
4.271122461173106	0.01	0.007	0.007	0.007	0.01	0.01922260688333601	0.023187687335679292	0.0018395518967988394	0.001178271318843233	0.014045559335460764	1.1099048971639687	2.356098513404954	1.6314843451149161	0.4377171792446178	0.2026206793861952	43.77150459351548	0.030184309515506276
4.328114473286861	0.01	0.007	0.007	0.007	0.01	0.01900807490914375	0.022928910931906184	0.0018050435647990065	0.0011556370455003354	0.013939719164158041	1.115803970545103	2.363437319659339	1.6318020147437036	0.43719583292150377	0.20524503240348582	43.291605212930975	0.030124748531516168
4.385819682225872	0.01	0.007	0.007	0.007	0.01	0.01879330393957597	0.022669846148528922	0.0017711581937049747	0.0011334366425140936	0.01383076290358101	1.1216416622116616	2.3705303246547484	1.6320664003185525	0.4366514844058514	0.20784940415460387	42.81106080303344	0.03006456194528555
4.4442568994844205	0.01	0.007	0.007	0.007	0.01	0.01857828792154356	0.022410485682817366	0.001737874535760095	0.0011116546246293338	0.013718779436947558	1.127417852812173	2.377375303544054	1.6322776266641859	0.4360840646231807	0.21043316331013473	42.32985633764459	0.0300037344178872
4.503445775568801	0.01	0.007	0.007	0.007	0.01	0.01836302031922037	0.02215082164970866	0.0017051721102146322	0.0010902761108290515	0.013603854243206016	1.1331324260100935	2.3839699565308208	1.632435778635328	0.435493485574474	0.2129956951638194	41.84797566519894	0.0299422499375395
4.563406927109662	0.01	0.007	0.007	0.007	0.01	0.018147493816314333	0.021890845222673202	0.001673031125006952	0.0010692867661576276	0.013486069281660417	1.1387852753588918	2.3903119112322604	1.6325409006119218	0.434879639090123	0.21553640411679742	41.365400839278145	0.02988009170069864
4.624162027131227	0.01	0.007	0.007	0.007	0.01	0.01793170017999823	0.02163054646957973	0.001641432428284256	0.0010486727636986745	0.013365502951074387	1.1443763064330144	2.396398718128479	1.6325929954416352	0.4342423958353567	0.21805471406068735	40.88211181015838	0.029817242033249727
4.685733938114752	0.01	0.007	0.007	0.007	0.01	0.017715629997777347	0.021369914035291558	0.0016103574450838732	0.0010284207374201071	0.013242229971668958	1.1499054419137926	2.402227848021902	1.6325920230683124	0.43358160378369126	0.22055007009828648	40.3980858310861	0.02975368226918746
4.748146849492294	0.01	0.007	0.007	0.007	0.01	0.0174992724322689	0.02110893484586765	0.001579788121410818	0.001008517740386489	0.013116321265544037	1.1553726257017916	2.4077966867033562	1.6325378986752594	0.4328970865259931	0.22302193983654656	39.91329690364415	0.02968939262699347
4.811426441194887	0.01	0.007	0.007	0.007	0.01	0.017282614921702365	0.020847593747289717	0.001549706865007816	0.0009889512013096463	0.012987843794919029	1.1607778278799	2.4131025286146324	1.632430490320698	0.43218864118164024	0.22546981506515745	39.4277151004123	0.029624352061671296
4.875600084127705	0.01	0.007	0.007	0.007	0.01	0.017065642797492085	0.0205858730441572	0.0015200964794355569	0.0009697088772211714	0.012856860337760675	1.1661210510999382	2.4181425695786367	1.6322696159350187	0.4314560357645648	0.2278932140768804	38.941305700423165	0.02955853808181803
4.94069705023323	0.01	0.007	0.007	0.007	0.01	0.01684833892075535	0.020323752061234046	0.0014909401058921306	0.0009507788116259527	0.012723429259286465	1.1714023357385552	2.4229138955650886	1.6320550396338762	0.4306990062913593	0.23029168341963324	38.454028365484724	0.02949192656039624
5.006748790785851	0.01	0.007	0.007	0.007	0.01	0.016630683148847712	0.020061206499954024	0.0014622211472411306	0.0009321492815199338	0.012587604163536537	1.176621768355669	2.4274134712936126	1.6317864671018238	0.4299172529428511	0.2326648011259693	37.96583593355231	0.029424491479714435
5.073789226171133	0.01	0.007	0.007	0.007	0.01	0.016412651836017374	0.019798207836080266	0.001433923202611305	0.0009138087516884132	0.012449433545501215	1.1817794882633803	2.4316381231368993	1.6314635400524513	0.4291104358991273	0.2350121790540594	37.47667328633394	0.02935620466965345
5.14185514914114	0.01	0.007	0.007	0.007	0.01	0.016194217046886943	0.0195347223709635	0.001406029970750616	0.0008957458091456949	0.012308960240243014	1.1868756997113288	2.4355845219984706	1.6310858291922241	0.4282781696096347	0.23733346773813618	36.98647557003032	0.029287035436039072
5.210986664340153	0.01	0.007	0.007	0.007	0.01	0.01597534576027831	0.01927071027114931	0.0013785251602317777	0.0008779491024462386	0.012166220835324953	1.1919106826758845	2.439249158777259	1.6306528257249369	0.4274200163520808	0.23962836054516484	36.49516639089611	0.029216950159524774
5.28122775330593	0.01	0.007	0.007	0.007	0.01	0.015755998798456024	0.01900612427677093	0.0013513923733002417	0.0008604072643487178	0.01202124487310913	1.1968848081690033	2.4426283158575264	1.6301639306931424	0.4265354779514783	0.24189659980678882	36.00265539045625	0.029145911775860792
5.352626930306579	0.01	0.007	0.007	0.007	0.01	0.015536129626759723	0.01874090825359666	0.001324614983751143	0.0008431088310625693	0.011874053927708631	1.2017985541872707	2.445718029642564	1.6296184419704571	0.42562398600500534	0.2441379831320839	35.508835524603555	0.029073879175066104
5.425238136638461	0.01	0.007	0.007	0.007	0.01	0.015315682607713947	0.018474995087040712	0.0012981759600025288	0.0008260421265549944	0.01172466026995397	1.2066525310466778	2.4485140472870786	1.6290155373767372	0.42468488865117093	0.24635237385192904	35.01357911118517	0.029000806373294063
5.4991217912833505	0.01	0.007	0.007	0.007	0.01	0.015094591028278771	0.018208304302521572	0.0012720576764825684	0.0008091951398728948	0.01157306531477844	1.211447507921949	2.451011768204553	1.628354253791877	0.4237174347738875	0.24853971181367135	34.5167333594717	0.02892664154468125
5.574346236535435	0.01	0.007	0.007	0.007	0.01	0.014872774252817342	0.017940738631216566	0.0012462416397911297	0.0007925553480937101	0.011419257394222816	1.2161844536940845	2.453206173003258	1.6276334594718858	0.4227207523950346	0.2507000304311159	34.01811392439034	0.028851325678417233
5.650989515153878	0.01	0.007	0.007	0.007	0.01	0.0146501343104348	0.017672179893523085	0.0012207081734942739	0.0007761095133769025	0.011263209035615583	1.2208645835075844	2.4550917273627646	1.626851818827872	0.4216938218200041	0.25283347596576544	33.51749717491658	0.028774790932870074
5.729141928061592	0.01	0.007	0.007	0.007	0.01	0.014426550751182288	0.017402482794341104	0.0011954359350196556	0.0007598433727787039	0.011104872897154094	1.225489433443187	2.456662260471026	1.6260077436829599	0.42063543725470565	0.25494033910685127	33.01460855109008	0.028696958248219304
5.80890932239268	0.01	0.007	0.007	0.007	0.01	0.014201874163661072	0.01713146710366637	0.001170401324879999	0.0007437412600122968	0.01094417657052961	1.2300609510356477	2.4579107955982016	1.6250993288630549	0.4195441570349933	0.25702109302669396	32.50910788330566	0.028617734284752765
5.890418002313542	0.01	0.007	0.007	0.007	0.01	0.013975916144599332	0.016858905557387584	0.0011455775580922034	0.0007277855115226161	0.01078101460139864	1.2345816418682598	2.4588293219423014	1.6241242589154046	0.41841822969195974	0.2590764558871642	32.00056669195128	0.028537006822107108
5.973821679439097	0.01	0.007	0.007	0.007	0.01	0.013748435128850867	0.01658450676473146	0.0011209333674406146	0.0007119556382883146	0.010615237151972273	1.2390547746317004	2.459408464920267	1.6230796750700194	0.41725548894416326	0.2611074782930536	31.488436114732668	0.02845463824593913
6.059312323263475	0.01	0.007	0.007	0.007	0.01	0.013519113823475534	0.016307887988184163	0.001096430923444051	0.0006962269978767218	0.01044663200726282	1.2434847150321355	2.459637000889527	1.6219619709401536	0.4160531901445862	0.26311568671389285	30.971995848708527	0.028370455342680206
6.147137486963137	0.01	0.007	0.007	0.007	0.01	0.01328752284089144	0.016028531276161356	0.0010720224820149778	0.0006805686551980659	0.010274895572999721	1.2478774677223154	2.4595010993997026	1.6207664680920884	0.41480774909204593	0.2651033170191091	30.450271876997483	0.02828423297251356
6.237630420119331	0.01	0.007	0.007	0.007	0.01	0.013053056573139632	0.015745706111847356	0.0010476444435101508	0.0006649395916439671	0.010099581854867914	1.2522416458702266	2.4589830647060453	1.6194868588793931	0.41351428874900625	0.2670737342151026	29.92189143188791	0.028195665615010114
6.331266976641883	0.01	0.007	0.007	0.007	0.01	0.012814810507568324	0.015458321426681947	0.001023205939699055	0.000649281422525408	0.009920005033633553	1.2565903480038996	2.4580590511624347	1.6181141641964099	0.4121657836333325	0.2690322479604929	29.384805569546522	0.02810431346854549
6.428788012635664	0.01	0.007	0.007	0.007	0.01	0.012571313990787158	0.015164603251471417	0.0009985638473856524	0.000633502451563833	0.009735027768280734	1.260945297603799	2.4566943690982006	1.616634517215558	0.41075122245298035	0.2709879177811883	28.8356850023292	0.02800948624385191
6.531523529697975	0.01	0.007	0.007	0.007	0.01	0.012319812703830424	0.014861229220314852	0.0009734552798630929	0.0006174345796904777	0.009542494561375443	1.2653481144521261	2.454831721527479	1.615023372188104	0.40925075240892866	0.2729584867127998	28.268298311452536	0.027909934634092613
6.642514384904594	0.01	0.007	0.007	0.007	0.01	0.012053767056286937	0.014540311113219424	0.0009472615665766011	0.000600682637498319	0.009337259224097628	1.2698998810546607	2.452351692408122	1.613225601425339	0.4076188909771927	0.2749877341021617	27.66785838728593	0.027802781109503728
6.769885507430534	0.01	0.007	0.007	0.007	0.01	0.011755547246224806	0.014180584094594812	0.0009183319442281498	0.0005821930118240613	0.00910537781462332	1.2748726125185013	2.4489370295737243	1.611093616881813	0.4057336917438708	0.2771939722532137	26.99450379685302	0.027680320484507262
6.876447876290215	0.01	0.007	0.007	0.007	0.01	0.011511737964709546	0.013886485613765643	0.0008950072093249357	0.000567294680514635	0.008914407897976989	1.278836058239532	2.445637141857565	1.6092566945612365	0.4041472584492058	0.2789432803039107	26.443762966681838	0.027578280888433847
6.976148613317681	0.01	0.007	0.007	0.007	0.01	0.011288219667068798	0.013616864516603553	0.0008738729652169572	0.0005538023247913022	0.00873827072830135	1.2823887811118677	2.442202392196544	1.6074966274136455	0.40265615265975563	0.2805034967964176	25.93866346269777	0.02748315232945183
7.073797132680844	0.01	0.007	0.007	0.007	0.01	0.011073519922698376	0.013357881183285255	0.0008537901534902808	0.0005409871310377255	0.008568168317619881	1.2857282967948849	2.438527711941077	1.6057359788079946	0.40118997274490215	0.28196255844739265	25.45331405747921	0.02739029995763688
7.170293563667198	0.01	0.007	0.007	0.007	0.01	0.010865374900190117	0.013106804499345549	0.0008345180814354241	0.0005286946156805223	0.008402433040015214	1.2888973418179093	2.4346078285964814	1.6039621071371248	0.3997360429988999	0.2833396614290887	24.982613109921797	0.027298851265458314
7.265640734824107	0.01	0.007	0.007	0.007	0.01	0.010663561284790658	0.012863365008607616	0.0008160127514424227	0.0005168959939987563	0.00824098751028785	1.2919054008534951	2.430465309966724	1.602177803906494	0.39829500840810517	0.2846393631101921	24.526068431644624	0.02720879160839412
7.359940490394335	0.01	0.007	0.007	0.007	0.01	0.010467660778798635	0.012627058133798181	0.0007982149653371777	0.0005055528835904472	0.008083587135267599	1.2947643255481145	2.426116538895456	1.6003837493932762	0.3968659471022418	0.28586722387699287	24.082745727420054	0.027120013517070475
7.453333759101146	0.01	0.007	0.007	0.007	0.01	0.010277199378286705	0.012397312110759773	0.0007810633375528531	0.0004946256035444143	0.007929930337016604	1.2974860926903842	2.4215735866069656	1.5985795557653202	0.39544727084912173	0.28702881102932964	23.65158320113379	0.02703237434261364
7.545945410815326	0.01	0.007	0.007	0.007	0.01	0.010091762499533035	0.01217362685059256	0.0007645044517519945	0.00048407963551880473	0.007779752267256427	1.3000811618227779	2.4168468589486336	1.5967648345809715	0.3940375690925544	0.28812899063757225	23.23165212836498	0.026945748294479356
7.637882147567843	0.01	0.007	0.007	0.007	0.01	0.009910994565948279	0.011955573441549816	0.0007484923439246464	0.00047388527834494015	0.007632826524771162	1.3025586002382161	2.4119456355489786	1.5949392933988615	0.39263565314518256	0.2891719900909781	22.822156179300432	0.026860028111490155
7.7292344183313215	0.01	0.007	0.007	0.007	0.01	0.009734590827179817	0.011742784280992189	0.0007329873703085641	0.00046401691374223475	0.0074889602505433675	1.3049263019965502	2.406878354827674	1.5931027466414889	0.39124053701470185	0.2901615000564273	22.42241312455278	0.02677512297539249
7.820079021623988	0.01	0.007	0.007	0.007	0.01	0.009562288623345225	0.011534942537905945	0.0007179551113917902	0.0004544522979049881	0.007347988407863721	1.3071911933590412	2.4016527866901085	1.5912551031068303	0.38985140558131304	0.2911007689615373	22.031835238170654	0.026690955833876786
7.910481389266369	0.01	0.007	0.007	0.007	0.01	0.00939386003752464	0.011331773289963966	0.000703365469016851	0.00044517197836102903	0.0072097688904014905	1.3093594006703164	2.396276155131041	1.5893963513611735	0.38846758589288927	0.29199267996489253	21.6499128041483	0.02660746107230494
8.000497535365154	0.01	0.007	0.007	0.007	0.01	0.009229105819341343	0.011133036193830794	0.0006891919299260955	0.00043615881857358096	0.007074178432646155	1.3114363863118983	2.3907552259028404	1.5875265451663494	0.3870885222357925	0.2928398131094325	21.276200469652412	0.026524582539668363
8.090175988613648	0.01	0.007	0.007	0.007	0.01	0.009067849880399695	0.010938518845268962	0.0006754109229342554	0.00042739758354881597	0.00694110880173138	1.313427064795112	2.3850963508970118	1.585645783756096	0.3857137504264586	0.2936444979079539	20.91030486601757	0.02644227162854417
8.179558554352463	0.01	0.007	0.007	0.007	0.01	0.008909936333043315	0.01074803320713259	0.0006620014282045523	0.0004188746868620822	0.006810464939352047	1.3153358773614348	2.3793055512931494	1.5837542123191	0.3843428892540964	0.29440884791833194	20.551877976909626	0.02636048646105944
8.268681223782831	0.01	0.007	0.007	0.007	0.01	0.008755226517038452	0.010561412022808891	0.0006489446095299172	0.00041057795312193427	0.006682162991063928	1.317166860226884	2.3733885690981396	1.5818520165868142	0.3829756290843838	0.29513479201994414	20.200610464388955	0.026279190956696986
8.357575517890956	0.01	0.007	0.007	0.007	0.01	0.008603595539556546	0.010378504642566625	0.0006362234268361661	0.00040249636857115473	0.006556127841743635	1.3189237123305153	2.3673508685403766	1.5799394055131475	0.3816117133190967	0.2958241046673842	19.856223875115703	0.026198353523091297
8.446268955167062	0.01	0.007	0.007	0.007	0.01	0.008454930577101043	0.010199174975250873	0.0006238224148923609	0.0003946199378739424	0.006432292037348383	1.3206098369186816	2.361197677470396	1.578016610426493	0.38025093292768286	0.29647842504331184	19.51846683421514	0.026117946564322935
8.534785724641962	0.01	0.007	0.007	0.007	0.01	0.008309128975545449	0.01002329919645447	0.000611727457722326	0.0003869395385968981	0.006310594485435111	1.3222283818606593	2.3549340027062904	1.576083878254479	0.3788931175443236	0.29709927523513896	19.187110772154792	0.026037945813110586
8.623147156540448	0.01	0.007	0.007	0.007	0.01	0.008166096833522329	0.009850764039730444	0.0005999256142443989	0.0003794468085890168	0.006190979511989954	1.3237822712087781	2.3485646484810987	1.5741414677863745	0.3775381294427438	0.2976880745412664	18.861946741861892	0.025958329857368158
8.711372088797104	0.01	0.007	0.007	0.007	0.01	0.008025747864264878	0.009681465423689771	0.0005884049755975845	0.0003721340537708228	0.0060733961142587275	1.3252742311447516	2.3420942339340285	1.572189647175172	0.37618585892656153	0.2982461512551965	18.542782862627615	0.02587907976881991
8.799477231391439	0.01	0.007	0.007	0.007	0.01	0.007888002350480778	0.00951530719131876	0.0005771545372462986	0.0003649941655445738	0.005957797261378975	1.3267068128142196	2.335527203890385	1.5702286906343297	0.3748362196062944	0.29877475295071076	18.229441970444054	0.02580017874030555
8.887477448571184	0.01	0.007	0.007	0.007	0.01	0.007752786307755033	0.009352200100834453	0.0005661640941750849	0.00035802055306110165	0.005844139344494628	1.328082411151056	2.3288678398539093	1.5682588762303955	0.3734891448167726	0.29927505498059487	17.921759738178864	0.0257216118028312
8.975385995607443	0.01	0.007	0.007	0.007	0.01	0.007620030781260601	0.009192060977343014	0.0005554241518808864	0.00035120708567793233	0.005732381718052947	1.329403280856206	2.3221202697119603	1.566280484104985	0.37214458463407735	0.2997481676865949	17.619583095446558	0.025643365588103838
9.063214734475125	0.01	0.007	0.007	0.007	0.01	0.007489671227622054	0.009034811967213589	0.0005449258484210361	0.00034454804257215654	0.00562248629530679	1.330671550277462	2.315288475123652	1.5642937946804023	0.3708025031357025	0.30019514263642694	17.322768839228587	0.025565428113973037
9.150974282793028	0.01	0.007	0.007	0.007	0.01	0.007361647040921386	0.008880379966324238	0.0005346608915911619	0.000338038072069537	0.005514417250553645	1.331889232828492	2.3083763008059766	1.562299087963331	0.36946287661533156	0.3006169777999103	17.031182570079064	0.02548778863263899
9.238674183888287	0.01	0.007	0.007	0.007	0.01	0.007235901083491609	0.008728696054082755	0.0005246214994253476	0.0003316721531809472	0.005408140713134605	1.333058237497072	2.3013874594888892	1.560296642032805	0.3681256914194234	0.3010146222483477	16.744697637118644	0.025410437462926247
9.326323028692592	0.01	0.007	0.007	0.007	0.01	0.00711237931983804	0.008579695051845018	0.0005148003515196291	0.00032544556408963644	0.00530362453780184	1.3341803776081858	2.2943255383123162	1.5582867323276457	0.36679094247401045	0.30138898010464404	16.463194316017493	0.025333365867806993
9.413928570542186	0.01	0.007	0.007	0.007	0.01	0.006991030487112235	0.00843331512542529	0.0005051905454327761	0.000319353853931786	0.005200838096984052	1.3352573786143453	2.2871940038593284	1.5562696308519295	0.3654586318808486	0.30174091404032016	16.18655906870044	0.02525656594027632
9.501497809956977	0.01	0.007	0.007	0.007	0.01	0.006871805830363083	0.008289497465744072	0.0004957855601010068	0.0003133928190877188	0.005099752120089685	1.3362908847538704	2.2799962079674345	1.5542456058606144	0.3641287679376778	0.3020712482864958	15.91468394934199	0.025180030517418163
9.589037096019464	0.01	0.007	0.007	0.007	0.01	0.006754658834472897	0.00814818596547655	0.00048657922061396937	0.0003075584803916566	0.0050003385232954495	1.3372824652645008	2.2727353907726613	1.55221492098274	0.3628013638782319	0.30238077140144554	15.647466001635115	0.025103753081513927
9.6765521923312	0.01	0.007	0.007	0.007	0.01	0.006639545022198986	0.008009326975441326	0.00047756566963668703	0.0003018470646027071	0.0049025702894620795	1.3382336196019153	2.265414685419672	1.5501778350046607	0.36147643712730904	0.302670238628778	15.384806805753678	0.025027727693600753
9.764048336691161	0.01	0.007	0.007	0.007	0.01	0.006526421774315007	0.007872869087646867	0.0004687393417899461	0.0002962549877928489	0.004806421361757143	1.3391457821249475	2.258037122276663	1.548134601668029	0.36015400862972624	0.3029403740136887	15.126612074883273	0.024951948933600625
9.85153028880175	0.01	0.007	0.007	0.007	0.01	0.006415248177289964	0.007738762951555496	0.0004600949412620002	0.0002907788408195338	0.004711866556222249	1.3400203262507213	2.250605633271725	1.5460854696326178	0.3588341023418115	0.30319187228982275	14.87279131385151	0.02487641185179815
9.939002412423982	0.01	0.007	0.007	0.007	0.01	0.006305984838532845	0.007606961051222343	0.000451627417868228	0.00028541537384838906	0.004618881442830169	1.3408585685844816	2.2431230525055192	1.5440306815291913	0.35751674418809376	0.30342540068958934	14.623257403013794	0.024801111891532737
10.0	0.01	0.007	0.007	0.007	0.01	0.006230897165209598	0.007516384353956712	0.00044582445205218165	0.00028174003651237504	0.004554944705582404	1.3414223302519075	2.2378760772627992	1.5425944931309987	0.35659956843129836	0.3035779654676451	14.451729974164248	0.024748737341529173
