0.0	0.01	0.007	0.007	0.007	0.01	0.0	0.0	0.0	0.0	0.0	0.0	0.0	0.0	0.0	0.0	100.0	0.035
0.006974170503851682	0.01	0.007	0.007	0.007	0.01	0.0026449835687270837	0.005631790805539724	0.003869895045982524	0.0014640006197683447	0.0001129776975548114	0.00014867279330118416	0.0003168328872687559	0.0002763407596888697	9.023688971385982e-5	3.233397194933534e-6	99.8928532137031	0.03499154130071416
0.012111001770963217	0.01	0.007	0.007	0.007	0.01	0.004488127462922479	0.009365356849441958	0.00658969316277192	0.0025132467874087	0.00017704970737804883	0.0004412205020835609	0.0009276132528777224	0.0008220259146993456	0.0002698726442589688	9.09984405865779e-6	99.81400758396036	0.034985312345899584
0.019507138768251633	0.01	0.007	0.007	0.007	0.01	0.0069943224989520054	0.014188601654400864	0.010320287781414809	0.003981798183033567	0.0002476861617680931	0.0011188327822555261	0.0023079841055857466	0.0020913581938875334	0.0006918628234888964	2.1465755595711825e-5	99.70059298887772	0.034976345689920814
0.026802737788487643	0.01	0.007	0.007	0.007	0.01	0.009305586272875812	0.018375827093692468	0.013795704261711	0.005382813356360695	0.0002984704934371725	0.0020656526706232755	0.0041846338786575175	0.0038734453550384068	0.0012909617631952043	3.7071362946217403e-5	99.58884632677689	0.03496750317195882
0.035333292566491134	0.01	0.007	0.007	0.007	0.01	0.011819062430430934	0.02264261405433275	0.01761541114539151	0.006962627821046693	0.0003407292754414162	0.003498475786065606	0.006943909020923261	0.006583826290430905	0.002213114740526305	5.8383079725933544e-5	99.45834268652162	0.03495716668009367
0.04428713415859685	0.01	0.007	0.007	0.007	0.01	0.014253714338934053	0.026487741622590755	0.021356902849163216	0.00855482325345973	0.0003711006649068411	0.0053514355135351206	0.010405080383430566	0.010107470860871845	0.0034276200016848403	8.322717353449195e-5	99.32154739549966	0.03494632057733327
0.054073855858709025	0.01	0.007	0.007	0.007	0.01	0.01669504934499575	0.030055573198190775	0.025150371145728382	0.010219572679103665	0.00039316412433462397	0.007751518494976364	0.01475006025113513	0.014695886467587406	0.005030914825300195	0.0001123183208809011	99.17224270741872	0.03493446942691659
0.06442337762601719	0.01	0.007	0.007	0.007	0.01	0.019047845645037677	0.0332175543545235	0.028844610087270937	0.011895948279223753	0.0004081170478090046	0.01067747780866528	0.019880305641731655	0.020319187008372052	0.007024351566514542	0.00014449986019142785	99.01459619594938	0.034921941130682636
0.07545736991443272	0.01	0.007	0.007	0.007	0.01	0.021320123413940115	0.03600973407067016	0.03244424751188007	0.013589611519337574	0.0004179589270387472	0.014194052540069895	0.02585098801703398	0.027111526641637865	0.009468616775666466	0.00017979514004979298	98.84679965494833	0.0349085892180792
0.08709248586170094	0.01	0.007	0.007	0.007	0.01	0.023477056584720105	0.03841814128755802	0.035882416241628926	0.015272414017302003	0.00042406566798998564	0.01830102305853911	0.03260386109578712	0.03508060322021113	0.012381366458841903	0.00021764983527391608	98.67016969258431	0.03489451543287045
0.0993726692357	0.01	0.007	0.007	0.007	0.01	0.02551373042527905	0.04047140953560973	0.03913522603049702	0.016935008797256852	0.0004276128346072409	0.023031847610469443	0.04013982099765914	0.04429613858854958	0.015804349215246417	0.0002579737588199562	98.48408945580083	0.03487966753147142
0.11228528801826344	0.01	0.007	0.007	0.007	0.01	0.027417336268565788	0.04219187423478807	0.04216214399541854	0.018558743398561353	0.0004294382756892483	0.02839501664454832	0.04842167262582892	0.054774793087232466	0.019761634811451278	0.0003005477737003339	98.28880448404657	0.034864061770233025
0.12586246288735517	0.01	0.007	0.007	0.007	0.01	0.029184632998027826	0.04361239018029759	0.04493414802433268	0.02012973217324392	0.00043014336547081883	0.034412000384792925	0.057436522288640844	0.06655204261569064	0.0242860057665811	0.0003453435718149225	98.08388667244841	0.03484766037912545
0.14012498866953862	0.01	0.007	0.007	0.007	0.01	0.030812176037754505	0.044764828339798314	0.04741869906804133	0.021631187730818995	0.00043013389496770256	0.04109641044606733	0.06716320685513924	0.07963950466003639	0.02940299403262208	0.0003923286560676777	97.869085085223	0.034830439385673116
0.15511320923127744	0.01	0.007	0.007	0.007	0.01	0.03230012169563925	0.045682198527732025	0.049586447637386226	0.023047076703872516	0.0004296769178038503	0.04846798682554833	0.07759369077068129	0.09404998739567916	0.035140410462953735	0.0004415578544554893	97.64386103369154	0.03481235133769968
0.17086995742287972	0.01	0.007	0.007	0.007	0.01	0.03364956482564063	0.04639569113907109	0.051408003461196644	0.024360178057063118	0.00042894354529601265	0.05654567734063997	0.0887226066492634	0.10978145608712277	0.04152215838174546	0.0004931087116988339	97.40764734647898	0.03479334594524929
0.1874499292176585	0.01	0.007	0.007	0.007	0.01	0.03486317399425601	0.04693459583181815	0.052856022916590036	0.02555315691991335	0.00042804294077000704	0.06535261153548952	0.10055415080091358	0.12682408317903462	0.04857099199330814	0.0005471059551409979	97.15970946000657	0.03477335880420121
0.20491394571218552	0.01	0.007	0.007	0.007	0.01	0.0359443569914858	0.04732551812940771	0.05390540097136772	0.026608322744885306	0.0004270480379215981	0.07491355599353325	0.11309821754807531	0.14515251765209128	0.05630532489371878	0.0006036982760239992	96.89923394948072	0.03475231836423672
0.22333047941675452	0.01	0.007	0.007	0.007	0.01	0.03689724004484229	0.04759227687242338	0.05453490030788893	0.027508241320284375	0.0004260145457625135	0.08525576261235568	0.1263713524097736	0.16472485764304023	0.06473855763710529	0.0006630608205553073	96.62530810200799	0.03473014413418862
0.2427710021415808	0.01	0.007	0.007	0.007	0.01	0.03772636144707908	0.0477558156157287	0.054728779341142904	0.028236178729696942	0.00042499585037204877	0.09640626817973291	0.1403931328336183	0.18547523510176112	0.07387544871234979	0.0007253795562294718	96.33699163677142	0.034706752331445184
0.2633058261023204	0.01	0.007	0.007	0.007	0.01	0.03843663394100953	0.04783432834482351	0.05447908842942101	0.028776963115751408	0.00042405525227392067	0.1083891332832563	0.15518282607611816	0.20730744496308684	0.08370840495404813	0.0007908396045010013	96.03338016905411	0.03468206092119454
0.28499739440393	0.01	0.007	0.007	0.007	0.01	0.03903337197422804	0.04784345671095324	0.05378826358826889	0.02911809570652728	0.00042327703049692747	0.12122104239038309	0.17075427979042437	0.23008754631594075	0.09421265386593457	0.0008596081862306951	95.7137051609805	0.03465599770060682
0.30789670905691674	0.01	0.007	0.007	0.007	0.01	0.039522509237145204	0.04779652297355867	0.052671480722087716	0.029251137553680695	0.00042277698746301634	0.1349087476693042	0.18711324165970558	0.2536426540732059	0.10534350233363377	0.0009318308307916064	95.37738582294303	0.034628504580264965
0.3320468770003576	0.01	0.007	0.007	0.007	0.01	0.039910844044984996	0.047704699790859915	0.051157556342370465	0.029172916332730503	0.00042271333906590726	0.14945106243026712	0.20425990366503557	0.277770251753392	0.11703815586064378	0.0010076534629237272	95.02397563146508	0.03459953330434865
0.35749569687496724	0.01	0.007	0.007	0.007	0.01	0.0402060971928865	0.047577081996347484	0.04928740378095997	0.028885956834833817	0.0004232997340163528	0.16484673726321994	0.22219774912929272	0.30225800578694834	0.12922297462026303	0.0010872764057437603	94.65297809695286	0.03456903035407971
0.3843110636524836	0.01	0.007	0.007	0.007	0.01	0.04041662265425178	0.04742072816088095	0.047110463658721055	0.028397881970559376	0.0004248235206006149	0.18110429979980905	0.2409439065323222	0.32690439579341807	0.14182228009898473	0.0011710218891110408	94.26362590852197	0.03453691855670302
0.412587242470554	0.01	0.007	0.007	0.007	0.01	0.040550874860630505	0.047240808212539884	0.04468109961490458	0.027720320591241764	0.0004276722808019286	0.19824619857775022	0.2605325100197826	0.3515269730260949	0.15476206460532219	0.0012593812303170852	93.85479781637663	0.03450308972579567
0.4424211895742564	0.01	0.007	0.007	0.007	0.01	0.04061692978477806	0.04704102445520957	0.04205794029963372	0.02686865352792588	0.00043236671331933627	0.21629441209409636	0.28099719898978126	0.3759437020812919	0.16795961586563057	0.0013529817051471222	93.42536907774429	0.03446743314749118
0.47380551700013873	0.01	0.007	0.007	0.007	0.01	0.04062249932432267	0.0468246606756843	0.03931085358145395	0.02586517391636681	0.00043957419259573816	0.23520595616435513	0.3022982655240364	0.399899899058011	0.18128069211713188	0.001452303935385075	92.97574469963854	0.03442996337431035
0.5064043411148861	0.01	0.007	0.007	0.007	0.01	0.040576091415622725	0.046596459455909914	0.03653545952537177	0.024747365732781447	0.0004500254171566325	0.2547408759374272	0.3241766891200051	0.42295197136288615	0.19446451134592255	0.00155700436276646	92.5110119302157	0.03439108674054741
0.5395801657485952	0.01	0.007	0.007	0.007	0.01	0.04048827936652133	0.046362647483339146	0.03383964077347123	0.023566634308167682	0.0004643632061892839	0.2744862927669868	0.3461848704409735	0.44458022326569746	0.20717434811776492	0.0016659388699084802	92.0404382735936	0.03435156705843499
0.572875392828604	0.01	0.007	0.007	0.007	0.01	0.04036981516174092	0.04612761223220226	0.03129458252893807	0.022366883109396333	0.00048318735913964884	0.29414935025380146	0.36801276539509875	0.464537596445674	0.219205012917512	0.0017786220192465645	91.57057756428077	0.03431195080030789
0.6060401165242125	0.01	0.007	0.007	0.007	0.01	0.04022966058012621	0.04589380394087636	0.028935057993725317	0.021179283948796764	0.0005070954671586895	0.3135710429215293	0.3894987628320338	0.48279675522940996	0.23047273404606977	0.001895302951622759	91.10494305441809	0.034272535240981755
0.6389236448426392	0.01	0.007	0.007	0.007	0.01	0.040074741945589604	0.045662658179701464	0.02677389828240801	0.020025323396925615	0.0005366662122451255	0.3326583382533205	0.41055227893254786	0.4994287352048237	0.24095561546212463	0.0020166074995938673	90.64559429027048	0.03423349858050462
0.6714322021691951	0.01	0.007	0.007	0.007	0.01	0.03991022020803512	0.045435020127692065	0.02481036357663594	0.018919024304130207	0.0005724486757560605	0.351356719118735	0.4311230613376078	0.5145495385721225	0.25066673063586614	0.0021433890766063123	90.19376008611601	0.034194950760802215
0.7035085961264833	0.01	0.007	0.007	0.007	0.01	0.03973985475690739	0.04521136897734816	0.023035624329601025	0.01786877771273952	0.0006149550927473376	0.3696364170127418	0.4511862005663251	0.5282927805081367	0.25963927893450556	0.002276650675726439	89.75014005135002	0.03415695793378257
0.7351208653972398	0.01	0.007	0.007	0.007	0.01	0.03956633706325896	0.04499194643410754	0.02143642524067208	0.016878841625278765	0.000664656399092976	0.3874844413508434	0.4707336763216606	0.5407948517002505	0.26791752770842764	0.0024174977952613487	89.3150737887345	0.034119556139385984
0.7662565009971761	0.01	0.007	0.007	0.007	0.01	0.039391555493031416	0.044776825763655215	0.019997437671212513	0.015950493607595973	0.0007219827541458638	0.4049002183049026	0.489769867554855	0.5521873540030297	0.2755513501466653	0.002567114256826877	88.88862882139468	0.03408275830368038
0.7969171714760659	0.01	0.007	0.007	0.007	0.01	0.039216808231163434	0.04456596516709158	0.018702837298867812	0.015082972358623686	0.0007873242846951124	0.4218918267918283	0.5083076727755925	0.5625926955259591	0.28259230962204424	0.002726741817366989	88.4706789535826	0.03404656059139828
0.8271148724982401	0.01	0.007	0.007	0.007	0.01	0.03904296428588616	0.044359244084978204	0.017537258223778156	0.0142741847592555	0.0008610329296045842	0.438473289595298	0.5263657397296873	0.5721221442309681	0.28909117808318063	0.00289766682554263	88.06096097604967	0.03401094703444822
0.8568688313712057	0.01	0.007	0.007	0.007	0.01	0.038870584221375314	0.04415649008135371	0.016486333220401123	0.013521227888180073	0.0009434242639388366	0.4546624772531186	0.5439663243157834	0.5808752760426145	0.29509638923164916	0.0030812105982262134	87.65911950204902	0.03397589323907195
0.8862031964744869	0.01	0.007	0.007	0.007	0.01	0.038700008594084824	0.04395749785599958	0.015536952568458176	0.012820758725977498	0.0010347793587808828	0.47047958892147157	0.5611337468720958	0.5889402983844484	0.30065318489844084	0.00327872337618579	87.26473996625714	0.033941369144521324
0.9151452974900385	0.01	0.007	0.007	0.007	0.01	0.038531422290020954	0.04376204288866228	0.014677347322616854	0.012169249456096428	0.001135346385549957	0.48594604895715227	0.5778932766211293	0.596394831422703	0.3058032175812239	0.0034915806721989777	86.8773730628199	0.03390734109276462
0.9437243760303213	0.01	0.007	0.007	0.007	0.01	0.03836490088642788	0.04356989100851359	0.013897066910429686	0.011563157794479995	0.0012453419464617131	0.5010837316807256	0.5942703545381235	0.6033069051428385	0.3105844539848769	0.0037211814799457807	86.49655225587922	0.03387377333278335
0.9719706895096271	0.01	0.007	0.007	0.007	0.01	0.038200443808757416	0.04338080491445455	0.013186898041955655	0.010999036065637062	0.0013649521620730186	0.5159144368462916	0.6102900746220512	0.6097360207472943	0.3150312666757954	0.003968947934824382	86.12180588371672	0.03384062907792354
0.9999148908879918	0.01	0.007	0.007	0.007	0.01	0.038037997958903585	0.04319454852605541	0.012538755471171089	0.010473597428515977	0.0014943335114021097	0.5304595454332427	0.6259768503084858	0.6157341848447955	0.3191746333363604	0.004236326013236505	85.75266531839874	0.03380787123384832
1.0275876144908538	0.01	0.007	0.007	0.007	0.01	0.037877474479533525	0.04301088977004104	0.011945563133336308	0.009983752613911826	0.0016336134541152566	0.5447398057656421	0.6413542141527565	0.6213468697227267	0.32304239142470265	0.004524787009053615	85.38867022399374	0.033775462881272596
1.055019243065799	0.01	0.007	0.007	0.007	0.01	0.037718760422931256	0.04282960205566024	0.011401135933155173	0.009526626324779503	0.0017828910334702094	0.5587752272794825	0.6564447278040728	0.6266138842953691	0.32665951832632095	0.004835829949509054	85.02937132883402	0.03374336754431553
1.0822397745783916	0.01	0.007	0.007	0.007	0.01	0.03756172695826921	0.04265046503654246	0.010900069078221376	0.009099560918762371	0.0019422373325857242	0.5725850328739464	0.6712699504732054	0.6315701410808646	0.33004840975766414	0.0051709845135428124	84.6743318477323	0.03371154934118631
1.109278783030702	0.01	0.007	0.007	0.007	0.01	0.037406234976259084	0.04247326473031125	0.010437637193338904	0.008700111658076555	0.002111695943974855	0.5861876625065842	0.6858504588422781	0.6362463276425255	0.3332291477760487	0.00553181467228029	84.32312766807198	0.03367997302467673
1.136165457170108	0.01	0.007	0.007	0.007	0.01	0.03725213877392282	0.04229779312673635	0.010009704167486014	0.008326036766545888	0.0022912835606037655	0.5996008163277271	0.7002059063698485	0.6406694904135275	0.3362197519478361	0.005919923231543637	83.97534654342687	0.033648603931995785
1.1629286838313513	0.01	0.007	0.007	0.007	0.01	0.03709928843135404	0.04212384751865559	0.009612643977169754	0.007975284801910131	0.002480990640407408	0.6128415181883051	0.7143551018281264	0.6448635369277993	0.3390364082791424	0.006336957186142761	83.6305867500378	0.03361740788326895
1.189597171315781	0.01	0.007	0.007	0.007	0.01	0.03694753120656318	0.04195122959531763	0.009243271673803056	0.0076459807057195186	0.0026807822159813396	0.6259261957408729	0.7283161033457706	0.6488496675520652	0.34169367597540323	0.006784614096427906	83.28845527959018	0.03358635103436427
1.2161999923825542	0.01	0.007	0.007	0.007	0.01	0.03679671001644105	0.04177974186424403	0.00889877874809846	0.007336407124434455	0.0028906020103043185	0.6388709598343466	0.7421065226307049	0.6526468000848261	0.3442047080779264	0.007264656903801347	82.94856074119103	0.03355539924289787
1.2427659144352226	0.01	0.007	0.007	0.007	0.01	0.036646668420237054	0.041609191937195526	0.008576693082351655	0.007045000699131737	0.003110367136764104	0.6516912869476129	0.755743191032591	0.6562717621429728	0.3465813325190685	0.0077789084253180015	82.61052185264036	0.0335245188471994
1.2693244163919999	0.01	0.007	0.007	0.007	0.01	0.03649724574965562	0.041439385956486045	0.008274823697101339	0.006770328956848381	0.003339975730220666	0.664402520566578	0.7692426970782454	0.6597396822745613	0.34883427626963676	0.00832927629101425	82.27395440899268	0.033493675483405275
1.2959055384087734	0.01	0.007	0.007	0.007	0.01	0.03634827868284884	0.041270129605850456	0.007991227733602101	0.006511082362157596	0.003579305652669153	0.6770197955899154	0.782621307094684	0.6630641683770655	0.35097325655681727	0.008917759225974889	81.93847328463272	0.03346283426299705
1.322540469020446	0.01	0.007	0.007	0.007	0.01	0.036199598531824535	0.041101224438693615	0.007724174169132694	0.0062660595186148135	0.0038282193376758143	0.6895583110735181	0.7958952545209579	0.6662575505695985	0.3530071202788949	0.009546469804469935	81.60368515450357	0.033431959095301125
1.3492618175973619	0.01	0.007	0.007	0.007	0.01	0.03605103023749334	0.040932466289469775	0.007472116430768103	0.006034157234727339	0.004086566097995279	0.7020334419512613	0.8090808558801915	0.6693310484320265	0.3549439380643746	0.010217654039116853	81.26918534428911	0.03340101237841141
1.3761041855760574	0.01	0.007	0.007	0.007	0.01	0.03590238966547964	0.040763641861030236	0.007233666411859367	0.005814359237381473	0.00435418720117194	0.7144609812114945	0.8221947626133562	0.6722949454341793	0.35679110543191284	0.010933721548176343	80.93455106508473	0.033369954346757554
1.403104759686043	0.01	0.007	0.007	0.007	0.01	0.035753480797248924	0.040594525273657624	0.007007572571512693	0.005605726467889153	0.004630921247638491	0.7268573778278428	0.8352542053320497	0.6751587366670866	0.35855542800583035	0.011697281662814496	80.59933457183119	0.03333874239745887
1.4303041343776872	0.01	0.007	0.007	0.007	0.01	0.03560409170389195	0.04042487329236958	0.006792699879041475	0.005407387315140541	0.00491661176916841	0.7392400636596356	0.8482773283422973	0.6779312744092473	0.3602432053154144	0.01251119233319129	80.26305370146606	0.03330733015659171
1.4577473738624735	0.01	0.007	0.007	0.007	0.01	0.03545398929856928	0.040254419213612315	0.006588011612583419	0.005218528132472276	0.005211117135670444	0.751627867525793	0.8612836112218332	0.6806209100578375	0.3618603110227608	0.01337862506623969	79.92517975314517	0.033275666275328485
1.4854854521723138	0.01	0.007	0.007	0.007	0.01	0.03530291216904577	0.04008286460720313	0.006392552110133245	0.005038383497604632	0.005514324067944096	0.7640415711329634	0.874294433257319	0.6832356428957694	0.36341227471754955	0.014303153791809858	79.58512111631892	0.03324369279866289
1.5135773088461681	0.01	0.007	0.007	0.007	0.01	0.03515056028167078	0.03990986753298439	0.006205429296858936	0.004866225389171249	0.00582616708445135	0.7765047006639643	0.8873338764385985	0.6857832913913197	0.36490437290955613	0.015288881195549152	79.24219990975051	0.033211342836682846
1.5420928151311724	0.01	0.007	0.007	0.007	0.01	0.0349965800883074	0.039735025558693675	0.006025796018280208	0.00470135063393118	0.0061466566932112604	0.7890446647963633	0.9004298786565222	0.6882717019148389	0.36634173537103576	0.01634062185515247	78.8956183136071	0.03317853720496842
1.5711173546890276	0.01	0.007	0.007	0.007	0.01	0.03484054143864922	0.0395578494896148	0.005852827413987794	0.004543064349631569	0.006475923346475985	0.8016945168413441	0.9136160202913062	0.6907090370338872	0.36772948725224336	0.01746418243666045	78.54440648735356	0.03314517923404372
1.600759224323391	0.01	0.007	0.007	0.007	0.01	0.03468190017686939	0.03937772085662512	0.005685690294445032	0.004390656029534347	0.006814289185994439	0.814495809441724	0.926934420196639	0.6931042092839843	0.36907295734478185	0.018666811170731802	78.18733828820454	0.03311114637994229
1.6311625277022148	0.01	0.007	0.007	0.007	0.01	0.03451993277882537	0.039193817668786456	0.0055234952359013234	0.0042433603294581655	0.007162394683766687	0.8275035910798079	0.9404408098242649	0.6954676115530711	0.37037802400347675	0.019957972226762787	77.82278407355844	0.03307627559943979
1.662531869639925	0.01	0.007	0.007	0.007	0.01	0.03435361078764667	0.03900497182074939	0.005365209556686628	0.00410028373334991	0.007521444834290684	0.840796026758163	0.9542143154706157	0.6978125018658701	0.37165176848630493	0.02135080994037974	77.44842800879063	0.033040335322515255
1.6951865614507742	0.01	0.007	0.007	0.007	0.01	0.03418132432393034	0.038809355145940555	0.005209468924011863	0.0039602431538850935	0.0078937585265948	0.8544956423162429	0.9683790893494669	0.7001580605205282	0.37290392247415416	0.022865315943757458	77.060645666404	0.033002963887621334
1.7297097506040104	0.01	0.007	0.007	0.007	0.01	0.034000118713168985	0.038603612669429965	0.005054052245642103	0.003821311696633885	0.008284308176035123	0.8688281800191119	0.9831643335314385	0.702537947750605	0.37415095855463365	0.024536885376817783	76.65278570907189	0.03296350003047578
1.7675578359442505	0.01	0.007	0.007	0.007	0.01	0.03380256479974559	0.038379309160151996	0.004893688212598196	0.003678910803075222	0.008707121715970198	0.8843646760685077	0.9991515526410704	0.7050359647672346	0.37543331189619444	0.026450669121712015	76.20812526626507	0.03292028966953852
1.8186276252110636	0.01	0.007	0.007	0.007	0.01	0.033537816369166994	0.038078713845280415	0.00469237889084805	0.003501674922666002	0.009265678642439667	0.9050398700473444	1.020360429195339	0.7082347169448403	0.3770335074331356	0.02916322991657883	75.61221460111295	0.032862074133949246
1.8513324264308317	0.01	0.007	0.007	0.007	0.01	0.03336936335224387	0.037887452789820544	0.004571743278148447	0.0033963541941623566	0.009614560027305851	0.918108079045162	1.0337260905370715	0.7101860898001784	0.37798539312570445	0.03097590237418939	75.23304663931972	0.032824847322009236
1.8902152705708704	0.01	0.007	0.007	0.007	0.01	0.033170189940721115	0.03766131221478471	0.004435990497453658	0.003278695191660802	0.010018870781960702	0.9334722873625197	1.049399557915588	0.7124136433002713	0.37904831694436525	0.033204372234177236	74.7847259226579	0.032780643113894926
1.924077482185183	0.01	0.007	0.007	0.007	0.01	0.0329977032866453	0.037465471869427225	0.004324049745950188	0.0031823986476286576	0.010360770277884273	0.946701510982832	1.0628593113546947	0.7142760839524436	0.37991677742642244	0.0352072465234442	74.39647026997898	0.03274219514157506
1.9592522707756639	0.01	0.007	0.007	0.007	0.01	0.03281948075233084	0.03726311918555526	0.004213501654036645	0.0030879751438751186	0.010705023133589483	0.9602961855307226	1.0766556838761305	0.7161383645952576	0.3807658892434719	0.03734607428721371	73.99529919266705	0.032702304587922615
1.9925195768308166	0.01	0.007	0.007	0.007	0.01	0.03265180918621892	0.03707274610055552	0.00411394933028006	0.00300354125557917	0.011019786044111413	0.9730169264147123	1.089532194126222	0.7178351418437202	0.38152203099173077	0.03942087239975304	73.61787375602447	0.032664621965313397
2.0258032815007816	0.01	0.007	0.007	0.007	0.01	0.03248491263089883	0.03688325302703165	0.004018883239712262	0.0029234596806021213	0.011323694147170948	0.9856123165421469	1.1022497926157848	0.7194729882517102	0.38223538827243775	0.041544538793207686	73.24218881703895	0.032626964221134924
2.05819249776872	0.01	0.007	0.007	0.007	0.01	0.032323320804559116	0.036699782950635015	0.003930445162443471	0.0028494556785761825	0.011608515079428637	0.9977440907366067	1.1144685614044039	0.7210120357291997	0.3828902916844842	0.043654514408112695	72.87844096202454	0.032590360196318544
2.090320912789057	0.01	0.007	0.007	0.007	0.01	0.032163824683068803	0.03651869235465201	0.0038464388192337422	0.0027796123043103632	0.011880150037066068	1.009657466245193	1.1264374709091955	0.7224876598382837	0.3835035776608195	0.045787286768799576	72.51940681133887	0.032554091482137296
2.1219563791985423	0.01	0.007	0.007	0.007	0.01	0.0320075451394934	0.036341253858306874	0.003767121132021931	0.0027140798921226	0.012136853961376681	1.0212717340403457	1.1380768226357285	0.7238930954281838	0.38407381311153244	0.047923668274011746	72.1676096663183	0.03251841867976321
2.1533341040861185	0.01	0.007	0.007	0.007	0.01	0.03185328933387764	0.036166113113119985	0.0036915849323774473	0.002652050919456839	0.01238082369628237	1.0326784698859297	1.1494797497260953	0.7252424013853876	0.3846079939297261	0.050075951462069904	71.8203645121569	0.0324830751260129
2.184418437389668	0.01	0.007	0.007	0.007	0.01	0.03170120929005953	0.035993442720103255	0.00361965666652669	0.002593333431213053	0.012612029603209129	1.0438687393366313	1.1606383850658355	0.7265369778426727	0.38510775931126345	0.05223859843776735	71.47801369452407	0.03244809992275442
2.2153140624899894	0.01	0.007	0.007	0.007	0.01	0.03155077238490612	0.03582263793942298	0.003550866099824693	0.002537499260237005	0.012831512867525546	1.0548838047241382	1.1715948311926894	0.7277837860750543	0.38557677855774103	0.05441604277045159	71.13935832710737	0.0324133743649479
2.246038132475262	0.01	0.007	0.007	0.007	0.01	0.03140187916117129	0.03565358584524459	0.003484981339731341	0.0024843213488015955	0.013039638833604298	1.0657326551507467	1.1823588112090768	0.7289857212595653	0.3860169969959066	0.05660693797307969	70.80417461039826	0.032378878482823004
2.276648353762171	0.01	0.007	0.007	0.007	0.01	0.0312542367971421	0.035485953968156646	0.003421708981793216	0.0024335281249107115	0.013237040284230615	1.076438107660285	1.192953638125412	0.7301469744301513	0.3864307196539403	0.05881304461082391	70.47180343426031	0.032344546934358065
2.3071726440709717	0.01	0.007	0.007	0.007	0.01	0.031107700532394915	0.035319577946839945	0.003360844045470573	0.002384924077565371	0.013424127560002537	1.087011895759145	1.2033914796461416	0.7312702764354075	0.386819604345623	0.0610342137270416	70.1419189820438	0.03231034801249216
2.337649428161523	0.01	0.007	0.007	0.007	0.01	0.030962078137539272	0.035154239524526065	0.0033021802426478463	0.002338316634848892	0.013601360595421061	1.0974689415382457	1.213687530450967	0.7323585093253437	0.3871852664853862	0.06327123184079611	69.81408856022485	0.032276238391086114
2.3681053530772727	0.01	0.007	0.007	0.007	0.01	0.03081723677384561	0.03498978787639225	0.0032455520934890937	0.0022935492626652153	0.013769110552026398	1.107819659084575	1.2238524210518815	0.733413909598757	0.3875290138449436	0.06552417976711959	69.48801316285389	0.03224218808741165
2.3985688545800596	0.01	0.007	0.007	0.007	0.01	0.030673037569650757	0.03482606532809092	0.003190805332354686	0.0022504773156093068	0.013927744341808067	1.1180747019353965	1.2338969172769012	0.7344385966547007	0.3878520415711856	0.06779339697571661	69.16338019052337	0.03220816524825176
2.429063147059587	0.01	0.007	0.007	0.007	0.01	0.030529368738192942	0.03466294495739863	0.003137807966405677	0.0022089763557713443	0.01407758685800249	1.1282426167343031	1.2438296260956931	0.735434352410776	0.3881553702418007	0.0700789452574714	68.83993800830594	0.032174143976783566
2.4596107608694373	0.01	0.007	0.007	0.007	0.01	0.03038612374967053	0.03450030581091548	0.0030864400177120933	0.002168933671332791	0.014218947595501701	1.1383314250341379	1.253658560011436	0.7364028003305898	0.38843991339332645	0.07238092781120808	68.517446806676	0.03214009924755628
2.4902314478188177	0.01	0.007	0.007	0.007	0.01	0.03024321099142268	0.03433804387212128	0.0030365956706525457	0.002130249641965532	0.014352111706721862	1.1483479580575675	1.263390496548046	0.7373453549942895	0.3887064701166818	0.07469931869337988	68.19570035058672	0.032106009233119466
2.520943797727029	0.01	0.007	0.007	0.007	0.01	0.030100545958236944	0.03417606319429453	0.002988179170817396	0.0020928342586198976	0.014477349321615318	1.1582984263887375	1.2730315433912487	0.7382632907407738	0.38895575290943624	0.07703407225218811	67.8745083984858	0.032071853491012055
2.551764682422297	0.01	0.007	0.007	0.007	0.01	0.029958053680476632	0.034014278657371	0.0029411046457397563	0.0020566067519588883	0.014594914317081055	1.1681882645382868	1.2825869949489948	0.7391577379760328	0.38918839277783596	0.0793850712272377	67.55370216975804	0.03203761357459818
2.5827098816291536	0.01	0.007	0.007	0.007	0.01	0.02981566565661223	0.033852612485153595	0.0028952941632452087	0.00202149388862629	0.014705048089103112	1.1780223588756245	1.2920615604574468	0.7400297139739694	0.3894049532043104	0.08175216582461056	67.23312743956204	0.032003272329124366
2.6137940055840216	0.01	0.007	0.007	0.007	0.01	0.029673320083272784	0.03369099450650158	0.002850677064074253	0.0019874292854932976	0.014807980169097058	1.187805043063477	1.3014593654928115	0.7408801305321286	0.38960593685910017	0.08413516078613313	66.91264505745623	0.03196881397147524
2.6450307611608572	0.01	0.007	0.007	0.007	0.01	0.029530960515044922	0.033529360633670936	0.0028071888868170408	0.001954352435626609	0.014903930007898004	1.1975402009544522	1.3107840565110986	0.7417098101667019	0.3897917938444827	0.08653382972888592	66.59212793067853	0.031934223789218744
2.6764330046151734	0.01	0.007	0.007	0.007	0.01	0.029388535526023617	0.03336765247803694	0.0027647707162068765	0.0019222080811819495	0.014993107823313898	1.2072312986676865	1.3200388362822697	0.7425194949154943	0.3899629274408736	0.0889479141010028	66.27146026268575	0.031899488077478465
2.708012878047779	0.01	0.007	0.007	0.007	0.01	0.029245998002299458	0.033205816546786365	0.0027233684948022546	0.001890945576558114	0.015075715607314048	1.216881440833613	1.329226521900799	0.7433098563801482	0.39011969962259485	0.09137712930004721	65.95053596069691	0.03186459398373449
2.739781893701453	0.01	0.007	0.007	0.007	0.01	0.02910330468685948	0.033043803726198945	0.002682932481825564	0.0018605183792977337	0.015151947848524827	1.2264934083869206	1.338349584474305	0.7440815034117558	0.3902624355594157	0.09382116741519246	65.629257611462	0.0318295294111566
2.7717510011713267	0.01	0.007	0.007	0.007	0.01	0.028960415812292938	0.03288156886462251	0.002643416793326392	0.0018308836156198766	0.01522199212622501	1.2360696895277279	1.3474101818218864	0.7448349886169454	0.3903914274839238	0.09627969916818621	65.30753565466955	0.03179428294137231
2.803930667461079	0.01	0.007	0.007	0.007	0.01	0.028817294685738737	0.03271907030122427	0.002604778976998036	0.001802001683413041	0.015286029658016398	1.2456125130869076	1.356410193004005	0.7455708145134858	0.39050693813561743	0.0987523772714027	64.98528744877427	0.0317588437435784
2.8363309233665635	0.01	0.007	0.007	0.007	0.01	0.028673907433311576	0.03255626957581329	0.0025669796724521994	0.0017738359291124555	0.015344235705993093	1.2551238704769179	1.3653512416461424	0.7462894383158414	0.3906092036524016	0.1012388375539066	64.66243669585391	0.03172320152125207
2.8689614252093247	0.01	0.007	0.007	0.007	0.01	0.02853022268340957	0.03239313106926983	0.0025299822892696673	0.0017463523461829467	0.015396779963270282	1.2646055411354746	1.3742347222293443	0.7469912766001953	0.39069843617499134	0.10373870156660969	64.33891272881681	0.03168734644233698
2.901831493436932	0.01	0.007	0.007	0.007	0.01	0.028386211359403012	0.03222962176816523	0.002493752744180425	0.0017195193249448645	0.015443826850625012	1.2740591101555596	1.3830618187176704	0.7476767090275204	0.39077482606974095	0.10625157766104787	64.01465004485638	0.03165126909525388
2.93495014940802	0.01	0.007	0.007	0.007	0.01	0.02824184648539185	0.03206571104422026	0.002458259226299288	0.0016933074294252497	0.015485535779010903	1.2834859846404743	1.3918335217561244	0.7483460816902189	0.3908385439012209	0.10877706214439119	63.689587868305644	0.03161496044717891
2.968326154934456	0.01	0.007	0.007	0.007	0.01	0.028097102984939837	0.03190137042578923	0.0024234719826096707	0.0016676891946653762	0.015522061385334214	1.2928874101190508	1.400550645693037	0.7489997102062655	0.390889742187879	0.11131474082442584	63.36366969765217	0.031578411799571604
3.0019680391693906	0.01	0.007	0.007	0.007	0.01	0.02795195753951682	0.0317365734371363	0.002389363137264659	0.0016426389537832194	0.01555355372628197	1.302264482705318	1.4092138414344282	0.749637882285937	0.3909285569381394	0.11386418974068431	63.036842986973376	0.03154161475782665
3.035884125953825	0.01	0.007	0.007	0.007	0.01	0.02780638844852707	0.03157129543951281	0.002355906527395208	0.001618132681342182	0.015580158454478417	1.3116181608729343	1.4178236087757838	0.7502608600835377	0.3909551090252202	0.11642497606346826	62.70905883092517	0.0315045612006224
3.0700825571930856	0.01	0.007	0.007	0.007	0.01	0.027660375509844716	0.0314055134955181	0.002323077558025849	0.001594147854432124	0.015602016974432701	1.3209492756427605	1.426380307112336	0.7508688822720381	0.39096950541219133	0.11899665880439633	62.380271695889924	0.03146724325380221
3.1045713121589604	0.01	0.007	0.007	0.007	0.01	0.027513899920669247	0.03123920625653167	0.002290853073992881	0.001570663329443783	0.0156192665828079	1.330258539245606	1.4348841646148998	0.7514621658704119	0.3909718402494144	0.1215787893184607	62.05043919686616	0.03142965326886888
3.139358229557183	0.01	0.007	0.007	0.007	0.01	0.027366944169238527	0.031072353839764973	0.002259211240762111	0.0015476592282312551	0.01563204059930487	1.3395465541669234	1.4433352876336196	0.7520409079647663	0.39096219586154285	0.12417091209817874	61.719521853758565	0.03139178379861599
3.174451018508657	0.01	0.007	0.007	0.007	0.01	0.027219491975882047	0.030904937761333913	0.0022281314456401107	0.0015251168416977594	0.015640468483512537	1.3488138188852803	1.4517336669777372	0.7526052871047328	0.39094064363725434	0.12677256481307067	61.38748295876075	0.031353627584975396
3.2098572815615376	0.01	0.007	0.007	0.007	0.01	0.02707152818530937	0.030736940813964005	0.0021975941969328435	0.0015030185341772659	0.015644675949011148	1.3580607365400397	1.4600791867664409	0.7531554647806	0.3909072448298363	0.12938327931083626	61.0542883339191	0.03131517753389148
3.2455845194023523	0.01	0.007	0.007	0.007	0.01	0.026923038737772027	0.030568347034247892	0.002167581047328904	0.0014813476674461134	0.015644785066397073	1.3672876184981162	1.46837162856729	0.7536915864968852	0.390862051290933	0.13200258131736708	60.71990626629766	0.031276426710214626
3.281640152438384	0.01	0.007	0.007	0.007	0.01	0.026774010571201625	0.03039914159153385	0.0021380745095273576	0.0014600885209502426	0.015640914364406084	1.376494692126754	1.4766106792632623	0.7542137830182554	0.3908051061234701	0.13462999143474824	60.38430728770399	0.031237368314366604
3.3180315432059575	0.01	0.007	0.007	0.007	0.01	0.026624431522799624	0.03022931067619172	0.0021090579786894378	0.001439226218692121	0.01563317892038235	1.3856821084054778	1.484795938648346	0.7547221715124062	0.3907364442544503	0.1372650262181285	60.047463953166904	0.031197995658287854
3.3547659656576836	0.01	0.007	0.007	0.007	0.01	0.026474290450101468	0.030058841637068116	0.002080515702534644	0.0014187466918574834	0.015621690460086334	1.394849935978896	1.492926914892255	0.7552168558815836	0.3906560930577951	0.13990719544998678	59.70935111365315	0.031158302198934014
3.391850649696894	0.01	0.007	0.007	0.007	0.01	0.026323577042703557	0.02988772276772301	0.002052432695270324	0.0013986366023494192	0.015606557444103617	1.4039981742081726	1.5010030369328833	0.7556979281059815	0.3905640728037917	0.14255600492605638	59.3699454921749	0.031118281490368053
3.429292770170032	0.01	0.007	0.007	0.007	0.01	0.02617228186382212	0.029715943353615253	0.002024794700691697	0.0013788833029246736	0.015587885161360514	1.4131267520041821	1.5090236541343651	0.7561654687406089	0.3904603971640048	0.14521095524519562	59.029225777459025	0.03107792719604687
3.4670994731377407	0.01	0.007	0.007	0.007	0.01	0.026020396240841893	0.02954349354783264	0.001997588130587018	0.0013594747807332214	0.015565775807497738	1.422235535795447	1.5169880439890544	0.756619547852815	0.3903450735917346	0.14787154330283747	58.68717237754045	0.03103723306091975
3.5052778676101655	0.01	0.007	0.007	0.007	0.01	0.025867912296932267	0.02937036440698863	0.0019708000327283166	0.0013403996230449964	0.01554032857624363	1.4313243288891095	1.5248954121918084	0.7570602254671052	0.39021810375579963	0.15053726134999837	58.34376749103591	0.03099619292085285
3.54383503484154	0.01	0.007	0.007	0.007	0.01	0.025714822911841136	0.029196547846708103	0.0019444180485932445	0.0013216469765296986	0.015511639742837936	1.4403928750987527	1.5327448964598875	0.7574875521993311	0.3900794839026883	0.15320759733915237	57.998995018924866	0.030954800693150878
3.5827780432347116	0.01	0.007	0.007	0.007	0.01	0.02556112166176906	0.02902203657336112	0.0019184303706528837	0.00130320650710309	0.015479802739521174	1.4494408635286757	1.5405355712954447	0.7579015699010136	0.38992920516300944	0.15588203566869666	57.65284042921128	0.030913050361153157
3.6221139481547153	0.01	0.007	0.007	0.007	0.01	0.025406802820229463	0.02884682408503949	0.0018928257129055043	0.0012850683699741126	0.015444908239662216	1.4584679296833698	1.5482664495230183	0.7583023120931563	0.3897672538824	0.15856005689501557	57.30529075892834	0.03087093597511143
3.6618497890205264	0.01	0.007	0.007	0.007	0.01	0.02525186136930952	0.028670904684342597	0.001867593284945134	0.001267223182874426	0.015407044245691913	1.4674736559908235	1.555936483341759	0.7586898043568397	0.38959361195050823	0.16124113730237283	56.95633463956903	0.030828451655981748
3.7019926076871474	0.01	0.007	0.007	0.007	0.01	0.02509629292809536	0.02849427339711189	0.0018427227544543627	0.0012496619917428994	0.015366296156333156	1.4764575771341686	1.5635445694686807	0.7590640649085604	0.38940825701985393	0.16392474993927045	56.60596213595598	0.030785591576482044
3.742549446033947	0.01	0.007	0.007	0.007	0.01	0.02494009376340619	0.0283169259846184	0.0018182042253671077	0.0012323762481115975	0.015322746850379994	1.4854191805301349	1.571089550097496	0.7594251049327754	0.38921116278893686	0.16661036425239154	56.25416477048114	0.030742349964476
3.7835273543575743	0.01	0.007	0.007	0.007	0.01	0.02478326075879496	0.028138858908366527	0.0017940282109200685	0.001215357783419388	0.015276476759161921	1.4943579092165462	1.5785702158968036	0.7597729289968498	0.38900229922177126	0.1692974464690113	55.900935453353526	0.030698721094849293
3.8249333890911266	0.01	0.007	0.007	0.007	0.01	0.024625791425058073	0.02796006934202664	0.0017701856147954611	0.0011985987895340269	0.015227563949236845	1.5032731623413604	1.5859853069761862	0.76010753534907	0.3887816328038209	0.17198545929040104	55.5462685063344	0.030654699292811425
3.866774618773949	0.01	0.007	0.007	0.007	0.01	0.02446768387916207	0.027780555147508813	0.0017466677086765512	0.001182091797204127	0.015176084195303054	1.5121642974596856	1.5933335153714931	0.7604289162729285	0.3885491267453627	0.17467386215329647	55.19015961534008	0.030610278928433977
3.909058138804859	0.01	0.007	0.007	0.007	0.01	0.024308936790991078	0.027600314814500232	0.0017234661066298951	0.001165829652730332	0.015122111039597864	1.5210306345876603	1.6006134889409587	0.7607370584792579	0.38830474111675045	0.17736211205356334	54.83260571056363	0.030565454401949656
3.9517910526389013	0.01	0.007	0.007	0.007	0.01	0.02414954945682975	0.027419347543897358	0.0017005727593967753	0.0011498055089965065	0.015065715892068699	1.5298714531418036	1.6078238293910703	0.7610319432299659	0.38804843316190324	0.1800496622395295	54.473605132046764	0.030520220164695112
3.99498049531225	0.01	0.007	0.007	0.007	0.01	0.02398952171357578	0.027237653150403576	0.0016779799262693015	0.001134012801140313	0.015006968076323422	1.5386859978035976	1.6149630976542142	0.7613135467650394	0.38778015736220384	0.18273596362900899	54.11315743652192	0.030474570695183185
4.0386336202368	0.01	0.007	0.007	0.007	0.01	0.02382885399096767	0.027055232121828195	0.0016556801681298636	0.0011184452373919906	0.01494593492127982	1.5474734766767992	1.62202981293915	0.7615818404495543	0.3874998657038755	0.18542046390968464	53.75126351511361	0.030428500514144613
4.082757611840748	0.01	0.007	0.007	0.007	0.01	0.023667547267491963	0.026872085569024016	0.0016336663275527189	0.0011030967811652833	0.014882681817498647	1.5562330647912404	1.629022456145127	0.7618367910882328	0.38720750778258956	0.18810260828326417	53.38792549409043	0.030382004172241548
4.127359686942242	0.01	0.007	0.007	0.007	0.01	0.02350560306873574	0.026688215224016865	0.001611931515957434	0.0010879616383750923	0.014817272286631966	1.5649639052365782	1.6359394713305697	0.7620783611469201	0.3869030309655433	0.19078183950862557	53.02314673121914	0.030335076249760916
4.172447090144499	0.01	0.007	0.007	0.007	0.01	0.023343023487223055	0.02650362346252779	0.0015904691043190722	0.0010730342474919669	0.014749768058752756	1.5736651091591212	1.6427792662991256	0.7623065089366029	0.38658638059012407	0.1934575976108315	52.65693186051351	0.030287711362610804
4.218027101170185	0.01	0.007	0.007	0.007	0.01	0.023179811158741945	0.02631831327709506	0.001569272708698368	0.001058309266232126	0.014680229131017235	1.582335758121024	1.649540215071873	0.7625211888562689	0.3862575000765371	0.19612932032976954	52.289286738980394	0.030239904155772337
4.264107030249702	0.01	0.007	0.007	0.007	0.01	0.023015969281878112	0.02613228829925269	0.0015483361821924618	0.001043781562943544	0.014608713842594654	1.5909749041463173	1.6562206585414794	0.7627223515655787	0.38591633111774093	0.19879644287310835	51.92021849069053	0.030191649309337928
4.310694235078104	0.01	0.007	0.007	0.007	0.01	0.022851501560748947	0.02594555273451108	0.0015276535976617171	0.001029446201801482	0.014535278914759774	1.5995815738295318	1.662818908280136	0.7629099442459318	0.3855628137054364	0.20145839893697678	51.549735377853146	0.030142941521985
4.357796094550979	0.01	0.007	0.007	0.007	0.01	0.022686412301019365	0.025758111471372892	0.0015072192505226378	0.001015298442118682	0.014459979556944714	1.6081547643899234	1.66933324414484	0.7630839106710818	0.3851968864740682	0.20411461925190807	51.177847017174365	0.030093775539714505
4.405420035235202	0.01	0.007	0.007	0.007	0.01	0.022520706318850472	0.02556996997795409	0.001487027638321675	0.001001333721732266	0.014382869488847004	1.6166934495702503	1.675761919480126	0.7632441914952411	0.3848184866465214	0.20676453318287036	50.80456417482944	0.030044146129425235
4.453573517403172	0.01	0.007	0.007	0.007	0.01	0.02235438899278769	0.02538113436089752	0.0014670734588728797	0.0009875476534298834	0.01430400102447352	1.6251965780490354	1.6821031605777552	0.7633907243691387	0.3844275502807818	0.2094075680271521	50.429898883423675	0.029994048094808788
4.5022640333142085	0.01	0.007	0.007	0.007	0.01	0.02218746627141887	0.025191611374067915	0.0014473516030851805	0.0009739360178409452	0.014223425135911398	1.6336630742243243	1.6883551680074915	0.7635234441115702	0.3840240124261681	0.21204314905435528	50.05386445932537	0.029943476279404926
4.551499118588482	0.01	0.007	0.007	0.007	0.01	0.022019944636112055	0.025001408376244788	0.0014278571429681792	0.000960494753148267	0.01414119149363249	1.642091841279018	1.6945161196387342	0.7636422829104392	0.3836078071669376	0.21467070026841692	49.67647541880581	0.029892425556088162
4.601286337549907	0.01	0.007	0.007	0.007	0.01	0.021851831152793818	0.024810533389911307	0.0014085853305778006	0.0009472199524856043	0.014057348548215165	1.6504817597410961	1.700584170349215	0.7637471704488611	0.38317886787877137	0.2172896437779459	49.29774759476697	0.02984089084361037
4.651633281225413	0.01	0.007	0.007	0.007	0.01	0.02168313347891847	0.02461899510916725	0.001389531591795867	0.000934107857883552	0.013971943590024072	1.6588316883907532	1.706557453539955	0.7638380340762936	0.3827371273852116	0.21989939990427362	48.91769815253253	0.029788867109933653
4.702547572062209	0.01	0.007	0.007	0.007	0.01	0.021513859847567034	0.024426802881675178	0.001370691517901527	0.0009211548528138982	0.013885022795670379	1.6671404663142662	1.7124340834900147	0.763914798989104	0.3822825180529765	0.2224993876581441	48.53634555411839	0.02973634936862932
4.754036855133038	0.01	0.007	0.007	0.007	0.01	0.02134401909635972	0.024233966741487672	0.0013520608625423652	0.0009083574585585702	0.01379663129561399	1.6754069127579752	1.7182121561610448	0.7639773883851984	0.3818149720042791	0.22508902453846802	48.15370962346351	0.02968333268923993
4.806108795830424	0.01	0.007	0.007	0.007	0.01	0.021173620673511438	0.02404049741592284	0.0013336355363203103	0.0008957123290328853	0.013706813229160716	1.6836298281633562	1.7238897509017477	0.7640257236359875	0.38133442127440126	0.2276677267082223	47.76981156017315	0.029629812200891528
4.858771070399051	0.01	0.007	0.007	0.007	0.01	0.021002674666334802	0.0238464063579266	0.0013154116040327223	0.0008832162475224568	0.01361561181005193	1.6918079941591075	1.7294649314804855	0.7640597244552777	0.3808407980364169	0.23023490885165693	47.384674003839535	0.029575783103230054
4.912031373794571	0.01	0.007	0.007	0.007	0.01	0.020831191772332596	0.02365170571325142	0.0012973852759867296	0.0008708661194403766	0.013523069360241311	1.6999401763461952	1.734935749078074	0.764079309084427	0.3803340346652981	0.2327899849162241	46.998320969023304	0.02952124065953126
4.965897391950657	0.01	0.007	0.007	0.007	0.01	0.02065918338435108	0.023456408417139023	0.0012795529116195366	0.000858658973599496	0.01342922740352815	1.708025121683792	1.7403002416691429	0.7640843944622253	0.37981406413868574	0.23533236716726913	46.610778037217734	0.029466180226252796
5.020376808990033	0.01	0.007	0.007	0.007	0.01	0.02048666156074919	0.0232605281604509	0.0012619110110077647	0.0008465919552524045	0.01333412669670374	1.7160615614325712	1.745556437261951	0.7640748964250917	0.3792808201130861	0.23786146699488875	46.222072289762835	0.029410597246654475
5.075477281698057	0.01	0.007	0.007	0.007	0.01	0.020313639098677946	0.023064079472869425	0.0012444562172601913	0.0008346623266516584	0.013237807315642901	1.7240482092958658	1.7507023540127948	0.7640507299094786	0.37873423731762257	0.24037669421900654	45.8322324730771	0.029354487277807036
5.131206449929648	0.01	0.007	0.007	0.007	0.01	0.020140129491467405	0.02286707767451549	0.001227185307142356	0.0008228674596217477	0.013140308676537043	1.7319837650334768	1.7557360040143515	0.7640118091595404	0.37817425160065465	0.24287745812398945	45.44128890278223	0.029297845980814415
5.187571898623454	0.01	0.007	0.007	0.007	0.01	0.01996614703597759	0.02266953899783436	0.001210095196960158	0.0008112048386194137	0.013041669639498698	1.7398669112146907	1.760655392748241	0.7639580479651761	0.3776008004596067	0.2453631663404735	45.0492737057215	0.029240669160193994
5.244581159735812	0.01	0.007	0.007	0.007	0.01	0.019791706811787584	0.02247148056396731	0.0011931829355418763	0.0007996720550281475	0.0129419285399651	1.7476963159811496	1.7654585225324257	0.7638893598984914	0.37701382318111515	0.24783322562714297	44.656220773224945	0.029182952762421003
5.302241695108784	0.01	0.007	0.007	0.007	0.01	0.019616824717800848	0.022272920424313242	0.0011764457031243534	0.0007882668055398188	0.012841123250948962	1.7554706332271253	1.7701433944020513	0.7638056585698062	0.37641326117403195	0.25028704184716727	44.262165843748136	0.02912469289372499
5.360560866775811	0.01	0.007	0.007	0.007	0.01	0.01944151754320643	0.022073877641098045	0.0011598808134650304	0.0007769868927767346	0.01273929126458007	1.7631885013790387	1.7747080093165257	0.7637068579238141	0.3757990584419558	0.25272401950957835	43.86714666293709	0.029065885850315068
5.419545917586449	0.01	0.007	0.007	0.007	0.01	0.019265803002542818	0.021874372327186035	0.0011434857123908896	0.0007658302235231377	0.012636469752625777	1.7708485439256907	1.7791503706292053	0.7635928725483766	0.37517116195928385	0.2551435618704523	43.47120306282338	0.029006528137842897
5.479203950930782	0.01	0.007	0.007	0.007	0.01	0.019089699769758012	0.021674425684751895	0.0011272579762935005	0.00075479480696143	0.012532695625470013	1.7784493700928912	1.7834684867937658	0.7634636180023471	0.3745295220624416	0.2575450710881074	43.07437703876917	0.02894661649149613
5.539541905502651	0.01	0.007	0.007	0.007	0.01	0.018913227522902764	0.0214740600560255	0.0011111953116343261	0.0007438787536340166	0.012428005596432168	1.7859895751646258	1.787660374034402	0.7633190111725499	0.3738740929001975	0.2599279482751804	42.6767128503852	0.02888614790076572
5.60056651254591	0.01	0.007	0.007	0.007	0.01	0.018736407034711473	0.021273299026137164	0.0010952955585329244	0.0007330802772118202	0.012322436272815245	1.7934677389995795	1.7917240582454044	0.7631589707004648	0.37320483308385555	0.26229159298890603	42.27825722586975	0.028825119651347764
5.662284271653391	0.01	0.007	0.007	0.007	0.01	0.018559260202677223	0.02107216745726524	0.00107955668870888	0.0007223976924542787	0.012216024210666586	1.8008824273131772	1.795657578697242	0.762983417397092	0.3725217061471585	0.26463540360433374	41.87905943002277	0.02876352934795009
5.724701413032885	0.01	0.007	0.007	0.007	0.01	0.01838181011292994	0.020870691561163158	0.001063976806479558	0.0007118294152772	0.012108805988821258	1.808232191654916	1.7994589912442867	0.7627922747162845	0.37182468116069745	0.26695877728494033	41.47917140844902	0.028701374950180967
5.787823845382622	0.01	0.007	0.007	0.007	0.01	0.01820408113773448	0.02066889900985884	0.0010485541525567382	0.0007013739647439617	0.01200081830291975	1.8155155681914534	1.8031263712291983	0.7625854693077615	0.3711137335181828	0.2692611095857316	41.07864800754637	0.02863865482215412
5.851657131250655	0.01	0.007	0.007	0.007	0.01	0.018026098947667504	0.020466818949480593	0.0010332871002811431	0.0006910299599533601	0.01189209800721472	1.822731080194463	1.80665781859198	0.7623629315175854	0.3703888454243106	0.27154179523812155	40.67754700224126	0.028575367754102386
5.9162063924284505	0.01	0.007	0.007	0.007	0.01	0.01784789071146128	0.02026448222715923	0.0010181741679199897	0.0006807961278369666	0.011782682270326646	1.8298772330833144	1.810051459628111	0.762124596162569	0.3696500071839919	0.2738002265928325	40.27592954667032	0.028511513052696724
5.981476306868238	0.01	0.007	0.007	0.007	0.01	0.017669485030901464	0.020061921317111774	0.0010032140080393048	0.0006706712954431927	0.011672608568830326	1.8369525204511712	1.8133054545303087	0.7618704030300137	0.3688972174644152	0.27603579554658964	39.8738600278071	0.028447090539753327
6.047471004591272	0.01	0.007	0.007	0.007	0.01	0.017490912146728866	0.019859170554421917	0.0009884054199270932	0.0006606543978577696	0.011561914846263364	1.8439554193553183	1.8164180001078694	0.7616002977764764	0.3681304847161991	0.27824789208842987	39.47140652985253	0.028382100650116888
6.114194016774372	0.01	0.007	0.007	0.007	0.01	0.017312203985311556	0.01965626618803173	0.0009737473482230053	0.0006507444767982293	0.01145063957434935	1.8508843922953007	1.8193873362002109	0.7613142326861102	0.3673498280005292	0.28043590497360316	39.06864093981337	0.028316544475796106
6.181648214053787	0.01	0.007	0.007	0.007	0.01	0.017133394225054537	0.01945324645614357	0.0009592388832448868	0.0006409406803810847	0.011338821825447655	1.8577378885640108	1.8222117521386574	0.7610121675028653	0.3665552779435595	0.28259922221317596	38.665639097584176	0.02825042381978485
6.2498357061131316	0.01	0.007	0.007	0.007	0.01	0.016954518453453526	0.019250151764538814	0.0009448792685559964	0.0006312422677997863	0.011226501401241032	1.864514342359923	1.824889592344802	0.7606940704798929	0.36574687815344076	0.28473723055637945	38.26248115035281	0.028183741286658803
6.3187577740858085	0.01	0.007	0.007	0.007	0.01	0.016775614222747773	0.01904702474976644	0.000930667900077449	0.0006216486083032209	0.011113718897844974	1.8712121750872828	1.827419264237616	0.7603599193377616	0.36492468626066665	0.2868493163115399	37.85925167850431	0.028116500339589717
6.388414772914595	0.01	0.007	0.007	0.007	0.01	0.016596721171203636	0.018843910416848568	0.0009166043304304736	0.0006121591837252257	0.01100051581148573	1.877829795383328	1.8297992457198848	0.7600097024050407	0.3640887753170589	0.2889348654662974	37.456039969475185	0.028048705385381727
6.458806044419252	0.01	0.007	0.007	0.007	0.01	0.016417881101436695	0.018640856228207763	0.0009026882697383699	0.0006027735886392373	0.010886934616689155	1.8843656010176268	1.8320280939452436	0.7596434197577109	0.3632392350711317	0.2909932644159008	37.052940194811505	0.027980361847490573
6.529929804013643	0.01	0.007	0.007	0.007	0.01	0.016239138110671417	0.018437912251564045	0.0008889195904210111	0.000593491533222365	0.010773018876883594	1.890817979120005	1.8341044540612308	0.7592610845402151	0.3623761735611125	0.2930239001830599	36.65005170432426	0.027911476263018663
6.601783076720326	0.01	0.007	0.007	0.007	0.01	0.01606053858112362	0.018235131149016152	0.0008752983211589881	0.0005843128388337797	0.010658813265270397	1.897185311689528	1.8360270702291082	0.7588627240674016	0.3614997181079276	0.2950261623184151	36.24747900499242	0.027842056330219304
6.674361540225376	0.01	0.007	0.007	0.007	0.01	0.015882131388030407	0.018032568413238532	0.00086182465764574	0.0005752374449275554	0.010544363723768217	1.9034659734337163	1.837794794702528	0.7584483814670662	0.36061001743036986	0.29699944240548637	35.84533223047478	0.027772111044235038
6.747659485501973	0.01	0.007	0.007	0.007	0.01	0.015703967798956667	0.017830282253155316	0.0008484989498257615	0.0005662654001367232	0.010429717423730774	1.9096583407891725	1.8394066008119454	0.7580181167105001	0.359707242317966	0.29894313709995146	35.44372691477127	0.027701650717346298
6.821669674773798	0.01	0.007	0.007	0.007	0.01	0.015526101613625233	0.017628333752703878	0.0008353217076880046	0.0005573968658809531	0.010314922879438684	1.9157607924270452	1.8408615937404444	0.7575720082366499	0.35879158754014623	0.3008566485071863	35.04278430805509	0.02763068709660254
6.896383256095935	0.01	0.007	0.007	0.007	0.01	0.015348589148767154	0.01742678685363479	0.0008222935955123122	0.0005486321122139858	0.010200029961178041	1.921771715291363	1.8421590232642557	0.7571101542809633	0.3578632730448888	0.30273938631430236	34.64263134318511	0.027559233424928022
6.971789708082513	0.01	0.007	0.007	0.007	0.01	0.015171489141165277	0.01722570824542894	0.0008094154206188254	0.0005399715099991434	0.010085089853560398	1.9276895132463232	1.8432982970738747	0.7566326740103656	0.35692254475207097	0.30459077074932467	34.24340041780463	0.027487304471877718
7.047876730378724	0.01	0.007	0.007	0.007	0.01	0.014994862769961828	0.017025167390626417	0.0007966881313916141	0.0005314155293490215	0.00997015508934424	1.9335126114823873	1.8442789931329664	0.7561397089819057	0.3559696759876876	0.30641023421989444	33.84522944528065	0.0274149166147615
7.12463023123014	0.01	0.007	0.007	0.007	0.01	0.014818773443289026	0.01682523628256867	0.0007841127987598524	0.000522964726965569	0.009855279428371803	1.9392394685078218	1.8451008732959913	0.7556314239635389	0.3550049676689385	0.308197225329373	33.44826137434771	0.027342087825766085
7.202034277977319	0.01	0.007	0.007	0.007	0.01	0.014643286670650874	0.01662598930050233	0.0007716906048039576	0.0005146197383029917	0.009740517789701385	1.9448685847411133	1.845763895633935	0.7551080079335355	0.35402874890295555	0.3099512118252427	33.05264390201688	0.02726883769360039
7.280071092174043	0.01	0.007	0.007	0.007	0.01	0.014468469832685035	0.01642750294816851	0.0007594228248783389	0.0005063812654019796	0.009625926114477202	1.9503985138798217	1.8462682264334416	0.7545696747255887	0.3530413769755686	0.3116716844062117	32.65852895509807	0.027195187402034415
7.358721112672775	0.01	0.007	0.007	0.007	0.01	0.014294391805952829	0.01622985542779162	0.0007473108006883273	0.0004982500586831655	0.00951156113084118	1.9558278780307896	1.8466142512645012	0.7540166631116711	0.3520432364216134	0.31335816168034514	32.266071844818335	0.027121159644218976
7.4379630662447145	0.01	0.007	0.007	0.007	0.01	0.014121122587324382	0.016033126213608563	0.0007353559147578586	0.0004902268997134836	0.009397480115097317	1.9611553817352656	1.8468025840763957	0.7534492367005878	0.3510347379325895	0.31501019474691844	31.87543042042368	0.02704677853070496
7.517774061668728	0.01	0.007	0.007	0.007	0.01	0.013948732885491874	0.015837395588074503	0.000723559563957932	0.0004823125833766592	0.009283740628075054	1.9663798258652458	1.8468340742684564	0.7528676835357532	0.3500163169020195	0.31662737170027005	31.486764148560663	0.026972069476467547
7.5981297881767125	0.01	0.007	0.007	0.007	0.01	0.01377729351270383	0.015642743951241087	0.0007119231208260217	0.00047450789188801666	0.009170400116247007	1.9715001262422402	1.8467098112900933	0.7522723147759601	0.34898843057369877	0.31820932354554465	31.10023274210903	0.026897058992025887
7.6790046652254444	0.01	0.007	0.007	0.007	0.01	0.013606874916475647	0.015449251289062126	0.0007004479060934524	0.00046681357636592136	0.00905751560158459	1.9765153264513449	1.8464311261672803	0.751663463543827	0.3479515557436428	0.3197557282543702	30.71599510444358	0.026821774522885176
7.760372119616232	0.01	0.007	0.007	0.007	0.01	0.013437546478061531	0.015256996376881247	0.0006891351469092737	0.00045923032884190226	0.008945143213792382	1.981424616036012	1.8459995896841468	0.751041482642108	0.3469061847727173	0.32126631641300357	30.334207747665598	0.026746244173329832
7.8422048841832686	0.01	0.007	0.007	0.007	0.01	0.013269375816510443	0.015066055989259136	0.0006779859372431663	0.00045175875576868496	0.008833337722323581	1.9862273466170164	1.8454170066283013	0.7504067418785877	0.34585282126114036	0.32274087614084596	29.955023223222106	0.02667049641474975
7.924475300612172	0.01	0.007	0.007	0.007	0.01	0.01310242813646353	0.01487650415946445	0.0006670012027768011	0.00044439935456596773	0.008722152094131588	1.9909230449215756	1.844685406284264	0.7497596251431542	0.3447919756214163	0.32417925696586586	29.578588650951517	0.026594559795047087
8.007155597255146	0.01	0.007	0.007	0.007	0.01	0.012936765677279678	0.0146884115540121	0.0006561816737233969	0.0004371524954982962	0.008611637116370169	1.9955114213109721	1.8438070297616245	0.7491005274904411	0.34372416094073704	0.325581372229157	29.205044476420415	0.026518462676039828
8.090218239089966	0.01	0.007	0.007	0.007	0.01	0.012772447066759344	0.014501844738882386	0.0006455278523954912	0.0004300184000481594	0.0085018409534865	1.9999923794747547	1.8427843134799675	0.7484298514786727	0.34264988789310136	0.32694720175685066	28.83452301297346	0.02644223290942054
8.17363620585112	0.01	0.007	0.007	0.007	0.01	0.012609526870121112	0.01431686566742922	0.0006350399943668337	0.0004229971284033216	0.008392808832999074	2.004366019309778	1.8416198703992757	0.7477480039187923	0.34156966057147664	0.32827679235982	28.467147423882952	0.026365897584193325
8.25738327856914	0.01	0.007	0.007	0.007	0.01	0.012448055166159565	0.014133531199149755	0.000624718091795543	0.0004160885683901249	0.00828458274876374	2.0086326380155914	1.8403164688234572	0.7470553924377757	0.3404839722207511	0.3295702577140293	28.10303076565866	0.02628948277117117
8.341434227350344	0.01	0.007	0.007	0.007	0.01	0.012288077353036312	0.0139518928791785	0.0006145618715725716	0.00040929243432309806	0.008177201318054286	2.012792724306053	1.8388770108771595	0.7463524227697285	0.33939330227284953	0.33082777608637337	27.742275549068605	0.026213013362046945
8.42576500955723	0.01	0.007	0.007	0.007	0.01	0.012129633961289608	0.0137719967259775	0.0006045707935890169	0.0004026082659177851	0.008070699644312439	2.0168469520913717	1.8373045098480467	0.7456394959258084	0.338298113282749	0.33204958785678396	27.38497331637844	0.02613651290231057
8.510352826333728	0.01	0.007	0.007	0.007	0.01	0.011972760754634744	0.013593883345782943	0.0005947440666270041	0.0003960354389750644	0.007965109374592489	2.02079616667448	1.8356020696350075	0.7449170065520407	0.3371988497470372	0.333235990752769	27.031204867545448	0.026060003555510317
8.595176198198414	0.01	0.007	0.007	0.007	0.01	0.011817488801139905	0.013417588013416597	0.0005850806613868415	0.00038957317412230603	0.007860458739173374	2.024641372108022	1.8337728643041211	0.7441853411742283	0.3360959367261017	0.3343873354330004	26.68104041962793	0.025983506051460856
8.680214986722202	0.01	0.007	0.007	0.007	0.01	0.011663844648258469	0.013243140871015127	0.0005755793290336551	0.0003832205492212471	0.007756772663087544	2.028383716410759	1.8318201193385029	0.743444876958273	0.3349897792185009	0.33550402043347993	26.334540000433858	0.025907039684244713
8.765450361697765	0.01	0.007	0.007	0.007	0.01	0.011511850593194777	0.013070567235001218	0.000566238624528666	0.0003769765149488962	0.007654072944186769	2.0320244751451324	1.8297470951545622	0.7426959810217302	0.3338807622963304	0.33658648664627216	25.991754057220767	0.02583062235950102
8.850864741793492	0.01	0.007	0.007	0.007	0.01	0.0113615249904149	0.012899887945229024	0.0005570569310360301	0.0003708399110713313	0.007552378458624845	2.0355650349788736	1.827557072645348	0.7419390100739168	0.3327692516357513	0.33763521183056516	25.65272414924482	0.025754270664971587
8.9364417542621	0.01	0.007	0.007	0.007	0.01	0.011212882513349877	0.012731119662119946	0.0005480324803853879	0.00036480948005826534	0.007451705337443106	2.03900687922694	1.8252533396809822	0.7411743099838689	0.3316555938457738	0.3386507057529814	25.317483537082296	0.02567799992322985
9.022166140400726	0.01	0.007	0.007	0.007	0.01	0.01106593449825828	0.01256427525708208	0.0005391633775002786	0.00035888388332875503	0.007352067200628408	2.0423515723448165	1.8228391804394404	0.7404022159229957	0.3305401175447761	0.33963350506168644	24.986057957328395	0.025601824291961926
9.108023714860519	0.01	0.007	0.007	0.007	0.01	0.010920689180155176	0.012399364080382278	0.0005304476173012734	0.0003530617124517191	0.007253475319680672	2.0456007477983005	1.820317864721127	0.7396230521178926	0.32942313377358623	0.340584169204094	24.65846615395171	0.025525756815147377
9.194001345443136	0.01	0.007	0.007	0.007	0.01	0.010777151884865494	0.01223639217920195	0.0005218830982384102	0.0003473414980838421	0.007155938751499585	2.0487560976011925	1.8176926377505094	0.7388371314869244	0.3283049361755342	0.3415032768706861	24.3347203107549	0.02544980945554455
9.280086862464174	0.01	0.007	0.007	0.007	0.01	0.010635325329269295	0.012075362638533984	0.0005134676416159949	0.00034172172276744953	0.0070594645467864856	2.0518193601332535	1.8149667131754266	0.738044755986333	0.32718580212267373	0.34239142197674016	24.014826727922575	0.025373993188796854
9.366269057456872	0.01	0.007	0.007	0.007	0.01	0.010495209761111159	0.011916275739921024	0.0005051990007103444	0.0003362008269036559	0.0069640578502466344	2.054792312161683	1.8121432644320346	0.7372462162064825	0.3260659927064802	0.34324921091052185	23.698786136775816	0.02529831801776738
9.45253763475437	0.01	0.007	0.007	0.007	0.01	0.010356803169643788	0.01175912920061901	0.0004970748736349626	0.0003307772172244241	0.006869722049504687	2.0576767598469288	1.8092254184139362	0.73644179145147	0.32494575336547027	0.34407725951907264	23.386594174344314	0.02522279302802251
9.538883150197755	0.01	0.007	0.007	0.007	0.01	0.010220101506289847	0.011603918424135343	0.0004890929162957265	0.00032544927532062644	0.006776458931457949	2.0604745301407106	1.8062162505394541	0.7356317499957004	0.32382531470045517	0.34487619024858385	23.07824188059677	0.02514742645374266
9.62529694856284	0.01	0.007	0.007	0.007	0.01	0.010085098895719976	0.011450636739885797	0.0004812507543225701	0.00032021536548378315	0.006684268832634187	2.0631874629769764	1.803118780822448	0.7348163494080101	0.32270489332329094	0.3456466295553233	22.773716174115343	0.025072225743746332
9.711771088426993	0.01	0.007	0.007	0.007	0.01	0.009951787854779934	0.01129927565176337	0.00047354599504309145	0.00031507384257380876	0.006593150795372415	2.065817403874132	1.799935971307204	0.7339958370462665	0.32158469288204244	0.34638920547755997	22.47300034553541	0.02499719763737336
9.79829831194157	0.01	0.007	0.007	0.007	0.01	0.009820159431007945	0.011149824995409993	0.00046597623445549235	0.0003100230565489984	0.006503102669355551	2.0683661986456583	1.7966707226864504	0.7331704501725967	0.32046490451526216	0.3471045458451748	22.176074369657126	0.024922348200363792
9.884871985220498	0.01	0.007	0.007	0.007	0.01	0.009690203378238966	0.011002273137596951	0.00045853906609873076	0.00030506135826330674	0.006414121238645828	2.0708356877888665	1.7933258726555286	0.7323404163834584	0.3193457076968312	0.34779327643190855	21.88291530125938	0.024847682885523848
9.971486026583186	0.01	0.007	0.007	0.007	0.01	0.00956190834006386	0.010856607184523614	0.0004512320901091905	0.0003001871053889989	0.006326202354304215	2.0732277011732685	1.7899041954496344	0.7315059541947239	0.31822727124402744	0.34845601923081704	21.59349768868254	0.024773206602846407
10.0	0.01	0.007	0.007	0.007	0.01	0.009520045557895169	0.010809076253799505	0.0004488553133515436	0.00029860175701638156	0.006297506219978233	2.073998315549371	1.7887617238406488	0.731230386274864	0.31785936897389044	0.34866855941863617	21.499059277296002	0.024748737341529187
