0.0	0.01	0.007	0.007	0.007	0.01	0.0	0.0	0.0	0.0	0.0	0.0	0.0	0.0	0.0	0.0	100.0	0.035
0.006895607663225731	0.01	0.007	0.007	0.007	0.01	0.0026934034105872305	0.005596902392453436	0.0032093445700502564	0.0010717878968141204	8.903985984199464e-5	0.00012521614070360305	0.00034771877457953724	0.0002743305629164955	7.06654161308837e-5	3.3296993520337706e-6	99.85977316139062	0.034991636575132774
0.011886914564259398	0.01	0.007	0.007	0.007	0.01	0.004543424097730297	0.00921667594882272	0.005435650762150436	0.001826531918959504	0.00014167059145094726	0.00036648999071800206	0.0010014000835423251	0.0008050846636061731	0.00020823102883447029	9.373119476114377e-6	99.7583942597563	0.03498558405236353
0.019067853657729037	0.01	0.007	0.007	0.007	0.01	0.007066141063558368	0.013859818418802797	0.008502202848338183	0.002882200842410034	0.0002033281860007548	0.0009228321408548048	0.00246517196613789	0.002034936832874224	0.0005293864161449706	2.23688485241763e-5	99.61272205712702	0.03497687819001287
0.026104800532617996	0.01	0.007	0.007	0.007	0.01	0.009387799755403443	0.017836187045905175	0.011357824382772053	0.0038831038912599336	0.0002507579723599834	0.0016936843394651808	0.004428418183761199	0.003748384688565248	0.0009806165953430224	3.905470856065097e-5	99.47017723856655	0.034968348999305655
0.03429991447980701	0.01	0.007	0.007	0.007	0.01	0.011915499856791212	0.02184428514045499	0.014506220936986312	0.0050081258603801625	0.0002933799143071698	0.0028540255926979377	0.0072847942712117985	0.006342683457297366	0.0016700117129737275	6.229128143898539e-5	99.30442894035701	0.034958418663911396
0.042867019119337796	0.01	0.007	0.007	0.007	0.01	0.014368730343685236	0.025416318400478012	0.01760424969290607	0.006138997957083765	0.0003268128930175898	0.0043475614953730835	0.010831846296849978	0.009702842575350123	0.0025716713709783685	8.990125976101204e-5	99.13145230461332	0.034948040587983766
0.05220115073778295	0.01	0.007	0.007	0.007	0.01	0.016837302436312353	0.02869667554393849	0.020767363980907477	0.007320307547736958	0.0003535723191230776	0.006275621700344334	0.015245902873405963	0.014068788267456101	0.0037553024272997796	0.00012282324567979927	98.94333174519947	0.034936736852846026
0.06204730568730195	0.01	0.007	0.007	0.007	0.01	0.01922802126390031	0.03157525001859153	0.02387809669139874	0.008511002887437249	0.0003737878559086762	0.008621008236594159	0.020418266089239988	0.01941542494933047	0.00522052134482504	0.00015985438440182452	98.74527873387946	0.03492481701431086
0.07252485058445848	0.01	0.007	0.007	0.007	0.01	0.021551158926509124	0.03409284187359608	0.026949181426611925	0.009717810540844902	0.00038881632615310246	0.011436632549808309	0.026398872949202918	0.025877891032743353	0.007011489209750079	0.00020106539808991593	98.53496083562456	0.034912137276125035
0.08355908573101041	0.01	0.007	0.007	0.007	0.01	0.023772658987420255	0.03624368387185769	0.029933709072333257	0.010924013933859151	0.0003995542928104023	0.014724485236611943	0.0331259004797102	0.03347617692802758	0.009141830778304294	0.00024581619976080354	98.31395265220776	0.0348987888181505
0.0951959351903944	0.01	0.007	0.007	0.007	0.01	0.02588799079939284	0.03805922860399084	0.03282168561196895	0.01212676192311588	0.0004069754316359808	0.018514276231298487	0.04059838087872072	0.042294387704216056	0.011643977868854075	0.000293970386820603	98.08141155035227	0.034884716888244474
0.10742775408607791	0.01	0.007	0.007	0.007	0.01	0.027883678049245686	0.03956422554544592	0.03558914335866144	0.013317050109548638	0.00041185385752128456	0.022816434766354508	0.048778794716127144	0.05237202406879327	0.014538899697479218	0.0003452184686059877	97.83757398020363	0.03486993160461667
0.12028919605903178	0.01	0.007	0.007	0.007	0.01	0.029755434141720844	0.04079178029310832	0.038222655104825295	0.014489794167207267	0.0004148442569462536	0.027652297782800282	0.057654638101227174	0.06377330254089937	0.017855665264096966	0.0003994692096679059	97.5818388450735	0.034854392018943255
0.13380421057446196	0.01	0.007	0.007	0.007	0.01	0.03149817186351559	0.041773317832247914	0.04070570480998962	0.01563819439795471	0.00041645810882099337	0.03303731684935152	0.06720590859318276	0.07654726123481509	0.02162013342372027	0.00045662682989716007	97.31382840761201	0.03483807022890829
0.1480154815310256	0.01	0.007	0.007	0.007	0.01	0.03311015313978209	0.04254054287445945	0.043024459190129476	0.016756302536043034	0.0004170932371267936	0.038992243608825534	0.07742606571103089	0.0907531356002187	0.025862368101336776	0.0005167083564636998	97.03280472599197	0.034820915829028895
0.1629685384695785	0.01	0.007	0.007	0.007	0.01	0.034590295928986194	0.04312297275153706	0.04516395519338349	0.01783735553524284	0.00041705321603032505	0.04553757964366286	0.08831169282021288	0.10644615174185107	0.030612602743865354	0.0005797700321624625	96.73798859003924	0.03480287514028603
0.17872123577469212	0.01	0.007	0.007	0.007	0.01	0.035938980494533215	0.04354794047587743	0.04710921759013194	0.018874322138976413	0.0004165730184387209	0.0526977732361566	0.09986949080353921	0.12368611937702287	0.03590392407288818	0.0006459414108236089	96.42837548004151	0.034783879804667656
0.19533932936000706	0.01	0.007	0.007	0.007	0.01	0.03715724849590325	0.04383999401081404	0.04884408688897769	0.019859331084370643	0.000415843720600827	0.06049958214328079	0.11211305768018205	0.14253177702738368	0.04177073101007781	0.0007154025100187796	96.10282736047994	0.03476385217142013
0.21289985143121448	0.01	0.007	0.007	0.007	0.01	0.03824687391369253	0.04402085250713404	0.05035133825935284	0.0207836981171199	0.00041503746549888737	0.06897366017359488	0.12506506009877363	0.16304240058203395	0.048249385015765096	0.0007883966720165783	95.76001134141151	0.03474270128204738
0.23148981736312613	0.01	0.007	0.007	0.007	0.01	0.03921007904608982	0.04410936176634961	0.05161237411483372	0.021637677831841517	0.00041433303052756536	0.07815390364878769	0.13875579330384635	0.18527348040207606	0.05537702065042009	0.0008652279183140732	95.39843097592646	0.03472032449413587
0.25120654366261264	0.01	0.007	0.007	0.007	0.01	0.040049478513309374	0.044121607546157925	0.05260739616844764	0.022410404441795307	0.00041394273721213383	0.0880773563110915	0.15322276562549636	0.2092731238794858	0.06319050307939363	0.0009462709730178923	95.0164265999739	0.03469660717082533
0.2721546114237839	0.01	0.007	0.007	0.007	0.01	0.04076796728254607	0.04407109198812919	0.053315770934821725	0.023089827338571144	0.00041414169697928514	0.09878226919552054	0.16850772439766384	0.2350733930016815	0.07172361464334091	0.0010319758215785275	94.61224123244048	0.034671426412540444
0.29443982873104607	0.01	0.007	0.007	0.007	0.01	0.04136871001279973	0.043968992374851655	0.05371699449356987	0.02366283338327061	0.00041529945076254095	0.11030439241382727	0.1846515253722107	0.2626770215876722	0.08100240889016169	0.0011228717573389044	94.1841433467745	0.03464465838651854
0.31815602628063955	0.01	0.007	0.007	0.007	0.01	0.04185520850823569	0.043824503129624236	0.05379252243417882	0.024115643888696865	0.00041791204450292044	0.12266937825548499	0.20168407722658585	0.2920352115475507	0.09103701160032365	0.0012195574824879856	93.73068380416808	0.03461619422874359
0.3433646198701836	0.01	0.007	0.007	0.007	0.01	0.042231584749951645	0.043645257191044985	0.05352892558247409	0.024434783566952605	0.0004226284476783988	0.13588138417582574	0.21960978240968265	0.32301851328943604	0.1018101050232235	0.001322678725248242	93.25108266812548	0.03458596453820833
0.3700708057247185	0.01	0.007	0.007	0.007	0.01	0.042503111591270556	0.04343776899528965	0.052922317529783686	0.024608820330011404	0.000430260837064941	0.14991030207416903	0.23839175863251427	0.355389315907717	0.1132646865984561	0.0014329046166856626	92.74566614997916	0.034553967759648654
0.3982101275181179	0.01	0.007	0.007	0.007	0.01	0.04267685359247211	0.04320775979067567	0.05198279782470507	0.024630692434826067	0.00044176997302230423	0.16468538894085313	0.2579447379606938	0.38879658337746414	0.12529851086120264	0.0015509452587182055	92.21609092161592	0.03452028596197189
0.427654071066349	0.01	0.007	0.007	0.007	0.01	0.04276197384967353	0.042960282393366724	0.05073668259929909	0.024499743098134345	0.00045822683890667086	0.18010012801021955	0.2781420342481372	0.42280340642285497	0.13777008218596043	0.0016776278612853155	91.66520014402724	0.034485077726705976
0.45822416005813615	0.01	0.007	0.007	0.007	0.01	0.042769411348583995	0.042699762937903396	0.049225487782282924	0.024222603094454006	0.00048075654940059846	0.19602240417159364	0.29882822197281145	0.4569301315608177	0.1505113702270975	0.0018139730578120693	91.09672131152348	0.034448560874396274
0.4897045429311658	0.01	0.007	0.007	0.007	0.01	0.042711135869921514	0.042430074288401745	0.04750233551655489	0.02381280618782122	0.000510469255099788	0.2123040474376638	0.3198301472965224	0.4906956552185506	0.1633415718919881	0.0019612184476693554	90.51499906395821	0.03441099706202012
0.5218640582603962	0.01	0.007	0.007	0.007	0.01	0.04259927096644996	0.04215453920910655	0.04562623765159451	0.023289240456265955	0.0005483986774952561	0.22879480430571386	0.34097338088834706	0.5236633843496256	0.1760845999922335	0.0021208392125616976	89.92456284638025	0.03437266517363795
0.5544824024707397	0.01	0.007	0.007	0.007	0.01	0.04244523965754166	0.0418758866785814	0.04365565184607399	0.022673778669920604	0.000595466637234388	0.24535730177318177	0.3620999086920477	0.5554798277286557	0.18858582627763637	0.0022945676209687495	89.32963686352635	0.03433383001084835
0.587373904284362	0.01	0.007	0.007	0.007	0.01	0.04225909724454929	0.04159620287393843	0.04164293961884183	0.021988720665867222	0.0006524836075229725	0.2618793541989498	0.38308262801944254	0.5858967620031365	0.20072399114748715	0.0024844186104003244	88.73371419630686	0.03429471405818164
0.620393228839295	0.01	0.007	0.007	0.007	0.01	0.04204921882058955	0.04131700360308485	0.039631493983131844	0.021254906922592624	0.0007201597828729896	0.27827593632968056	0.4038270825067436	0.6147652580814356	0.21241253518697556	0.002692659549707115	88.13947425882546	0.03425549091754494
0.6534321813772582	0.01	0.007	0.007	0.007	0.01	0.04182229795119035	0.041039348134741326	0.03765503706354378	0.02049064918179961	0.0007991177461346215	0.29448618642876667	0.4242673720848262	0.6420176040782435	0.2235955886589046	0.002921760165483708	87.54886418520083	0.034216289360952556
0.6864128357080654	0.01	0.007	0.007	0.007	0.01	0.04158352972443634	0.04076395483450426	0.035738289731068885	0.01971132890979021	0.0008899009815364104	0.31046855058039513	0.4443600527997172	0.6676464381708668	0.23424194674695434	0.0031743376940880754	86.96324340134623	0.034177201719796664
0.7192811601936149	0.01	0.007	0.007	0.007	0.01	0.04133685861731613	0.04049129111435527	0.03389823503063039	0.01892940435920047	0.0009929800439099853	0.32619636987044043	0.4640787754261916	0.6916867182785513	0.24433932179641962	0.0034531132010339567	86.38351450162112	0.034138291633179794
0.7520016252644154	0.01	0.007	0.007	0.007	0.01	0.0410852278094981	0.0402216409425015	0.03214556306340082	0.018154648524454958	0.0011087563987548896	0.3416542026845259	0.48340991195121563	0.714201318797478	0.2538893762418361	0.003760878192481503	85.81023221954096	0.0340996005850671
0.7845530916906674	0.01	0.007	0.007	0.007	0.01	0.04083079857583508	0.03995515278441323	0.03048604876380964	0.017394488279675085	0.001237565418958368	0.3568350117755606	0.5023492681240831	0.7352702584152885	0.2629037367764674	0.004100472141676023	85.24368608926645	0.03406115288510331
0.816925629324652	0.01	0.007	0.007	0.007	0.01	0.04057513186517158	0.039691874423672065	0.028921764134248133	0.016654373121812154	0.0013796787496534694	0.37173800562524734	0.520899588532016	0.7549828352962897	0.27140086080180037	0.00447476791403992	84.68396392371857	0.034022959517874346
0.8491181225993324	0.01	0.007	0.007	0.007	0.01	0.04031933244475366	0.039431778028150004	0.02745208536395092	0.01593812955146613	0.001535306680078141	0.3863670211687769	0.5390687036257488	0.7734320855940656	0.27940364415139757	0.0048866640538648325	84.13099938693581	0.0339850210387167
0.8811364523807679	0.01	0.007	0.007	0.007	0.01	0.04006416072054639	0.03917477850434391	0.026074499443190954	0.015248280609615604	0.0017046006754718205	0.40072930816556845	0.5568681443194047	0.7907109841982223	0.28693762321831173	0.005339082424036009	83.58460793463222	0.03394732977122391
0.9129919453533832	0.01	0.007	0.007	0.007	0.01	0.03981011948370265	0.03892074840690986	0.02478523807902332	0.014586325654824645	0.0018876551510231556	0.41483454234732003	0.5743120135794042	0.8069098509119496	0.29402961142742984	0.005834967466973376	83.0445168564866	0.033909871675039595
0.9447003994112552	0.01	0.007	0.007	0.007	0.01	0.03955751785222523	0.038669527400549006	0.023579748761799746	0.01395297034090697	0.00208451060060004	0.4286941785646434	0.591416257635285	0.8221148337199953	0.30070676410514885	0.006377291883588656	82.51038450276882	0.03387262752460262
0.9762813175040095	0.01	0.007	0.007	0.007	0.01	0.03930651946882479	0.03842092955355609	0.022453045700085193	0.013348316522360109	0.002295156813316792	0.44232095365540697	0.6081981047577476	0.8364070212705649	0.3069959091204097	0.006969065043251811	81.98181531167783	0.03383557383537362
1.0077571162499306	0.01	0.007	0.007	0.007	0.01	0.039057180199798466	0.03817475046375283	0.0213999712988995	0.012772019768089575	0.0025195346561151482	0.4557284244222841	0.6246755347686503	0.8498619220555417	0.3129230473386502	0.007613339550060548	81.4583747009529	0.0337986838133898
1.0391528229060059	0.01	0.007	0.007	0.007	0.01	0.038809473908272274	0.03793077029017202	0.02041537010402784	0.012223408989172367	0.002757539970541769	0.46893075029845777	0.6408670404702741	0.8625494178271972	0.31851308161727243	0.008313225751926823	80.93959537297467	0.033761927727175414
1.070495702379639	0.01	0.007	0.007	0.007	0.01	0.03856331279882677	0.03768875719398862	0.019494213238453222	0.01170158384805087	0.0030090262147926304	0.48194246733812623	0.6567913706801064	0.8745338333123729	0.32378962245377096	0.00907190493960777	80.42498455380388	0.03372527335910529
1.10181513795223	0.01	0.007	0.007	0.007	0.01	0.03831856132321242	0.03744846870928701	0.018631675706834112	0.011205488169565264	0.003273808181066201	0.4947783847695677	0.6724674179844451	0.8858741996504383	0.32877490594367853	0.00989264807987233	79.91402686496986	0.03368868615781461
1.1331425703790432	0.01	0.007	0.007	0.007	0.01	0.038075046370234567	0.037209652628107506	0.017823184197836028	0.01073396690063062	0.0035516655610380384	0.507453513790401	0.6879141411368253	0.8966245771904977	0.3334897642208987	0.010778837008973112	79.40618618097396	0.033652129321832654
1.1645115762325624	0.01	0.007	0.007	0.007	0.01	0.037832563983021865	0.03697204681683475	0.017064441331321165	0.010285808590257111	0.003842347085369356	0.5199830569103635	0.7031505574095126	0.9068344355619223	0.3379536454665964	0.01173399085563078	78.90090522427786	0.03361556372083646
1.195958083452736	0.01	0.007	0.007	0.007	0.01	0.03759088328968942	0.03673537803182561	0.016351433300483702	0.009859776462545608	0.004145575396514708	0.5323824508272914	0.7181957963553814	0.9165490614609594	0.3421846677455304	0.012761799225576334	78.39760303720554	0.03357894765822104
1.2275206767614897	0.01	0.007	0.007	0.007	0.01	0.03734974851618087	0.03649936013746421	0.015680427122316327	0.009454631218882965	0.004461052294090022	0.544667438828396	0.733069185674764	0.9258099600632197	0.3461996887528532	0.01386616224274063	77.8956711853397	0.033542236531342376
1.2592411200627167	0.01	0.007	0.007	0.007	0.01	0.037108878492049385	0.03626369081909998	0.015047958551210293	0.009069145943504787	0.004788465622465101	0.5568542175060449	0.747790423123428	0.9346552747869586	0.3500143991809218	0.01505124354808548	77.3944667606799	0.03350538224274824
1.2911650299223216	0.01	0.007	0.007	0.007	0.01	0.03686796447161336	0.03602804735296253	0.014450815510019062	0.00870211594235624	0.005127497218376693	0.5689596249386675	0.7623797937070879	0.9431201900248543	0.35364342123342113	0.016321536994671978	76.89330337863724	0.03346833244095671
1.3233428384378496	0.01	0.007	0.007	0.007	0.01	0.03662666547888831	0.03579208047850463	0.01388601685815349	0.008352363466610318	0.0054778332654788825	0.5810014161628521	0.7768584863729255	0.951237343366065	0.35710042081873533	0.017681955546639663	76.39143813779857	0.03343102943214245
1.3558311257502367	0.01	0.007	0.007	0.007	0.01	0.03638460082389366	0.03555540589636568	0.013350787784662851	0.008018738210614561	0.005839177836715533	0.5929986449514859	0.7912490309923881	0.9590372494777861	0.36039823120631137	0.019137951062500304	75.88805352720513	0.03339340867283871
1.3886945130906856	0.01	0.007	0.007	0.007	0.01	0.036141338623586504	0.035317592153288564	0.01284253137036562	0.0077001134521347036	0.006211271478072004	0.6049722076407065	0.8055759195354656	0.9665487593062817	0.3635489948395317	0.0206956808115904	75.3822316452194	0.03335539662691467
1.4220083637823415	0.01	0.007	0.007	0.007	0.01	0.035896378805054245	0.035078143353465825	0.012358795798355783	0.007395377679207208	0.006593917139913285	0.6169456169984564	0.8198664881330019	0.9737995780730813	0.36656432917322335	0.02236224357244721	74.8729174087943	0.03331690770718164
1.4558628743129896	0.01	0.007	0.007	0.007	0.01	0.035649126728555816	0.034836472867433854	0.011897233186203292	0.007103419353126005	0.006987019207127936	0.6289461813324666	0.8341522617644357	0.9808169186840778	0.36945554317168394	0.024146031626664666	74.35886260596915	0.0332778396392119
1.4903694516461412	0.01	0.007	0.007	0.007	0.01	0.035398851548503175	0.03459186225048702	0.01145554496643188	0.006823101775348036	0.007390644355268598	0.6410068482303991	0.8484710574593176	0.9876283894761831	0.37223393698922436	0.026057275476316737	73.83853847473502	0.03323806623057085
1.525671330729837	0.01	0.007	0.007	0.007	0.01	0.035144616255226496	0.03434339258082794	0.011031400507479335	0.006553219818211289	0.007805123750350558	0.6531692946990979	0.8628705139260462	0.99426335376821	0.37491126797439556	0.028108940955829487	73.30998959336841	0.03319742532361046
1.5619626238668953	0.01	0.007	0.007	0.007	0.01	0.03488515133020467	0.03408982076751318	0.010622300554576481	0.006292420691000215	0.008231238886820678	0.6654895125231173	0.877414481451191	1.0007552651982747	0.3775005598767073	0.03031832172981914	72.77057067262164	0.03315569716497174
1.5995263638873305	0.01	0.007	0.007	0.007	0.01	0.03461860098553394	0.03382933140145388	0.010225311739736656	0.00603904217258047	0.008670599172261286	0.6780490594311519	0.8921959185959497	1.007146274022908	0.380017714656398	0.032710181104419145	72.21641852173875	0.03311256117285837
1.6388232302575088	0.01	0.007	0.007	0.007	0.01	0.0343419282094411	0.033558955232636016	0.009836446613564741	0.005790725452501839	0.009126539786347419	0.6909815448178476	0.9073673152867728	1.0134980484233544	0.38248533502514603	0.03532398167056448	71.64121465495741	0.03306749502323882
1.6807651522307527	0.01	0.007	0.007	0.007	0.01	0.03404906919462114	0.03327276557386094	0.009448702354663824	0.005543176281998634	0.009606954522180244	0.7045552402498078	0.9232358282070409	1.0199259543751802	0.3849449390761429	0.038235784475276806	71.03234759825388	0.03301946315446679
1.728134972809394	0.01	0.007	0.007	0.007	0.01	0.03372131050704481	0.03295247477771139	0.009041610118496534	0.005283534301185913	0.010139287339306864	0.7196058228856482	0.9407626917832659	1.02678057470939	0.3875224217159984	0.04167014330531447	70.35090445776578	0.03296529914958973
1.7797191775003622	0.01	0.007	0.007	0.007	0.01	0.03336797911294488	0.03260719696163145	0.008631895146621021	0.005022719578161718	0.010703596795060853	0.7356642886117837	0.9593811987329102	1.0337934365764467	0.3901063454387486	0.04557727110873651	69.61626843137704	0.03290641735014595
1.8227224412105687	0.01	0.007	0.007	0.007	0.01	0.03307625560888164	0.03232212437699959	0.008314531908615324	0.004821198715713271	0.011159672395641711	0.7487926266952587	0.9745371376550171	1.039306858467425	0.3920966656960404	0.048960198881795265	69.00970456729901	0.032857410826902016
1.8672807731330727	0.01	0.007	0.007	0.007	0.01	0.032776674071794146	0.032029373924536655	0.008006749648786542	0.004626310881297709	0.011616749969557347	0.7621520854191914	0.9898973409681631	1.0447233130610227	0.3940136681425775	0.05257856376916852	68.38678086964615	0.0328067091368644
1.908903755178693	0.01	0.007	0.007	0.007	0.01	0.032499280796145454	0.03175830642768034	0.007736962627445232	0.0044560195815709575	0.012028269451817045	0.7744113786350125	1.0039351956071048	1.0495282768445773	0.39567997832938423	0.0560558583289033	67.80997372037332	0.032759418178112946
1.950344830610065	0.01	0.007	0.007	0.007	0.01	0.03222543343414106	0.03149070439516866	0.007483958881471548	0.00429685370464572	0.012422219286248457	0.7864095212182055	1.017618999740292	1.0540832746507374	0.39722759294926596	0.05960480597942635	67.24052069800527	0.032712401620912296
1.9903874295235997	0.01	0.007	0.007	0.007	0.01	0.031963020962300144	0.03123427673733836	0.007253128277545994	0.004152144296026192	0.012787243711538837	0.7978092822036481	1.030568290060825	1.058280469198622	0.39862406886804064	0.06311025964122717	66.69482774382786	0.03266703579349873
2.0299222259847727	0.01	0.007	0.007	0.007	0.01	0.03170603410509743	0.03098315112768565	0.007037379178383638	0.004017374005750403	0.013132071065337486	0.808880950093985	1.0430947684486354	1.0622389534334364	0.39991330766863475	0.0666390265377149	66.16039988014123	0.03262230699771453
2.068662716757041	0.01	0.007	0.007	0.007	0.01	0.03145621629212882	0.030739031167070812	0.00683682869387367	0.0038925547981464204	0.01345463165987786	0.819556096951369	1.0551243859549817	1.065948969480066	0.40109543900550415	0.07015678356827336	65.6408637878588	0.03257853627320176
2.106943499261354	0.01	0.007	0.007	0.007	0.01	0.031211297794115304	0.030499698850164205	0.006648477219313471	0.003775759268795043	0.013758245107476356	0.8299379714162751	1.066776691303716	1.0694594450623482	0.40218909957116417	0.07368586560541103	65.13150023554837	0.03253534263559544
2.1447363383506004	0.01	0.007	0.007	0.007	0.01	0.030971373171781457	0.030265246551699314	0.006471447829700635	0.003666389715328661	0.01404314704084169	0.8400275771775523	1.0780553693086539	1.0727813325950302	0.40320025110587865	0.07721682116557624	64.63250671559659	0.032492755740284984
2.182194359490185	0.01	0.007	0.007	0.007	0.01	0.030735395365973524	0.030034651074503774	0.006304152524731911	0.003563414709269273	0.014310963363559073	0.8498733897975638	1.0890168899363122	1.0759398100187132	0.4041388418694798	0.08075778055584909	64.14170631050118	0.03245060114031211
2.2193536478463365	0.01	0.007	0.007	0.007	0.01	0.030503077368249445	0.02980763194286354	0.006145704025168373	0.003466242602506128	0.014562382912831613	0.8594910964869413	1.0996806186299637	1.078947708335764	0.4050106687429129	0.08430668181277114	63.65850270819769	0.03240883676609639
2.2563005465723647	0.01	0.007	0.007	0.007	0.01	0.030273829509804163	0.02958361292821592	0.005995110704632171	0.003374223464736225	0.014798407545690286	0.868908342323473	1.1100788616774935	1.081820461873217	0.4058219791631174	0.08786680005922867	63.18166998750014	0.03236736439408978
2.2930807629811	0.01	0.007	0.007	0.007	0.01	0.030047328449526078	0.029362278057987974	0.0058516538937348084	0.0032868801338684418	0.015019719686542117	0.8781411646745082	1.1202307271333494	1.084568842440747	0.40657738908111374	0.0914380190836643	62.71053606303447	0.03232613183277514
2.3297516053046636	0.01	0.007	0.007	0.007	0.01	0.029823189272887955	0.029143251192562104	0.005714648714634138	0.003203760796971715	0.0152270373822112	0.8872076426792678	1.1301572985873816	1.087203398366432	0.40728121406473333	0.09502173752703504	62.244300687677914	0.03228507417745185
2.3663550354275307	0.01	0.007	0.007	0.007	0.01	0.029601130742517773	0.028926257506083027	0.005583537940290165	0.0031244955549537636	0.015420950966797253	0.8961212058965786	1.1398743011979633	1.0897325803948286	0.40793698639874876	0.09861819448377723	61.78237918882234	0.03224414400259105
2.4029330136924574	0.01	0.007	0.007	0.007	0.01	0.02938087953243424	0.02871102990456693	0.005457820525584724	0.003048752284986127	0.015602020269606711	0.9048946042216273	1.1493965037561729	1.0921640460750504	0.4085478483338294	0.10222790060883574	61.32420328214926	0.03220329412426399
2.4395204284341427	0.01	0.007	0.007	0.007	0.01	0.02916221215827462	0.02849734999947306	0.005337068004276341	0.002976246022039224	0.015770740706928386	0.913538276149378	1.1587359689803889	1.094504292345659	0.4091164854412219	0.1058508979706415	60.869308303015906	0.032162485479830166
2.476150137108061	0.01	0.007	0.007	0.007	0.01	0.028944923470183574	0.028285017319029312	0.005220898789552029	0.002906722958741984	0.015927574031358367	0.9220616612737093	1.167903511676864	1.0967591100382703	0.4096452692752427	0.10948721689638301	60.4172676746512	0.03212168146504255
2.5128510002006674	0.01	0.007	0.007	0.007	0.01	0.02872883763160188	0.028073860036474912	0.005108978474887196	0.0028399602182866126	0.01607294269504398	0.9304728064944296	1.1769082967024185	1.0989335447188122	0.4101362694669575	0.11313665034793616	59.96771575473783	0.03208085010538402
2.549649715572379	0.01	0.007	0.007	0.007	0.01	0.028513796476268963	0.02786372359252708	0.005001008612811819	0.002775758771218608	0.01620724146268278	0.9387788612698591	1.1857583946001764	1.1010320872268606	0.41059131820498096	0.11679891007110406	59.52032362090389	0.032039961991003604
2.586570428399407	0.01	0.007	0.007	0.007	0.01	0.02829966122331433	0.027654472371287916	0.0048967236310594915	0.0027139412891388106	0.01633083858618273	0.9469860410162718	1.194460760435622	1.103058711599706	0.41101203496820515	0.12047356703990157	59.07480264449636	0.03199899069436382
2.6236354724313236	0.01	0.007	0.007	0.007	0.01	0.02808630761765512	0.02744598495143494	0.004795885019228925	0.00265434841800309	0.01644408105619316	0.9550998419442328	1.2030214791445395	1.1050169700622912	0.41139986148469043	0.12416010810506059	58.63089438534208	0.031957911931721435
2.660865422061217	0.01	0.007	0.007	0.007	0.01	0.02787362519884764	0.027238153391716355	0.004698278198855007	0.0025968366913710884	0.01654729678181996	0.9631250915198488	1.2114458327153743	1.1069100390989766	0.41175608348837645	0.12785792715157213	58.18836907480955	0.03191670349338932
2.6982794459320947	0.01	0.007	0.007	0.007	0.01	0.027661514889752534	0.02703088087459176	0.0046037090344261235	0.0025412762656477433	0.016640797426095925	0.9710660598743538	1.219738429874309	1.1087407750489098	0.41208185247307977	0.13156634868485265	57.74702060249953	0.03187534484140266
2.735895445586904	0.01	0.007	0.007	0.007	0.01	0.027449887889127216	0.026824080624066646	0.004512001352670037	0.0024875492816388498	0.01672488022676659	0.9789265183841627	1.2279032779929657	1.1105117521487382	0.4123782021846106	0.13528463198022642	57.306664215295704	0.03183381694741742
2.7737302615823696	0.01	0.007	0.007	0.007	0.01	0.027238664230557097	0.026617674497480606	0.00442299462069743	0.0024355483448242777	0.016799829735470458	0.9867098082975363	1.2359438639312945	1.1122252991153925	0.4126460633768494	0.13901198348885066	56.86713352168512	0.03179210205749014
2.8117998091577636	0.01	0.007	0.007	0.007	0.01	0.02702777178781464	0.026411592013544836	0.004336542085661702	0.002385175298406182	0.016865919136686718	0.9944188903778165	1.2438632135939323	1.113883528089017	0.41288627592025606	0.14274756349824563	56.42827842454282	0.0317501835361641
2.8501192060440466	0.01	0.007	0.007	0.007	0.01	0.02681714536165744	0.026205769459963273	0.004252509162242323	0.0023363401596670427	0.016923411363348084	1.0020563897096977	1.2516639452858298	1.1154883598385292	0.41309959921222533	0.14649049302547013	55.989963223025214	0.03170804572037033
2.888702885453351	0.01	0.007	0.007	0.007	0.01	0.026606725882709705	0.026000149114491427	0.0041707720482984005	0.002288960205273006	0.01697256001987128	1.0096246346296216	1.2593483159433705	1.1170415454163347	0.4132867210872044	0.15023986005396106	55.55206495570582	0.03166567379070173
2.9275646945025207	0.01	0.007	0.007	0.007	0.01	0.02639645972397159	0.02579467857312387	0.004091216535690361	0.0022429591837419627	0.017013610143202847	1.0171256902748929	1.2669182609184604	1.118544684748817	0.41344826545926533	0.15399472498434683	55.11447197156978	0.03162305365963391
2.966717967683541	0.01	0.007	0.007	0.007	0.01	0.026186298173618564	0.02558931023491661	0.0040137370089035	0.0021982666485241176	0.017046798822788926	1.0245613852121023	1.2743754259469287	1.1199992421993226	0.4135847988645592	0.15775412418877258	54.677082834355204	0.03158017188791608
3.0061756090094205	0.01	0.007	0.007	0.007	0.01	0.025976196881867777	0.02538400076146856	0.003938235539961811	0.0021548173569453503	0.01707235573907391	1.0319333379964135	1.2817211983590917	1.1214065607493986	0.4136968362094805	0.16151707483159997	54.23980517272719	0.03153701559212253
3.0459501518409975	0.01	0.007	0.007	0.007	0.01	0.02576611544726335	0.025178710672642515	0.003864621126405414	0.0021125507606274776	0.017090503601762196	1.039242977891497	1.2889567317947819	1.1227678738405191	0.41378484571348356	0.16528257787572898	53.80255482042887	0.031493572377291126
3.086053811729648	0.01	0.007	0.007	0.007	0.01	0.025556017055428152	0.02497340399355627	0.003792809024038685	0.0020714105581519575	0.017101458525102996	1.046491563032815	1.2960829678630736	1.1240843157397882	0.41384925323871075	0.16904962071568266	53.365255065486885	0.03144983027770655
3.126498545712782	0.01	0.007	0.007	0.007	0.01	0.02534586809846754	0.024768047882666996	0.0037227201393588484	0.0020313442888343454	0.017105430352155438	1.0536801985952182	1.303100657321508	1.1253569310283138	0.4138904461053684	0.17281718063957566	52.92783585901212	0.03140577769113487
3.1672960913926307	0.01	0.007	0.007	0.007	0.01	0.025135637913672487	0.024562612376434406	0.003654280520228504	0.0019923029888299607	0.017102622927619267	1.0608098502488392	1.3100103761837967	1.1265866824672879	0.4139087764142747	0.17658422656038725	52.49023327218927	0.031361403335572316
3.2084580234187428	0.01	0.007	0.007	0.007	0.01	0.02492529844389121	0.024357070057438774	0.0035874208700451653	0.001954240866018561	0.01709323433423305	1.067881359767908	1.3168125435338478	1.1277744585776321	0.41390456398737535	0.18034972249587466	52.05238879011397	0.03131669618746691
3.249995778529856	0.01	0.007	0.007	0.007	0.01	0.024714824071159772	0.02415139589180648	0.0035220761616454755	0.0019171150365464898	0.0170774570985041	1.0748954542869515	1.3235074328180232	1.1289210795343756	0.4138780989417116	0.18411262823587102	51.614248966177016	0.03127164545454574
3.2919206615376617	0.01	0.007	0.007	0.007	0.01	0.024504191552111403	0.023945567166093154	0.003458185316196733	0.0018808853023700965	0.017055478394018057	1.0818527519140877	1.3300951794729137	1.1300273020343456	0.4138296440295586	0.18787189845230307	51.1757652882714	0.03122624056951213
3.334243916128561	0.01	0.007	0.007	0.007	0.01	0.024293379633367834	0.023739563111447204	0.0033956908152622495	0.001845513894621393	0.017027480199138408	1.088753777659205	1.3365757981234114	1.1310938254044987	0.4137594366748628	0.1916264877513514	50.73689337875327	0.03118047111376559
3.376976727204208	0.01	0.007	0.007	0.007	0.01	0.024082369021650563	0.02353336487440344	0.0033345384515021223	0.0018109652991070478	0.016993639463146998	1.0955989672282946	1.3429491879504016	1.1321212953340292	0.4136676908213234	0.19537534957311628	50.29759293275071	0.03113432681568218
3.4201302691077164	0.01	0.007	0.007	0.007	0.01	0.023871142130685575	0.023326955269560485	0.003274677036635332	0.0017772060605920894	0.016954128233995305	1.102388677909498	1.3492151445445375	1.1331103083867666	0.4135545985228383	0.19911743923479575	49.857827191754296	0.03108779749950032
3.4637157121849897	0.01	0.007	0.007	0.007	0.01	0.02365968304159044	0.023120318740871892	0.003216058194150305	0.0017442046377548093	0.016909113804034457	1.1091231922463307	1.3553733648013422	1.1340614151023256	0.4134203314306363	0.20285171331552543	49.41756286159295	0.031040873079520054
3.5077442676497927	0.01	0.007	0.007	0.007	0.01	0.023447977281330055	0.022913441145155002	0.003158636119346003	0.001711931242176144	0.016858758813271434	1.1158027273581024	1.361423456855811	1.1349751236555625	0.4132650420280086	0.20657713238758238	48.976769651594346	0.030993543513251575
3.552227198770684	0.01	0.007	0.007	0.007	0.01	0.023236011772251493	0.022706309702777115	0.003102367405252205	0.0016803577167232163	0.016803221374883024	1.122427438549161	1.3673649445605907	1.1358519024334734	0.41308886480743356	0.21029266081818127	48.53542016987999	0.030945798791158406
3.597175841404158	0.01	0.007	0.007	0.007	0.01	0.023023774740259045	0.02249891290792525	0.003047210871244886	0.0016494574174294827	0.016742655188958892	1.128997424107265	1.3731972729374564	1.1366921825850103	0.41289191730858016	0.2139972674024186	48.09348973252181	0.030897628916543067
3.6426016496967546	0.01	0.007	0.007	0.007	0.01	0.02281125551075511	0.022291240329201104	0.002993127376910301	0.0016192050890152917	0.01667720961429192	1.1355127333672146	1.378919816329508	1.1374963607676412	0.4126743009199127	0.2176899280223041	47.65095593895338	0.030849023858771883
3.6885161887069637	0.01	0.007	0.007	0.007	0.01	0.022598444560969003	0.022083282660756934	0.002940079714956934	0.0015895767863949681	0.01660702980661712	1.1419733666687177	1.3845318791941368	1.138264800668789	0.41243610180569634	0.22136962389157497	47.20779878120704	0.03079997356367179
3.7349311978658393	0.01	0.007	0.007	0.007	0.01	0.022385333246240074	0.02187503145482118	0.0028880324320000833	0.0015605497573765133	0.016532256751591784	1.1483792851648023	1.3900327054017656	1.1389978355775299	0.4121773914003401	0.22503534551800775	46.76400007418601	0.030750467888412784
3.781858572910343	0.01	0.007	0.007	0.007	0.01	0.02217191391144604	0.021666479230586014	0.002836951756245617	0.0015321023865217734	0.016453027415780162	1.1547304087388535	1.3954214770011768	1.1396957693605159	0.4118982272226192	0.22868609003290308	46.31954368791589	0.03070049662385004
3.8293104292005617	0.01	0.007	0.007	0.007	0.01	0.021958179632461803	0.021457619221562467	0.002786805442647511	0.0015042140942287028	0.016369474767857536	1.1610266249694356	1.4006973223877919	1.1403588785876368	0.41159865317411964	0.23232086493536386	45.87441500932847	0.030650049430298178
3.8772991041476645	0.01	0.007	0.007	0.007	0.01	0.02174412424400206	0.021248445402788453	0.0027375626965815904	0.0014768652808004976	0.01628172789411318	1.167267789325219	1.4058593167645217	1.140987413507157	0.4112787000945148	0.23593868692547176	45.42860100039355	0.03059911583861663
3.9258372018261776	0.01	0.007	0.007	0.007	0.01	0.02152974218222567	0.021038952337022618	0.002689194060678771	0.0014500372510829025	0.016189912040525934	1.173453730730122	1.410906486995411	1.141581599480166	0.41093838599339416	0.23953858391582183	44.982089870447766	0.030547685206746108
3.974937607068812	0.01	0.007	0.007	0.007	0.01	0.021315028471342045	0.020829135161656374	0.0026416713421741496	0.0014237121626284816	0.016094148707149963	1.1795842527556823	1.4158378126381086	1.1421416378341622	0.41057771640908325	0.24311959460023383	44.534871048393356	0.030495746709069127
4.024613536767962	0.01	0.007	0.007	0.007	0.01	0.021099978553156068	0.02061898942214607	0.0025949675110921036	0.0013978729586065744	0.01599455567080461	1.1856591392035976	1.4206522303809535	1.142667707018115	0.4101966844425707	0.24668077065243205	44.08693482773562	0.030443289286770252
4.07487856031136	0.01	0.007	0.007	0.007	0.01	0.02088458826118525	0.0204085110467206	0.0025490566369907913	0.0013725033229511397	0.015891247064637997	1.1916781553604794	1.4253486347505473	1.1431599632204108	0.4097952709430954	0.25022117647626996	43.63827231269126	0.030390301631379454
4.125746638034124	0.01	0.007	0.007	0.007	0.01	0.02066885372361458	0.02019769625154917	0.0025039138149413995	0.001347587630310503	0.01578433342296553	1.1976410511610132	1.4299258801843138	1.143618541058251	0.40937344450811847	0.25373989012678466	43.18887521604209	0.030336772149726143
4.177232168644533	0.01	0.007	0.007	0.007	0.01	0.020452771238385466	0.019986541418678817	0.002459515091124803	0.0013231108965287234	0.015673921705787745	1.2035475649298446	1.4343827832881328	1.1440435541799006	0.4089311613435055	0.25723600463556023	42.73873559888827	0.030282688920042315
4.229350042779407	0.01	0.007	0.007	0.007	0.01	0.02023633713494505	0.019775042960936354	0.002415837391221071	0.0012990587313666561	0.01556011530820698	1.2093974272503831	1.4387181248651093	1.1444350957268863	0.4084683649984645	0.26070862947310386	42.28784558254587	0.030228039642332807
4.282115653598151	0.01	0.007	0.007	0.007	0.01	0.020019547825174473	0.019563197371695044	0.0023728584912552433	0.0012754173152168503	0.015443014164873876	1.2151903595492053	1.4429306477709116	1.1447932383255033	0.4079849864277444	0.2641568889177748	41.8361974545046	0.030172811634453907
4.335545008019824	0.01	0.007	0.007	0.007	0.01	0.019802399449715506	0.019351000879266216	0.0023305569112848836	0.0012521733339107125	0.015322714635108418	1.2209260833940454	1.4470190623810248	1.1451180346581282	0.4074809430965416	0.26757992682861004	41.38378293142653	0.0301169917234559
4.389654721339869	0.01	0.007	0.007	0.007	0.01	0.019584888019486976	0.019138449585188212	0.002288911912049943	0.0012293139707193668	0.015199309646862334	1.2266043162807618	1.4509820418223265	1.1454095170372007	0.40695613908043166	0.2709769034215032	40.930593453715915	0.030060566259927098
4.444462158144475	0.01	0.007	0.007	0.007	0.01	0.019367008976808615	0.018925539035358027	0.002247903381932992	0.0012068268385555694	0.015072888515100804	1.2322247825556407	1.4548182276681292	1.1456676977131912	0.406410463733582	0.2743470011024954	40.47661927081674	0.030003520980388467
4.499985436792787	0.01	0.007	0.007	0.007	0.01	0.019148757326768018	0.0187122643484019	0.0022075118382168025	0.0011846999754174783	0.014943537072114802	1.237787209067001	1.458526224393947	1.145892568189258	0.40584379159111067	0.27768942120771856	40.0218497145065	0.02994584101322103
4.55624356961986	0.01	0.007	0.007	0.007	0.01	0.018930127244751647	0.01849861983215562	0.0021677183322078245	0.001162921787501379	0.014811337491932496	1.2432913341539007	1.4621046026003273	1.146084099033373	0.40525598087820036	0.28100338874800335	39.5662723806602	0.029887510744368417
4.613256524113347	0.01	0.007	0.007	0.007	0.01	0.018711112022716126	0.018284598931160197	0.0021285044223479386	0.001141481030010251	0.014676368301888443	1.2487369075167543	1.4655518953922837	1.146242239063237	0.40464687272368016	0.2842881517087388	39.10987301669444	0.029828513766771016
4.67104534592518	0.01	0.007	0.007	0.007	0.01	0.018491703797887164	0.018070193961546455	0.0020898521106306814	0.001120366768226763	0.014538704257797831	1.2541236952750234	1.4688665975953863	1.1463669145399653	0.4040162896684784	0.2875429834764033	38.652634955537685	0.029768832767141
4.729632285933183	0.01	0.007	0.007	0.007	0.01	0.018271893298832182	0.017855395862897007	0.0020517437868422077	0.0010995683432456589	0.014398416217547505	1.2594514840740043	1.472047163488921	1.146458028052443	0.4033640340307832	0.2907671847068696	38.194538585635705	0.029708449410526614
4.789040947638656	0.01	0.007	0.007	0.007	0.01	0.018051669550286024	0.017640193909801642	0.002014162169934222	0.0010790753364863315	0.014255570977397629	1.2647200856654943	1.4750920038787674	1.1465154571162606	0.402689885950411	0.2939600854842291	37.7355607348197	0.02964734420607309
4.849296444509529	0.01	0.007	0.007	0.007	0.01	0.01783101958108012	0.017424575426445103	0.0019770902543001724	0.001058877537205175	0.014110231098715844	1.2699293408241965	1.4779994817017281	1.1465390524339871	0.40199360121925193	0.2971210470729404	37.27567406044102	0.02958549636502798
4.910425605116998	0.01	0.007	0.007	0.007	0.01	0.017609928002446002	0.017208525374524674	0.0019405112387036337	0.0010389649008630106	0.013962454637297807	1.2750791256688212	1.4807679077333578	1.1465286357939548	0.4012749084522798	0.30024946511565276	36.81484616910809	0.029522883612522664
4.972457197032523	0.01	0.007	0.007	0.007	0.01	0.01738837657506277	0.016992025930168228	0.0019044084588714578	0.0010193275098064787	0.01381229484888322	1.280169357389526	1.4833955343651293	1.1464839974882195	0.4005335059022876	0.30334477245257163	36.353038712666915	0.029459481983627044
5.035422213608035	0.01	0.007	0.007	0.007	0.01	0.01716634361651576	0.016775055904901904	0.001868765299790804	0.0009999555232129672	0.013659799769499836	1.285200002680412	1.4858805489163263	1.1464048931570954	0.3997690573773226	0.3064064435541043	35.890206151193986	0.029395265559175418
5.099354182357518	0.01	0.007	0.007	0.007	0.01	0.01694380341230891	0.016557590170090012	0.0018335651154420594	0.0009808391313933487	0.013505011777032115	1.2901710848863526	1.4882210639582119	1.146291039962609	0.3989811877187561	0.30943399812810923	35.42629452297433	0.02933020618449972
5.164289567130408	0.01	0.007	0.007	0.007	0.01	0.0167207253915181	0.016339598851382	0.001798791118291621	0.0009619684939707549	0.013347966967553849	1.295082695072806	1.4904151067940772	1.14614211188993	0.3981694769366773	0.31242700705262005	34.96123972336887	0.029264273098433418
5.230268246965297	0.01	0.007	0.007	0.007	0.01	0.016497073155372646	0.016121046379440465	0.0017644262550591144	0.0009433336709515594	0.013188694398762609	1.299935004562226	1.4924606060177505	1.1459577339649307	0.3973334531437177	0.31538509912120144	34.49496547644929	0.029197432491692137
5.297334097982542	0.01	0.007	0.007	0.007	0.01	0.016272803296834226	0.015901890336431315	0.0017304530608376729	0.0009249245424104838	0.013027215151053047	1.3047282798830706	1.4943553747109934	1.1457374751150595	0.3964725839031145	0.31830796914822956	34.02738087013948	0.029129646969640394
5.365535744992812	0.01	0.007	0.007	0.007	0.01	0.0160478638273287	0.015682079918623425	0.0016968534664454406	0.0009067307032233102	0.01286354106459096	1.3094629034511183	1.4960970903238564	1.145480839158567	0.39558626505741273	0.3211953894218074	33.55837707134266	0.02906087485445758
5.434927455570328	0.01	0.007	0.007	0.007	0.01	0.015822192355344572	0.015461554156511233	0.001663608584719935	0.0008887413468488613	0.012697673243875097	1.3141393960507266	1.4976832679409104	1.1451872536045162	0.39467380728018875	0.32404722205667147	33.08782352246841	0.028991069357531728
5.505570351744476	0.01	0.007	0.007	0.007	0.01	0.015595713508430128	0.01524023939558634	0.0016306984044482723	0.0008709450996332191	0.012529599944333607	1.3187584507488248	1.4991112281997032	1.1448560550926108	0.39373441794290287	0.32686343805207513	32.61556255880297	0.028920177449747005
5.577533920854781	0.01	0.007	0.007	0.007	0.01	0.015368335763738404	0.01501804619914047	0.0015981014242011317	0.0008533298232613052	0.01235929393584692	1.3233209730964495	1.5003780544681429	1.1444864707499465	0.3927671783272563	0.3296441398191934	32.14140279046185	0.028848138454651055
5.650898099851232	0.01	0.007	0.007	0.007	0.01	0.015139946943542662	0.014794864946476647	0.0015657941273303163	0.000835882332146708	0.012186708760707434	1.327828140627723	1.5014805385830094	1.1440775931868705	0.3917710122833443	0.3323895949672352	31.665109697607445	0.028774882097680136
5.7257560442873725	0.01	0.007	0.007	0.007	0.01	0.014910408234487941	0.014570559988513572	0.0015337502933549625	0.0008185880235064394	0.012011773729240893	1.3322814810155656	1.502415107333641	1.1436283470007935	0.39074464443490653	0.3351002807413588	31.186393143152657	0.02870032591303052
5.802218039896236	0.01	0.007	0.007	0.007	0.01	0.01467954559934227	0.014344961255338365	0.0015019400061879898	0.0008014303451822838	0.01183438673142341	1.3366829864187724	1.5031777231599914	1.1431374421153733	0.38968654118160584	0.3377769494653583	30.704889442062925	0.028624371569285992
5.880417172961094	0.01	0.007	0.007	0.007	0.01	0.01444713716691492	0.014117851933622229	0.0014703281960803563	0.0007843900139042794	0.011654403674544636	1.3410352835156731	1.5037637450158154	1.1426033068163153	0.38859482518036514	0.3404207263200252	30.2201350346856	0.02854689952957988
5.9605178179015565	0.01	0.007	0.007	0.007	0.01	0.014212894157284953	0.013888949826738675	0.0014388724322860933	0.0007674438325015464	0.01147162249590304	1.3453418931649777	1.504167725826835	1.142023988313016	0.387467147320681	0.34303325920689903	29.731526664480512	0.02846776104188056
6.042729106355359	0.01	0.007	0.007	0.007	0.01	0.013976430187886376	0.013657877360653763	0.0014075193562738968	0.0007505627791043004	0.011285757464616035	1.3496076545654763	1.5043831051812586	1.1413969970007556	0.38630048374872666	0.34561696460593266	29.238257301105147	0.02838676539522098
6.127327611490222	0.01	0.007	0.007	0.007	0.01	0.013737208915898965	0.013424110420059053	0.0013761985734431507	0.0007337087351529852	0.01109639539688752	1.3538394585207136	1.5044017138291308	1.1407190473923734	0.38509079432046067	0.34817545416409096	28.739206842138945	0.028303658405568855
6.214698985743057	0.01	0.007	0.007	0.007	0.01	0.013494446634493177	0.013186883165438557	0.0013448112330837513	0.0007168283678482947	0.010902914345691102	1.3580476314893692	1.5042129092572387	1.139985589241423	0.383832396485315	0.3507143428016409	28.23273878752074	0.02821808282837801
6.305423565001688	0.01	0.007	0.007	0.007	0.01	0.013246909417898039	0.012944989803362941	0.0013132061243854554	0.0006998403237329075	0.010704314594441757	1.362248858333732	1.5038018904131134	1.1391898571697103	0.3825166798462757	0.3532429608172015	27.71627680611211	0.02812949677769861
6.400488028941332	0.01	0.007	0.007	0.007	0.01	0.0129924043720896	0.012696287437350656	0.001281119348403499	0.0006826029017033086	0.010498795914116307	1.3664736292379642	1.5031457963013082	1.138320560477987	0.3811289341116781	0.3557787311525487	27.18524283385154	0.02803697150005943
6.501978445385887	0.01	0.007	0.007	0.007	0.01	0.01272609344012522	0.012436048322607125	0.0012479732874630678	0.0006648063094274375	0.01028235973075986	1.3707912520653365	1.5022016914754166	1.1373544323155529	0.37963798124247156	0.3583619127774223	26.629537646380076	0.027938527776435268
6.617439013890735	0.01	0.007	0.007	0.007	0.01	0.01242976007904313	0.012146471318739405	0.0012115895326754807	0.0006452826931783084	0.010039935789325506	1.3754712311040918	1.5008359703241856	1.136210116337779	0.377931104523502	0.3611509779265612	26.0111391049098	0.02782695351094132
6.731584210744145	0.01	0.007	0.007	0.007	0.01	0.01214359017373215	0.011866825837622587	0.0011769356891274973	0.000626698166225609	0.009804316752868464	1.379865869785343	1.4991958518200055	1.1350342659109895	0.37623364120741204	0.36375810695094013	25.41390300449468	0.027717088342915662
6.826971529167376	0.01	0.007	0.007	0.007	0.01	0.011909510418691194	0.011638082701124238	0.0011489304917130642	0.0006116867982438554	0.009610498694225235	1.3833690287626546	1.497615024406674	1.1340195740749224	0.3748082902674385	0.3658269567667141	24.925344025875177	0.027625610472040315
6.91870188771707	0.01	0.007	0.007	0.007	0.01	0.011688664393802494	0.011422271647525883	0.0011227815135173946	0.0005976763737944495	0.009426792094968798	1.3865983333713467	1.4959225570950945	1.1330176790771596	0.3734323207079267	0.36772575465347096	24.46437650215803	0.02753792446714063
7.009827762151677	0.01	0.007	0.007	0.007	0.01	0.011473331204520277	0.011211847735142461	0.0010975337272508682	0.0005841541772583053	0.00924691326755694	1.389675912285185	1.4940811765034576	1.1319982667952242	0.37206082355093334	0.36952707379303795	24.01488802114977	0.027451091874467665
7.100139176198758	0.01	0.007	0.007	0.007	0.01	0.011263839095240804	0.011007131702071748	0.0010732002910809606	0.0005711266006921663	0.009071218711098405	1.3926023838746466	1.492105491240472	1.1309653690367298	0.3706975372317895	0.37123166001116714	23.577565549577926	0.02736530551319258
7.189484875276529	0.01	0.007	0.007	0.007	0.01	0.01106035360032482	0.010808285307034182	0.0010497759459549378	0.0005585902089989761	0.008899926947352121	1.3953808584533807	1.4900094577162952	1.1299224173337488	0.369345298378767	0.37284177941247093	23.15275651720048	0.02728070028564251
7.277963155811277	0.01	0.007	0.007	0.007	0.01	0.01086246870258876	0.010614911791758653	0.0010271913949487898	0.0005465073529198975	0.008732769703964308	1.3980220607708669	1.487800911639677	1.1288698691216306	0.3680031277762358	0.3743641243350137	22.739615110651183	0.027197174232820618
7.365692126829892	0.01	0.007	0.007	0.007	0.01	0.010669757491449801	0.01042659398066641	0.0010053779645806066	0.0005348407982818171	0.00856945121502272	1.4005363683469474	1.4854859786211358	1.1278077471050911	0.3666696875959658	0.3758051349614593	22.337251679702764	0.027114608046482767
7.452773950960159	0.01	0.007	0.007	0.007	0.01	0.01048185114085358	0.010242971458144668	0.0009842762471038667	0.0005235583381345607	0.008409716147133726	1.4029328141593764	1.483070066660374	1.1267360829808326	0.36534383165136514	0.37717042587335925	21.944897642998406	0.027032898815547945
7.539295767660034	0.01	0.007	0.007	0.007	0.01	0.010298432616994157	0.010063734419844836	0.0009638349010356967	0.0005126321379998248	0.008253345864516703	1.4052192745455403	1.4805580485727594	1.1256549396902962	0.36402460050302854	0.3784649036544577	21.561892388070323	0.026951958902196173
7.62533150264702	0.01	0.007	0.007	0.007	0.01	0.01011922909304675	0.009888616260399644	0.0009440094006721016	0.0005020380565464265	0.00810015328374131	1.4074026550102792	1.4779543849313113	1.1245644169522404	0.3627112012167763	0.37969288179805066	21.18766746522638	0.02687171401853745
7.71094404463778	0.01	0.007	0.007	0.007	0.01	0.00994400428685216	0.009717386085826287	0.0009247608608848554	0.0004917550088136842	0.007949977388687537	1.409489058725932	1.475263201569899	1.1234646465798745	0.36140297994149573	0.38085818397338345	20.821730614034234	0.02679210100061038
7.796187101493269	0.01	0.007	0.007	0.007	0.01	0.009772552119908694	0.009549842517103516	0.000906055077575294	0.00048176444654642183	0.007802678649142376	1.411483922953746	1.4724883463498946	1.1223557870068992	0.3600993981208621	0.3819642274437045	20.463652543213446	0.026713065921479724
7.881107021048879	0.01	0.007	0.007	0.007	0.01	0.00960469100264249	0.009385808105743377	0.0008878616921887525	0.00047204990627936654	0.007658134797794759	1.413392134884989	1.469633422161753	1.121238014329049	0.3588000082749538	0.3830140933906405	20.113055013576176	0.026634562272124775
7.965743786950577	0.01	0.007	0.007	0.007	0.01	0.00944026021268081	0.009225125794645976	0.0008701536272231658	0.0004625967032930178	0.007516238267269163	1.4152181128876933	1.4667018275500174	1.1201115210381067	0.3575044416636541	0.3840105767498859	19.76960328839072	0.026556549934860504
8.050131602695558	0.01	0.007	0.007	0.007	0.01	0.00927911735459689	0.009067656435768975	0.0008529066692484498	0.0004533917051634099	0.0073768944594607005	1.4169658685186046	1.463696798423657	1.1189765181327167	0.3562124017023334	0.38495622459878037	19.43300083999296	0.026478994553453046
8.134300407222366	0.01	0.007	0.007	0.007	0.01	0.009121134285028467	0.008913274808154431	0.0008360989131596813	0.0004444230319390038	0.007240018606443305	1.4186390790805843	1.4606214055348032	1.117833222945361	0.35492364267611476	0.3858533793919758	19.102980848529455	0.026401866062364193
8.218276268800343	0.01	0.007	0.007	0.007	0.01	0.008966195450222552	0.008761867993381071	0.0008197104875549836	0.0004356799069554132	0.007105534643782989	1.4202411280725422	1.4574785809764528	1.1166818603555784	0.3536379652814846	0.3867042039184377	18.779302737589685	0.026325138265325506
8.302082034498882	0.01	0.007	0.007	0.007	0.01	0.00881419589057745	0.008613333425605049	0.0008037232602384096	0.0004271524974689193	0.006973373745575819	1.4217751454709113	1.4542711287095873	1.1155226594754435	0.3523552079907276	0.38751070563306683	18.46174801283198	0.026248788188906528
8.385737798727558	0.01	0.007	0.007	0.007	0.01	0.008665039729371387	0.008467577414747516	0.0007881206086996992	0.00041883179032116733	0.006843473235808159	1.4232440395296344	1.4510017356354314	1.1143558518377272	0.3510752409759791	0.3882747559306423	18.150117110775913	0.026172795611495676
8.469261256263144	0.01	0.007	0.007	0.007	0.01	0.00851863898310043	0.008324513983958863	0.0007728872352329118	0.00041070949170527094	0.006715775744764765	1.4246505226543449	1.447672982347284	1.1131816704326036	0.3497979616333085	0.3889981058699485	17.844226918473066	0.026097142704936738
8.55266806960734	0.01	0.007	0.007	0.007	0.01	0.008374912439905081	0.008184063773618399	0.0007580089981062671	0.0004027779357327226	0.00659022839634496	1.4259971343780782	1.4442873494175346	1.1120003479274447	0.34852328975257674	0.3896824000139156	17.54390843458064	0.026021813669419448
8.635972114316896	0.01	0.007	0.007	0.007	0.01	0.008233784832063443	0.008046153232696182	0.0007434727808032647	0.0003950300135009231	0.006466782228068263	1.4272862596273783	1.4408472252751452	1.1108121160853157	0.3472511644448642	0.39032918751473894	17.249005044131135	0.02594679448436418
8.719185725397603	0.01	0.007	0.007	0.007	0.01	0.008095186069490496	0.00791071386972958	0.0007292663736741463	0.00038745910894239963	0.006345391645014493	1.4285201449017404	1.4373549114376916	1.1096172047553425	0.3459815409642428	0.39093993186448295	16.959370920192637	0.02587207266259119
8.802319879588707	0.01	0.007	0.007	0.007	0.01	0.007959050636394282	0.00777768166323673	0.0007153783775680894	0.0003800590465304717	0.006226014000035789	1.4297009116637833	1.4338126281805534	1.1084158414267982	0.3447143884357948	0.3915160190005182	16.674869765962487	0.02579763706597712
8.885384374991798	0.01	0.007	0.007	0.007	0.01	0.007825317037145382	0.007646996520221005	0.0007017981168424299	0.00037282404410041565	0.006108609203359682	1.4308305682114997	1.4302225184987962	1.1072082505316474	0.34344968756371214	0.39205876444880833	16.39537365928589	0.025723477726581248
8.968387986581421	0.01	0.007	0.007	0.007	0.01	0.007693927321866359	0.007518601812577747	0.0006885155642484413	0.0003657486721007205	0.005993139390302154	1.4319110199121854	1.4265866515172756	1.1059946528443354	0.34218742865823815	0.39256941947379415	16.120762063406705	0.02564958569221623
9.051338548686285	0.01	0.007	0.007	0.007	0.01	0.0075648267603066295	0.0073924440584056846	0.0006755212839748856	0.000358827822603494	0.0058795687092812144	1.432944077423486	1.4229070278017062	1.1047752657416754	0.340927610731789	0.39304917610297013	15.850921147333809	0.02557595293933629
9.13424310765228	0.01	0.007	0.007	0.007	0.01	0.0074379634313999484	0.0072684725209228975	0.0006628063688462503	0.0003520566752750038	0.005767863027350133	1.4339314649487984	1.4191855805180387	1.1035503022632775	0.33967023949221853	0.39349917202480483	15.585742929724297	0.02550257222532351
9.21710798014957	0.01	0.007	0.007	0.007	0.01	0.007313287985227288	0.007146638975857678	0.0006503623972558303	0.00034543067392219163	0.00565798977986665	1.4348748265113356	1.415424179804305	1.102319971403012	0.3384153267409421	0.3939204944283671	15.325124782885526	0.025429437026402397
9.299938854645724	0.01	0.007	0.007	0.007	0.01	0.0071907533573281794	0.007026897432273968	0.0006381813872935653	0.000338945501600182	0.0055499177720285	1.435775732126804	1.4116246344470338	1.1010844776393838	0.3371628890898665	0.3943141836879132	15.068968836991504	0.025356541438625813
9.382740859338535	0.01	0.007	0.007	0.007	0.01	0.007070314552565616	0.00690920392136462	0.0006262557596146151	0.00033259706042322525	0.0054436170360862655	1.436635682998148	1.4077886943651434	1.099844020848438	0.33591294716630643	0.39468123649896086	14.817181529514748	0.025283880109892562
9.465518607694301	0.01	0.007	0.007	0.007	0.01	0.00695192847588252	0.006793516331067187	0.000614578306475258	0.0003263814547011722	0.005339058725158511	1.4374561160078823	1.403918053558079	1.0985987964583932	0.33466552513696	0.3950226086184972	14.569673252547018	0.02521144819264608
9.54827627102437	0.01	0.007	0.007	0.007	0.01	0.006835553736472634	0.006679794214699932	0.0006031421594800637	0.00032029497342725384	0.0052362149794136425	1.438238408077057	1.4000143512984082	1.0973489951167419	0.3334206498075576	0.3953392174638104	14.32635794441613	0.02513924127377781
9.631017617872056	0.01	0.007	0.007	0.007	0.01	0.006721150511768292	0.006567998658051179	0.00059194076444328	0.00031433407658600104	0.005135058841306797	1.4389838798103922	1.39607917441715	1.0960948027814654	0.33217835021000863	0.39563194433155396	14.087152806244323	0.02506725533452059
9.71374606960691	0.01	0.007	0.007	0.007	0.01	0.006608680398539653	0.006458092133873654	0.0005809678560366483	0.00030849538137675607	0.005035564156186684	1.439693798976273	1.3921140584410574	1.0948364005040774	0.3309386569339412	0.39590163647860815	13.85197799146274	0.024995486696948347
9.7964647229618	0.01	0.007	0.007	0.007	0.01	0.0064981063184952545	0.006350038409637858	0.0005702174387125487	0.0003027756518027067	0.004937705518166891	1.4403693834074618	1.3881204899642692	1.0935739646576836	0.32970160194438786	0.3961491089092131	13.620756409196154	0.024923931999909693
9.879176394341428	0.01	0.007	0.007	0.007	0.01	0.006389392401215428	0.006243802433134779	0.0005596837662366021	0.0002971717875429933	0.004841458193420445	1.441011803855838	1.3840999076926406	1.092307666786263	0.3284672180633255	0.3963751460874046	13.393413480179928	0.02485258815658757
9.961883631150128	0.01	0.007	0.007	0.007	0.01	0.0062825039176206245	0.0061393502674616214	0.0005493613268772217	0.00029168081585529597	0.004746798085874159	1.4416221863653098	1.3800537048236057	1.0910376739141907	0.3272355389360405	0.39658050341785117	13.169876998285236	0.02478145234108024
10.0	0.01	0.007	0.007	0.007	0.01	0.006233847478657283	0.006091802846834805	0.0005446736715131057	0.00028918740752014035	0.0047036932389529305	1.4418930085312773	1.3781806839706552	1.0904511745194216	0.3266688159242035	0.3966683869560106	13.068117895947196	0.02474873734152916
