0.0	0.01	0.007	0.007	0.007	0.01	0.0	0.0	0.0	0.0	0.0	0.0	0.0	0.0	0.0	0.0	100.0	0.035
0.006832546494884654	0.01	0.007	0.007	0.007	0.01	0.002774989908678832	0.005465060979406698	0.003422101389475924	0.0011382221379821636	7.527197217199722e-5	0.0001263407208428755	0.0003642062146318055	0.0003052718328619949	7.173128611689155e-5	2.6450967602295557e-6	99.86255558089425	0.03499171305061211
0.011810822873638736	0.01	0.007	0.007	0.007	0.01	0.004688661514391781	0.009028506380171957	0.005807012059436086	0.0019441435305225503	0.00011943122834220344	0.0003715526304095968	0.0010550164171070793	0.0009003402765188032	0.00021247417542827202	7.459570019014713e-6	99.76253088696261	0.03498567631426478
0.018958587871326135	0.01	0.007	0.007	0.007	0.01	0.00728567257835915	0.013596121710135429	0.009078524642873152	0.003067767928098229	0.00017030557868654168	0.0009358918032118408	0.002601980529162383	0.002277011836036149	0.0005406635370409941	1.7741078118628054e-5	99.6190914860651	0.03497701064293012
0.02597771328041372	0.01	0.007	0.007	0.007	0.01	0.009672867575155912	0.017521949825751292	0.012123844757128329	0.004133820228204499	0.00020884130118261425	0.0017188773107981875	0.004684095958530104	0.004198269414951076	0.0010027863370489346	3.089098172249742e-5	99.47843429532888	0.034968503018036196
0.03414951185511653	0.01	0.007	0.007	0.007	0.01	0.01226182227952751	0.02148378082676756	0.015471270777448792	0.00532983495758872	0.00024280875615683426	0.0028959524823341954	0.007716297105088791	0.0071045136786448875	0.0017085386546446123	4.908842734597827e-5	99.3149287137737	0.03495860088716289
0.04269839765034481	0.01	0.007	0.007	0.007	0.01	0.01476635219102679	0.02502288471278282	0.018757651084983243	0.00653086630192221	0.0002689120050781403	0.004410166508625903	0.011488513004745895	0.010868046710041223	0.0026319463288996744	7.059694385683972e-5	99.1441657985827	0.03494824482404872
0.05201254887792377	0.01	0.007	0.007	0.007	0.01	0.017275752691271237	0.028278474987578014	0.022102210443739785	0.007783125037970318	0.00028932774112256667	0.006362050359277029	0.01618733977413109	0.01575289438884632	0.003843538556222261	9.60989293520368e-5	98.95845099785583	0.03493696521555941
0.06183977076768783	0.01	0.007	0.007	0.007	0.01	0.019695362998386107	0.031141167165647216	0.0253806938055895	0.009043102243400956	0.0003043669688562349	0.008733097405777986	0.021699511538425406	0.021729080108505	0.005342788353132685	0.0001246416129106241	98.76288322072563	0.03492506821587989
0.07229677645531384	0.01	0.007	0.007	0.007	0.01	0.02203496463405984	0.03364967971175892	0.028605344555926032	0.010317398390292045	0.0003152369006230441	0.011574505866109608	0.028077984461900327	0.02894271199556454	0.007173992105090202	0.00015625917967326976	98.55520677934456	0.03491241323835371
0.08330922672498198	0.01	0.007	0.007	0.007	0.01	0.024260516404086323	0.035797312566939674	0.03172684140993166	0.011588223758858618	0.0003227589694696812	0.014886381567963635	0.03525779006963446	0.03741211305701687	0.009350433930047652	0.00019045631543117774	98.3369712822289	0.0348990910238902
0.09492163841381471	0.01	0.007	0.007	0.007	0.01	0.026367741745138482	0.03761417828565277	0.03473457587980804	0.012852329419980617	0.0003277625956149465	0.01869617944921896	0.04323768366497564	0.04722551354775723	0.011904193862726401	0.00022712817227456812	98.10736968995006	0.0348850485179585
0.1071258840162828	0.01	0.007	0.007	0.007	0.01	0.02834385886342357	0.039123999396940695	0.03760393422394584	0.014100162689148151	0.0003308923531814716	0.023012003668063257	0.05197773344245926	0.05842152296128377	0.014855639827395292	0.00026604579605876493	97.86664404741299	0.03487029641642553
0.11995546108460471	0.01	0.007	0.007	0.007	0.01	0.030185388996361456	0.04035891268243479	0.040321503389504465	0.015326319004567615	0.0003326717080341543	0.027852585873057004	0.061464154188506134	0.0710653076325298	0.018233118132653013	0.00030714791980192713	97.61422071450801	0.034854795160167505
0.13343334369320747	0.01	0.007	0.007	0.007	0.01	0.03188829170222464	0.041349549452699856	0.04287106474184639	0.0165237088611909	0.0003334969200626704	0.03323068235327436	0.07167513276113197	0.08520493534024273	0.022061582917503857	0.00035037161641360043	97.3497431143514	0.03483851801479244
0.1476008202577085	0.01	0.007	0.007	0.007	0.01	0.03345194461752446	0.04212695252373063	0.04523945532976466	0.017686205592326802	0.00033366598585539057	0.039164102516777016	0.08260287477801012	0.10089912246882533	0.02637001860869471	0.000395738218815369	97.07250603304726	0.0348214162462563
0.16250181277250117	0.01	0.007	0.007	0.007	0.01	0.034876490823028856	0.04272011728779935	0.04741268930972803	0.018806936277136713	0.00033340054835906164	0.04567022238469074	0.0942427115475218	0.11820174220233791	0.031187375653047526	0.0004432973086807775	96.78176696378128	0.03480343809805162
0.17819202048193045	0.01	0.007	0.007	0.007	0.01	0.03616357106237672	0.04315598008485883	0.0493770807302872	0.019878846525162662	0.00033287051340167835	0.0527700411101095	0.10660037421040423	0.13717110557524698	0.03654520691045687	0.0004931513360359007	96.47657034544113	0.0347845177887678
0.19473439774110485	0.01	0.007	0.007	0.007	0.01	0.03731553061025823	0.04345880813777699	0.05111807614913441	0.020894125585275935	0.00033221761580029985	0.06048649157081686	0.11968849785984852	0.1578637333902063	0.042476068474009955	0.0005454385113853094	96.15584001986872	0.034764581014773255
0.2122021349548557	0.01	0.007	0.007	0.007	0.01	0.0383354604299393	0.043650144718127976	0.052620385474955164	0.021844243100182004	0.00033157890229777986	0.06884583312969077	0.13352868679058374	0.1803358783676846	0.049014057261098753	0.0006003425797119861	95.81832575105457	0.034743541405826604
0.23067694761712182	0.01	0.007	0.007	0.007	0.01	0.039226915417867964	0.043748754950784494	0.05386770279163625	0.0227197118202526	0.0003311111391350116	0.07787679806323729	0.148149697343854	0.2046385446694726	0.05619347362546709	0.0006580918127827561	95.46264165324801	0.03472130264607047
0.25024874904123506	0.01	0.007	0.007	0.007	0.01	0.03999385501863851	0.04377073141781912	0.05484291406761944	0.023510048046703935	0.000331017061254671	0.0876101940706676	0.1635865641865815	0.23081316798892337	0.06404756809539171	0.0007189682732834397	95.08727805322275	0.0346977589310504
0.27101190371895484	0.01	0.007	0.007	0.007	0.01	0.040640545389434346	0.04372966350065661	0.05552851150139419	0.02420373845633558	0.0003315744034920414	0.09807667215524374	0.17987696163462494	0.2588818699682281	0.07260550765277377	0.0007833146432447787	94.69067904764404	0.034672799540246324
0.293058693822025	0.01	0.007	0.007	0.007	0.01	0.04117156994467136	0.04363688716671778	0.055907598966565816	0.024788410892067018	0.00033316744998552057	0.10930291399638163	0.1970554568840997	0.28883328233949435	0.08188765937239258	0.0008515436987849836	94.27137177515188	0.034646316744347164
0.31646673072322784	0.01	0.007	0.007	0.007	0.01	0.04159192197470525	0.04350180691423162	0.055965687210530246	0.025251287936102138	0.0003363185669896027	0.12130464927240077	0.2151433596465932	0.32060051397267514	0.09189789045901815	0.0009241431663300413	93.82820707518994	0.03461822094587067
0.3412807061882636	0.01	0.007	0.007	0.007	0.01	0.04190726511615045	0.04333228012363574	0.05569358666159198	0.025580162496792548	0.00034171315648019507	0.13407686399452454	0.23413489962244174	0.35403390086228415	0.10261336311822261	0.0010016777912539303	93.36069944927735	0.03458846252861613
0.36749094871905547	0.01	0.007	0.007	0.007	0.01	0.04212434142773617	0.043135021008111896	0.05509126463283403	0.02576501689277166	0.00035020703224046236	0.1475828222175819	0.2539820840142676	0.38887530856177144	0.11397374260216277	0.0010847908289781337	92.86941491950256	0.034557057403635495
0.39501649790426935	0.01	0.007	0.007	0.007	0.01	0.04225139907703783	0.04291594432947212	0.05417175607596084	0.025800131332164442	0.00036280442445743024	0.16174630255850228	0.27458435137233583	0.424747896666054	0.12587444961706937	0.0011742143011737062	92.35625915474418	0.03452410697423499
0.42370100534342575	0.01	0.007	0.007	0.007	0.01	0.04229837842796451	0.04268037576364426	0.052963471973780124	0.025686064668397054	0.00038060172691077517	0.17645154474761962	0.29578895111424824	0.46117330531011247	0.13816866630186542	0.001270792091716098	91.82451389371484	0.0344898026031875
0.4533272273176898	0.01	0.007	0.007	0.007	0.01	0.04227664101482194	0.04243309569055726	0.05150931288262129	0.02543065392300214	0.0004047074473494078	0.1915535505144432	0.31740533588717246	0.49761953150644933	0.1506805035413745	0.0013755154023838314	91.27852515606979	0.034454407799644524
0.4836521907736976	0.01	0.007	0.007	0.007	0.01	0.042198212724125536	0.0421782164265776	0.04986197244913978	0.025048372296516738	0.0004361688805227333	0.2068988936537323	0.3392335998521053	0.5335724607220744	0.16322833500530498	0.0014895797542230967	90.72302119245032	0.034418215819653354
0.5144480310520848	0.01	0.007	0.007	0.007	0.01	0.042074759754135306	0.04191902349843499	0.048076995897590506	0.024558154501082195	0.00047593442719470476	0.22234829146929463	0.36109473302899114	0.5686017791739927	0.17564890749754206	0.0016144437419788494	90.16235126477584	0.03438150076861912
0.5455245955429363	0.01	0.007	0.007	0.007	0.01	0.04191673018492496	0.04165797092078955	0.04620674785742854	0.02398076415105083	0.0005248465575702314	0.23778838624967946	0.3828455711166578	0.6023893851264268	0.1878103260602915	0.0017518366626919925	89.60008287047728	0.034344490738081365
0.5767358636961999	0.01	0.007	0.007	0.007	0.01	0.041732906469305164	0.041396790951973315	0.04429666112556816	0.0233366116646731	0.0005836533706119368	0.2531342203045672	0.4043811636897072	0.6347279820438905	0.19961505534656557	0.0019037323099957272	89.03890648688467	0.03430736038369386
0.6079731618720693	0.01	0.007	0.007	0.007	0.01	0.0415303550315371	0.041136677262159305	0.04238393432089411	0.022644431927162294	0.0006530180189098004	0.2683246165442362	0.42562780200428046	0.6655004538577287	0.21099558809507077	0.002072290044381678	88.48078119429132	0.03427023925521266
0.6391582437332874	0.01	0.007	0.007	0.007	0.01	0.04131458653114169	0.04087843036554957	0.04049753562103733	0.02192060332701312	0.0007335294372719755	0.2833174642466325	0.44653638674652724	0.6946590471242583	0.22190920853877452	0.002259807308639193	87.92707862348203	0.03423322024350634
0.6702360980555927	0.01	0.007	0.007	0.007	0.01	0.0410898062335247	0.04062257427638917	0.0386590129955545	0.021178944245393065	0.0008257088164785237	0.29808503700074157	0.4670760775223498	0.7222060133689405	0.23233249452803875	0.0024686774289520972	87.378727098091	0.03419636830116474
0.7011697708229035	0.01	0.007	0.007	0.007	0.01	0.040859168106914145	0.04036943476004289	0.03688357689887966	0.020430772151207203	0.0009300152281770809	0.31261051829981035	0.48722971845727553	0.7481785873272919	0.2422567704320566	0.0027013614248502502	86.83631560644854	0.03415972672389614
0.7319361289026989	0.01	0.007	0.007	0.007	0.01	0.04062500400396147	0.040119195849053234	0.03518126305680359	0.019685119713551833	0.0010468487600243086	0.32688520075206035	0.5069902096292006	0.7726371627550054	0.2516842646272333	0.0029603669324452598	86.30017775941582	0.034123322278088314
0.7625228083293367	0.01	0.007	0.007	0.007	0.01	0.040389013184725105	0.03987193798288543	0.03355801168190877	0.018949014286586914	0.0011765530100154643	0.3409064407172119	0.5263579014399554	0.7956565814367836	0.2606250902014788	0.0032482353720814077	85.77045228957759	0.03408716889548564
0.7929259080953979	0.01	0.007	0.007	0.007	0.01	0.04015241355061358	0.039627664842271836	0.032016613998269286	0.018227775063092817	0.001319416998459214	0.35467611816911077	0.5453386510341095	0.8173197493262051	0.2690948720081082	0.0035675347732612335	85.24712857613515	0.03405127046374231
0.8231481833351046	0.01	0.007	0.007	0.007	0.01	0.039916059744547365	0.039386322981322164	0.030557509259917428	0.017525300464709747	0.0014756765338577737	0.3681994520182279	0.5639423330478125	0.8377130207558228	0.27711289569712655	0.003920856352884273	84.73008200607167	0.034015623009795146
0.8531974771077243	0.01	0.007	0.007	0.007	0.01	0.039680535042019696	0.039147817592591415	0.02917944017954852	0.01684433326649177	0.001645514350114604	0.38148402498074596	0.5821816082912878	0.8569228572624709	0.28470065298390845	0.004310811786341806	84.21910401370252	0.03398021658784167
0.8830859780294605	0.01	0.007	0.007	0.007	0.01	0.039446217353258546	0.0389120205001225	0.027879949584955578	0.016186681272145127	0.0018290629195984321	0.3945392527386907	0.6000712779796982	0.8750338602529245	0.29188087127092593	0.004740039039174701	83.71391712477835	0.033945036183442405
0.9128292783279506	0.01	0.007	0.007	0.007	0.01	0.03921333172776186	0.03867877903393056	0.026655784226911318	0.015553414709736358	0.002026405201032726	0.4073758177381519	0.6176275687063062	0.8921272577601655	0.2986766983615012	0.005211205506587076	83.21419280999199	0.033910062846193245
0.9424459257557954	0.01	0.007	0.007	0.007	0.01	0.03898198754073024	0.03844792053440386	0.02550319014737934	0.014945024951298248	0.0022375773390160233	0.42000536164905716	0.6348677569549285	0.9082801354022942	0.3051111770284883	0.005727017348548295	82.7195604878762	0.033875274235364836
0.9719569619613846	0.01	0.007	0.007	0.007	0.01	0.038752207175991246	0.03821925668542504	0.024418139452398874	0.014361558339233886	0.002462570669757882	0.4324402005206562	0.6518098127728743	0.9235649557152217	0.3112068422569605	0.006290228861537202	82.22961644545512	0.03384064517796425
1.0013854444167996	0.01	0.007	0.007	0.007	0.01	0.03852394839712515	0.03799258776048796	0.023396501037341127	0.013802727482781225	0.002701332658970453	0.44469305773115264	0.6684720597562038	0.9380492950179151	0.31698542006089475	0.006903650604174509	81.7439327315357	0.03380614824263915
1.0307564266781528	0.01	0.007	0.007	0.007	0.01	0.038297118372244254	0.03776770319178386	0.02243415109728524	0.013267994143998416	0.0029537706618307843	0.4567770061549769	0.6848731137406973	0.9517959590517869	0.32246769621302845	0.00757016617001106	81.26205826026451	0.03377175377371565
1.0600967742591936	0.01	0.007	0.007	0.007	0.01	0.038071585461172265	0.037544383357291954	0.021527057448908187	0.012756639508549576	0.003219754032525815	0.468705349716061	0.7010317335444232	0.9648630899680282	0.3276734016235688	0.008292746834956235	80.78352257398667	0.03373743011740809
1.0894352378980579	0.01	0.007	0.007	0.007	0.01	0.03784718642250652	0.0373223993650798	0.020671330771253705	0.012267816549853662	0.003499117944269955	0.48049161674655144	0.7169668194621838	0.9773044396799925	0.33262118368487015	0.009074473027469505	80.30783534245701	0.03370314354623973
1.1188025182218164	0.01	0.007	0.007	0.007	0.01	0.037623731803098706	0.03710151291918092	0.019863258727235402	0.01180059215996133	0.0037916668353160077	0.4921495502912074	0.7326974038449976	0.9891696481116917	0.3373285978255157	0.009918557862105987	79.83448605222418	0.03366885819427321
1.1482314989568632	0.01	0.007	0.007	0.007	0.01	0.037401008671564456	0.036881474949059065	0.019099322687884508	0.011353978204259303	0.004097179113992801	0.5036931638955862	0.7482427268883448	1.0005045841215066	0.3418121404039426	0.010828377993895359	79.36294105493249	0.03363453579665408
1.1777575775950828	0.01	0.007	0.007	0.007	0.01	0.03717878164717653	0.03666202358601508	0.018376203793307472	0.010926954870801728	0.004415412596957133	0.5151368293350964	0.7636223519452517	1.0113516961518176	0.34608729966751367	0.011807511696382464	78.89263922036095	0.033600135317740566
1.2074191323581758	0.01	0.007	0.007	0.007	0.01	0.03695679223719416	0.036442881234092235	0.01769078071314951	0.010518487464061754	0.00474611108907528	0.526495407487502	0.7788563351122053	1.0217503734377051	0.35016862286593325	0.012859787024483064	78.42298565069353	0.03356561242355773
1.2372581888146765	0.01	0.007	0.007	0.007	0.01	0.03673475625723871	0.036223750317687056	0.017040120577335904	0.010127537397781099	0.0050890128190964985	0.5377844414411392	0.7939654739315476	1.0317373252522108	0.35406980013892847	0.013989344710407461	77.95334255891724	0.03353091872624399
1.2673213314942697	0.01	0.007	0.007	0.007	0.01	0.03651235921413209	0.036004307442807554	0.01642146483007127	0.009753068408138435	0.005443861248883224	0.549020421965474	0.8089716474560371	1.0413469760017706	0.35780376190342456	0.015200721048109756	77.48301674617409	0.033496000749745486
1.2976609606358864	0.01	0.007	0.007	0.007	0.01	0.03628924910991099	0.03578419533119083	0.015832210481534537	0.00939404832121424	0.00581041932587554	0.5602211538850888	0.8238982839644644	1.0506118890561718	0.36138279226187925	0.016498959493336074	77.01124230339914	0.03346079850302851
1.3283370885070236	0.01	0.007	0.007	0.007	0.01	0.036065025450969415	0.03556301124873394	0.01526988581698245	0.009049445880878866	0.006188489314029317	0.5714062822425119	0.8387710319552463	1.0595632520460276	0.3648186682442478	0.017889766286981322	76.53715579535597	0.03342524343899915
1.3594199219051755	0.01	0.007	0.007	0.007	0.01	0.03583922292587954	0.03534029035440302	0.014732119694043967	0.008718222194494418	0.006577940857620434	0.582598048322442	0.8536187230260953	1.0682314551453935	0.36812283338008966	0.019379732203932288	76.05976055154679	0.033389255519168534
1.3909937625299105	0.01	0.007	0.007	0.007	0.01	0.035611286252998434	0.035115480475406406	0.014216600154943698	0.008399314269927582	0.006978753159874983	0.5938224364924672	0.8684748329784462	1.0766468502021413	0.3713066342186057	0.020976662832051067	75.57787257104081	0.03335273877756861
1.4231631365824338	0.01	0.007	0.007	0.007	0.01	0.03538053019517869	0.03488790235684924	0.013721015322861872	0.008091606384946255	0.0073910814042142834	0.6051109840389047	0.8833797889224894	1.0848408311966131	0.37438166520357297	0.022690092371959632	75.09003527793956	0.0333155743453885
1.456063055796364	0.01	0.007	0.007	0.007	0.01	0.035146072085526024	0.03465668288150216	0.013242960485455826	0.007793879381345198	0.007815368891396569	0.6165038298752943	0.8983848603508998	1.092847542021711	0.3773603234156937	0.02453213351862317	74.59437631346847	0.03327760876629678
1.4898775635598216	0.01	0.007	0.007	0.007	0.01	0.034906709153031415	0.03442063391608381	0.012779775803748391	0.007504715817346854	0.008252552274188448	0.6280552630360644	0.9135592508767034	1.1007068807885432	0.38025679627219544	0.026518995375907937	74.08834773026352	0.03323863286273104
1.524877230798509	0.01	0.007	0.007	0.007	0.01	0.03466066920065024	0.03417800631778079	0.012328220468882671	0.007222302306055414	0.008704483214939074	0.6398450326788973	0.9290045794545889	1.1084705555692353	0.3830890723441943	0.028674009721254858	73.56819848676655	0.03319833897601746
1.5615080030425175	0.01	0.007	0.007	0.007	0.01	0.034405017030133836	0.0339259045153847	0.011883692896443926	0.006943947759702193	0.009174945222765336	0.6520053747322431	0.9448895483613093	1.1162165848033818	0.38588379663488276	0.031034697645562978	73.02771910701527	0.03315621956883043
1.6006734713341764	0.01	0.007	0.007	0.007	0.01	0.0341337583873721	0.03365841677376501	0.011437682245037118	0.006664495880510463	0.009672951507735143	0.6648077788979639	0.9615614937549968	1.1240964947787766	0.3886922264665549	0.03367478753903193	72.45423242231037	0.03311124478549288
1.6453223901213614	0.01	0.007	0.007	0.007	0.01	0.033827128359838685	0.03335605268334566	0.01096304130894635	0.006367122033271194	0.010231628195381036	0.6791553026558167	0.9801805188264261	1.1326068804008806	0.39168272902810347	0.036825952802842885	71.80594494681586	0.03306004761652739
1.6915505886897693	0.01	0.007	0.007	0.007	0.01	0.03351255460473226	0.03304585788768221	0.010506192722392359	0.0060811254779246544	0.0107968827810003	0.6937374855399555	0.9990312160186433	1.1409252460165185	0.39455910870483846	0.04024066335519835	71.14083817588337	0.033007122959195785
1.7316981628307402	0.01	0.007	0.007	0.007	0.01	0.0332417334365789	0.03277880800946912	0.010135450643239048	0.005849354426808981	0.011274680887364334	0.7061803262179263	1.0150562787706854	1.1477710220478268	0.3968886762974339	0.043325588295682387	70.56821661971648	0.032961228491230274
1.7724519150850526	0.01	0.007	0.007	0.007	0.01	0.03296906254012395	0.032509935044756744	0.009781746068734627	0.005628626519513644	0.011745430714054983	0.7186042214789072	1.03099992397083	1.1543843496574389	0.39910427019185035	0.04656443896307976	69.99166301934783	0.03291470633988806
1.8109466454611924	0.01	0.007	0.007	0.007	0.01	0.0327135616856499	0.032257993528329774	0.009466943967583808	0.005432590741905613	0.012175565545573966	0.7301511315677627	1.0457654498077644	1.1603394596943126	0.4010678553325307	0.04971744001310923	69.4513951322725	0.03287082326381589
1.849023401112398	0.01	0.007	0.007	0.007	0.01	0.03246278433831249	0.032010710085736145	0.009172596228690889	0.00524972188194547	0.012586101012584124	0.7413955017719387	1.06009383157364	1.1659676860524149	0.40289427892974106	0.05292024292357638	68.92109624262298	0.03282747422631488
1.8859319531759242	0.01	0.007	0.007	0.007	0.01	0.03222153722905452	0.03177282434497924	0.008902274746364324	0.005082205360847192	0.012969084953002166	0.7521292660109353	1.073723909873613	1.1711883138943027	0.4045611928342791	0.056099378377872294	68.41093202890599	0.03278550971138155
1.9222884919290923	0.01	0.007	0.007	0.007	0.01	0.031985652481766366	0.03154022641091804	0.00864941347616177	0.004925926569731652	0.01333135611026457	0.7625454544991502	1.0869049230687806	1.1761170025548755	0.40610927015837744	0.05929780173962365	67.91209010680971	0.0327442252755374
1.9579402043653273	0.01	0.007	0.007	0.007	0.01	0.03175601907573033	0.031313792817342034	0.008413508312583359	0.004780531177720522	0.013671740520956294	0.7726105557403006	1.0995975818492885	1.1807547515629768	0.4075418110158575	0.062493932139787045	67.4264515388153	0.032703791685672
1.9931335774577934	0.01	0.007	0.007	0.007	0.01	0.03153095614549569	0.0310918660811146	0.008191571981938463	0.0046441337490020825	0.013993026707763602	0.7824034737165116	1.1119042561579242	1.1851526663182355	0.40887730911668235	0.06570247685377273	66.95046257068968	0.032663926881307155
2.0278765183193093	0.01	0.007	0.007	0.007	0.01	0.031310339667508444	0.030874323880386495	0.007982452283630915	0.00451598481772231	0.01429568023399249	0.7919338643085205	1.1238394156358924	1.1893272293368398	0.41012306326755105	0.06891781936303333	66.48386173292083	0.03262461996294266
2.0622911810793116	0.01	0.007	0.007	0.007	0.01	0.031093330849860847	0.030660339093576086	0.007784471500541819	0.004395016549315729	0.014581171469539536	0.8012416950421205	1.135455167702049	1.1933064559160398	0.41128947758085743	0.07214557400211209	66.02487572766697	0.032585731079465295
2.096421316462706	0.01	0.007	0.007	0.007	0.01	0.030879602918538515	0.030449589487778168	0.00759658659098173	0.004280554704037498	0.014850243569814283	0.8103441181169372	1.1467746404967563	1.197106617115175	0.41238310499505487	0.07538479459425182	65.5728140271148	0.03254720949732897
2.1303406672469554	0.01	0.007	0.007	0.007	0.01	0.030668651731181176	0.030241577937225865	0.007417711679333949	0.0041719031139517545	0.015103849447273027	0.8192653203334205	1.1578294018737423	1.2007455862912693	0.4134106806244922	0.078637904423271	65.12661084094206	0.03250897093879384
2.1640946635142813	0.01	0.007	0.007	0.007	0.01	0.03046016071586682	0.030035992275399354	0.007247024297451132	0.00406853004510277	0.015342680978570042	0.8280210049990877	1.16864017279839	1.2042365213263477	0.41437733424011763	0.08190510426253392	64.6855970096591	0.03247096338784891
2.1977343531898583	0.01	0.007	0.007	0.007	0.01	0.030253787121644525	0.029832494523363114	0.007083760365421696	0.0039699428030115546	0.015567438651221108	0.8366275650857006	1.179228274909861	1.20759189433681	0.4152877908111127	0.08518751337042516	64.24904791047706	0.032433128758746814
2.231299306993098	0.01	0.007	0.007	0.007	0.01	0.030049266774621965	0.029630824185506593	0.006927287456400828	0.0038757316847817264	0.01577871097603875	0.8450977322182128	1.1896102861227096	1.2108219032910403	0.4161459620765048	0.08848545680424152	63.81640505322291	0.03239542212275619
2.264827911907	0.01	0.007	0.007	0.007	0.01	0.029846349431541467	0.029430734503598417	0.006777040247832122	0.003785530440109963	0.015977051513831185	0.8534433476187242	1.1998014952966916	1.213935715970074	0.4169553215673792	0.09179940628246726	63.38713934739105	0.03235780008728519
2.298352559003883	0.01	0.007	0.007	0.007	0.01	0.02964482722745877	0.029232020507782668	0.006632533020586488	0.003699023392610738	0.016162952193153057	0.8616742302150433	1.2098145428581932	1.216941150466497	0.4177188457465287	0.09512946323196497	62.96081128998136	0.03232022617699833
2.3319034664532055	0.01	0.007	0.007	0.007	0.01	0.029444510596992903	0.029034495273186897	0.006493333520744323	0.003615929350163676	0.016336871037588373	0.8697992147042761	1.2196607180228531	1.2198451650602653	0.4184391661423095	0.09847569749968765	62.53702003784163	0.03228266651663915
2.3655073170954117	0.01	0.007	0.007	0.007	0.01	0.029245235803284628	0.028837997343837636	0.006359062053333408	0.003536000743767421	0.016499227789574893	0.8778258786626983	1.229349648259314	1.2226538362663646	0.419118582946736	0.10183798208477927	62.11541934283918	0.03224509133909443
2.3991887008641304	0.01	0.007	0.007	0.007	0.01	0.029046855693864768	0.02864238161725658	0.006229379622620608	0.0034590162559881214	0.016650414781946444	0.8857609499396631	1.2388898134148667	1.2253725723333306	0.41975913531363573	0.10521611167844276	61.69569800195585	0.03220747335230199
2.4329698798141175	0.01	0.007	0.007	0.007	0.01	0.028849240600518144	0.028447520231722218	0.006103984181883416	0.003384778341965066	0.016790798316220417	0.8936102962289622	1.2482885494463452	1.2280061641322617	0.4203626279433963	0.10860975884597868	61.277581766712515	0.03216978798783486
2.4668714141389243	0.01	0.007	0.007	0.007	0.01	0.028652274210151936	0.028253298494632487	0.005982604239928992	0.003313109214541286	0.016920723797734374	0.901379113225389	1.2575522893432185	1.2305588963022804	0.42093066986474076	0.11201851993189531	60.860824612032545	0.03213201268899779
2.5009122305641895	0.01	0.007	0.007	0.007	0.01	0.028455852801928035	0.028059614130236207	0.00586499532712557	0.0032438485621413015	0.017040517865554324	0.9090719740732559	1.266686634651566	1.2330346025341612	0.42146469781832296	0.11544190807342383	60.4452071263667	0.03209412682418708
2.5351099459256514	0.01	0.007	0.007	0.007	0.01	0.028259883050944908	0.027866375113897626	0.00575093605721611	0.0031768510554677602	0.01715049123997403	0.9166929327557017	1.2756964896359404	1.235436732565022	0.4219660005747638	0.11887937420695602	60.03053186825486	0.03205611131735169
2.5694809822444538	0.01	0.007	0.007	0.007	0.01	0.028064281097227545	0.02767349875404387	0.005640225393649153	0.0031119845900420945	0.017250940447544896	0.9242455748983913	1.2845861309666262	1.2377683964625499	0.4224357366640674	0.12233030903842002	59.61662139953536	0.03201794851241601
2.6040407680035234	0.01	0.007	0.007	0.007	0.01	0.02786897116108476	0.027480910326805684	0.005532679987336088	0.003049128591443843	0.01734214959355403	0.9317330841624414	1.293359294465172	1.2400324095203197	0.42287495095944105	0.12579405522520945	59.20331535820787	0.03197962194309708
2.638803856492668	0.01	0.007	0.007	0.007	0.01	0.02767388467344014	0.02728854221845892	0.005428132103664281	0.0029881726846559815	0.01742439163378981	0.9391582866667836	1.3020192345587773	1.2422313264682623	0.4232845879066534	0.12926991246869127	58.79046862055275	0.031941116196136335
2.6737840434611675	0.01	0.007	0.007	0.007	0.01	0.027478959440708696	0.027096333101933042	0.005326427801600535	0.0029290155261033376	0.017497929473187797	0.9465236925586357	1.3105687793447005	1.244367471782902	0.42366550304446393	0.1327571435545176	58.37794953601187	0.0319024167762436
2.70899447096299	0.01	0.007	0.007	0.007	0.01	0.027284138915698964	0.026904227217868924	0.005227425369142936	0.0028715637986362883	0.017563016872636707	0.9538315321556247	1.3190103783512857	1.2464429657575635	0.4240184728828886	0.13625497983030876	57.96563838612686	0.0318635099872283
2.7444477082075833	0.01	0.007	0.007	0.007	0.01	0.02708937162052167	0.026712173805566654	0.00513099400394775	0.0028157313606797358	0.017619899179565753	0.9610837851798977	1.3273461414594343	1.2484597463710572	0.4243442033018222	0.1397626250610025	57.55342616490278	0.03182438283932251
2.7801558376690307	0.01	0.007	0.007	0.007	0.01	0.02689461056123621	0.02652012652578696	0.00503701262980788	0.0027614384842452578	0.0176688139608557	0.9682822092951989	1.3355778762997745	1.250419589089522	0.4246433369591993	0.14327926035060365	57.14121334145531	0.031785022951358065
2.816130506419835	0.01	0.007	0.007	0.007	0.01	0.02669981285137537	0.026328043089520945	0.004945368934726173	0.0027086112299525332	0.017709991492202145	0.9754283600077851	1.3437071151034246	1.2523241226813824	0.42491645949837836	0.1468040460716676	56.72890906453789	0.03174541849189719
2.8523830068307547	0.01	0.007	0.007	0.007	0.01	0.02650493919099816	0.026135884744301348	0.004855958439858103	0.002657180847492807	0.0177436552145296	0.9825236151600999	1.3517351462579694	1.2541748449243508	0.4251641052479329	0.15033612705022775	56.316430061120606	0.03170555808850691
2.888924290820748	0.01	0.007	0.007	0.007	0.01	0.02630995371858136	0.02594361612815793	0.0047686838288081195	0.0026070833328083972	0.017770022057349767	0.9895691851248081	1.3596630291374066	1.2559731333517703	0.4253867617839863	0.15387463155073008	55.90370032396732	0.031665430810617866
2.9257650573299365	0.01	0.007	0.007	0.007	0.01	0.026114823480228592	0.02575120474622247	0.0046834541732319185	0.0025582589314214164	0.017789302786285755	0.9965661364116352	1.367491623719988	1.2577202585226293	0.42558487445947296	0.1574186776570022	55.49064998908855	0.03162502607223875
2.9629157531945243	0.01	0.007	0.007	0.007	0.01	0.02591951837335183	0.025558620915195406	0.004600184437107785	0.00251065180707516	0.017801702237359728	1.0035153975714068	1.3752215998576154	1.2594173918495837	0.425758849892591	0.1609673714462063	55.077215217387746	0.03158433363019214
3.0003866383193287	0.01	0.007	0.007	0.007	0.01	0.025724010756472196	0.02536583737858389	0.0045187948859613265	0.002464209660352152	0.01780741956493159	1.0104177767450826	1.3828534593281596	1.2610656156510471	0.4259090594359594	0.16451981155912573	54.66333736947713	0.03154334351206404
3.038187794947037	0.01	0.007	0.007	0.007	0.01	0.02552827536288198	0.025172829221567238	0.004439210675628161	0.002418883454177696	0.01780664843506757	1.0172739679633653	1.390387545028727	1.2626659297492788	0.4260358419936419	0.16807508854375885	54.248962823622854	0.03150204600574061
3.07632917498321	0.01	0.007	0.007	0.007	0.01	0.025332289021692413	0.02497957359593195	0.004361361400171	0.0023746271196017753	0.017799577209040525	1.0240845639715903	1.3978240571689846	1.2642192590867043	0.42613950670219075	0.17163228794864732	53.83404238587406	0.03146043160753246
3.114820641274276	0.01	0.007	0.007	0.007	0.01	0.02513603042076869	0.02478604948631034	0.0042851806977178735	0.0023313972980854776	0.017786389092251394	1.0308500671558345	1.4051630670207766	1.2657264602964302	0.42622033525361236	0.1751904928652473	53.418530788761394	0.03141849097729586
3.153671927290891	0.01	0.007	0.007	0.007	0.01	0.024939480290556638	0.02459223789144637	0.0042106060497841295	0.002289153196510962	0.017767262301552185	1.037570885744896	1.4124045145199258	1.2671883245732467	0.4262785838254371	0.17874877902689446	53.0023870810423	0.03137621498264974
3.1928927177335575	0.01	0.007	0.007	0.007	0.01	0.02474262097359858	0.02439812139971003	0.0041375783664289074	0.0022478563231936484	0.017742370190807055	1.0442473510747468	1.419548228628184	1.2686055849133937	0.4263144851002469	0.1823062212203374	52.58557371682666	0.03133359461153204
3.2324926400369516	0.01	0.007	0.007	0.007	0.01	0.024545436454996787	0.024203684219136875	0.004066041776968022	0.0022074703430462186	0.017711881389921757	1.050879718699874	1.4265939299491897	1.269978919363131	0.4263282498826129	0.18586189148132215	52.16805662053965	0.03129062098210452
3.2724813032985183	0.01	0.007	0.007	0.007	0.01	0.024347912157328157	0.024008911975200546	0.003995943352684894	0.0021679608963901735	0.017675959913371002	1.057468177386972	1.433541241690424	1.2713089556758816	0.4263200686238795	0.18941486167958624	51.749804753130576	0.031247285301238326
3.312868292972326	0.01	0.007	0.007	0.007	0.01	0.02415003496049281	0.02381379173038526	0.003927232930981057	0.0021292954770723363	0.017634765294289374	1.0640128503637822	1.4403896922395767	1.27259627407366	0.4262901127757789	0.19296420215726098	51.33079015451212	0.031203578871203192
3.353663216907028	0.01	0.007	0.007	0.007	0.01	0.023951792971552106	0.02361831175723109	0.0038598628675848754	0.0020914432718501	0.017588452668130382	1.0705138047731015	1.4471387262730093	1.2738414114213092	0.42623853600574463	0.19650898496298377	50.91098745657776	0.031159493040880632
3.3948756928822212	0.01	0.007	0.007	0.007	0.01	0.02375317558612741	0.023422461598877606	0.0037937879065037643	0.002054375067762371	0.01753717290766981	1.0769710513084874	1.4537877054278587	1.2750448632163494	0.42616547531985244	0.2000482819348785	50.490374013569834	0.03111501922050663
3.4365153882363924	0.01	0.007	0.007	0.007	0.01	0.023554173298599625	0.023226231881908335	0.003728964976823691	0.002018063119873174	0.01748107269979735	1.083384552022378	1.4603359173984847	1.276207086973517	0.4260710520339136	0.20358116736119677	50.06892950048759	0.031070148840231807
3.4785920191697515	0.01	0.007	0.007	0.007	0.01	0.023354777711848	0.023029614325954045	0.0036653530697884486	0.0019824810655283093	0.01742029466433074	1.0897542214744336	1.466782578007708	1.2773285041449132	0.42595537269608147	0.20710671713880027	49.646635934016686	0.03102487335243743
3.521115381145498	0.01	0.007	0.007	0.007	0.01	0.02315498140101423	0.022832601609355418	0.0036029130787799974	0.0019476038190999925	0.017354977430143248	1.096079932505332	1.4731268379219244	1.2784095027236475	0.4258185298597455	0.2106240105859615	49.22347738429709	0.030979184200687477
3.5640953491262586	0.01	0.007	0.007	0.007	0.01	0.022954777924202033	0.022635187379713838	0.0035416076967508094	0.0019134075000846879	0.017285255750790263	1.1023615171966832	1.4793677843715611	1.2794504388306975	0.42566060285045393	0.21413212970192422	48.799439997850335	0.03093307282134216
3.6075419212939535	0.01	0.007	0.007	0.007	0.01	0.02275416163298579	0.022437366067040256	0.003481401260668169	0.0018798693327211965	0.01721126054977464	1.1085987740521501	1.485504448987453	1.280451639208018	0.42548165831053936	0.21763016198563484	48.37451159648214	0.03088653059866546
3.6514651856310736	0.01	0.007	0.007	0.007	0.01	0.022553127844701856	0.022239133053646543	0.0034222597143857385	0.0018469676126632105	0.017133119090819382	1.1147914637679879	1.4915358042347318	1.281413401704074	0.4252817509684633	0.22111719696069154	47.948682042438314	0.030839548902845435
3.6958753945082705	0.01	0.007	0.007	0.007	0.01	0.02235167251847715	0.022040484354687778	0.0033641504293803292	0.0018146815953877862	0.017050954964431677	1.1209393203799232	1.4974607749132496	1.282335998122713	0.4250609239108788	0.22459233139320545	47.52194255240683	0.030792119012472533
3.7407829380714013	0.01	0.007	0.007	0.007	0.01	0.022149792401984107	0.021841416762872934	0.0033070421735434947	0.0017829914679409452	0.016964888245498563	1.1270420476961236	1.5032782350899416	1.2832196745970348	0.4248192092134401	0.22805466632813545	47.094286008551634	0.030744232145633037
3.786198379826626	0.01	0.007	0.007	0.007	0.01	0.02194748489550768	0.021641927714425774	0.003250905001937881	0.0017518782780290628	0.01687503554187636	1.1330993244122765	1.5089870134494585	1.284064653234677	0.4245566282511601	0.23150330906582084	46.665706670752016	0.030695879424626447
3.832132481806433	0.01	0.007	0.007	0.007	0.01	0.021744747970112006	0.02144201520839188	0.0031957101707509017	0.0017213238768065398	0.016781510056088394	1.139110807400489	1.51458589668063	1.2848711333340517	0.4242731919783204	0.23493737418648383	46.236200003390046	0.030647051852165496
3.87859619990177	0.01	0.007	0.007	0.007	0.01	0.021541580221436714	0.02124167785968561	0.0031414300933972836	0.0016913108856879437	0.01668442170696278	1.1450761308978408	1.520073628940494	1.2856392919534736	0.42396890134456333	0.23835598228588337	45.80576278945315	0.030597740319535615
3.925600732277778	0.01	0.007	0.007	0.007	0.01	0.021337980693084593	0.021040914724938325	0.0030880382385525666	0.0016618226316489468	0.01658387714274737	1.1509949124574521	1.5254489175212067	1.2863692853000208	0.42364374734044663	0.2417582626213725	45.37439275648659	0.03054793555857797
3.9731575226736235	0.01	0.007	0.007	0.007	0.01	0.021133948904165603	0.02083972532965889	0.003035509088527517	0.0016328431165321504	0.01647997984470097	1.1568667527489989	1.5307104326582786	1.2870612491949476	0.4232977112722203	0.2451433522924065	44.942088635031155	0.030497628141937322
4.021278283044957	0.01	0.007	0.007	0.007	0.01	0.020929484795438828	0.020638109615125896	0.0029838180791819445	0.0016043569766665718	0.01637283019166933	1.1626912377169563	1.5358568094488287	1.2877152997830579	0.42293076488209236	0.24851039680434517	44.508850044590346	0.030446808463020825
4.069975040206471	0.01	0.007	0.007	0.007	0.01	0.02072458858012689	0.020436067791280568	0.002932941520393775	0.0015763494323149216	0.016262525469192293	1.1684679433201757	1.5408866518630346	1.288331534418509	0.4225428702313895	0.2518585521703968	44.07467717756698	0.03039546669100563
4.119260135535253	0.01	0.007	0.007	0.007	0.01	0.020519260800447737	0.020233600392470952	0.002882856572445026	0.0015488062684231034	0.01614915998248568	1.1741964343006697	1.5457985313163982	1.2889100317834197	0.4221339798961185	0.25518698359888453	43.63957091905917	0.030343592775809784
4.1691462678786575	0.01	0.007	0.007	0.007	0.01	0.020313502206303152	0.02003070815783043	0.0028335411806325005	0.0015217137927841316	0.016032825073697285	1.179876267935467	1.550590989510869	1.2894508524870028	0.4217040367966585	0.2584948670901017	43.203532589796964	0.030291176407816242
4.219646521933978	0.01	0.007	0.007	0.007	0.01	0.020107313703199674	0.01982739197992407	0.002784974030901012	0.0014950588062083868	0.015913609171211724	1.1855069956929765	1.5552625392355737	1.2899540393310966	0.4212529740921587	0.2617813898526792	42.766563835735205	0.030238206993410417
4.270774408402159	0.01	0.007	0.007	0.007	0.01	0.019900696259436686	0.019623652813229614	0.0027371344989335755	0.0014688285694911768	0.015791597811983905	1.1910881658895436	1.5598116658100623	1.2904196175726765	0.4207807149305375	0.265045751329222	42.3286664312843	0.030184673618647653
4.322543895955445	0.01	0.007	0.007	0.007	0.01	0.019693650855419555	0.01941949162415649	0.0026900026122883935	0.0014430107779082348	0.015666873684040065	1.19661932505898	1.5642368272336122	1.290847594967461	0.4202871722274544	0.26828716349513887	41.88984217176812	0.03013056502206375
4.374969451939971	0.01	0.007	0.007	0.007	0.01	0.019486178406098436	0.019214909314564987	0.0026435590088789225	0.001417593534036236	0.015539516650115525	1.2021000199336485	1.5685364546274343	1.2912379617735512	0.4197722483280331	0.2715048515332964	41.450092708884284	0.03007586955890328
4.428066088900304	0.01	0.007	0.007	0.007	0.01	0.019278279670442544	0.019009906632501294	0.0025977848953470414	0.001392565320834937	0.015409603759186727	1.207529799618368	1.5727089525625024	1.2915906906578165	0.4192358345686525	0.27469805464037206	41.009419358631696	0.030020575159931978
4.481849424564225	0.01	0.007	0.007	0.007	0.01	0.019069955120247617	0.01880448404283226	0.002552661999483384	0.0013679149717825264	0.015277209227441524	1.2129082186392108	1.5767526997287804	1.291905736527291	0.41867781065318516	0.27786602736540916	40.56782282297057	0.029964669277003007
4.536335716103552	0.01	0.007	0.007	0.007	0.01	0.018861204921563672	0.01859864170893141	0.0025081725498541222	0.0013436316561588938	0.015142404485933743	1.2182348368911247	1.580666046918437	1.292183036042925	0.41809804424735497	0.28100803913552297	40.125303150137945	0.029908138856204258
4.59154195918192	0.01	0.007	0.007	0.007	0.01	0.018652028680124184	0.018392379241653923	0.0024642992071773322	0.0013197048382391568	0.015005258072852787	1.2235092254574722	1.5844473190168284	1.292422507326241	0.4174963898472054	0.2841233772513458	39.68185919462167	0.029850970244625807
4.64748592559129	0.01	0.007	0.007	0.007	0.01	0.018442425440126982	0.018185695698133927	0.00242102505299666	0.0012961242680282006	0.014865835682583843	1.2287309656832925	1.588094811522465	1.2926240491279497	0.41687268823596607	0.28721134591388386	39.23748861409706	0.029793149161986374
4.7041862637902705	0.01	0.007	0.007	0.007	0.01	0.018232393460352343	0.01797858936102062	0.0023783335335698314	0.0012728799477828053	0.014724200065699408	1.233899653677765	1.5916067905663982	1.2927875401078528	0.41622676521473934	0.29027126845692286	38.79218739425259	0.029734660608196226
4.76166258263701	0.01	0.007	0.007	0.007	0.01	0.018021930076501557	0.01777105760273354	0.0023362084251169367	0.0012499621104187883	0.014580410978364136	1.2390149023097856	1.5949814904998176	1.292912837781001	0.41555843044434704	0.2933024881014885	38.345949556269716	0.029675488789765465
4.819935559892732	0.01	0.007	0.007	0.007	0.01	0.017811031495237693	0.017563096682371514	0.0022946337880205793	0.0012273611921139178	0.014434525079682613	1.2440763445606862	1.5982171117467778	1.2929997772854103	0.4148674759399668	0.2963043695094772	37.89876671937055	0.029615617022202584
4.8790270616875615	0.01	0.007	0.007	0.007	0.01	0.017599692576474563	0.01735470153103308	0.0022535939220644707	0.0012050678056898583	0.014286595813368745	1.2490836367525784	1.6013118177464836	1.293048169869817	0.41415367435868217	0.29927630025676344	37.45062763828475	0.029555027622968886
4.938960273851954	0.01	0.007	0.007	0.007	0.01	0.01738790660411573	0.017145865525747574	0.0022130733226864477	0.001183072714744379	0.01413667327401331	1.2540364616168247	1.6042637308799734	1.2930578010786002	0.4134167770653409	0.30221769219818156	37.00151771604721	0.029493701794302676
4.999759874710674	0.01	0.007	0.007	0.007	0.01	0.017175664946230126	0.016936580154383003	0.0021730566196472333	0.0011613667984343007	0.013984803986870499	1.2589345334412314	1.6070709285474867	1.293028428586496	0.41265651160042643	0.30512798404796954	36.55141828212745	0.02943161946598736
5.061452207406223	0.01	0.007	0.007	0.007	0.01	0.016962956760954894	0.016726834725643496	0.0021335285287400326	0.0011399410235386899	0.013831030709888954	1.2637776015149738	1.6097314368825584	1.2929597795932608	0.4118725790440736	0.3080066429237753	36.10030596726672	0.029368759141474153
5.124065514832205	0.01	0.007	0.007	0.007	0.01	0.01674976853477748	0.016516615913780702	0.002094473776480005	0.0011187864020624605	0.013675392104929315	1.2685654567189115	1.6122432246926492	1.2928515476938425	0.41106465047688495	0.3108531677245455	35.64815172254009	0.029305097683413165
5.187630183144982	0.01	0.007	0.007	0.007	0.01	0.016536083652826328	0.016305907334867434	0.0020558770362377045	0.0010978939552515952	0.01351792241897459	1.2732979364951822	1.6146041945488687	1.2927033891444715	0.41023236318736134	0.3136670914999835	35.19491990592939	0.02924061009446486
5.252179059853187	0.01	0.007	0.007	0.007	0.01	0.0163218817865558	0.0160946889430086	0.0020177228367790206	0.0010772546628666875	0.013358651018066423	1.277974932903325	1.6168121732064005	1.2925149183327929	0.40937531575958874	0.3164479855957204	34.74056698117359	0.029175269226979092
5.3177478273200265	0.01	0.007	0.007	0.007	0.01	0.01610713818426664	0.01588293633074031	0.001979995460765385	0.0010568594072558185	0.013197601831591861	1.2825964015195546	1.6188648994828225	1.2922857022816228	0.4084930622364063	0.31919546422389283	34.2850400099762	0.029109045442280483
5.384375464293451	0.01	0.007	0.007	0.007	0.01	0.015891822777303218	0.015670619847672443	0.0019426788191796967	0.0010366989046547935	0.013034792638553899	1.2871623727757462	1.620760009636063	1.292015253900433	0.4075851048808312	0.3219091903855716	33.82827475256032	0.029041906187908004
5.452104777411031	0.01	0.007	0.007	0.007	0.01	0.01567589918685435	0.01545770362111845	0.001905756318365265	0.0010167636327609686	0.012870234255406312	1.2916729635392312	1.622495018383056	1.2917030238193348	0.40665088572698693	0.3245888818089708	33.37019355656044	0.02897381551272655
5.520983145161584	0.01	0.007	0.007	0.007	0.01	0.01545932320913471	0.015244144062369588	0.001869210649608841	0.0009970437167806806	0.012703929298680377	1.2961283972913336	1.624067297635864	1.2913483898737013	0.40568977489501185	0.3272343218309144	32.91070213830156	0.028904733378780693
5.591063346931143	0.01	0.007	0.007	0.007	0.01	0.015242041238017867	0.015029888311290804	0.0018330235842880676	0.0009775288188602713	0.012535870861605018	1.300529022463528	1.6254740469374032	1.2909506443328487	0.4047010573087312	0.32984536896312305	32.44968623002072	0.028834614901318716
5.662404738537685	0.01	0.007	0.007	0.007	0.01	0.015023987860731187	0.014814871865494081	0.0017971756492959764	0.0009582079633537183	0.012366040509240617	1.3048753438278986	1.6267122587707818	1.2905089770422637	0.4036839140646673	0.33242197391703826	31.98700647091836	0.02876340925862315
5.735074694029887	0.01	0.007	0.007	0.007	0.01	0.014805082977203664	0.01459901573979706	0.0017616457499807913	0.0009390693343625191	0.012194405842480478	1.3091680581593867	1.6277786718683835	1.2900224539957104	0.4026373993614661	0.33496419876334194	31.522492285184754	0.028691058358411282
5.809150610396517	0.01	0.007	0.007	0.007	0.01	0.014585227657462684	0.014382222381303518	0.0017264106202521865	0.0009200999808429238	0.0120209169987612	1.3134081079627333	1.6286697117116533	1.289489988461286	0.40156040853199026	0.3374722462520614	31.055933079234407	0.02861749497266972
5.884722578517008	0.01	0.007	0.007	0.007	0.01	0.01436429862109722	0.014164370225737587	0.0016914440968516951	0.0009012854279722552	0.011845501961915618	1.3175967523514824	1.6293814099283337	1.2889103022441415	0.4004516352978549	0.339946498512586	30.587066510651955	0.02854264025068983
5.961897207626004	0.01	0.007	0.007	0.007	0.01	0.014142140169009967	0.01394530574154486	0.0016567160516034478	0.0008826091057147963	0.011668059709174762	1.321735673185223	1.6299092948178688	1.2882818712061377	0.39930951063771264	0.34238757548484566	30.11556134448904	0.02846640014448595
6.040803193410805	0.01	0.007	0.007	0.007	0.01	0.013918552293325956	0.013724831705370668	0.0016221908159684618	0.0008640515061481406	0.011488450101095513	1.3258271331610487	1.6302482362378965	1.2876028466201372	0.3981321137467973	0.3447964223454578	29.6409921896238	0.0283886601914865
6.121599739342534	0.01	0.007	0.007	0.007	0.01	0.013693272486057093	0.013502689264043084	0.001587824766225536	0.0008455888922727487	0.011306478406618031	1.3298742202179825	1.6303922174520842	1.286870937248682	0.39691703734321787	0.34717444520449453	29.16280084774446	0.0283092776052112
6.204490220542227	0.01	0.007	0.007	0.007	0.01	0.013465945724798655	0.013278528338234948	0.001553562315078098	0.0008271911548601497	0.01112186980371487	1.3338812583368114	1.6303339832925003	1.286083221033122	0.395661169384185	0.34952374043543527	28.680232545772746	0.028228068401941007
6.289745615395606	0.01	0.007	0.007	0.007	0.01	0.013236072351850649	0.013051856227412992	0.0015193289255583094	0.0008088180774077881	0.010934225130935242	1.3378545298348454	1.6300644593927014	1.2852358258188585	0.3943603189340792	0.3518474994369945	28.192225205686093	0.02814478527095891
6.37774884516597	0.01	0.007	0.007	0.007	0.01	0.013002908031242866	0.012821938960087662	0.0014850176301741689	0.0007904121281186752	0.010742936082942033	1.341803683016242	1.6295717062107875	1.284323333886851	0.3930085090450082	0.3541508007243323	27.697196914722785	0.028059075586883243
6.469090138742288	0.01	0.007	0.007	0.007	0.01	0.012765245645893054	0.012587586228442771	0.0014504594857504844	0.00077188266046892	0.010547000634145149	1.3457448456608252	1.6288387817093795	1.2833375196848784	0.39159645793180653	0.3564423684780566	27.19258261258477	0.02797039087656358
6.564818136557629	0.01	0.007	0.007	0.007	0.01	0.012520833169693586	0.012346577368023678	0.0014153442622721335	0.0007530634936072232	0.010344531350262849	1.3497090589309904	1.6278384252716878	1.282264077611329	0.3901075864129915	0.35873935337342766	26.67359754457859	0.02787774784656881
6.6673657112362035	0.01	0.007	0.007	0.007	0.01	0.01226420185796742	0.01209351979885862	0.0013789230204695503	0.0007335538082657357	0.010130924420538572	1.353774150886511	1.6265144915032328	1.2810707284007894	0.38850332116252345	0.3610854551031693	26.128624132667014	0.02777884540213058
6.788767811303327	0.01	0.007	0.007	0.007	0.01	0.011967181706299766	0.01180063595898226	0.001337326401512983	0.0007112833238844936	0.009882468554154466	1.3583541282897738	1.6246258438805525	1.2796030939799912	0.3865928673811152	0.363715901875151	25.49782657812856	0.02766221211006515
6.890314143674535	0.01	0.007	0.007	0.007	0.01	0.011724276297246376	0.011561112785224032	0.0013037382432505896	0.0006933092925634269	0.009678326876250185	1.361999698373491	1.6227916141014869	1.2783323651174907	0.3849865204965422	0.3657987196656366	24.98191016061569	0.027565030827465947
6.979438064774556	0.01	0.007	0.007	0.007	0.01	0.011515154862031036	0.011354903228289174	0.0012751223611932227	0.0006780021375099854	0.009501894102819737	1.365065907678437	1.6209997712857964	1.2771864543012492	0.3835710834510306	0.3675420941789974	24.537715699981575	0.027480019326984913
7.065360688511764	0.01	0.007	0.007	0.007	0.01	0.011317079632646497	0.011159586091989061	0.0012482680983790036	0.0006636422896082722	0.009334234777679522	1.3679082321595697	1.6191179939243039	1.2760558844140462	0.3822020313254289	0.369150563433316	24.11695575049174	0.027398309637949782
7.15128635332267	0.01	0.007	0.007	0.007	0.01	0.01112240705419896	0.010967624213508088	0.0012221066442066558	0.0006496574772131832	0.009168959400749835	1.3706428354074829	1.6170907248028017	1.2749010660265292	0.380828992914615	0.370690490372007	23.70339626269227	0.027316840027212366
7.237249008362523	0.01	0.007	0.007	0.007	0.01	0.010931003806157111	0.010778886113514815	0.0011966032094042763	0.000636028686613972	0.009005992320543096	1.3732743991151803	1.614922840723106	1.2737226018617376	0.37945183493959134	0.37216470502420157	23.29675505496371	0.027235577752966426
7.322782099569283	0.01	0.007	0.007	0.007	0.01	0.010743828509319337	0.010594317061787026	0.0011718681661681868	0.000622814483540173	0.008846188651086665	1.375792873896004	1.6126325940661235	1.272528064935872	0.3780784448177997	0.3735678422447743	22.899069960740032	0.027154961485928997
7.407778638630849	0.01	0.007	0.007	0.007	0.01	0.010561004607850779	0.010414038785397765	0.0011478996695631167	0.0006100134608014743	0.008689695079720339	1.378200146309485	1.6102303571034897	1.2713202789225755	0.37671095783538006	0.3749013066741601	22.510604702352914	0.027075087309526867
7.492287636236272	0.01	0.007	0.007	0.007	0.01	0.010382315904446828	0.010237838099422497	0.0011246523574130576	0.0005976010017250402	0.008536365314407048	1.3805025029068283	1.6077220103577539	1.2700998217637547	0.37534897602151013	0.37616894945801893	22.130901324101146	0.026995904219932764
7.576369768530072	0.01	0.007	0.007	0.007	0.01	0.010207532370553522	0.01006548817984653	0.0011020808593758733	0.0005855525308306459	0.008386037046844033	1.382706094734297	1.605112434383342	1.2688669822313303	0.37399187994702926	0.3773745166994896	21.759472354239147	0.026917350920123508
7.660078317572011	0.01	0.007	0.007	0.007	0.01	0.010036450300030326	0.009896788158322964	0.001080144847174415	0.0005738462051035832	0.008238566803902527	1.3848164401931524	1.6024061125338103	1.2676220433070808	0.3726391395501693	0.37852137620392473	21.395886135555198	0.026839373694599343
7.743459435119783	0.01	0.007	0.007	0.007	0.01	0.009868889993579169	0.009731560838944631	0.0010588084929788275	0.0005624626186770226	0.008093828522441093	1.3868384989556561	1.5996072175853853	1.2663652955188802	0.3712903141670968	0.3796125628275374	21.039761923444978	0.026761926052546382
7.826553715913598	0.01	0.007	0.007	0.007	0.01	0.009704691043212732	0.009569648048406468	0.0010380396627821854	0.0005513843672134903	0.007951709957499269	1.3887767678510796	1.5967196401757575	1.2650970278976066	0.3699450306185595	0.3806508349394894	20.69075988037814	0.02668496716730807
7.909395296189779	0.01	0.007	0.007	0.007	0.01	0.009543712792307408	0.009410911089669455	0.0010178098024183327	0.0005405959827216546	0.0078121134798997	1.3906353083526697	1.5937470881692748	1.2638175539991319	0.36860300069936086	0.3816386933207679	20.34858206784556	0.026608462625728347
7.9920142159460825	0.01	0.007	0.007	0.007	0.01	0.00938582851361711	0.00925522500105377	0.0009980930562565676	0.0005300834597963298	0.0076749513760520196	1.3924178433219947	1.590693062660946	1.2625271862889185	0.36726398531825183	0.3825784365936312	20.01296008390941	0.026532382164034366
8.074436622097606	0.01	0.007	0.007	0.007	0.01	0.009230924132089802	0.009102477296845808	0.0009788659894484422	0.0005198341044962833	0.0075401450130548634	1.394127793979447	1.5875608960892362	1.2612262412264839	0.36592779314193047	0.3834721837680143	19.683652357898985	0.02645669942252438
8.156685425171185	0.01	0.007	0.007	0.007	0.01	0.009078896203823026	0.008952565974401942	0.0009601072352561434	0.0005098363437477497	0.007407623316169323	1.3957683219040151	1.5843537668028593	1.2599150360362537	0.36459427156970825	0.3843218989962951	19.36043986241404	0.02638139128996812
8.238780755943143	0.01	0.007	0.007	0.007	0.01	0.008929650418959337	0.008805398037895335	0.0009417972243032638	0.000500079578842466	0.007277321663112869	1.397342361754414	1.5810747141387298	1.2585938873839189	0.3632633006851145	0.385129410952127	19.043122937601975	0.026306437441669318
8.320740367908929	0.01	0.007	0.007	0.007	0.01	0.008783100317545898	0.008660888232060598	0.0009239179534595505	0.000490554060398246	0.007149180933085766	1.398852648962437	1.5777266501397347	1.2572631099453562	0.3619347878748501	0.38589642918500816	18.73151856698485	0.026231819934666088
8.402579934013191	0.01	0.007	0.007	0.007	0.01	0.008639166289700021	0.008518958056285076	0.0009064528005369388	0.00048125078800921177	0.007023146778646889	1.4003017421911375	1.5743123710549625	1.255923015888297	0.36060866399202507	0.38662455743270174	18.425458256763054	0.02615752290565692
8.484313358945197	0.01	0.007	0.007	0.007	0.01	0.008497774624493543	0.008379534826739922	0.000889386353977422	0.0004721614181141592	0.006899168919305652	1.4016920434333862	1.5708345645496096	1.2545739134516318	0.35928487912931667	0.38731530542806336	18.12478601787683	0.026083532259944614
8.565952989236605	0.01	0.007	0.007	0.007	0.01	0.008358856804669614	0.008242550980920091	0.0008727042799954879	0.00046327819201044527	0.006777200632691653	1.4030258140532335	1.567295818091516	1.2532161066500618	0.3579633999361734	0.3879700983938818	17.829356870090788	0.026009835457721394
8.647509792850009	0.01	0.007	0.007	0.007	0.01	0.00822234890399756	0.008107943483393033	0.0008563932082846102	0.00045459387391453074	0.006657198321400998	1.4043051885699178	1.5636986262302541	1.2518498950514223	0.3566442073368476	0.3885902851977152	17.53903556378328	0.02593642133133456
8.728993562974864	0.01	0.007	0.007	0.007	0.01	0.00808819098902781	0.007975653235885574	0.0008404406236024294	0.0004461016922903853	0.006539121071394368	1.4055321872949695	1.5600453947134634	1.2504755727742751	0.3553272937803871	0.38917714573977324	17.25369531059353	0.025863279883876523
8.81041303329007	0.01	0.007	0.007	0.007	0.01	0.007956326708279497	0.007845624672193604	0.0008248347843135085	0.00043779529564789277	0.006422930364575846	1.406708726267285	1.5563384467159873	1.249093428648476	0.3540126618597401	0.38973189684957404	16.973216912266246	0.025790402170241724
8.89177599163611	0.01	0.007	0.007	0.007	0.01	0.00782670291263207	0.00771780538386097	0.0008095646483666305	0.0004296687123965267	0.006308589810212099	1.4078366261631778	1.552580027754489	1.2477037461516924	0.35270032290160414	0.39025569754994427	16.69748795553411	0.025717780181542523
8.973089413909861	0.01	0.007	0.007	0.007	0.01	0.007699269271105657	0.007592145741311133	0.0007946198020565075	0.00042171631226720703	0.006196064864647367	1.4089176205620024	1.5487723084066374	1.2463068027735786	0.3513902951853056	0.39074965387641325	16.426401996880134	0.025645406713434533
9.054359543051177	0.01	0.007	0.007	0.007	0.01	0.007573977998990402	0.00746859862576321	0.0007799904049136064	0.000413932776392132	0.006085322643430989	1.4099533626353047	1.544917388463752	1.2449028701194056	0.35008260301044325	0.3912148228363646	16.15985798600884	0.0255732752852633
9.135591951118045	0.01	0.007	0.007	0.007	0.01	0.007450783630020353	0.0073471192045793665	0.0007656671421412074	0.000406313071463561	0.0059763317668148725	1.410945430996775	1.5410173010262205	1.243492214148801	0.34877727600294317	0.3916522158854577	15.897759782804819	0.02550138007546118
9.216791638379563	0.01	0.007	0.007	0.007	0.01	0.007329642748884827	0.007227664667501501	0.0007516411745704907	0.0003988524226281828	0.005869062165297401	1.4118953354454882	1.5370740140579044	1.242075094632239	0.3474743477979327	0.3920628022574781	15.640015589716224	0.025429715825351227
9.29796307810935	0.01	0.007	0.007	0.007	0.01	0.007210513822429655	0.0071101940602038075	0.0007379041020063956	0.00039154629355485165	0.005763484968048974	1.412804521519785	1.5330894338420549	1.2406517654224283	0.3461738555726855	0.3924475116756125	15.386537593921396	0.02535827779223841
9.37911027175055	0.01	0.007	0.007	0.007	0.01	0.007093357026876464	0.006994668113918647	0.0007244479277125588	0.0003843903671506514	0.005659572384142042	1.4136743747732308	1.529065407384605	1.2392224744431188	0.34487583939139105	0.3928072368699943	15.137241600885817	0.025287061694152953
9.460236803760093	0.01	0.007	0.007	0.007	0.01	0.00697813408724643	0.006881049087096802	0.0007112650257663647	0.0003773805278417116	0.00555729759125957	1.4145062246636433	1.5250037243177996	1.2377874635888522	0.3435803415378025	0.39314283585688564	14.89204669375377	0.0252160636557582
9.541345874711734	0.01	0.007	0.007	0.007	0.01	0.006864808158003448	0.006769300647713335	0.0006983481144299995	0.00037051284708699455	0.005456634658017969	1.4153013478831147	1.5209061194419815	1.236346968926223	0.3422874061802325	0.39345513392050707	14.650874980335837	0.025145280174073324
9.622440355686969	0.01	0.007	0.007	0.007	0.01	0.006753343682246672	0.006659387734421116	0.0006856902282090149	0.0003637835682241763	0.0053575584446771945	1.4160609716177006	1.5167742738139631	1.2349012204466032	0.3409970786834069	0.39374492550514806	14.413651294348043	0.025074708066234633
9.70352279954352	0.01	0.007	0.007	0.007	0.01	0.006643706318750967	0.006551276484607892	0.0006732846986590146	0.00035718909599343846	0.005260044561770373	1.4167862761329046	1.5126098176758258	1.2334504425215758	0.3397094055959652	0.3940129757865743	14.18030304095075	0.02500434445546905
9.784595505758793	0.01	0.007	0.007	0.007	0.01	0.006535862802175581	0.0064449340965516974	0.0006611251285112721	0.00035072598253329553	0.005164069267331451	1.4174783976376228	1.5084143303553388	1.2319948533472151	0.3384244337754392	0.39426002229764906	13.950759899973962	0.024934186710974693
9.865660504635706	0.01	0.007	0.007	0.007	0.01	0.006429780918495179	0.006340328805194633	0.0006492053796561902	0.000344390920764413	0.005069609464674602	1.418138430225501	1.5041893440402359	1.23053466578085	0.337142210785107	0.3944867761638016	13.72495377430603	0.024864232458269814
9.946719621966746	0.01	0.007	0.007	0.007	0.01	0.006325429377498932	0.006237429756417533	0.0006375195502235924	0.00033818073199693094	0.004976642607053309	1.4187674283507228	1.4999363431769772	1.2290700866924689	0.33586278400599695	0.39469392349072946	13.5028185191397	0.024794479520203517
10.0	0.01	0.007	0.007	0.007	0.01	0.006257763548400203	0.006170705767389316	0.0006299627442866208	0.0003341651128765264	0.0049163272704714975	1.4191644764966524	1.4971261439814738	1.2281050765439965	0.3350233211778892	0.3948197290288155	13.358770272150615	0.024748737341529173
