0.0	0.01	0.007	0.007	0.007	0.01	0.0	0.0	0.0	0.0	0.0	0.0	0.0	0.0	0.0	0.0	100.0	0.035
0.006997805321265644	0.01	0.007	0.007	0.007	0.01	0.002682284881840441	0.005591749328339785	0.0035919112413514472	0.0013761089267121135	0.00011064535713285958	0.0001543100839569936	0.00032073105275292935	0.0002618890754898979	8.727577794022941e-5	3.2217279880021285e-6	99.89098837154218	0.03499151263844225
0.012123866874603668	0.01	0.007	0.007	0.007	0.01	0.004539988711687972	0.009279255093053274	0.0061045168458366515	0.0023574034611907016	0.00017256494383773328	0.0004557667316552411	0.0009348093431935691	0.0007756244936739045	0.00025984455323905604	9.009979272158758e-6	99.81121013384154	0.0349852967469838
0.019527817582364264	0.01	0.007	0.007	0.007	0.01	0.007072451085236911	0.014059743298914002	0.009564856520086758	0.0037358738706191816	0.00024053362989529987	0.001155406281946487	0.0023260339953256113	0.0019738881046215046	0.0006662620246109994	2.120107783509126e-5	99.69609297370903	0.03497632062332423
0.026819577380516484	0.01	0.007	0.007	0.007	0.01	0.009402521546710946	0.018204726233347263	0.012786700841303136	0.005049635199168431	0.0002888774830604963	0.002130865489733479	0.004214252751287063	0.003653895737589692	0.0012423465629668505	3.650821707307241e-5	99.58284993442929	0.034967482764377895
0.03535737714255902	0.01	0.007	0.007	0.007	0.01	0.011937925273025079	0.022435895743196255	0.016336597024243685	0.006534063252975046	0.0003287674575047652	0.003608267621713076	0.006994342149994666	0.006213426505351435	0.00213041457918444	5.737415787118886e-5	99.45041902065583	0.03495713750108615
0.04431694855132301	0.01	0.007	0.007	0.007	0.01	0.014391033854145214	0.026249411576308244	0.01981742361845531	0.008030898619861398	0.00035710864371795396	0.005517689540821354	0.010481370537135775	0.00954208153542439	0.0033001665200633776	8.162332084592825e-5	99.31163532751486	0.034946284467734276
0.05411621219320647	0.01	0.007	0.007	0.007	0.01	0.016849955208344203	0.029791311372243702	0.023353710345001458	0.009598204949998215	0.00037745520964640143	0.00799149076561517	0.014862299528518187	0.013882016129890632	0.004845969634782387	0.00010996419356692518	99.16006654913694	0.034934418144596184
0.06448010986544289	0.01	0.007	0.007	0.007	0.01	0.019217271654988304	0.03293150182950856	0.026803036703812313	0.01117802191082006	0.0003910510654020255	0.011006457442541456	0.02003644197547839	0.01920498151771023	0.0067690031999083754	0.00014125152269831335	99.00001606385072	0.034921872467593006
0.0755326775906867	0.01	0.007	0.007	0.007	0.01	0.02150142945929603	0.035705925362067015	0.030170534469377466	0.0127761368703746	0.00039985541155848625	0.014629579008022586	0.026060932107275527	0.025640985084110203	0.009128767506200902	0.00017551538745308747	98.82961503318549	0.03490849810799597
0.08718863369420532	0.01	0.007	0.007	0.007	0.01	0.023666971107739604	0.03809976099633105	0.03339306108765073	0.014365816041897479	0.00040520725621827797	0.018859620323187373	0.03287634521780905	0.033198304354567845	0.01194253291317598	0.0002122161066472492	98.65022911069208	0.034894399156514724
0.09949241313599695	0.01	0.007	0.007	0.007	0.01	0.025709094166558727	0.04014122160732871	0.03644813412787188	0.015938321636046384	0.0004082269744407764	0.02373064252232578	0.04048396548421252	0.04194523856860603	0.015251307240564747	0.00025127363750739723	98.46122638479449	0.03487952278089536
0.11243062075185498	0.01	0.007	0.007	0.007	0.01	0.027614952341342522	0.04185212416200648	0.039297106485398775	0.017475886808392793	0.0004097014964264019	0.029250480132877017	0.04884584465616581	0.051898963496429425	0.019078744954731698	0.0002924798847712871	98.26286856626669	0.034863886165670134
0.1260354270941838	0.01	0.007	0.007	0.007	0.01	0.029381494944383416	0.04326494929629682	0.041912043209607	0.018965247456033684	0.00041018555321679283	0.03544054332457415	0.05794892577074775	0.063094911575119	0.023457104117874564	0.00033581350184416135	98.05472201693507	0.034847451486057224
0.14032734801917415	0.01	0.007	0.007	0.007	0.01	0.031005480680872756	0.04441121654426149	0.044261336425425526	0.020390244519218437	0.0004100471655348867	0.042313969235766476	0.06777154542232816	0.07554543392991876	0.02841150848642759	0.0003812471260690031	97.83653782417518	0.03483019511227692
0.1553467729771738	0.01	0.007	0.007	0.007	0.01	0.03248734731370129	0.04532364998273783	0.046316144247276696	0.021735347546743767	0.0004095242167358229	0.049890289906007426	0.0783054450858963	0.08926397158571676	0.033969320301332956	0.00042883760232634055	97.60777053108015	0.034812069543209395
0.1711365894253315	0.01	0.007	0.007	0.007	0.01	0.033828494692582575	0.04603319058188413	0.048047308671419944	0.022983783627517098	0.000408766732789781	0.058188201410950095	0.08954503693705079	0.104249467232086	0.04015403059054766	0.0004786626215142484	97.367845829681	0.03479302442973924
0.1877518434611379	0.01	0.007	0.007	0.007	0.01	0.035031925708931336	0.04656891845134174	0.049427407635698965	0.02411858957163924	0.00040786945258894423	0.06723082700405461	0.10149456395059019	0.12049319028984823	0.046987993693695024	0.0005308453987355817	97.11601545584426	0.034772994953314734
0.20525404170215797	0.01	0.007	0.007	0.007	0.01	0.03610139569616102	0.04695725882062779	0.050430991566326286	0.02512239843496277	0.0004068961259988435	0.07704315361348953	0.11416424023269305	0.13797129840465325	0.05448932621758567	0.000585532633274966	96.85144642220679	0.03475190874702281
0.22371294485104912	0.01	0.007	0.007	0.007	0.01	0.037041385262459224	0.047221873759040536	0.05103621117372173	0.025978054375731585	0.0004058972340621702	0.08765307460944326	0.12757140305932682	0.15664397236661556	0.06267133379658431	0.000642898019137579	96.57319640881771	0.03472968378077892
0.24320207862306664	0.01	0.007	0.007	0.007	0.01	0.03785677991395396	0.047383565423689135	0.05122643653400869	0.02666905905393039	0.00040492392417844846	0.09908874689143266	0.14173697279781394	0.1764483497554638	0.07153903317885885	0.0007031279803688868	96.28028419394714	0.03470623381739699
0.26379460999049387	0.01	0.007	0.007	0.007	0.01	0.03855281446002511	0.047460396760563156	0.050992523618944095	0.027180413257225155	0.000404039654246829	0.11137580941386523	0.15668208786573906	0.19729228366200602	0.08108552213602428	0.0007664109103022104	95.97175368600399	0.03468147341349111
0.28555617791895055	0.01	0.007	0.007	0.007	0.01	0.03913507855910865	0.04746788976280834	0.050335405970405284	0.027499699384113806	0.00040333105569420125	0.12453261609822952	0.17242259338947197	0.21904661795411398	0.09128701386792162	0.000832919857081249	95.64678232938677	0.03465532656040909
0.3085402653364042	0.01	0.007	0.007	0.007	0.01	0.0396097203989839	0.04741926885313487	0.049268545644393244	0.02761845701834477	0.00040291863731666287	0.13856696588453452	0.18896555759765626	0.2415428889898986	0.10209960101323233	0.0009028064722917047	95.30474953715199	0.034627732236061366
0.3327904937949283	0.01	0.007	0.007	0.007	0.01	0.039983699951814104	0.04732564594085924	0.04781905700119095	0.02753343092149611	0.0004029680989217861	0.15347733770619143	0.20631094864727512	0.26458120372337063	0.11346039391488327	0.000976219745900246	94.94520088224185	0.034598641623786064
0.35835244717155423	0.01	0.007	0.007	0.007	0.01	0.04026487279658518	0.04719610079998506	0.04602642468769211	0.027247088435112667	0.00040370395317443906	0.16926043258004395	0.2244600595377688	0.28794906659018005	0.12529428110812796	0.0010533575092572327	94.56767217726029	0.034568003921380173
0.38528803937507394	0.01	0.007	0.007	0.007	0.01	0.040461721229141226	0.047037724678484855	0.043939171610789654	0.026767126977963244	0.00040542848048976353	0.185920572269682	0.24342529873998373	0.3114411711245264	0.137522235109479	0.001134530739427987	94.17148018858904	0.03453574917721615
0.41367714690252677	0.01	0.007	0.007	0.007	0.01	0.04058283540380623	0.0468557911863966	0.04161165018205433	0.02610557043340174	0.0004085482698213943	0.2034710968565177	0.2632304852927025	0.3348649730551866	0.15006332571496805	0.0012201980682514679	93.75570512459743	0.03450178645798368
0.44357909910639437	0.01	0.007	0.007	0.007	0.01	0.040636493108567165	0.046654276753934125	0.03910437558844917	0.025279010749763218	0.0004136026859516991	0.2219107075949296	0.28388335420352967	0.35801468432367556	0.16281947799792687	0.0013108917240263233	93.31975843351364	0.03446604999417497
0.4749010589563561	0.01	0.007	0.007	0.007	0.01	0.04063087170130693	0.04643708775424275	0.03649207163472226	0.024312545802886814	0.000421259015383998	0.24114322128349855	0.30528644352520135	0.380592268593745	0.17562709436000784	0.0014068666150002544	92.8652827516581	0.03442865614193308
0.5072153763567573	0.01	0.007	0.007	0.007	0.01	0.040575329671553334	0.04620964804232918	0.03387266977905729	0.02324626726252779	0.0004322081570202602	0.26086974067903407	0.3271200658223539	0.4021384987748429	0.18820653171035473	0.001507552117756055	92.3987276656669	0.03439012007778909
0.5399349191445264	0.01	0.007	0.007	0.007	0.01	0.040480880337353496	0.04597784426403382	0.031342223969360886	0.022128089834394404	0.0004470607481992523	0.2807036222763281	0.3489721882545793	0.42222776463287315	0.20026566894015474	0.0016120183616035015	91.9287101202494	0.034351144714841554
0.5726849647411342	0.01	0.007	0.007	0.007	0.01	0.040357961273521176	0.04574546197737586	0.028959529212778667	0.020996484794890614	0.00046640676568086674	0.3003997385898511	0.37058907885278103	0.44069804480441094	0.211646690073883	0.001720068213619275	91.46064864544898	0.034312177250823896
0.6052468575395987	0.01	0.007	0.007	0.007	0.01	0.04021508542700143	0.0455147138719116	0.026753772095934495	0.01987918642944852	0.0004908250888640696	0.31981706314863095	0.39183030174940114	0.45755100422941664	0.22228500314058675	0.0018320511803177099	90.99763893079344	0.034273477483432645
0.6374896796340344	0.01	0.007	0.007	0.007	0.01	0.040058754538704555	0.04528688686155871	0.024734956838125703	0.01879517922702525	0.0005208753356062523	0.33887417391376434	0.4126185266310657	0.4728687648509003	0.23216892861093935	0.0019486417340035228	90.54147583738099	0.03423519994026453
0.6693305810265915	0.01	0.007	0.007	0.007	0.01	0.03989379293295157	0.04506274542982196	0.022901397017595037	0.0177568373221034	0.0005570847153922222	0.35752307749421075	0.4329107606419788	0.48676797534841176	0.2413158242147961	0.0020707017634866566	90.09324318637285	0.03419744149677591
0.7007224214503943	0.01	0.007	0.007	0.007	0.01	0.039723687269349155	0.04484269710022111	0.02124419067513685	0.016771408261533376	0.0005999466654403529	0.3757400563398648	0.4526886127367062	0.49937942881213465	0.24976093105185151	0.0021992334138954323	89.65350442251646	0.034160256338622165
0.731639636832534	0.01	0.007	0.007	0.007	0.01	0.039550928763270564	0.04462693896678542	0.019750696768192445	0.01584250242168232	0.0006499131905675437	0.39351602472378355	0.47194811733543474	0.5108337104874234	0.25754826850626855	0.002335323597260131	89.2225121884441	0.03412367291859645
0.7620757428572866	0.01	0.007	0.007	0.007	0.01	0.03937725056350589	0.0444155028123096	0.01840646379462291	0.01497104538869222	0.0007073995978387963	0.4108540869503247	0.4906973744679955	0.5212560177209893	0.2647266078612483	0.0024801346146189627	88.80025056874958	0.03408769704987312
0.79203631190288	0.01	0.007	0.007	0.007	0.01	0.03920384043248128	0.04420832030174786	0.01719672873983466	0.014156187932349292	0.0007727823827197021	0.427764766785067	0.5089516131977836	0.5307617242750161	0.2713454918281181	0.002634877577841657	88.38653829561032	0.03405232031650629
0.8215364646580754	0.01	0.007	0.007	0.007	0.01	0.03903148588823011	0.044005249722192406	0.016107201075740474	0.013395904128999256	0.00084640281359084	0.444264078507872	0.5267312895860734	0.5394553003777998	0.27745336221919015	0.002800805741920015	87.98106699833713	0.03401752310456766
0.8505973927751262	0.01	0.007	0.007	0.007	0.01	0.038860690527054126	0.04380610542033159	0.015124557619969165	0.012687471231748435	0.0009285673087540478	0.460371221711015	0.5440597375068147	0.5474298292075442	0.2830961093302176	0.0029792032009007246	87.58345151633682	0.03398327875299606
0.8792446022529687	0.01	0.007	0.007	0.007	0.01	0.038691754254447944	0.0436106729446823	0.014236648584073894	0.012027786164306229	0.001019549836670678	0.47610738056946245	0.5609619810494664	0.5547675787690869	0.2883164527188783	0.003171381690844126	87.19325539035873	0.0339495556527803
0.9075061510803942	0.01	0.007	0.007	0.007	0.01	0.03852483408044495	0.04341872282614292	0.013432570462580753	0.011413594663221437	0.0011195927516966099	0.49149461248645265	0.5774636193395302	0.5615407802676643	0.2931536035977629	0.0033786765132864764	86.81001571097207	0.03391631933928184
0.9354116314278114	0.01	0.007	0.007	0.007	0.01	0.0383599863497927	0.04323001841831002	0.012702635950707877	0.010841637741497412	0.0012289082111306326	0.5065552152410725	0.5935902085536419	0.5678126558550958	0.2976432469464023	0.0036024459364430994	86.43325726517489	0.033883533697386316
0.9629913359723464	0.01	0.007	0.007	0.007	0.01	0.03819719763745485	0.04304432199086543	0.012038298201274505	0.010308748081284553	0.0013476789077112256	0.5213112388964949	0.609366786092751	0.5736384375714447	0.30181765238885744	0.0038440708698489388	86.0625038445399	0.0338511619435157
0.9902757364414744	0.01	0.007	0.007	0.007	0.01	0.03803640645348753	0.04286139840992144	0.011432049021702178	0.009811907409743125	0.0014760587760914053	0.5357841970004807	0.6248175986336345	0.5790663599525602	0.30570588510683677	0.004104955859315971	85.69728510160544	0.03381916723619175
1.0172951364351228	0.01	0.007	0.007	0.007	0.01	0.03787751866710934	0.042681017473509844	0.010877309535287578	0.009348278331137801	0.001614173482102146	0.5499948899279175	0.639965942735096	0.5841385697653296	0.3093340581058526	0.004386530708775372	85.33714092891694	0.033787513079345834
1.0440794885957783	0.01	0.007	0.007	0.007	0.01	0.03772041821305862	0.04250295505096772	0.010368321862618353	0.008915218336046235	0.0017621209240434163	0.5639633265033972	0.6548341047011936	0.5888919454623336	0.3127256027263921	0.004690252986171016	84.9816235687377	0.03375616353146172
1.0706582889217613	0.01	0.007	0.007	0.007	0.01	0.03756497466744116	0.042326993661368655	0.009900048057096376	0.008510282862551087	0.0019199715532650118	0.5777086918334545	0.66944334524125	0.593358813942981	0.31590153263188087	0.005017610875675747	84.63029867119253	0.03372508332379036
1.0970605786106524	0.01	0.007	0.007	0.007	0.01	0.03741104827933107	0.04215292232067276	0.00946807756617723	0.008131220590486569	0.0020877688607658434	0.5912493732258407	0.6838139423904659	0.5975675798923578	0.31888069868548075	0.005370126998475976	84.28274493206432	0.03369423785275035
1.1233149839319962	0.01	0.007	0.007	0.007	0.01	0.03725849341116196	0.04198053614135254	0.009068545039528225	0.00777596466977257	0.0022655298139349967	0.6046030049941592	0.6979652515250513	0.6015432665261539	0.32168002273739865	0.005749362728221817	83.93855325960102	0.03366359312839746
1.1494498268245876	0.01	0.007	0.007	0.007	0.01	0.037107160586146	0.04180963548217747	0.008698057563439643	0.007442621125529128	0.002453245570430879	0.6177865470321443	0.7119157987048994	0.605307984848828	0.3243147134891915	0.0061569237056882595	83.59732505682068	0.03363311564111172
1.1754932703824015	0.01	0.007	0.007	0.007	0.01	0.03695689763199742	0.04164002489601488	0.008353631226006882	0.007129456179146099	0.002650882375135713	0.6308163770413828	0.725683386234791	0.6088813361046331	0.326798460557364	0.0065944664511808195	83.25867010859388	0.033602772188731825
1.2014737914847122	0.01	0.007	0.007	0.007	0.01	0.036807548444941864	0.04147150999081917	0.008032632565618206	0.006834880028061444	0.002858385109464536	0.6437085397932306	0.7392853618098819	0.612280794739811	0.32914363379569417	0.007063711854471477	82.92220030680218	0.03357252932431598
1.2274196357501097	0.01	0.007	0.007	0.007	0.01	0.03665895725163915	0.041303900933609465	0.007732740541703745	0.0065574428395702294	0.0030756728211111836	0.6564784850378922	0.7527383461509968	0.6155219044627391	0.3313613680552614	0.007566441682783831	82.58753664219755	0.0335423539902419
1.2533597376123387	0.01	0.007	0.007	0.007	0.01	0.03651096417877899	0.04113700646924806	0.007451896547209658	0.006295814409618828	0.003302645665827737	0.6691415298534462	0.7660587238946387	0.6186186261396659	0.3334617644904155	0.008104521808790462	82.25429725911802	0.03351221244755143
1.2793236366146794	0.01	0.007	0.007	0.007	0.01	0.036363406431617964	0.04097063451007635	0.007188273323356509	0.006048776632456307	0.0035391841146782226	0.6817128138180306	0.7792625972277425	0.6215835118013572	0.33545398006197724	0.008679909725480685	81.92209863096171	0.03348207037617979
1.3053420199360175	0.01	0.007	0.007	0.007	0.01	0.03621611577305807	0.040804588731543606	0.0069402418320004804	0.005815210400343886	0.0037851534520494143	0.6942075547653337	0.7923660544125355	0.624427923367511	0.3373463539567915	0.009294676419265811	81.59054876134981	0.03345189224896934
1.3314470270663796	0.01	0.007	0.007	0.007	0.01	0.03606891730302957	0.04063866676891621	0.006706345597417298	0.005594086382725238	0.004040406377055154	0.706641177920965	0.8053853028686879	0.6271621909877064	0.33914649725519275	0.009951026689648446	81.25924358234148	0.03342164098495742
1.3576728200015042	0.01	0.007	0.007	0.007	0.01	0.03592162671022972	0.04047265679267559	0.006485276631458404	0.005384454762000071	0.004304788123751347	0.719029561819463	0.818336922468395	0.6297957733779006	0.3408613867595396	0.01065132945243479	80.92776011531497	0.03339127729772655
1.3840561764722057	0.01	0.007	0.007	0.007	0.01	0.03577404741492161	0.040306334037688595	0.006275855121975476	0.005185436425343751	0.004578141883486023	0.7313892805388167	0.8312381119820994	0.6323373935119165	0.34249744389224446	0.011398154033978288	80.59564953934682	0.03336075902122444
1.4106373340079772	0.01	0.007	0.007	0.007	0.01	0.03562596635879185	0.04013945586554563	0.006077010638073581	0.004996213878209411	0.004860316686267273	0.7437379468662628	0.8441070374986505	0.6347951738298865	0.344060613560916	0.012194319965537444	80.26242733033956	0.03333004015023387
1.437461059689118	0.01	0.007	0.007	0.007	0.01	0.035477148637080194	0.039971755566568415	0.005887765191182814	0.0048160225194697585	0.005151177464649592	0.7560946377009206	0.8569632619672368	0.637176765904543	0.345556438445307	0.013042962614334025	79.92756088302919	0.03329906962660166
1.4645781489421208	0.01	0.007	0.007	0.007	0.01	0.03532732990327762	0.03980293368576663	0.005707216848737654	0.004644141316963649	0.005450619292572416	0.7684804874535138	0.8698283435247685	0.6394894898067445	0.3469901371334968	0.013947624623579903	79.5904521880844	0.03326778963880155
1.4920475097973454	0.01	0.007	0.007	0.007	0.01	0.035176205773628046	0.039632645994356876	0.005534523433244948	0.004479882684945044	0.005758587267769711	0.7809195072339974	0.8827266598923618	0.6417404895240075	0.3483666882267137	0.014912384425837841	79.25041380995536	0.03323613325844048
1.5199392758541785	0.01	0.007	0.007	0.007	0.01	0.035023415925164836	0.0394604855024037	0.005368884465282858	0.004322580048394379	0.006075106478055226	0.7934398100961071	0.8956866416156778	0.6439369298443011	0.3496909334678125	0.015942046452921577	78.90663296428568	0.033204020908983466
1.5483395525379493	0.01	0.007	0.007	0.007	0.01	0.034868519797666045	0.03928595502710706	0.005209519578986979	0.004171571669171478	0.00640032800244097	0.8060754785714837	0.9087426514656517	0.6460862624172293	0.350967712329839	0.017042430940334072	78.5581167339874	0.03317135498107337
1.5773582506854391	0.01	0.007	0.007	0.007	0.01	0.03471095634621969	0.03910842180300453	0.005055638381400289	0.004026176298467734	0.006734605777048717	0.8188696613020253	0.9219381038868917	0.6481966370312067	0.3522020660243156	0.018220846305001034	78.20360142157418	0.033138010939933536
1.6071428396174734	0.01	0.007	0.007	0.007	0.01	0.034549973190494236	0.038927037621118286	0.004906392854921833	0.003885652774713098	0.007078633259360562	0.8318800315384234	0.9353309685720468	0.6502775981287576	0.35339957860759363	0.019486910548368385	77.84139306015076	0.03310382170512773
1.6379052020294196	0.01	0.007	0.007	0.007	0.01	0.03438448783441129	0.03874058243987197	0.004760788721292594	0.00374912238572531	0.007433714430056387	0.8451895056078863	0.9490045910286857	0.6523414339501834	0.3545670368773363	0.02085413314411915	77.46905509249605	0.03306854712974547
1.6699820638716643	0.01	0.007	0.007	0.007	0.01	0.0342127744140153	0.03854711142633397	0.004617488209648276	0.003615393096124211	0.007802383716538917	0.8589305038831502	0.9630922168642825	0.6544062322381329	0.3557139321890094	0.022343422506702515	77.08270348923119	0.03303180527520664
1.7040092690727018	0.01	0.007	0.007	0.007	0.01	0.03403155706715742	0.03834293344914809	0.004474231960925603	0.0034824391209708682	0.008190227665962328	0.8733554134818389	0.9778483319067338	0.6565048627332885	0.3568569240265969	0.023993010952733918	76.67496674503376	0.032992874056412935
1.7417068163963128	0.01	0.007	0.007	0.007	0.01	0.03383191288044396	0.03811799495912212	0.0043251741455728465	0.003344988631498952	0.008614232859924792	0.8891560196227122	0.9939725287568003	0.6587262675529265	0.35804058383778603	0.025902375206855538	76.2257672961715	0.032949797097277356
1.7913418962662564	0.01	0.007	0.007	0.007	0.01	0.033570833121268996	0.03782383836362438	0.004142928618168416	0.003178333407333353	0.009160354436078036	0.9096747926357718	1.0148488662886064	0.6614963622064557	0.35947666350291446	0.028543158434249292	75.63833275617742	0.03289316489541126
1.8250110268123234	0.01	0.007	0.007	0.007	0.01	0.033394881908204006	0.037625595978788014	0.0040275370418900065	0.0030736999770954038	0.009521241541334626	0.9234110342582812	1.0287839638419352	0.6632819254916527	0.3603774984740096	0.030413279580699313	75.24243541041376	0.032854804800919304
1.8634352692466338	0.01	0.007	0.007	0.007	0.01	0.033195207692542195	0.03740062548860815	0.0039032414617695883	0.0029618368792314683	0.009922082606572853	0.938909442491284	1.044466776438583	0.6652333417187829	0.36133847485364295	0.03262178737736115	74.7931564200196	0.03281108174268754
1.8972657092659642	0.01	0.007	0.007	0.007	0.01	0.03302039430658439	0.0372036656146637	0.003799824610832857	0.002869479026281225	0.010264318296345578	0.9523997553105616	1.0580823799678019	0.6668794960520293	0.3621290826386843	0.03462885379827617	74.3998121803452	0.03277263415588133
1.931903835115574	0.01	0.007	0.007	0.007	0.01	0.032842361438273945	0.03700307854943951	0.0036993311405455974	0.0027803927515252127	0.010603527791398521	0.9660632401880556	1.0718386357200276	0.6684989414056003	0.3628880861056914	0.036741554971696073	73.99922024767899	0.03273331532921729
1.9647146819725188	0.01	0.007	0.007	0.007	0.01	0.03267460607498111	0.036814071106590504	0.00360881276925796	0.0027007352724648746	0.010913806561511582	0.9788684366743495	1.084698967829672	0.6699744738115663	0.3635626713871443	0.03879389743894086	73.62175032825293	0.03269611421081737
1.9973568160932063	0.01	0.007	0.007	0.007	0.01	0.03250856392250609	0.036626993986660486	0.003522960430503945	0.00262571962701293	0.011211376343924244	0.9914764239237253	1.0973305716121724	0.6713887229820429	0.36419335139272035	0.040882314778728536	73.24813201640275	0.03265914633312698
2.0291093600803656	0.01	0.007	0.007	0.007	0.01	0.03234785684831746	0.03644592786838345	0.0034432031109545972	0.0025565141815201077	0.011489877180733047	1.003616352181571	1.109463923185022	0.6727154354908665	0.3647702192395095	0.04295589571213582	72.88651518696989	0.03262322603929492
2.0605317959554927	0.01	0.007	0.007	0.007	0.01	0.03218960298564035	0.036267625781080316	0.00336768830566873	0.0024914336773990847	0.011754615381016468	1.0155104380763011	1.121323137582988	0.6739829302531961	0.36530737834048876	0.04504632049708565	72.53041536820773	0.03258771807591337
2.09145549854481	0.01	0.007	0.007	0.007	0.01	0.03203461713866744	0.036093005740113364	0.0032964830366185756	0.0024304732024299476	0.01200445598161519	1.0271006837538579	1.1328518256363567	0.6751881042782986	0.36580491055653513	0.04713852367527232	72.18166615526644	0.03255281142359169
2.122096308802365	0.01	0.007	0.007	0.007	0.01	0.031881785461941876	0.03592081278562222	0.0032287909173848097	0.002372894132539991	0.012241473162455342	1.0384734064580092	1.1441371958974524	0.6763426984481197	0.3662689411997121	0.049243541508038474	71.83776130664445	0.03251826097913065
2.152440552226439	0.01	0.007	0.007	0.007	0.01	0.03173115192800049	0.03575109645491845	0.003164398060561137	0.0023184660289957354	0.012465844529512656	1.0496277178573026	1.1551794255427854	0.6774488996796391	0.36670142249794646	0.051357373605079054	71.49879987611226	0.03248408108225444
2.1825885305318447	0.01	0.007	0.007	0.007	0.01	0.0315821978240047	0.035583272318529556	0.0031028795628641847	0.002266786419923366	0.012678597686387029	1.0606041235045989	1.1660195436200829	0.6785127277732514	0.3671056687979298	0.05348421928470023	71.1636147302944	0.032450157838036744
2.2125652119764037	0.01	0.007	0.007	0.007	0.01	0.03143478365721594	0.03541718320921403	0.0030440049679920644	0.002217623665402346	0.012880170634107917	1.0714146200810328	1.1766701540469253	0.6795370577394093	0.3674836085921607	0.05562334991772445	70.83189205171777	0.032416462466124535
2.2424275729156915	0.01	0.007	0.007	0.007	0.01	0.031288616134787894	0.03525249867650575	0.0029875061399637242	0.002170719814947547	0.013071200468564555	1.0820821867591333	1.1871545390363039	0.6805255733651523	0.36783734885899405	0.057776550088008555	70.50297191634775	0.03238293038501246
2.272206214416077	0.01	0.007	0.007	0.007	0.01	0.03114353550911692	0.03508903873375359	0.002933189966156917	0.0021258841621123337	0.013252122030039082	1.0926197018282353	1.1974858808896516	0.681480784317405	0.36816845162340045	0.059943937971462274	70.17649489899877	0.03234952685183734
2.3019395836721666	0.01	0.007	0.007	0.007	0.01	0.030999346939609658	0.03492658385604333	0.0028808676965339183	0.002082933525408055	0.01342339885569514	1.1030423424686553	1.207679493462642	0.6824052323657285	0.36847839512501535	0.06212637521578244	69.85202259195047	0.032316208479586314
2.3316551001927586	0.01	0.007	0.007	0.007	0.01	0.030855912213885138	0.03476497832084404	0.002830386846341951	0.0020417180231010997	0.013585408584549458	1.1133609455013656	1.2177463232326	0.6833009124865552	0.3687683855106695	0.06432406987191407	69.52924400738209	0.03228294439794604
2.3613810849414327	0.01	0.007	0.007	0.007	0.01	0.03071309128804471	0.034604064342312876	0.002781606932614952	0.0020021005279129847	0.013738517703553261	1.1235862836119883	1.2276971561585357	0.6841696840606072	0.36903951192789136	0.0665374206016211	69.20784402597775	0.03224970285583177
2.3911408223041173	0.01	0.007	0.007	0.007	0.01	0.030570770689043757	0.0344437140717175	0.0027344076130519875	0.0019639628879397275	0.01388305077868416	1.1337270455136594	1.2375406583115687	0.6850131140338773	0.36929270602994857	0.06876655883209927	68.88756731332784	0.03221645785624545
2.4209565665673263	0.01	0.007	0.007	0.007	0.01	0.03042884390542817	0.03428380750395894	0.0026886801367201054	0.001927198579679666	0.01401931438885754	1.1437912701966124	1.2472847865002166	0.6858326182204515	0.36952879704019426	0.07101162828132761	68.56817419331547	0.03218318465840075
2.4508478480341815	0.01	0.007	0.007	0.007	0.01	0.030287219264199007	0.034124241352272704	0.002644328609801235	0.0018917134194336449	0.014147590607125855	1.1537858053859527	1.2569362722075745	0.6866294301280389	0.36974851040586015	0.07327264444082533	68.24945837507823	0.03214986165928069
2.4808329012638533	0.01	0.007	0.007	0.007	0.01	0.030145812898530647	0.03396492112504918	0.002601266519011688	0.0018574224917097635	0.014268145541103429	1.1637168262599822	1.266501133727034	0.6874046560127128	0.36995249120181556	0.0755495899725341	67.93123112850363	0.0321164687884502
2.5109282634694368	0.01	0.007	0.007	0.007	0.01	0.03000455047760255	0.033805763074788844	0.002559416315267401	0.0018242495891447933	0.01438122896996386	1.1735897286124293	1.275984580516901	0.6881592764468709	0.37014131063183847	0.07784237471530467	67.61332517784156	0.03208298794749026
2.541149332318524	0.01	0.007	0.007	0.007	0.01	0.029863364414550057	0.03364669105233341	0.0025187077318513224	0.00179212567558334	0.014487077900495363	1.1834093390624645	1.285391222698286	0.6888941716233308	0.37031547814870575	0.08015086980607321	67.29558841905961	0.03204940238104234
2.571510342766487	0.01	0.007	0.007	0.007	0.01	0.029722193845327385	0.033487636483041386	0.0024790770913912874	0.0017609881692191005	0.014585917478988592	1.193179928108427	1.2947250893692586	0.6896101297053641	0.37047544815718864	0.08247489912665633	66.97788387285541	0.032015696696406165
2.602024625729506	0.01	0.007	0.007	0.007	0.01	0.029580983304929205	0.03332853687530124	0.0024404663340447386	0.001730780030096047	0.01467796277891803	1.202905312519052	1.3039897318683598	0.6903078608704111	0.3706216274321714	0.0848142532990044	66.6600867060378	0.03198185657060033
2.6327046726441585	0.01	0.007	0.007	0.007	0.01	0.02943968233088317	0.033169335373787565	0.0024028224071858915	0.0017014491548216282	0.014763419717183639	1.2125888915554868	1.3131882627896672	0.6909880053780727	0.37075438046758646	0.0871686897709953	66.34208333963007	0.03194786867417436
2.6635622740115643	0.01	0.007	0.007	0.007	0.01	0.029298244737850376	0.033009979942161115	0.002366096636830065	0.0016729477747625173	0.014842486077820783	1.2222337046995542	1.3223234148951069	0.6916511424142754	0.3708740344774635	0.08953793929220057	66.02376981673768	0.03191372051364531
2.694608588599575	0.01	0.007	0.007	0.007	0.01	0.02915662822673432	0.032850422922655304	0.002330244253470887	0.0016452319902472523	0.014915352207450994	1.2318424652229718	1.3313975764289392	0.6922977965134577	0.37098088343107954	0.09192170767869488	65.70505092317711	0.03187940035152305
2.7258542414006977	0.01	0.007	0.007	0.007	0.01	0.02901479387319465	0.032690620459790605	0.0022952239385854866	0.0016182613337330108	0.014982201690900084	1.2414176010536049	1.3404128328557512	0.6929284439105623	0.3710751916779368	0.09431968027994671	65.38583903665058	0.03184489709508273
2.757309376584613	0.01	0.007	0.007	0.007	0.01	0.028872705832273523	0.032530532167580214	0.0022609974712144774	0.0015919984215285207	0.01504321183220988	1.2509612801012828	1.3493709934547211	0.6935435173379714	0.37115719695387434	0.09673152340021349	65.06605346225345	0.03181020023544451
2.788983718982622	0.01	0.007	0.007	0.007	0.01	0.028730331012011515	0.03237012076179719	0.002227529403093159	0.0015664086368144213	0.015098554095611809	1.2604754370381444	1.3582736189426177	0.6941434105179775	0.3712271130510077	0.09915688671601229	64.7456196981567	0.03177529977762719
2.8208866341952743	0.01	0.007	0.007	0.007	0.01	0.028587638761520272	0.03220935170853	0.002194786769946059	0.001541459848634631	0.015148394481884354	1.2699617984489608	1.3671220472090913	0.6947284821776587	0.37128513214697667	0.10159540586867179	64.42446873379139	0.03174018617254963
2.8530271554219837	0.01	0.007	0.007	0.007	0.01	0.028444600714875826	0.032048193048298965	0.0021627388661690514	0.0015171221863190948	0.015192893803522928	1.2794218970636866	1.3759174085611245	0.6952990590734649	0.37133142678933234	0.10404670274658445	64.10253669870208	0.031704850286025
2.8854140384041704	0.01	0.007	0.007	0.007	0.01	0.02830119051444344	0.0318866150843304	0.0021313570144661344	0.0014933678160671813	0.01523220797066924	1.2888570935864252	1.3846606478235726	0.6958554392291254	0.37136615170269127	0.10651038811792905	63.77976424002059	0.03166928333708419
2.9180557871831048	0.01	0.007	0.007	0.007	0.01	0.028157383669807412	0.031724590223614735	0.0021006143866328154	0.0014701707617450132	0.015266488200053123	1.2982685891096608	1.3933525374375084	0.6963978943632035	0.37138944533671236	0.10898606219936	63.45609620511826	0.03163347686869142
2.950960677993617	0.01	0.007	0.007	0.007	0.01	0.02801315742827137	0.03156209283100107	0.002070485843013092	0.0014475067443234537	0.015295881204514052	1.3076574364955549	1.4019936894513616	0.6969266720754492	0.37140143125242864	0.11147331523407442	63.13148135028596	0.03159742272068398
2.9841367924012023	0.01	0.007	0.007	0.007	0.01	0.027868490608308545	0.031399099041548195	0.0020409477788450054	0.0014253530305620577	0.015320529372595242	1.3170245538930472	1.41058456932176	0.6974419979853507	0.3714022193638903	0.1139717288945302	62.80587196600964	0.03156111299277173
3.0175920356868526	0.01	0.007	0.007	0.007	0.01	0.02772336350123782	0.031235586649744372	0.00201197799805586	0.0014036883059420537	0.015340570916683983	1.3263707335389698	1.419125505217131	0.6979440774500878	0.3713919070375689	0.11648087667240929	62.47922365578942	0.031524540023896756
3.0513341623515875	0.01	0.007	0.007	0.007	0.01	0.02757775774465458	0.03107153496690397	0.0019835555924624217	0.001382492554800932	0.015356140013953738	1.3356966521717655	1.4276166986761814	0.698433097241324	0.371370580077898	0.1190003248964417	62.15149505137407	0.03148769636395706
3.08537078645374	0.01	0.007	0.007	0.007	0.01	0.02743165626416033	0.030906924755515104	0.00195566084443262	0.001361746960813835	0.01536736692782369	1.345002876855523	1.4360582309613337	0.698909226860472	0.3713383136169748	0.12152963269250548	61.82264768171032	0.0314505747622526
3.1197094058571726	0.01	0.007	0.007	0.007	0.01	0.02728504315715188	0.030741738098306794	0.0019282751267559286	0.001341433807877893	0.015374378128220725	1.3542898743564942	1.444450072554146	0.6993726199409112	0.3712951729090587	0.12406835305394945	61.49264571147195	0.03141316814086228
3.154357408785261	0.01	0.007	0.007	0.007	0.01	0.0271379036547528	0.03057595835535782	0.001901380825230182	0.0013215364001404354	0.015377296397858125	1.3635580153807392	1.4527920878935234	0.6998234152939515	0.37124121406085486	0.1266160326552084	61.16145585546393	0.031375469587446775
3.18932209212819	0.01	0.007	0.007	0.007	0.01	0.02699022403501172	0.03040957006629863	0.001874961258638436	0.0013020389820710616	0.015376240937013515	1.372807581790356	1.4610840427412852	0.7002617380282536	0.37117648468230885	0.12917221259381434	60.829047183330395	0.031337472335335875
3.2246106686103175	0.01	0.007	0.007	0.007	0.01	0.026841991585161946	0.03024255890778995	0.0018490006138175703	0.0012829266715143686	0.015371327461742749	1.3820387706037687	1.469325608577034	0.7006877004387624	0.37110102449108756	0.1317364283588347	60.49539103468605	0.03129916975584298
3.260230295554309	0.01	0.007	0.007	0.007	0.01	0.026693194474770546	0.030074911550601907	0.0018234838705603103	0.001264185386901134	0.015362668294491597	1.3912517034325087	1.4775163717769204	0.7011014030800552	0.3710148658142141	0.1343082114076302	60.16046073366273	0.031260555327238336
3.296188047177834	0.01	0.007	0.007	0.007	0.01	0.026543821866676597	0.02990661578460653	0.0017983967724498596	0.0012458018097066732	0.015350372462595872	1.400446421065686	1.4856558295063593	0.7015029351068026	0.3709180341702243	0.13688708669155408	59.82423183869286	0.03122162266505573
3.3324909485325875	0.01	0.007	0.007	0.007	0.01	0.026393863770002073	0.02973766035316738	0.001773725756712962	0.0012277633180623046	0.015334545785757644	1.409622894047687	1.4937433998488756	0.7018923753024342	0.3708105486773174	0.1394725746998335	59.486681811721525	0.031182365485559672
3.3691459864795092	0.01	0.007	0.007	0.007	0.01	0.026243310991818238	0.029568034898683124	0.0017494579058940194	0.001210057937688199	0.015315290959436836	1.4187810269698233	1.5017784262322422	0.7022697927560559	0.37069242245785283	0.14206419184321262	59.147789909473566	0.031142777594275424
3.406160093881744	0.01	0.007	0.007	0.007	0.01	0.02609215519927392	0.02939773003258641	0.0017255809204604399	0.001192674309180866	0.015292707652312732	1.427920656012888	1.5097601759147257	0.7026352472259072	0.3705636630997173	0.1446614489833058	58.80753732336767	0.031102852903482962
3.4435401829287944	0.01	0.007	0.007	0.007	0.01	0.025940388780435693	0.029226737178554774	0.0017020830618661644	0.0011756016347414884	0.01526689257725547	1.437041558702192	1.5176878491660308	0.7029887899724975	0.37042427293143815	0.14726385347061105	58.4659068663327	0.031062585396690944
3.481293134611545	0.01	0.007	0.007	0.007	0.01	0.02578800488617377	0.02905504861970296	0.0016789531276984744	0.0011588296492379107	0.015237939582995704	1.4461434525915062	1.525560578696875	0.7033304640987393	0.37027424940806225	0.1498709081037201	58.12288306715166	0.031021969140537106
3.5194258131098337	0.01	0.007	0.007	0.007	0.01	0.025634997370730446	0.028882657431622327	0.0016561804131779818	0.0011423485821579987	0.015205939730095113	1.4552260000502852	1.5333774344037703	0.7036603051066985	0.3701135853877608	0.1524821118661414	57.778452036738805	0.03098099826985642
3.557945065401144	0.01	0.007	0.007	0.007	0.01	0.02548136079295794	0.02870955748377566	0.0016337546843643565	0.0011261491288413429	0.015170981375528705	1.4642888093667767	1.5411374248862917	0.7039783412826209	0.36994226943982234	0.15509695965552725	57.432601470983386	0.03093966698872429
3.59685772340628	0.01	0.007	0.007	0.007	0.01	0.025327090407311896	0.02853574342934971	0.0016116661516086606	0.0011102224225796212	0.01513315025558658	1.473331436467583	1.548839499501239	0.7042845940860907	0.3697602861271289	0.1577149422230171	57.0853206305333	0.03089796956878608
3.636170616729118	0.01	0.007	0.007	0.007	0.01	0.025172182113367823	0.02836121064837626	0.0015899054389805491	0.0010945600044746655	0.015092529556955739	1.4823533890402594	1.556482552444175	0.704579078596435	0.3695676162196752	0.1603355468451715	56.73660022720807	0.030855900336282258
3.675890567423247	0.01	0.007	0.007	0.007	0.01	0.0250166324771831	0.02818595527180043	0.0015684635657734363	0.001079153802613768	0.015049200003544703	1.4913541264134655	1.5640654231956692	0.7048618037921153	0.3693642369734542	0.16295825680248913	56.38643247214285	0.030813453678385738
3.716024405939469	0.01	0.007	0.007	0.007	0.01	0.0248604386695499	0.02800997411191126	0.001547331917872989	0.00106399610450284	0.015003239920274202	1.500333064262094	1.5715869010442571	0.7051327729686375	0.3691501222904232	0.16558255228940696	56.034810936841836	0.03077062402691295
3.756578955323459	0.01	0.007	0.007	0.007	0.01	0.024703598528805118	0.027833264733108817	0.0015265022376827779	0.001049079543344368	0.01495472533044477	1.5092895720974138	1.5790457235258182	0.7053919839131937	0.3689252430278773	0.168207909249491	55.68173069462981	0.03072740587599648
3.797561061178886	0.01	0.007	0.007	0.007	0.01	0.024546110445829293	0.027655825322334276	0.0015059665912904325	0.0010343970684632768	0.014903729999410585	1.5182229809674652	1.5864405834076936	0.7056394293712321	0.36868956705094685	0.17083380122069225	55.32718806181761	0.030683793750956305
3.8389775650028772	0.01	0.007	0.007	0.007	0.01	0.02438797346879699	0.02747765480709069	0.0014857173662178524	0.0010199419380868477	0.014850325543647873	1.52713257856922	1.593770125160906	0.705875097128037	0.36844305958311213	0.17345969751906323	54.971180833572426	0.030639782237584186
3.8808353293031885	0.01	0.007	0.007	0.007	0.01	0.02422918720800093	0.027298752748209844	0.0014657472437561068	0.0010057076943312732	0.014794581476263818	1.536017615764582	1.6010329509197985	0.7060989704054667	0.36818568325807716	0.17608506478850508	54.613708069711684	0.030595365956287045
3.9231412329121245	0.01	0.007	0.007	0.007	0.01	0.024069751856155962	0.027119119362728514	0.0014460491876487048	0.0009916881502692553	0.014736565286834076	1.544877306495878	1.6082276209407371	0.70631102805491	0.3679173983270888	0.17870936663676984	54.254770140466285	0.030550539568026686
3.9659021545825874	0.01	0.007	0.007	0.007	0.01	0.0239096682515328	0.026938755595020406	0.0014266164384792975	0.0009778773813756433	0.014676342538366414	1.5537108254069096	1.6153526522641855	0.706511244699987	0.3676381629434545	0.18133206260193013	53.894368868673034	0.030505297792615522
4.009125013555412	0.01	0.007	0.007	0.007	0.01	0.023748937727274908	0.026757662947023843	0.0014074424827648004	0.0009642696993098438	0.014613976883378526	1.562517317299178	1.6224065269524388	0.706699591143546	0.3673479330717296	0.1839526106478814	53.53250719059694	0.030459635366725153
4.052816730441712	0.01	0.007	0.007	0.007	0.01	0.02358756225992285	0.026575843645581954	0.0013885210594320472	0.0009508596525828687	0.014549530189565221	1.5712958900306324	1.6293876869363335	0.7068760343808906	0.36704666290374616	0.18657046476614966	53.169189490366485	0.03041354708628253
4.096984262828848	0.01	0.007	0.007	0.007	0.01	0.023425544338654077	0.026393300495117202	0.00136984613323666	0.0009376420040140282	0.01448306255815535	1.5800456228050148	1.6362945412605217	0.7070405379489328	0.3667343047772177	0.18918507716535357	52.80442130564603	0.03036702776986086
4.141634571105466	0.01	0.007	0.007	0.007	0.01	0.023262887093014904	0.026210037021545275	0.0013514118994158496	0.0009246117305976289	0.014414632442630098	1.588765560359108	1.6431254620831546	0.7071930619755522	0.3664108095638083	0.19179589627519023	52.43820961527053	0.030320072295751357
4.186774651906765	0.01	0.007	0.007	0.007	0.01	0.023099594171462588	0.02602605733543022	0.0013332127599211287	0.0009117640034767099	0.014344296665345228	1.59745472067705	1.6498787914115574	0.7073335634873897	0.3660761265813306	0.19440236880169298	52.07056256585785	0.030272675567767235
4.232411515365502	0.01	0.007	0.007	0.007	0.01	0.022935669825901957	0.025841366227230732	0.001315243323969329	0.0008990941853514921	0.014272110517193097	1.6061120915901657	1.6565528390747328	0.7074619965024308	0.3657302038987358	0.19700393847502107	51.701489662199656	0.030224832540250948
4.278552185812162	0.01	0.007	0.007	0.007	0.01	0.022771118909162318	0.025655969164457594	0.0012974983988705696	0.0008865978212012857	0.01419812782111267	1.6147366321375904	1.663145884504932	0.7075783122148066	0.36537298847674515	0.1996000462295676	51.331001761650185	0.030176538218342683
4.3252037212714445	0.01	0.007	0.007	0.007	0.01	0.022605946806006035	0.025469872213942042	0.0012799729743969946	0.000874270624662798	0.014122400963013822	1.6233272773780498	1.66965618113283	0.7076824592129939	0.36500442615402157	0.20219013143876563	50.9591109188595	0.030127787638638062
4.372373186681109	0.01	0.007	0.007	0.007	0.01	0.022440159528942953	0.025283082149788683	0.0012626622253906743	0.0008621084774323006	0.01404498099525747	1.6318829345757564	1.6760819542021423	0.7077743835769945	0.3646244619881193	0.20477363056526288	50.58583060157021	0.030078575898295407
4.420067667137496	0.01	0.007	0.007	0.007	0.01	0.022273763670488753	0.025095606399585767	0.0012455614992045246	0.0008501074181473295	0.013965917674555347	1.6404024869523792	1.6824214044079038	0.7078540290784544	0.36423304028661796	0.20734997809822847	50.21117558319997	0.030028898142222326
4.468294262532555	0.01	0.007	0.007	0.007	0.01	0.02210676642138698	0.02490745306493565	0.0012286663106577053	0.0008382636367147845	0.013885259527985347	1.648884793998602	1.6886727089238684	0.7079213373311691	0.3638301047798142	0.20991860646594895	49.835161983944005	0.029978749569740296
4.517060081908194	0.01	0.007	0.007	0.007	0.01	0.021939175588665573	0.024718630941799106	0.0012119723371902579	0.0008265734689151556	0.01380305391813615	1.6573286918508976	1.6948340225338336	0.7079762479464616	0.3634155987976435	0.21247894597637307	49.45780731150928	0.029928125441494875
4.566372240821497	0.01	0.007	0.007	0.007	0.01	0.02177099960226843	0.02452914952796707	0.0011954754131149033	0.0008150333905035134	0.01371934710162717	1.665732994293714	1.7009034792704993	0.7080186986959996	0.36298946542218774	0.21503042495586983	49.07913047612842	0.029877021083195586
4.616237851916138	0.01	0.007	0.007	0.007	0.01	0.02160224754385116	0.024339019055504455	0.0011791715262958538	0.0008036400131301389	0.01363418429744887	1.674096492696565	1.7068791933313037	0.7080486256716054	0.3625516476993904	0.2175724695734957	48.699151855483784	0.029825431896355687
4.6666640285100085	0.01	0.007	0.007	0.007	0.01	0.02143292913021661	0.02414825047208744	0.0011630568106388627	0.0007923900774454312	0.013547609731360965	1.682417958254838	1.7127592617002114	0.7080659634583558	0.36210208873836497	0.22010450437361	48.31789325749904	0.029773353355503417
4.717657871359942	0.01	0.007	0.007	0.007	0.01	0.0212630547527904	0.023956855485480055	0.0011471275442723342	0.0007812804502899291	0.013459666707086053	1.6906961414824304	1.7185417648426122	0.7080706452984672	0.3616407319578062	0.2226259519823207	47.93537800931893	0.02972078102276263
4.769226461636378	0.01	0.007	0.007	0.007	0.01	0.02109263549419345	0.023764846582206314	0.0011313801456158228	0.000770308120501242	0.01337039766516482	1.6989297729167356	1.724224768349589	0.7080626032689519	0.3611675212820577	0.2251362331895483	47.551630994725265	0.029667710555904607
4.821376857060604	0.01	0.007	0.007	0.007	0.01	0.02092168313299244	0.02357223703290269	0.0011158111685587585	0.0007594701941932755	0.013279844234311021	1.7071175644411567	1.7298063250655524	0.7080417684630981	0.36068240130922663	0.22763476722768822	47.16667866493635	0.029614137713074213
4.874116070239723	0.01	0.007	0.007	0.007	0.01	0.02075021020508832	0.0233790409614838	0.0011004173029507368	0.000748763893817292	0.013188047311637375	1.7152582079545846	1.735284475479783	0.708008071185925	0.36018531764719675	0.23012097124853112	46.780549176950444	0.029560058375706764
4.927451081582604	0.01	0.007	0.007	0.007	0.01	0.02057822995017883	0.023185273284822665	0.0010851953648150666	0.0007381865501496122	0.0130950470806174	1.7233503795913183	1.7406572519627026	0.7079614411406179	0.3596762169290834	0.23259426150212906	46.39327227310244	0.02950546853583175
4.9813887988709995	0.01	0.007	0.007	0.007	0.01	0.02040575642974881	0.022990949845688842	0.001070142302115602	0.000727735605170702	0.013000883119689397	1.7313927358550851	1.7459226776360253	0.7079018076559882	0.35915504733354897	0.23505405205416252	46.004879546879145	0.029450364337960475
5.03593606213845	0.01	0.007	0.007	0.007	0.01	0.020232804495060815	0.02279608737668419	0.0010552551871142798	0.0007174086056836074	0.012905594429628376	1.7393839169634664	1.7510787702047592	0.7078290998977843	0.35862175868296936	0.23749975571263673	45.61540437096752	0.02939474207434028
5.091099615726677	0.01	0.007	0.007	0.007	0.01	0.020059389858228305	0.022600703580320035	0.001040531217934517	0.0007072032033919247	0.01280921951568903	1.7473225454255732	1.7561235427325987	0.7077432471206263	0.35807630285908654	0.23993078350538416	45.22488205743916	0.029338598213619296
5.1468861050685035	0.01	0.007	0.007	0.007	0.01	0.019885529081572876	0.022404817117026524	0.0010259677131041558	0.0006971171501633988	0.012711796423938911	1.7552072285014686	1.7610550070579987	0.7076441789027017	0.35751863398282263	0.242346545352738	44.83334983392584	0.02928192940406892
5.203302039473318	0.01	0.007	0.007	0.007	0.01	0.019711239670562132	0.022208447709864416	0.0010115621149467016	0.0006871482994803923	0.01261336283424123	1.7630365560146983	1.76587117438662	0.7075318254473301	0.35694870893496283	0.2447464493249425	44.4408470530634	0.029224732511174377
5.260353787402807	0.01	0.007	0.007	0.007	0.01	0.01953654006115367	0.022011616130266122	0.0009973119840710584	0.0006772946017716202	0.012513956093494996	1.7708091030905473	1.7705700591439169	0.7074061178478509	0.35636648755995126	0.24712990241592966	44.04741516415155	0.02916700462190604
5.318047525366758	0.01	0.007	0.007	0.007	0.01	0.019361449746004247	0.021814344340233955	0.0009832150053230532	0.0006675541077206526	0.012413613326625477	1.7785234267840884	1.7751496792452495	0.7072669884644696	0.3557719333449688	0.24949630945205328	43.653097997552386	0.029108743095682323
5.376389238916174	0.01	0.007	0.007	0.007	0.01	0.019185989235840917	0.021616655448817815	0.0009692689802007977	0.0006579249622535885	0.012312371453262772	1.7861780702015924	1.7796080611136516	0.7071143712111319	0.3551650135762416	0.2518450743064165	43.25794167788011	0.02904994556221351
5.43538467662297	0.01	0.007	0.007	0.007	0.01	0.01901018015995769	0.02141857382534367	0.0009554718306345051	0.0006484054064259827	0.012210267282768528	1.793771560552846	1.7839432412087626	0.706948201965135	0.3545456999807939	0.2541755992607149	42.86199485051971	0.028990609966536
5.4950393218118965	0.01	0.007	0.007	0.007	0.01	0.018834045306478153	0.021220125144777124	0.0009418215977971756	0.0006389937759094269	0.012107337574339554	1.80130241003702	1.788153269491763	0.7067684189625869	0.35391396919499146	0.25648728524461445	42.465308772510326	0.02893073459561544
5.555358355062965	0.01	0.007	0.007	0.007	0.01	0.018657608684339463	0.021021336457560245	0.0009283164426136056	0.0006296885006854342	0.01200361910892876	1.8087691159282249	1.792236212650276	0.7065749632417703	0.3532698033358701	0.2587795318386947	42.0679374523618	0.02887031811375705
5.616346606940829	0.01	0.007	0.007	0.007	0.01	0.01848089560679144	0.020822236283689222	0.0009149546478153234	0.0006204881058343111	0.011899148773350248	1.8161701599351514	1.796190157209526	0.7063677791466275	0.3526131906853055	0.26105173706391205	41.6699378383449	0.028809359607217512
5.67800852517298	0.01	0.007	0.007	0.007	0.01	0.01830393272535041	0.02062285465096997	0.0009017346161425099	0.0006113912096988388	0.011793963614620952	1.8235040098297266	1.8000132141611145	0.7061468148114923	0.3519441262270618	0.26330329787758194	41.27136989521252	0.028747858613724142
5.740348132305001	0.01	0.007	0.007	0.007	0.01	0.018126748084821634	0.02042322315701161	0.000888654870200015	0.0006023965232191986	0.0116881009057241	1.8307691203118222	1.8037035234055743	0.705912022698046	0.3512626122892949	0.2655336104451938	40.8722967283852	0.028685815160931785
5.803368952201853	0.01	0.007	0.007	0.007	0.01	0.01794937125816476	0.020223375121177806	0.000875714058102531	0.0005935028532734164	0.011581598258644162	1.8379639308022726	1.8072592569733177	0.7056633602815728	0.35056865953524197	0.26774206948001256	40.47278488798741	0.02862322983511751
5.867073967465024	0.01	0.007	0.007	0.007	0.01	0.017771833383080624	0.02002334562580912	0.0008629109516798694	0.0005847091009218	0.011474493678457931	1.845086867516649	1.8106786248314692	0.7054007906606211	0.34986228762602206	0.26992806890840215	40.07290445155414	0.028560103818181377
5.931465566860395	0.01	0.007	0.007	0.007	0.01	0.017594167218663408	0.019823171580052618	0.0008502444462305597	0.0005760142607440945	0.011366825628394866	1.8521363448450148	1.813959880606463	0.7051242832273775	0.34914352599429604	0.2720910023337993	39.67272915194618	0.028496438933800425
5.996545473533655	0.01	0.007	0.007	0.007	0.01	0.017416407245322448	0.01962289183244299	0.0008377135633360195	0.000567417422300712	0.01125863312042592	1.859110765191924	1.8171013269379155	0.7048338144498403	0.3484124148357896	0.27423026304047166	39.27233660274492	0.028432237711652698
6.062314679373183	0.01	0.007	0.007	0.007	0.01	0.017238589736122054	0.019422547251280498	0.000825317451525458	0.0005589177701374959	0.011149955788115182	1.8660085201796037	1.820101321896538	0.7045293686651848	0.34766900603799394	0.27634524442860386	38.87180845929288	0.02836750344445782
6.128773368343308	0.01	0.007	0.007	0.007	0.01	0.01706075284657464	0.019222180825800413	0.0008130553881894605	0.0005505145846669945	0.011040833970127801	1.8728279913293941	1.8229582855779334	0.7042109389565929	0.34691336423583946	0.2784353403028032	38.47123062132093	0.02830224025475428
6.195920855284798	0.01	0.007	0.007	0.007	0.01	0.01688293665108608	0.019021837707235856	0.0008009267777855814	0.0005422072405280688	0.010931308760352006	1.8795675529806455	1.825670708050237	0.7038785279884882	0.34614556769256183	0.280499945860163	38.07069331543139	0.028236453145285098
6.263755500541586	0.01	0.007	0.007	0.007	0.01	0.016705183232555872	0.01882156530976985	0.000788931153767997	0.0005339952075188064	0.010821422089777278	1.8862255733110584	1.8282371568642073	0.7035321489843005	0.34536570945278317	0.2825384581099448	37.67029129733051	0.028170148071917086
6.33227464043873	0.01	0.007	0.007	0.007	0.01	0.016527536717423182	0.01862141335002177	0.0007770681768212415	0.0005258780490167981	0.01071121677400744	1.89280041758155	1.8306562858566648	0.7031718266553275	0.34457389831154994	0.2845502769886464	37.27012393119557	0.0281033319997001
6.401474507094089	0.01	0.007	0.007	0.007	0.01	0.016350043327123105	0.018421433905022985	0.0007653376343380823	0.000517855421272484	0.010600736569883086	1.8992904508508783	1.8329268440597737	0.7027975982046206	0.34377025989823945	0.28653480632581535	36.87029530602203	0.028036012968066088
6.471350146564118	0.01	0.007	0.007	0.007	0.01	0.01617275142144566	0.018221681461069696	0.0007537394394642639	0.0005099270724253039	0.0104900262261664	1.905694041084617	1.8350476850955284	0.7024095143621933	0.3429549377714271	0.28849145494379463	36.47091433374599	0.027968200156251413
6.5418953497061585	0.01	0.007	0.007	0.007	0.01	0.015995711497893007	0.018022212912999137	0.0007422736274332058	0.0005020928396872829	0.01037913150568982	1.9120095638990517	1.8370177773940735	0.7020076403657907	0.34212809435330604	0.2904196382694427	36.07209474825776	0.02789990393498975
6.613102596808734	0.01	0.007	0.007	0.007	0.01	0.015818976147251397	0.017823087514133976	0.0007309403493960063	0.0004943526448390778	0.01026809917860107	1.9182354087875102	1.8388362149744357	0.7015920568642743	0.341289911683866	0.2923187804081688	35.673955005781664	0.027831135903657614
6.684962983419224	0.01	0.007	0.007	0.007	0.01	0.0156426000479082	0.017624366869879896	0.000719739869133887	0.00048670649171908136	0.010156977038374376	1.9243699838324049	1.840502227778623	0.7011628609238728	0.34044059237375823	0.2941883157636654	35.27661827253592	0.027761908944433457
6.757466170236142	0.01	0.007	0.007	0.007	0.01	0.01546663989225239	0.017426114854802742	0.0007086725557837507	0.0004791544610116077	0.010045813873692423	1.930411722654256	1.8420151926511468	0.7007201668876393	0.3395803602506851	0.29602769134676626	34.88021225938978	0.027692237252010716
6.830600334219972	0.01	0.007	0.007	0.007	0.01	0.01529115430473959	0.017228397520314097	0.0006977388765335343	0.0004716967050390348	0.009934659433339297	1.9363590913717121	1.8433746441144543	0.7002641072068395	0.3387094609624885	0.2978363690907024	34.484869037729034	0.027622136361141837
6.904352170489019	0.01	0.007	0.007	0.007	0.01	0.015116203635409069	0.017031282862030147	0.0006869393821440487	0.0004643334376867296	0.009823564310259634	1.9422105993997887	1.8445802856269173	0.6997948329228958	0.3378281619423705	0.299613829332669	34.09072457471003	0.027551623124713185
6.9787068781720505	0.01	0.007	0.007	0.007	0.01	0.014941849794806434	0.016834840633781867	0.0006762746958498723	0.00045706492666298655	0.009712579849461528	1.94796480825207	1.8456319996274888	0.6993125141923527	0.33693675252443006	0.30135957368035177	33.697918361754105	0.027480715706884647
7.053648204510457	0.01	0.007	0.007	0.007	0.01	0.014768155956479142	0.01663914201242103	0.0006657454949211004	0.0004498914807843583	0.009601757969372298	1.953620344091727	1.8465298574154403	0.6988173403747665	0.33603554332052366	0.30307312900447175	33.30659274464939	0.02740943352047313
7.1291584490814826	0.01	0.007	0.007	0.007	0.01	0.014595186361941574	0.0164442593780773	0.0006553524993721268	0.0004428134421609091	0.009491151046025227	1.9591759061251253	1.8472741271299018	0.6983095203026152	0.33512486603086983	0.3047540501521527	32.91689248445096	0.027337797202592582
7.205218563221889	0.01	0.007	0.007	0.007	0.01	0.014423005916915338	0.01625026585924775	0.0006450964489037986	0.0004358311703922153	0.009380811661627528	1.9646302809431373	1.8478652813562777	0.69778928183798	0.3342050720653574	0.3064019244394932	32.52896384806649	0.027265828500254195
7.281808266737876	0.01	0.007	0.007	0.007	0.01	0.014251679770272701	0.016057234858398016	0.0006349780800126145	0.00042894502691166134	0.009270792338934096	1.9699823562307206	1.8483040026537487	0.6972568711906914	0.3332765309036272	0.30801637591636266	32.1429536597764	0.027193550141062495
7.358906171728669	0.01	0.007	0.007	0.007	0.01	0.014081272901307895	0.015865239586946328	0.0006249981047124833	0.0004221553604585801	0.009161145278156422	1.975231133015675	1.8485911868323817	0.6967125520655835	0.3323396283205349	0.3095970691489315	31.75900837141876	0.027120985698930383
7.436489933809374	0.01	0.007	0.007	0.007	0.01	0.013911849672554029	0.015674352561427858	0.0006151571882605663	0.00041546249189876387	0.00905192206919879	1.980375737783156	1.8487279440160458	0.6961566044965121	0.3313947642352199	0.3111437129164105	31.377273054843634	0.027048159435979945
7.514536441374782	0.01	0.007	0.007	0.007	0.01	0.013743473330193264	0.015484645040613204	0.0006054559248713062	0.00040886669770143745	0.0089431733676305	1.9854154348994204	1.848715597242913	0.6955893232794028	0.33044235005621664	0.31265606394831674	30.99789027617707	0.026975096111220065
7.593022048513144	0.01	0.007	0.007	0.007	0.01	0.013576205446773348	0.015296186397623686	0.0005958948111830898	0.0004023681919127531	0.008834948530847434	1.9903496393607685	1.8485556782482075	0.6950110159476056	0.32948280545606634	0.31413393069815926	30.62099883996693	0.02690182075150057
7.6719227730556625	0.01	0.007	0.007	0.007	0.01	0.01341010547782083	0.015109043620372537	0.0005864742272430311	0.00039596711326057236	0.008727295325651571	1.995177924768585	1.8482499204423901	0.6944220008633375	0.3285165555407631	0.31557717562119236	30.24673278983602	0.026828358458574817
7.7512145525431455	0.01	0.007	0.007	0.007	0.01	0.013245230233447942	0.014923280716230456	0.0005771944134041344	0.00038966350949496884	0.008620259579082842	1.999900032556947	1.8478002491436674	0.693822604757522	0.32754402728998183	0.31698571776422035	29.875220217480823	0.026754734165663867
7.830873442027851	0.01	0.007	0.007	0.007	0.01	0.013081633511355878	0.014738958298534194	0.0005680554570177817	0.0003834573283945463	0.008513884932519495	2.0045158753504304	1.8472087695282684	0.6932131605876383	0.3265656466967561	0.31835953353724666	29.506582435225415	0.026680972451931254
7.9108758362076825	0.01	0.007	0.007	0.007	0.01	0.012919365713416047	0.01455613315459249	0.0005590572785482025	0.0003773484083824307	0.008408212584415417	2.00902553987065	1.8464777524178666	0.6925940051226457	0.32558183560754306	0.31969865729463176	29.140933111479992	0.026607097337780227
7.991198683531422	0.01	0.007	0.007	0.007	0.01	0.012758473513451973	0.014374857871379123	0.0005501996208154626	0.00037133647126731515	0.008303281065802547	2.0134292875381945	1.8456096181996413	0.691965476506806	0.324593008666558	0.32100318117464477	28.77837752148237	0.02653313209118017
8.0718196376154	0.01	0.007	0.007	0.007	0.01	0.012598999681006022	0.014195180636971921	0.0005414820468900247	0.00036542112085235617	0.008199126117483484	2.017727550150994	1.8446069199100175	0.6913279122538634	0.32359957104656467	0.3222732534316153	28.419012149464898	0.026459099095004743
8.1527171977554	0.01	0.007	0.007	0.007	0.01	0.0124409829484681	0.014017145090847243	0.0005329039401062026	0.00035960184297055195	0.008095780596158333	2.0219209240887555	1.8434723256073595	0.6906816473018625	0.3226019163381732	0.3235090762991548	28.06292438849295	0.026385019726896285
8.233870810955557	0.01	0.007	0.007	0.007	0.01	0.012284457971523905	0.013840790279316352	0.0005244645087724984	0.0003538780086932766	0.007993274442428798	2.026010161896802	1.8422086007436655	0.6900270123651369	0.3216004249428179	0.3247109030553179	27.710192450568535	0.026310914276592528
8.315260918307862	0.01	0.007	0.007	0.007	0.01	0.012129455407893402	0.013666150744237968	0.0005161627966941225	0.0003482488814640697	0.007891634727521583	2.0299961608991075	1.840818591368186	0.6893643327498837	0.32059546318640475	0.3258790342027331	27.3608855432983	0.026236801915612368
8.396869036888573	0.01	0.007	0.007	0.007	0.01	0.011976001933885228	0.013493256541668828	0.0005079976896824712	0.0003427136214931189	0.007790885660621677	2.0338799537205583	1.8393052070570066	0.6886939269126172	0.3195873820307658	0.327013814207485	27.01506390643895	0.026162700635612584
8.47867774196062	0.01	0.007	0.007	0.007	0.01	0.011824120453575592	0.01332213347754197	0.000499967931679827	0.00033727129665432046	0.007691048723982521	2.03766269425325	1.8376714060476362	0.688016105869532	0.3185765170528019	0.32811562690803225	26.672779282553456	0.026088627278280884
8.560670657071945	0.01	0.007	0.007	0.007	0.01	0.011673830287623324	0.013152803320401295	0.0004920721389421154	0.0003319208920463197	0.007592142796361883	2.041345644788605	1.83592018121963	0.6873311726030205	0.317563188363315	0.3291848912858815	26.334075341820906	0.02601459755794543
8.642832430620109	0.01	0.007	0.007	0.007	0.01	0.011525147381412575	0.012985284035912604	0.0004843088144625211	0.00032666131970033365	0.0074941842906410825	2.0449301633029795	1.8340545473196204	0.686639421639634	0.3165477007279149	0.33022205730372634	25.998988150448437	0.025940626096285335
8.725148693525528	0.01	0.007	0.007	0.007	0.01	0.01137808453973048	0.012819590051271182	0.0004766763630298518	0.0003214914287032522	0.007397187310299813	2.048417690773185	1.8320775296599054	0.685941138848158	0.3155303439539124	0.3312276017801652	25.66754669893431	0.025866726473681104
8.807606041855438	0.01	0.007	0.007	0.007	0.01	0.011232651608124457	0.012655732459534125	0.000469173102819416	0.0003164100129593749	0.007301163771915208	2.051809740431336	1.829992153282026	0.6852366010863953	0.3145113929986457	0.332202024854354	25.33977331021214	0.025792911257656977
8.890191979154546	0.01	0.007	0.007	0.007	0.01	0.011088855717836391	0.012493719295583988	0.00046179727966712616	0.00031141582075977037	0.007206123570620975	2.0551078861435186	1.8278014340885689	0.6845260762454844	0.3134911086028725	0.33314584622784604	25.01568419112914	0.025719192067002097
8.972894895155815	0.01	0.007	0.007	0.007	0.01	0.010946701457115229	0.012333555729144055	0.00045454707696987933	0.0003065075613812993	0.007112074697820819	2.058313753140164	1.825508370069889	0.683809823038402	0.31246973749896934	0.33405960211428753	24.695289818047737	0.025645579602688106
9.055703977051682	0.01	0.007	0.007	0.007	0.01	0.010806191149758908	0.012175244378607524	0.0004474206305586126	0.0003016839150459306	0.007019023430599993	2.0614290069118644	1.823115935326028	0.6830880914219075	0.31144751347369226	0.33494384169810365	24.37859556417223	0.02557208373823361
9.138609212474705	0.01	0.007	0.007	0.007	0.01	0.01066732496586717	0.012018785435820937	0.00044041603454367294	0.00029694353676339516	0.006926974410705216	2.064455346483707	1.8206270725043339	0.6823611222739784	0.31042465731712027	0.335799124875265	24.065601948752818	0.025498713527661483
9.221601341917916	0.01	0.007	0.007	0.007	0.01	0.01053010111271624	0.011864176881139839	0.0004335313509025349	0.00029228506270525856	0.006835930776931206	2.067394496347574	1.8180446873768417	0.6816291475473636	0.30940137741322626	0.3366260196380034	23.756305066909498	0.025425477258041087
9.304671820999165	0.01	0.007	0.007	0.007	0.01	0.01039451600028114	0.011711414669920412	0.0004267646174381447	0.0002877071154742323	0.006745894281081864	2.0702481994523545	1.8153716439323617	0.6808923903775791	0.308377870223602	0.33742509979009544	23.450696962355828	0.02535238249263504
9.38781274317245	0.01	0.007	0.007	0.007	0.01	0.010260564462166746	0.011560492981439527	0.00042011385818570073	0.00028320831102868964	0.006656865441080689	2.073018209518214	1.812610761523871	0.680151065580252	0.3073543212706859	0.33819694250581006	23.148766125055527	0.025279436148099008
9.471016827626032	0.01	0.007	0.007	0.007	0.01	0.01012823986094215	0.01141140433757337	0.0004135770877723865	0.0002787872615157979	0.006568843617521797	2.0757062862465863	1.8097648106627175	0.6794053796062698	0.3063309053277435	0.33894212673165025	22.85049772836489	0.025206644513532647
9.554277378960379	0.01	0.007	0.007	0.007	0.01	0.00999753423329322	0.011264139766338837	0.0004071523175781333	0.00027444257932465505	0.006481827116741327	2.078314190045746	1.8068365102844668	0.6786555307741345	0.30530778696591454	0.3396612314769304	22.55587395595526	0.025134013293897833
9.637588240705233	0.01	0.007	0.007	0.007	0.01	0.0098684384371352	0.011118688967643266	0.0004008375617992537	0.0002701728810750605	0.006395813295293431	2.080843677098396	1.8038285258354334	0.6779017095860081	0.3042851211839618	0.340354834227684	22.264874333187684	0.02506154765814433
9.72094375931835	0.01	0.007	0.007	0.007	0.01	0.009740942274773083	0.010975040452047644	0.00039463084217164626	0.0002659767907017084	0.006310798648518031	2.0832964952593005	1.8007434675519496	0.6771440989750642	0.3032630539146048	0.341023509616879	21.977476004528135	0.024989252277521783
9.804338742200596	0.01	0.007	0.007	0.007	0.01	0.00961503461851853	0.010833181682297473	0.0003885301926849458	0.00026185294253469653	0.006226778900738536	2.085674380219245	1.797583889455078	0.6763828746293904	0.3022417226085097	0.3416678281931477	21.69365401652876	0.024917131368482268
9.887768437418456	0.01	0.007	0.007	0.007	0.01	0.009490703497167676	0.01069309917075617	0.00038253366229503257	0.00025779998302975326	0.006143749069278625	2.087979052695976	1.794352287974973	0.6756182051376164	0.3012212565555324	0.3422883554925533	21.413381512608073	0.02484518871622652
9.971228491003702	0.01	0.007	0.007	0.007	0.01	0.009367936210989561	0.01055477860896107	0.00037663931894654415	0.0002538165733872466	0.006061703547417299	2.0902122153296188	1.7910511018072444	0.6748502523556332	0.30020177748317445	0.34288565105154817	21.136629992122497	0.024773427717163995
10.0	0.01	0.007	0.007	0.007	0.01	0.009325983417157239	0.010507510851053887	0.00037463111646575273	0.0002524595342515814	0.0060336608174531205	2.0909656282942546	1.7898976287921695	0.6745848385092735	0.29985065514839243	0.34308623064091537	21.042055775049842	0.024748737341529135
