0.0	0.01	0.007	0.007	0.007	0.01	0.0	0.0	0.0	0.0	0.0	0.0	0.0	0.0	0.0	0.0	100.0	0.035
0.006920597420489622	0.01	0.007	0.007	0.007	0.01	0.0027337346567963172	0.005496203304216814	0.0030841944280404245	0.0010202152447652852	8.746269495548793e-5	0.00012765720652306245	0.00034784954299383594	0.00026102213118419813	6.629733610554462e-5	3.200797445764833e-6	99.85889070786673	0.03499160626962465
0.011899487948496927	0.01	0.007	0.007	0.007	0.01	0.00460326972933941	0.009024553288537377	0.005208993439121354	0.0017339009298937677	0.00013850696625508952	0.00037192013820335005	0.0009964303153203093	0.0007619877169912066	0.00019434021600910146	8.951350078825537e-6	99.75749551738507	0.03498556880703854
0.019077081262687715	0.01	0.007	0.007	0.007	0.01	0.0071626090028960015	0.013554820533406986	0.008139628749726987	0.0027337077448033897	0.0001980615321340249	0.0009360821978165978	0.002449126375065205	0.0019232692923753902	0.0004934154293265973	2.1293533555915366e-5	99.61150487235619	0.03497686700425448
0.02609706844881489	0.01	0.007	0.007	0.007	0.01	0.009518641712252699	0.01742221314613679	0.010861180805165932	0.0036793016468082526	0.00024345377683822867	0.001716536104349406	0.004391420081407501	0.0035363541864141426	0.0009124201345751601	3.7055265416373765e-5	99.46892656825186	0.03496835836990143
0.034275721027983735	0.01	0.007	0.007	0.007	0.01	0.012091072526355197	0.02131734566250765	0.013860514283117272	0.004742011036102735	0.00028395424701608993	0.002892464948057812	0.007215489423474283	0.005977385332517037	0.0015523169465695044	5.8944167759773246e-5	99.3030727433139	0.03495844797589862
0.04282020072203141	0.01	0.007	0.007	0.007	0.01	0.01459289667387926	0.024781949354323086	0.016807366182021905	0.0058089450635183506	0.00031543764410511685	0.004406345586173511	0.010717112386415623	0.00913452827632329	0.002388154578882085	8.486074457056685e-5	99.13009572555264	0.03494809729479048
0.05213046640791655	0.01	0.007	0.007	0.007	0.01	0.01711793805552512	0.02795958014278666	0.019813581375706914	0.006922879601096819	0.00034041300970944063	0.0063627035690285594	0.015071575543946426	0.013234061073140659	0.0034848202633741836	0.00011568513497583665	98.94195891515606	0.0349368224386
0.06194986369091063	0.01	0.007	0.007	0.007	0.01	0.01957065091078716	0.03074346610555826	0.022766613136910835	0.008044759459694783	0.0003590918430625974	0.008744724181651807	0.020169719806958412	0.01825031988405483	0.0048414515523267304	0.0001502705345111199	98.74392071893409	0.034924934958489744
0.07239978935465222	0.01	0.007	0.007	0.007	0.01	0.02196222432741094	0.03317462204332795	0.02567921964089601	0.00918114769240025	0.00037282793830174777	0.011607941847362331	0.02606127880362482	0.024310215186757505	0.006499026796847883	0.00018868508639537362	98.53360135139924	0.034912288595848225
0.08340545363880039	0.01	0.007	0.007	0.007	0.01	0.02425743325848629	0.035248172511266725	0.028506769720189826	0.010316218548681892	0.0003825211237894548	0.014955742176390879	0.032684689365351516	0.031431386201148444	0.008469917975217693	0.00023032944093554083	98.31258128660747	0.034898974636638234
0.09501388264157518	0.01	0.007	0.007	0.007	0.01	0.026451531240562664	0.036995462495995377	0.031240095844994157	0.011447369762829802	0.00038912201735148276	0.018820289529758952	0.04003937130441615	0.03969256161672671	0.010784171096749116	0.00027508352641981786	98.07999348343004	0.03488493699268371
0.10721785165122043	0.01	0.007	0.007	0.007	0.01	0.028530147856634245	0.03844110823756781	0.03385659264275923	0.012566121785474518	0.00039337885771860784	0.023214022221927054	0.048088416979952066	0.04913023212239868	0.013461110511397754	0.00032266574037272203	97.8360666732181	0.03487018527257705
0.12005286403942653	0.01	0.007	0.007	0.007	0.01	0.030488359371311672	0.03961774013834573	0.036343759836311156	0.01366772848521023	0.00039591494211513745	0.02816081271910532	0.05681999749317285	0.059804505704967724	0.016527685914759067	0.0003730008279734858	97.58018137115977	0.03485467750001716
0.13354354681544126	0.01	0.007	0.007	0.007	0.01	0.03232022146253119	0.04055623042498771	0.03868611991952764	0.014745802455710914	0.00039721152955451056	0.03367857222177353	0.06621486865881082	0.07176119931823476	0.02000786216105112	0.00042600901881038026	97.31194567152825	0.03483838495458155
0.14773348168594144	0.01	0.007	0.007	0.007	0.01	0.03402320079216215	0.041287621823312325	0.04087074801980695	0.015794761273196636	0.00039763847970237246	0.03979084061822275	0.0762672715277825	0.08505595143476409	0.023929577525966746	0.00048171607156578344	97.03060234542866	0.03482125614838176
0.1626691387235515	0.01	0.007	0.007	0.007	0.01	0.03559534817666111	0.04184074346913773	0.04288360929477404	0.016808236525918147	0.00039747556951721366	0.04652101948312345	0.08697459574864594	0.09974072783697538	0.02832095884387951	0.0005401838065914971	96.73535221723263	0.034803236270869536
0.1784095248235511	0.01	0.007	0.007	0.007	0.01	0.03703618939319518	0.04224222707369283	0.044710617520086086	0.01777959108294005	0.00039693869925872287	0.053896750318795844	0.09834436625675948	0.11587200487956947	0.033212846619320946	0.0006015423770903024	96.4251663569728	0.034784255579676134
0.19502173620696633	0.01	0.007	0.007	0.007	0.01	0.038345888100912835	0.042515936545943996	0.046336497947712704	0.01870136870607463	0.00039620502264293473	0.061948219160153216	0.11039103270847614	0.13350540716018505	0.038637353143334906	0.0006659691814402016	96.09887870617342	0.034764234817158575
0.2125844335142864	0.01	0.007	0.007	0.007	0.01	0.03952534119228232	0.042682936001393536	0.04774488326573791	0.019565313007724593	0.0003954381408363729	0.0707098339165453	0.12313815824143645	0.152697252253248	0.04462847990285983	0.0007337017466958618	95.75512274393535	0.034743081075768595
0.23118657232800865	0.01	0.007	0.007	0.007	0.01	0.04057588384826238	0.04276145699819807	0.04891800168633274	0.020362122995237583	0.0003948141033632624	0.08021955328613087	0.1366169960160273	0.1735004335567018	0.051221000345236925	0.0008050363652556356	95.39236259231657	0.03472068939527744
0.250927762898034	0.01	0.007	0.007	0.007	0.01	0.0414992382123321	0.0427670176467851	0.04983682702808776	0.021081388653395258	0.00039454921272080224	0.09051878844874427	0.1508660856131479	0.19596096071261332	0.058449470437218515	0.0008803392211510215	95.00889277415102	0.03469694240429911
0.27191511343326347	0.01	0.007	0.007	0.007	0.01	0.04229739345695595	0.042712603428472926	0.05048142438386186	0.02171152227815157	0.0003949309282700071	0.10165029111895411	0.16592821405391575	0.2201095322659491	0.06634552405497969	0.0009600528521982325	94.6029068849379	0.0346717141993277
0.2942567614796237	0.01	0.007	0.007	0.007	0.01	0.04297259179201829	0.042608929804727726	0.050831897855111975	0.022239873967441693	0.0003963521425995587	0.11365400400502958	0.18184503882518083	0.2459483927335904	0.07493333124418616	0.0010447025077301576	94.1726292304961	0.03464487819466673
0.31804728249277975	0.01	0.007	0.007	0.007	0.01	0.0435273932537551	0.0424647928394609	0.05087023362858546	0.022653124430782937	0.00039934668829345947	0.12655830020349737	0.19864621508993863	0.2734287820285413	0.08422138107700806	0.001134888057768225	93.71659902515695	0.03461632468955021
0.3433440759523511	0.01	0.007	0.007	0.007	0.01	0.04396499091719309	0.04228751170080745	0.05058356167601959	0.02293826974936064	0.00040461869756680996	0.14036622623768544	0.21633292105811877	0.3024201351489698	0.09419050717197931	0.001231259715860162	93.2341179624219	0.03458598916335246
0.37013780046024836	0.01	0.007	0.007	0.007	0.01	0.044289852052137764	0.04208341335708766	0.049968883505874216	0.02308443968528035	0.0004130518907703992	0.15503887209677147	0.23485858589686923	0.33267868322799643	0.10478034937196923	0.0013344831525695785	92.72579472217872	0.034553887530245395
0.3983327829745914	0.01	0.007	0.007	0.007	0.01	0.04450858957072907	0.04185820468951945	0.04903799725461348	0.023085410015933294	0.0004256851450601254	0.17048530756858837	0.2541182196001135	0.36383811393449317	0.11588220587354738	0.0014452362747967222	92.1938795503817	0.034520139219510276
0.42775236117049187	0.01	0.007	0.007	0.007	0.01	0.04463052789031929	0.0416170952809243	0.04781997323534096	0.022941841274882455	0.00044365430535179895	0.18656777897835242	0.27395591699572225	0.395439462608643	0.1273455077239013	0.0015642701741346507	91.64211434350871	0.03448496025433614
0.4581644320638209	0.01	0.007	0.007	0.007	0.01	0.04466744645764002	0.041364736246168474	0.04635944200929855	0.022662093787437824	0.00046811499746968573	0.20311914716058055	0.29418575836273064	0.42698848316879773	0.13899551050171988	0.0016924997537236953	91.07520587566204	0.03444863218349207
0.4893151808472657	0.01	0.007	0.007	0.007	0.01	0.04463258581642801	0.04110510999338317	0.04471121443921053	0.02226126602494267	0.000500168466670599	0.21996481686399683	0.31461670627636684	0.45801774079269697	0.15065514239971906	0.0018310791061070368	90.49816336737726	0.03441146141614715
0.5209656813568136	0.01	0.007	0.007	0.007	0.01	0.0445393548193425	0.040841415388647294	0.04293299747653016	0.021758857402087477	0.0005408169546083914	0.236945096497987	0.33507732468210644	0.4881396257425659	0.16216610033712003	0.00198146523949826	89.91560776441263	0.03437373539597739
0.5529128100987756	0.01	0.007	0.007	0.007	0.01	0.04440019897943242	0.04057607930885893	0.04107910707620416	0.021176084521836176	0.0005909470623317263	0.2539273978127903	0.35542831236576117	0.5170690593380932	0.17340043266898075	0.002145421874775393	89.331395293335	0.03433569775080516
0.5849996581552867	0.01	0.007	0.007	0.007	0.01	0.0442259000215681	0.04031082770826141	0.03919627922546085	0.020533597297322684	0.0006513397008680488	0.27081134741002494	0.375567166229262	0.5446249336880329	0.18426466769534752	0.0023250040486563527	88.74844852529381	0.03429753611828024
0.6171094099502654	0.01	0.007	0.007	0.007	0.01	0.04402535442811657	0.0400468545495127	0.037322245208442635	0.019850119541441943	0.0007226780955874536	0.2875242796134776	0.39542206536935315	0.5707110577559423	0.19469568395847256	0.0025224896808707675	88.16889383070581	0.03425938970510137
0.6491589032841429	0.01	0.007	0.007	0.007	0.01	0.043805650813030166	0.039784955209244854	0.03548576243513702	0.019141766715703584	0.000805559696940369	0.304016374542774	0.41494592922835527	0.5952965524685504	0.2046555232792977	0.00274032577769726	87.59420079094589	0.0342213571869122
0.6810906794613326	0.01	0.007	0.007	0.007	0.01	0.043572303903154766	0.0395256429551373	0.03370760110771089	0.018421892242397375	0.0009005029509351872	0.3202551129913754	0.43410998800972056	0.6183967549848832	0.2141255562297432	0.0029810755782610646	87.0253439071029	0.03418350635033436
0.7128672930254327	0.01	0.007	0.007	0.007	0.01	0.043329525380429106	0.0392692268416695	0.03200181424397969	0.01770120572857972	0.001007954108801998	0.33622114308648066	0.45289917214059333	0.6400585129109883	0.2231016857233513	0.0032473839783223467	86.4629186505564	0.03414588099889353
0.7444664460819559	0.01	0.007	0.007	0.007	0.01	0.04308048605834624	0.03901587023851481	0.030377080000434844	0.016988051553167176	0.001128291179760604	0.35190482455453137	0.47130833685819856	0.6603486223821983	0.23159027988081693	0.0035419504946385023	85.90723880833889	0.034108506838531026
0.7758775493362	0.01	0.007	0.007	0.007	0.01	0.042827541202960874	0.03876563007891135	0.02883791708760965	0.01628873913691402	0.0012618276871121002	0.36730373065698657	0.4893395991167707	0.6793455070802584	0.23960504213863898	0.003867513267299353	85.35840534599879	0.03407139563892918
0.8070990991806116	0.01	0.007	0.007	0.007	0.01	0.04257241587840021	0.03851848494261442	0.027385729947925562	0.0156078796519446	0.0014088157972144666	0.3824207516561972	0.5070003439691321	0.6971332374150366	0.24716458615050022	0.004226839879531331	84.81635856203914	0.034034548404085666
0.8381365034891685	0.01	0.007	0.007	0.007	0.01	0.0423163540727271	0.03827435676529506	0.026019674980977146	0.014948703831784862	0.001569448137467469	0.39726257938478976	0.5243016375775005	0.7137972627564978	0.25429055531577927	0.004622721068766007	84.28092056423935	0.03399795799267312
0.8690005389101757	0.01	0.007	0.007	0.007	0.01	0.042060234165851196	0.03803312582936421	0.024737341456774937	0.014313339701014638	0.0017438598422893077	0.4118386257389386	0.5412571111277048	0.7294216067569845	0.2610062570402875	0.005057969336997602	83.7518253610353	0.03396161097746117
0.8997063636771533	0.01	0.007	0.007	0.007	0.01	0.04180465624620596	0.037794640360716676	0.02353527056309237	0.013703045786482404	0.0019321316671359861	0.4261603000617057	0.5578822316310578	0.7440871462180108	0.26733570473627566	0.0055354234478677735	83.22873839846974	0.033925488839117626
0.9302725739198364	0.01	0.007	0.007	0.007	0.01	0.041550010335000845	0.0375587251483541	0.022409356731096317	0.013118409826922552	0.0021342919426930846	0.44024037676919997	0.574193652321099	0.7578704735189123	0.27330288820202053	0.006057952632451678	82.71127464494546	0.03388956910095364
0.960720791151851	0.01	0.007	0.007	0.007	0.01	0.04129652563513939	0.03732518563257634	0.02135513382696793	0.012559505468504076	0.0023503206294123724	0.4540926625940259	0.5902088910366581	0.7708434072742918	0.27893132236395546	0.0066284684115285545	82.19900711087021	0.033853825833057176
0.9910748561685772	0.01	0.007	0.007	0.007	0.01	0.041044311890514336	0.03709381475698185	0.020368000677792458	0.012026028350236818	0.0025801496534788824	0.4677315220608523	0.6059458293493403	0.783072599686325	0.2842436494014456	0.00724992877356276	81.69148163343912	0.03381823061449803
1.0213607603753427	0.01	0.007	0.007	0.007	0.01	0.04079338611494936	0.03686439396344358	0.019443361923192164	0.011517394192206327	0.0028236672769591164	0.48117176976025494	0.6214226247576563	0.7946196493129446	0.2892614786853713	0.007925354725522415	81.18821892464537	0.03378275262613745
1.0516063592694544	0.01	0.007	0.007	0.007	0.01	0.04054369473417304	0.03663669577310783	0.018576733618734263	0.011032821223582635	0.0030807203399324263	0.49442848036874193	0.6366575182815033	0.8055412180357084	0.29400525075503264	0.008657843385889463	80.68872015812822	0.03374735899781438
1.081841384360943	0.01	0.007	0.007	0.007	0.01	0.04029512845069022	0.03641048404761314	0.017763807145254527	0.0105713912476584	0.003351118186622318	0.5075169438698077	0.6516688022646985	0.8158893218205162	0.298494199397438	0.009450588065754544	80.19246750014968	0.03371201480491249
1.112097445934078	0.01	0.007	0.007	0.007	0.01	0.04004753360564383	0.036185514318114065	0.017000490461317946	0.010132098051432666	0.003634636062112591	0.5204526216920381	0.6664747831847798	0.8257116347683523	0.3027463411779484	0.010306899821927973	79.69892480701344	0.03367668307596414
1.1424082140526903	0.01	0.007	0.007	0.007	0.01	0.039800719415414125	0.03596153280477054	0.016282928164755944	0.009713882928050192	0.003931019621160508	0.533251181152906	0.681093829318623	0.8350518502132527	0.30677850956737734	0.0112302358295552	79.20753545920326	0.03364132459279234
1.1728096830583703	0.01	0.007	0.007	0.007	0.01	0.03955446257498339	0.035738274882057046	0.015607508725332701	0.009315661337751545	0.004239989862333301	0.5459285611839889	0.69554444955129	0.8439500436710842	0.31060640738204015	0.012224233717292	78.71771898448986	0.03360589759515963
1.2033405920858744	0.01	0.007	0.007	0.007	0.01	0.03930850917965249	0.03551546249236271	0.014970861368522293	0.00893634175492672	0.004561249226313775	0.5585010951590152	0.7098454329177926	0.8524430462028968	0.31424467873974243	0.013292755587539794	78.22886537572278	0.03357035730636468
1.2340429937986845	0.01	0.007	0.007	0.007	0.01	0.039062574458929265	0.03529280061756786	0.01436984635405951	0.00857483869035945	0.004894488838232379	0.5709856814206292	0.7240160377415744	0.8605648119125541	0.3177069909453064	0.014439943805499776	77.74032734212089	0.03353465529033044
1.2649630439126514	0.01	0.007	0.007	0.007	0.01	0.0388163400840546	0.03506997233891731	0.013801539970259352	0.00823008061873006	0.00523939762990566	0.5834000246551699	0.7380762559834627	0.8683467879146486	0.3210061273608287	0.015670293932963958	77.25140946227079	0.03349873855741058
1.2961521147603743	0.01	0.007	0.007	0.007	0.01	0.038569448528682576	0.03484663182493159	0.01326321498652122	0.007901013272426408	0.005595674428543892	0.5957629804230946	0.7520471880421349	0.8758182982475001	0.3241540935213752	0.01698875304189921	76.76135278890604	0.033462548301373206
1.3276682935886186	0.01	0.007	0.007	0.007	0.01	0.03832149428892471	0.03462239493028835	0.012752318148672063	0.00758659934272745	0.0059630435364012736	0.6080950143290463	0.7659515388486052	0.883006937771281	0.3271622320676444	0.01840085188716596	76.2693142083875	0.03342601820051846
1.3595785741970399	0.01	0.007	0.007	0.007	0.01	0.03807200983004777	0.03439682537032289	0.012266442423850348	0.007285813301918061	0.0063412769982046585	0.6204188796993927	0.7798143492842088	0.8899390234457586	0.33004136334952733	0.019912892866815194	75.77433608707345	0.03338907192987217
1.3919620237286732	0.01	0.007	0.007	0.007	0.01	0.037820444441499304	0.03416941474825202	0.011803293677939893	0.006997631259704547	0.006730226292601794	0.6327605943200866	0.7936640480856716	0.896640123749916	0.3328019562374025	0.021532220878130122	75.27530242124435	0.033351619565951875
1.424914659407701	0.01	0.007	0.007	0.007	0.01	0.0375661308142779	0.033939551687984834	0.011360646574744932	0.006721012751433937	0.0071298710395769705	0.6451509532129563	0.807534081644183	0.9031357589951092	0.33545436184504984	0.02326763485310572	74.7708710693069	0.03331355204628232
1.4585572642950835	0.01	0.007	0.007	0.007	0.01	0.03730823070793161	0.03370647222714507	0.010936282093477011	0.0064548698277910755	0.007540397368101443	0.6576279637667223	0.8214655387996356	0.9094524095370503	0.3380091569345118	0.025130041905865493	74.25936484251578	0.033274732284957136
1.493048871751721	0.01	0.007	0.007	0.007	0.01	0.037045640280861804	0.03346917388391109	0.010527887643817553	0.006198011655259597	0.007962334651712722	0.6702410779822184	0.835511719030041	0.9156191563640611	0.34047771193470305	0.027133572776420926	73.73858284674579	0.03323497983304874
1.528612102107746	0.01	0.007	0.007	0.007	0.01	0.03677681099500892	0.03322625353826387	0.010132876833395357	0.005949037791461203	0.0083968162504771	0.6830592050460043	0.8497467944521689	0.9216706839806399	0.3428732424982484	0.029297654323845373	73.20544457199318	0.03319404203536789
1.56558735291089	0.01	0.007	0.007	0.007	0.01	0.03649936432493461	0.032975559091975935	0.009748006815928788	0.005706103553232605	0.008846147448491064	0.696188001706859	0.8642845370693641	0.9276537005378864	0.34521308101128506	0.03165138286148403	72.65522517297286	0.03315153229066867
1.6045750301261301	0.01	0.007	0.007	0.007	0.01	0.03620907476859349	0.0327132704630062	0.009368357273285208	0.0054662833998453016	0.00931532779429592	0.709815716595817	0.8793280814809906	0.9336440738744346	0.34752480313874196	0.03424481779045739	72.07953800040079	0.033106767861026676
1.6469650236117117	0.01	0.007	0.007	0.007	0.01	0.03589606467211342	0.03243046157967499	0.008983430678441914	0.005223122351400502	0.009817835720555038	0.7243855208924623	0.8953573756377652	0.939812081324508	0.349869774009058	0.03719034464182553	71.45878740632249	0.03305816558345358
1.7003554700190324	0.01	0.007	0.007	0.007	0.01	0.03550566758784665	0.03207774139088768	0.008535940272001191	0.0049406876209346084	0.010436001566063918	0.7423765446488539	0.9150705298004443	0.9471081910000273	0.35259291748737204	0.04107859857639167	70.68454957166293	0.032997052242431234
1.7425206025766011	0.01	0.007	0.007	0.007	0.01	0.035200351629106855	0.03180189598718651	0.008209094173809911	0.0047347481718664885	0.010910128696780054	0.7563068062944694	0.9302712102588787	0.9525264684416359	0.35457626831027106	0.04428263598730865	70.0790278693818	0.03294886780485461
1.7864527705349726	0.01	0.007	0.007	0.007	0.01	0.034885032149235766	0.03151701568003265	0.00789107919765237	0.004534805275755803	0.011388877105797448	0.7705646345249488	0.9457702681746226	0.957873425697553	0.35649800301051576	0.047738664970864986	69.45364745664594	0.032898738923185386
1.8271448321234955	0.01	0.007	0.007	0.007	0.01	0.03459548861987796	0.031255424989810314	0.007615255715862098	0.004361839789796905	0.011817030451386355	0.7835416457110259	0.9598233165088856	0.9625726432387757	0.3581554772109706	0.05104048906035198	68.87937012313076	0.03285237521036738
1.8676880371696911	0.01	0.007	0.007	0.007	0.01	0.03430939490684885	0.03099695236489024	0.007356857113524442	0.004200266570305761	0.012227884149848772	0.7962556109632659	0.9735402360599283	0.9670280630813272	0.3596976855134444	0.05442019142376886	68.31191600136663	0.03280624608340819
1.9067235880892588	0.01	0.007	0.007	0.007	0.01	0.03403617669159375	0.03075011303442589	0.007122320375670847	0.004054069966932891	0.012607812941638026	0.808296767423553	0.9864829858910017	0.9711171404581198	0.3610861916993372	0.057753177296930636	67.76998125234118	0.032761893535054924
1.9452318851330865	0.01	0.007	0.007	0.007	0.01	0.033768781889419903	0.030508535468718446	0.006903600486366797	0.003918177375620596	0.012966971142240172	0.8199860757123766	0.9990011968061798	0.9749694475467439	0.36236909904817377	0.06111142962326207	67.23957916028482	0.03271819881093126
1.9828896844724746	0.01	0.007	0.007	0.007	0.01	0.03350932576916518	0.030274130505644693	0.006700965255283449	0.0037927042119334778	0.01330276127423083	0.8312383001541591	1.011006878639499	0.9785721134193552	0.36354525227914025	0.06445773958762968	66.72490648978876	0.03267552549244526
2.0200598160343977	0.01	0.007	0.007	0.007	0.01	0.03325518589683529	0.030044528775748605	0.006511088059239826	0.0036755375446572134	0.013618963443326132	0.8421739725524735	1.0226317708060046	0.9819772212428388	0.36463454272435136	0.06781603769715763	66.22076221954991	0.03263345937391109
2.0567059543434723	0.01	0.007	0.007	0.007	0.01	0.03300651695243764	0.029819869931036802	0.006333062239796312	0.003566069683347584	0.013915734892867572	0.8527918358106619	1.0338770246042073	0.9851952603532034	0.36564272474177695	0.07117604411455189	65.72745401031634	0.03259203928414756
2.0929915778652366	0.01	0.007	0.007	0.007	0.01	0.032762127846300955	0.029599077821930803	0.006165160048144086	0.0034631921779977124	0.014194884252025591	0.8631475303581285	1.0448037861202115	0.9882525138609538	0.3665801773939012	0.07454645770432372	65.24261974598905	0.03255107847352096
2.128952089377728	0.01	0.007	0.007	0.007	0.01	0.0325217150968566	0.02938187822430254	0.006006443564619839	0.003366288196851928	0.01445712571880909	0.873257888497268	1.055431654208966	0.9911618723284404	0.3674527066523558	0.07792503494064547	64.76565800536824	0.03251053545251758
2.1646783127754743	0.01	0.007	0.007	0.007	0.01	0.03228461703956053	0.029167673328867036	0.005855849558061771	0.003274669389416287	0.014703551317973223	0.8831541872724398	1.0657951042193448	0.993939204867582	0.3682667237355619	0.08131530874371262	64.29525666410143	0.03247030658022217
2.2002168543810874	0.01	0.007	0.007	0.007	0.01	0.032050480872665675	0.028956144376093885	0.0057126184242356	0.0031878376520537944	0.014934883426982602	0.892854079211841	1.0759139684962893	0.9965953871637397	0.3690268760336344	0.08471718264455272	63.83071625164981	0.03243033843179093
2.235627263235789	0.01	0.007	0.007	0.007	0.01	0.031818879082580805	0.028746905114955732	0.005576023756372589	0.003105319394110263	0.015151892812244308	0.9023778049553475	1.0858105178628887	0.999141146580977	0.36973754304323614	0.08813221262544663	63.371188975985426	0.03239056331854502
2.2709521161749966	0.01	0.007	0.007	0.007	0.01	0.03158950575540569	0.02853967915753705	0.005445480501132769	0.0030267306121811097	0.015355202379892423	0.9117401097907929	1.0955010523044013	1.0015849728312356	0.37040226951115446	0.091560682187868	62.91606822262669	0.032350932913591146
2.306235056718028	0.01	0.007	0.007	0.007	0.01	0.03136205646455776	0.028334191462881353	0.005320459901964928	0.0029517247791221455	0.015545408818796447	0.9209552875219896	1.1050011964538842	1.0039346236882518	0.37102422844077154	0.0950032672609469	62.46475025478145	0.032311397931740475
2.3415114099407885	0.01	0.007	0.007	0.007	0.01	0.031136288181834823	0.0281302224623553	0.00520051448366178	0.0028800073993563284	0.015723032184292857	0.9300347904065964	1.1143234538166047	1.0061966002044802	0.3716061054425822	0.09846007675110206	62.016753097294306	0.03227191863190499
2.376814852799765	0.01	0.007	0.007	0.007	0.01	0.030911974975768815	0.027927568034938722	0.005085245112303675	0.0028113157487230514	0.015888558513597016	0.9389890889728746	1.1234791582325765	1.0083767171483211	0.37215027735721606	0.10193125856861217	61.5716286425293	0.032232457307759685
2.4121745789872135	0.01	0.007	0.007	0.007	0.01	0.030688925340998704	0.02772605516287856	0.004974303981040129	0.00274542027840671	0.016042429080614547	0.9478270179597998	1.1324778247138794	1.0104800092298714	0.3726588083533205	0.10541668873139225	61.128997045007765	0.03219298143926464
2.447617675292586	0.01	0.007	0.007	0.007	0.01	0.030466966257999113	0.027525527530214696	0.004867380946319216	0.0026821161184086375	0.01618505573896748	0.9565564552466486	1.1413278664094213	1.0125109584159793	0.3731335255186404	0.10891617680222486	60.688515097669885	0.03215346101385648
2.4831684502605427	0.01	0.007	0.007	0.007	0.01	0.030245946804793873	0.02732584878552227	0.004764201037675917	0.0026212213060194914	0.016316820906297394	0.9651842112177553	1.150036499330558	1.014473516173765	0.37357603936568573	0.11242937741842679	60.249883405199355	0.032113869259491355
2.518849378489616	0.01	0.007	0.007	0.007	0.01	0.03002573166772393	0.02712689667908054	0.00466451767700823	0.0025625725108175635	0.01643808417022079	0.9737163135855572	1.1586100471879632	1.0163712116545782	0.373987782619887	0.1159558650558601	59.8128335116837	0.03207418157640052
2.554681054917101	0.01	0.007	0.007	0.007	0.01	0.029806200964985673	0.026928562903323933	0.004568109616267603	0.0025060230047134046	0.016549184280902497	0.9821580384225991	1.167053985890045	1.0182071930382035	0.37437003088578186	0.1194951144710169	59.3771275550521	0.03203437557589796
2.590682629656668	0.01	0.007	0.007	0.007	0.01	0.029587247155965727	0.026730750300506912	0.00447477701356535	0.0024514401570003034	0.016650442548699122	0.9905140512308243	1.1753730970624567	1.0199842882103476	0.37472392581322295	0.12304653125080928	58.942552137348166	0.03199443058603285
2.626871906967094	0.01	0.007	0.007	0.007	0.01	0.029368774095708976	0.026533372008401265	0.004384338908337796	0.0023987037822856944	0.016742164708180546	0.9987884613517954	1.1835715324945675	1.0217050411893602	0.3750504913165915	0.12660945130318788	58.50891645166176	0.03195432753285365
2.6632656017316667	0.01	0.007	0.007	0.007	0.01	0.029150695181634993	0.026336349785908448	0.0042966306389376	0.0023477044792214047	0.016824642969064375	1.006984908459723	1.1916529090762877	1.0233717515516394	0.3753506490342481	0.1301831575940763	58.076048606888605	0.031914048648304084
2.699879441304455	0.01	0.007	0.007	0.007	0.01	0.028932932489940263	0.026139613232810957	0.004211501964300785	0.0022983424020039086	0.01689815737436016	1.0151066088721805	1.199620362344944	1.0249865019910254	0.3756252302348605	0.13376688299574943	57.64379391632792	0.03187357735108794
2.7367283245907266	0.01	0.007	0.007	0.007	0.01	0.028715415606252837	0.02594309873330719	0.004128815288269802	0.0022505261094021446	0.01696297710212211	1.0231564114842941	1.2074766084338646	1.0265511851729485	0.37587498659340873	0.13735981987311358	57.21201257903314	0.0318328980652443
2.7738264329607256	0.01	0.007	0.007	0.007	0.01	0.0284980807826967	0.02574674869444654	0.004048444211528089	0.002204171619752159	0.017019361467838723	1.0311368396254255	1.2152239910722384	1.0280675253738514	0.3761005991309606	0.14096112580890624	56.78057800869371	0.031791996093128515
2.81118732437171	0.01	0.007	0.007	0.007	0.01	0.028280870223944495	0.02555051090110328	0.003970272292776872	0.002159201600283048	0.017067560754171148	1.0390501266903631	1.222864521637424	1.029537096982079	0.37630268587836146	0.14456992840721722	56.349375418272224	0.03175085750780111
2.8488240182356575	0.01	0.007	0.007	0.007	0.01	0.0280637314531909	0.025354337943158507	0.003894191973971183	0.0021155446625764594	0.017107816907704194	1.0468982475936808	1.2303999143972157	1.0309613405753681	0.37648180850446844	0.14818532978115603	55.91830056304098	0.03170946905637751
2.886749081330632	0.01	0.007	0.007	0.007	0.01	0.027846616696036074	0.025158186658865236	0.0038201036275794104	0.0020731347383171434	0.01714036412979095	1.0546829484398286	1.2378316193284948	1.0323415772490383	0.3766384780960694	0.15180641159451597	55.487258518939456	0.031667818062948036
2.9249746795853433	0.01	0.007	0.007	0.007	0.01	0.027629482481288332	0.024962017774190513	0.0037479147766588112	0.002031910562933219	0.0171654293462432	1.0624057674084797	1.2451608459099648	1.0336790201583288	0.37677316006206546	0.1554322372002573	55.05616289137499	0.03162589236963426
2.963512635625171	0.01	0.007	0.007	0.007	0.01	0.02741228922389279	0.024765795526010582	0.0036775393884714556	0.0019918152088160244	0.017183232622943224	1.0700680555519444	1.252388586373559	1.0349747850701128	0.3768862784856363	0.15906185466605713	54.624934988388695	0.031583680271779456
3.0023744900733678	0.01	0.007	0.007	0.007	0.01	0.02719500080276096	0.0245694872807007	0.0036088972379069006	0.001952795665164223	0.017193987521644402	1.0776709970310263	1.2595156379432282	1.0362298999214181	0.37697821995493574	0.1626943003925471	54.193502983540796	0.031541170449529546
3.041571540888689	0.01	0.007	0.007	0.007	0.01	0.02697758427660455	0.02437306327740468	0.003541913376760607	0.001914802484080919	0.01719790139486078	1.0852156238393749	1.266542619453624	1.037445312675308	0.37704933687117814	0.16632860085289067	53.76180135266116	0.03149835192392617
3.081114875639279	0.01	0.007	0.007	0.007	0.01	0.02676000964915604	0.024176496415923652	0.0034765176685548336	0.0018777894690502528	0.017195175647901795	1.0927028283362612	1.2734699856116085	1.0386218981946984	0.37709995037841315	0.1699637738689051	53.32977040856236	0.031455214021047825
3.121015433815587	0.01	0.007	0.007	0.007	0.01	0.026542249479808003	0.023979761904949257	0.0034126443220525667	0.0018417133673839577	0.017186005966084335	1.1001333806215388	1.2802980454135342	1.0397604653006662	0.3771303529946207	0.17359883278007215	52.89735552870409	0.03141174630373785
3.161284025642621	0.01	0.007	0.007	0.007	0.01	0.026324278745407385	0.023782837137202015	0.003350231541262841	0.0018065336328343966	0.017170582510352965	1.107507936773173	1.2870269717649878	1.0408617618590563	0.3771408108685442	0.17723278667640188	52.464506881459165	0.03136793855119006
3.2019313295052667	0.01	0.007	0.007	0.007	0.01	0.026106074821335083	0.02358570167233779	0.0032892212391570567	0.0017722122276445083	0.017149090117279192	1.1148270428624385	1.29365680712672	1.0419264788809568	0.37713156583377944	0.18086463888023643	52.031179389223205	0.03132378076193194
3.242967965590657	0.01	0.007	0.007	0.007	0.01	0.025887617057697144	0.02338833685405965	0.0032295586653166668	0.0017387133794279346	0.017121708451319242	1.122091152344902	1.3001874811375789	1.0429552562336746	0.377102837257971	0.18449339237844456	51.59733188742307	0.031279263074168825
3.2844044840546	0.01	0.007	0.007	0.007	0.01	0.025668886824374272	0.023190725850817946	0.0031711921933503004	0.001706003431056214	0.01708861217715533	1.129300627331761	1.306618813347755	1.0439486856167834	0.3770548236806941	0.18811804761430453	51.162927214534655	0.031234375779348927
3.326251425007352	0.01	0.007	0.007	0.007	0.01	0.02544986717836415	0.022992853355272406	0.003114073026609582	0.0016740506473105238	0.01704997107774742	1.1364557522302858	1.3129505269352326	1.0449073150175094	0.3769877042469788	0.19173760670782286	50.7279315519518	0.031189109258003285
3.3685193077036724	0.01	0.007	0.007	0.007	0.01	0.025230542912757174	0.022794705628539375	0.0030581550275228684	0.0016428250933374358	0.017005950212892227	1.1435567345084765	1.3191822507104771	1.0458316510927579	0.376901640048144	0.1953510714725319	50.292314521723135	0.03114345399258304
3.411218687453138	0.01	0.007	0.007	0.007	0.01	0.02501090025566106	0.022596270228186853	0.0030033944726223106	0.0016122984737182372	0.01695671001056317	1.150603716732603	1.32531353097284	1.0467221628408312	0.3767967752295586	0.19895744733418308	49.856048589016744	0.03109740050723294
3.45436014307229	0.01	0.007	0.007	0.007	0.01	0.024790926936749554	0.022397536068358075	0.0029497499185626736	0.0015824440356035365	0.016902406418565847	1.1575967764500634	1.3313438324995124	1.0475792834475546	0.376673238098571	0.202555741278809	49.41910919469397	0.03105093938288411
3.49795431595036	0.01	0.007	0.007	0.007	0.01	0.024570611990378945	0.02219849324189823	0.002897182014696485	0.0015532364438166307	0.016843190998307892	1.1645359344553785	1.3372725467750215	1.0484034130406348	0.37653114202375976	0.20614496422965345	48.98147436462827	0.031004061216798814
3.5420119303443833	0.01	0.007	0.007	0.007	0.01	0.024349945662484614	0.021999132936240867	0.0028456533556481885	0.0015246516799906342	0.016779211029787057	1.1714211594936976	1.3430989969283549	1.0491949207873106	0.37637058625986375	0.20972413177746552	48.543124525102584	0.03095675660266908
3.586543805625778	0.01	0.007	0.007	0.007	0.01	0.024128919362347796	0.021799447389832114	0.002795128355565081	0.0014966669552746504	0.016710609624885617	1.1782523714266706	1.3488224412494518	1.0499541466588096	0.37619165671487065	0.2132922642462937	48.10404240730983	0.03090901611957813
3.631560893111427	0.01	0.007	0.007	0.007	0.01	0.023907525496917336	0.021599429742449546	0.002745573105627658	0.0014692606151846064	0.016637525799775996	1.1850294478976449	1.3544420795205154	1.0506814034399756	0.37599442653856635	0.21684838870911619	47.66421271851164	0.030860830294834316
3.677074272084819	0.01	0.007	0.007	0.007	0.01	0.023685757512642455	0.021399074072996196	0.0026969552882928575	0.0014424120771775336	0.016560094606927214	1.191752224449351	1.3599570537387475	1.0513769778752435	0.37577895679910983	0.2203915376963378	47.22362222539895	0.030812189610804678
3.7230952008750458	0.01	0.007	0.007	0.007	0.01	0.023463609671245902	0.021198375196923826	0.0026492440401748364	0.0014161017410043854	0.016478447175633282	1.198420502669141	1.365366455383858	1.0520411325553352	0.37554529685155263	0.22392075221474844	46.78225930886038	0.030763084453063718
3.7696351083106876	0.01	0.007	0.007	0.007	0.01	0.023241077122715954	0.020997328732177484	0.0026024098884840467	0.0013903109408136677	0.01639271084890322	1.2050340491509788	1.3706693249851498	1.0526741067171765	0.37529348491208075	0.22743508003079582	46.34011410919764	0.030713505122593167
3.816705644392307	0.01	0.007	0.007	0.007	0.01	0.023018155696372552	0.020795930910435162	0.002556424633122817	0.001365021868268884	0.016303009215608604	1.2115926028454143	1.3758646584122163	1.0532761177884131	0.37502354828272044	0.23093357846546692	45.89717811119302	0.03066344178503044
3.864318685867536	0.01	0.007	0.007	0.007	0.01	0.022794841915797923	0.020594178590596975	0.002511261283421119	0.0013402175267325878	0.016209462220037055	1.2180958755538172	1.3809514074631541	1.0538473621398965	0.3747355037446447	0.23441531363973014	45.45344417391577	0.03061288446836563
3.912486364515442	0.01	0.007	0.007	0.007	0.01	0.02257113290983376	0.020392069178375917	0.00246689397820101	0.001315881677102242	0.016112186229900256	1.22454355543293	1.3859284827750786	1.0543880160444097	0.37442935778477604	0.2378793613796304	45.00890635400517	0.03056182303672783
3.961221113221523	0.01	0.007	0.007	0.007	0.01	0.02234702624941461	0.020189600478885503	0.002423297897378639	0.0012919987798353262	0.0160112940644454	1.2309353124463907	1.3907947580291997	1.0548982366765272	0.37410510664426416	0.24132480924341465	44.56355958152923	0.030510247145749844
4.010535658405702	0.01	0.007	0.007	0.007	0.01	0.022122520039548885	0.01998677077973996	0.0023804492287630976	0.0012685539679709998	0.015906895130940957	1.2372707963618255	1.3955490682783473	1.0553781624047887	0.373762736664997	0.24475075459623766	44.1173998428261	0.030458146255158233
4.06044309536896	0.01	0.007	0.007	0.007	0.01	0.021897612636879997	0.01978357859588541	0.002338325066361522	0.0012455329832980243	0.01579909538941928	1.2435496453119324	1.4001902161734705	1.0558279138426898	0.3734022240411082	0.24815630842797812	43.670423619261996	0.030405509554014415
4.110956886733752	0.01	0.007	0.007	0.007	0.01	0.021672302728752344	0.019580022741031815	0.002296903383169122	0.0012229221539479499	0.01568799747650141	1.2497714839153518	1.4047169700779303	1.0562475939793796	0.3730235350375907	0.2515405935890675	43.2226280443375	0.030352325967801207
4.162090918779642	0.01	0.007	0.007	0.007	0.01	0.02144658915703565	0.019376102168487407	0.002256162958993723	0.001200708347954265	0.015573700707168008	1.2559359284722293	1.409128067321073	1.0566372887628346	0.372626625765216	0.2549027468912282	42.774010553515026	0.03029858410483462
4.213859529765218	0.01	0.007	0.007	0.007	0.01	0.021220470878673993	0.01917181593551663	0.002216083337906905	0.0011788789435479617	0.015456301136611708	1.26204258816502	1.41342221426976	1.056997067296202	0.37221144210800955	0.2582419190836371	42.324568805716474	0.030244272232815426
4.266277567833784	0.01	0.007	0.007	0.007	0.01	0.02099394680631931	0.018967163059360553	0.0021766447675754196	0.001157421790071015	0.015335891556869352	1.2680910693673049	1.4175980883939736	1.0573269821354152	0.37177791937659266	0.2615572765585268	41.874300366430376	0.030189378224911686
4.319360427349169	0.01	0.007	0.007	0.007	0.01	0.020767015756156325	0.018762142470099066	0.0021378281613200338	0.0011363251817432293	0.015212561542990426	1.2740809768427228	1.421654337852146	1.057627069291022	0.37132598208297646	0.2648480013913631	41.423202603809486	0.030133889529210214
4.37312412325917	0.01	0.007	0.007	0.007	0.01	0.020539676245291964	0.01855675282760227	0.0020996150373873666	0.0011155778194665072	0.015086397413599167	1.280011918743009	1.4255895833896641	1.0578973483247096	0.37085554335134563	0.26811329349215085	40.97127228567295	0.030077793099148698
4.427585315105599	0.01	0.007	0.007	0.007	0.01	0.020311926518656667	0.018350992545834	0.002061987500487068	0.0010951687959969748	0.014957482311472774	1.285883505342616	1.4294024156874707	1.0581378220242763	0.3703665047124401	0.27135236933827	40.51850563266814	0.03002107537743032
4.4827614210196	0.01	0.007	0.007	0.007	0.01	0.02008376421193854	0.018144859488329515	0.0020249281651780232	0.0010750875499169203	0.014825896076633774	1.2916953570278042	1.4330913984850937	1.0583484763788138	0.36985875506148125	0.274564465821974	40.064897647816956	0.029963722187024918
4.538670652578888	0.01	0.007	0.007	0.007	0.01	0.01985518636749004	0.01793835098256567	0.001988420141463323	0.001055323853725476	0.014691715310028355	1.2974471028215904	1.4366550650267471	1.0585292799956083	0.36933217025823284	0.27774883890229035	39.61044214765151	0.029905718705830874
4.595332138964193	0.01	0.007	0.007	0.007	0.01	0.01962618910052903	0.01773146351838971	0.0019524469661279758	0.0010358677728404572	0.014555013230909018	1.3031383875597162	1.4400919195744388	1.0586801837009097	0.36878661185851597	0.2809047670458214	39.15513109801004	0.02984704934970052
4.652765993541002	0.01	0.007	0.007	0.007	0.01	0.019396767528225452	0.017524192683951764	0.0019169925798963583	0.0010167096497364662	0.014415859678756866	1.3087688720158115	1.4434004338830293	1.0588011197161926	0.36822192631339823	0.2840315507796866	38.69895447234919	0.02978769771677053
4.710993447013301	0.01	0.007	0.007	0.007	0.01	0.019166915455662164	0.017316532881985147	0.00188204126907012	0.0009978400691480762	0.014274320964250948	1.3143382387249507	1.446579046532324	1.0588920008160956	0.3676379434714813	0.2871285154044826	38.24189962652769	0.029727646464427833
4.770036965542748	0.01	0.007	0.007	0.007	0.01	0.018936625157037902	0.017108477132132864	0.0018475776258383288	0.0009792498336592009	0.014130459767194247	1.319846194929913	1.4496261596980662	1.0589527191722474	0.36703447514447096	0.2901950121144734	37.78395086277664	0.029666877203848318
4.829920384683407	0.01	0.007	0.007	0.007	0.01	0.0187058871291258	0.016900016848208334	0.0018135865073246565	0.0009609299388594209	0.013984335010027158	1.3252924757354656	1.452540135229992	1.0589831449731315	0.3664113134456216	0.2932304192242925	37.325088938327276	0.029605370380319077
4.890669133959897	0.01	0.007	0.007	0.007	0.01	0.018474689539321524	0.0166911413395325	0.001780052953588785	0.0009428715266408247	0.013836001526755126	1.3306768538257931	1.4553192931259016	1.0589831247685764	0.3657682280945509	0.2962341470437115	36.8652899664416	0.029543105063053996
4.952310373768113	0.01	0.007	0.007	0.007	0.01	0.018243018064506608	0.016481837665352814	0.0017469621676592128	0.0009250658721857403	0.013685509966409886	1.335999139176854	1.4579619033029776	1.058952479384939	0.365104964526805	0.29920563715916487	36.404525094358014	0.02948005882818054
5.014873293192263	0.01	0.007	0.007	0.007	0.01	0.018010855175264868	0.016272089988165817	0.0017142994191555873	0.0009075043300351446	0.013532906329028533	1.3412591908873286	1.4604661821762914	1.0588910014474455	0.36442124019584227	0.30214436844446607	35.94275907786798	0.029416207480262215
5.078389327441412	0.01	0.007	0.007	0.007	0.01	0.01777817979750206	0.01606187926800417	0.0016820500076254164	0.0008901783125526881	0.013378231729012579	1.3464569192116955	1.4628302823676682	1.0587984524120073	0.3637167415945982	0.30504985756630826	35.479949606079096	0.029351524860460214
5.142892565110024	0.01	0.007	0.007	0.007	0.01	0.01754496635463754	0.015851182397100757	0.0016501991444185693	0.0008730792248322	0.013221521733951441	1.3515923004081563	1.4650522862646993	1.0586745588416384	0.3629911190532846	0.3079216665958784	35.01604539368643	0.0292859824660352
5.20842009926384	0.01	0.007	0.007	0.007	0.01	0.017311184126187092	0.01563997162039558	0.0016187318863542146	0.0008561984277191862	0.013062805888831918	1.3566653828381403	1.4671301925226328	1.0585190080079323	0.36224398195727536	0.3107594056645743	34.55098490193741	0.02921954913356151
5.275012563727753	0.01	0.007	0.007	0.007	0.01	0.01707679606100072	0.015428213463349376	0.001587633002563486	0.0008395271652190023	0.012902106850055873	1.3616763032800787	1.4690619035603967	1.0583314423329588	0.36147489167668057	0.31356274123869077	34.084693974111374	0.029152190541405117
5.342714732591018	0.01	0.007	0.007	0.007	0.01	0.016841757529063524	0.015215867604250888	0.0015568868439273507	0.0008230564936260258	0.012739439443381675	1.3666253020816361	1.470845207839114	1.0581114525988273	0.3606833534934582	0.31633140362578543	33.61708334782902	0.02908386865782585
5.411576301863944	0.01	0.007	0.007	0.007	0.01	0.016606014630553136	0.015002885346525559	0.0015264771660537441	0.0008067771860899517	0.012574809379648562	1.3715127448018958	1.4724777588436104	1.0578585693723705	0.3598688061023292	0.3190651979521663	33.14804528541723	0.02901454101667253
5.481652831867186	0.01	0.007	0.007	0.007	0.01	0.01636950219781147	0.014789207813605428	0.0014963869274120447	0.0007906796242727844	0.01240821170974962	1.3763391465226202	1.47395704751026	1.0575722523166164	0.35903060883298726	0.3217640164216187	32.677449591848486	0.02894415984587
5.553007058309354	0.01	0.007	0.007	0.007	0.01	0.016132140861365593	0.014574763298210627	0.0014665979866424412	0.0007747536365187163	0.012239628563194375	1.3811052105565416	1.4752803694175418	1.0572518760945138	0.35816802399833253	0.3244278583404291	32.20513776854617	0.0288726708442122
5.625710481084463	0.01	0.007	0.007	0.007	0.01	0.015893833606378752	0.014359464151256225	0.001437090760968471	0.0007589883158216674	0.01206902644625575	1.3858118709192389	1.4764447796082794	1.0568967124704842	0.35728019526039767	0.3270568518546193	31.730916150691165	0.028800011704812046
5.699845636166937	0.01	0.007	0.007	0.007	0.01	0.01565446062290397	0.014143202129288105	0.001407843704219904	0.0007433717421098193	0.011896352222540138	1.3904603602322152	1.4774470361487957	1.0565059058616693	0.3563661168872839	0.32965128935570054	31.254545645995833	0.028726109988128586
5.775509075533149	0.01	0.007	0.007	0.007	0.01	0.015413872617079667	0.013925842351448996	0.0013788326411695506	0.0007278906287899424	0.011721527845248516	1.3950522956468516	1.4782835220793131	1.0560784406478279	0.35542459320079456	0.3322116721732026	30.775728405950012	0.028650880334295106
5.852815722182161	0.01	0.007	0.007	0.007	0.01	0.015171880774014435	0.013707214231399626	0.001350029757650136	0.0007125297868889565	0.011544442471949173	1.3995898123680068	1.478950140257383	1.0556130946274727	0.3544541794809623	0.3347387806975826	30.29408782679443	0.02857422037034048
5.9319051535422815	0.01	0.007	0.007	0.007	0.01	0.0149282421882838	0.013487098314434705	0.001321402139727701	0.0006972713505950023	0.011364940988992862	1.4040757577916805	1.4794421628021521	1.0551083719621759	0.35345309657495666	0.33723377657558923	29.809139519918222	0.028496004796326472
6.0129512997591466	0.01	0.007	0.007	0.007	0.01	0.014682637018876461	0.013265205638021917	0.0012929094718537358	0.0006820935573158804	0.011182806034437685	1.4085140013183874	1.4797540098446988	1.0545624011792405	0.35241909923201353	0.3396983666197155	29.320245795622352	0.02841607623074041
6.096178096336968	0.01	0.007	0.007	0.007	0.01	0.014434631158869447	0.013041144005572039	0.0012645002638802566	0.0006669687484946639	0.010997728636676956	1.4129099469313902	1.4798789059772173	1.053972772347667	0.35134926370165503	0.34213507499344975	28.82654128939552	0.02833423040024305
6.181886743104117	0.01	0.007	0.007	0.007	0.01	0.014183610303268711	0.012814358419792463	0.001236105154477396	0.0006518598213733163	0.010809256429816654	1.4172714523198413	1.4798083111578324	1.0533362574628768	0.35023961824719674	0.3445477331869172	28.326801610377288	0.028250190280515584
6.270507818914904	0.01	0.007	0.007	0.007	0.01	0.013928652184931363	0.012584015653829238	0.0012076238695893557	0.0006367133183657512	0.010616693465922086	1.4216106358266396	1.4795308878712692	1.0526482833311723	0.3490844376091273	0.3469424466871912	27.819188818155652	0.0281635565349648
6.36271516870147	0.01	0.007	0.007	0.007	0.01	0.01366824365049498	0.012348748642792796	0.0011788961897423208	0.0006214440407408429	0.010418878770745377	1.4259479353075628	1.4790303672535987	1.0519017963974113	0.34787470339625	0.3493297735064597	27.300687824962733	0.02807369894678236
6.459737664594438	0.01	0.007	0.007	0.007	0.01	0.013399494791178208	0.012105946488898093	0.001149620778226098	0.0006058920207978473	0.010213572768078237	1.4303235669897492	1.4782801019185943	1.0510842092629562	0.3465938979215702	0.35173089583659584	26.7655409869142	0.027979458446284772
6.564569335941103	0.01	0.007	0.007	0.007	0.01	0.013115054976121003	0.011848968251292159	0.001119035123647364	0.0005896528360162647	0.009995054055616294	1.4348430274855934	1.4772230819284489	1.0501657067563896	0.34520170227124414	0.35420218802187486	26.199105239337488	0.027877988231076938
6.696930338904696	0.01	0.007	0.007	0.007	0.01	0.012764534106308593	0.011532289230441745	0.0010818886289287908	0.0005699421611812628	0.009724141017725275	1.4402539390373403	1.475541284865774	1.048956937997651	0.3434328629907906	0.357147479879339	25.501011404862105	0.027750396887668918
6.793882065578185	0.01	0.007	0.007	0.007	0.01	0.012513747173369172	0.011305714111281524	0.0010556679829061147	0.0005560367187667788	0.009529211598475805	1.4440174618434014	1.474075943740429	1.0480388110494145	0.34213024435359873	0.3591861730244818	25.001502757579903	0.02765730951299536
6.883299195732643	0.01	0.007	0.007	0.007	0.01	0.012286823039711143	0.011100698303410874	0.0010321905216285957	0.0005435913685034039	0.009352077632441362	1.4473450723569241	1.4725579780583797	1.0471688608620806	0.3409241919294006	0.3609810852744676	24.549491058148963	0.027571733240601696
6.972094265603547	0.01	0.007	0.007	0.007	0.01	0.012065552665350174	0.010900790462873657	0.0010095190594748428	0.0005315779619539878	0.009178709417280134	1.450518349069418	1.4708991360041914	1.0462840065205505	0.3397225348017784	0.36268532674544124	24.108711282184444	0.027487014340530067
7.0609947325677025	0.01	0.007	0.007	0.007	0.01	0.011848014173276612	0.01070425418755527	0.0009874373803715757	0.0005198814296690448	0.009007660915661818	1.453569115400937	1.4690933742225571	1.045378149783163	0.33851586418924584	0.3643162260407787	23.67533644059703	0.027402455658414048
7.14933573303908	0.01	0.007	0.007	0.007	0.01	0.011635732617681895	0.010512467279254345	0.0009660826961619011	0.0005085740019238527	0.008840185048211349	1.4564799783358693	1.467161229701825	1.0444591282534101	0.3373136078746772	0.3658647316893008	23.252406098157667	0.027318686799464507
7.2369170497726145	0.01	0.007	0.007	0.007	0.01	0.011429033773421369	0.01032572406167152	0.0009454687602041379	0.0004976624927085506	0.008676597930188993	1.4592512448240142	1.4651157482069734	1.0435302956527797	0.3361189115937136	0.36733138271151855	22.840571053697204	0.027235891094862612
7.323811539817793	0.01	0.007	0.007	0.007	0.01	0.011227587194074953	0.010143725994155658	0.0009255447564223384	0.0004871195704224795	0.008516693711723037	1.4618920142156153	1.4629637009956582	1.0425921079895415	0.33493117505547454	0.36872139882484867	22.4391746587623	0.027153992677177337
7.410109561400738	0.01	0.007	0.007	0.007	0.01	0.011031040035593598	0.009966154300167668	0.0009062598149210716	0.0004769179324609176	0.008360241976147445	1.4644111779362272	1.4607105244834895	1.0416446959984693	0.333749518833345	0.3700398514686517	22.047515452578125	0.027072900174108034
7.495888999941892	0.01	0.007	0.007	0.007	0.01	0.010839086062333497	0.009792732311402168	0.0008875695963549341	0.0004670337819787404	0.00820704326312371	1.4668165536843156	1.4583611244304957	1.0406881995573896	0.332573198950421	0.37129120871122806	21.664984673001484	0.026992534970027928
7.581216742366888	0.01	0.007	0.007	0.007	0.01	0.010651459033229104	0.009623219492660613	0.0008694353134448866	0.00045744630150246755	0.008056924843901728	1.469115050879944	1.4559199843697435	1.0397227733558196	0.33140159254348955	0.37247942898586256	21.291053108003158	0.026912829634114187
7.6661500570210555	0.01	0.007	0.007	0.007	0.01	0.010467926863530446	0.00945740616729899	0.0008518228931301448	0.0004481372026970533	0.007909736909611435	1.4713128110540579	1.4533912493506769	1.038748589511617	0.3302341836316492	0.3736080404694394	20.925259486946423	0.026833726467202605
7.750738108660098	0.01	0.007	0.007	0.007	0.01	0.010288286002086545	0.00929510843738423	0.0008347022132184092	0.0004390903169649221	0.007765348763471378	1.4734153323460164	1.450778782275689	1.0377658351613062	0.3290705460718517	0.3746802109768102	20.56719929635702	0.02675517595115277
7.835023823456905	0.01	0.007	0.007	0.007	0.01	0.010112355570139469	0.009136162888375092	0.0008180463623421712	0.0004302911995751377	0.007623644678395172	1.475427584619304	1.4480861879690856	1.0367747028485261	0.32791032092432787	0.37569881170880964	20.216513115523963	0.02667713490326026
7.919043656102362	0.01	0.007	0.007	0.007	0.01	0.009939976287981413	0.008980425619419946	0.0008018313894433056	0.0004217269933596128	0.007484523496607962	1.477354060063708	1.4453168872136495	1.0357754030988493	0.3267532220997225	0.3766664471937375	19.872884491972453	0.026599566597862886
8.0028294654817	0.01	0.007	0.007	0.007	0.01	0.009771005231323189	0.008827767505982515	0.0007860356834871492	0.00041338609774433434	0.007347894793601821	1.4791988652505186	1.442474112678203	1.03476815060179	0.3255990125353832	0.3775855055392504	19.536029501800698	0.026522438948274697
8.086409016869277	0.01	0.007	0.007	0.007	0.01	0.00960531375702195	0.008678072325837975	0.0007706396771817221	0.0004052580095664716	0.0072136775192813635	1.4809657701970629	1.439560936820288	1.033753164829867	0.3244474989047137	0.37845818608853016	19.20569262483226	0.026445723979511327
8.169806647080417	0.01	0.007	0.007	0.007	0.01	0.009442785276443794	0.008531234747413156	0.0007556255532080954	0.0003973331656669352	0.0070817984639841335	1.4826582546773261	1.4365802867238953	1.0327306675923809	0.32329852380496127	0.3792865251583016	18.881642314267644	0.026369397161451476
8.253043742287698	0.01	0.007	0.007	0.007	0.01	0.009283313567546107	0.008387158804834687	0.0007409770148777751	0.0003896028198758579	0.0069521911162806725	1.4842795448283794	1.43353495873213	1.0317008818854265	0.3221519603033906	0.38007241645401296	18.563667638771054	0.02629343692435159
8.336139138041313	0.01	0.007	0.007	0.007	0.01	0.009126801366639466	0.008245756625654114	0.0007266790940220727	0.00038205893995391565	0.006824794712356636	1.4858326437393454	1.4304276306418346	1.0306640309340425	0.32100770737809736	0.38081762811429093	18.251575480931056	0.026217824253452843
8.419109493831456	0.01	0.007	0.007	0.007	0.01	0.008973159117648477	0.008106947300865443	0.000712717982796352	0.0003746941174055965	0.0066995533841990125	1.487320357833865	1.4272608704876197	1.029620336916481	0.319865685567147	0.3815238173423317	17.945188048702732	0.02614254231363302
8.501969572882494	0.01	0.007	0.007	0.007	0.01	0.008822303991280901	0.007970655998771945	0.0006990808979791084	0.00036750149464623267	0.0065764155032375215	1.4887453183972137	1.4240371452743206	1.028570020347011	0.3187258338079069	0.382192542381701	17.64434092416884	0.02606757616609581
8.584732500350484	0.01	0.007	0.007	0.007	0.01	0.008674159017829431	0.007836813181514532	0.0006857559620352983	0.000360474701185133	0.006455333096754283	1.4901100002259127	1.4207588276293965	1.0275132993057066	0.3175881064800014	0.382825272851956	17.348881338176284	0.025992912509328853
8.667409929923139	0.01	0.007	0.007	0.007	0.01	0.008528652446564013	0.007705354026314288	0.0006727321100077744	0.00035360780357525585	0.006336261432680497	1.4914167366713258	1.4174282036482833	1.0264503894814805	0.31645247163085344	0.38342339815872495	17.058666896258956	0.02591853950672077
8.750012289489517	0.01	0.007	0.007	0.007	0.01	0.008385717016031594	0.007576217766222994	0.0006599989929522333	0.0003468952536626661	0.006219158517658546	1.4926677342401085	1.4140474755812675	1.0253815029084474	0.3153189080510814	0.3839882354876774	16.773564126354493	0.025844446546239918
8.832548887595884	0.01	0.007	0.007	0.007	0.01	0.008245289516642192	0.00744934729494139	0.0006475469114697212	0.00034033185281047873	0.006103984822124356	1.4938650834592426	1.4106187683636162	1.0243068482337712	0.31418740421090263	0.38452103589411046	16.493447609027832	0.025770624128492077
8.915028050970449	0.01	0.007	0.007	0.007	0.01	0.008107310332125875	0.007324688752547872	0.0006353667505169749	0.00033391271688301336	0.005990702978362544	1.4950107690839662	1.407144133552052	1.0232266303868989	0.3130579567245316	0.3850229899491983	16.21819906520844	0.02569706372895392
8.997457249659842	0.01	0.007	0.007	0.007	0.01	0.007971723035023687	0.007202191160044115	0.0006234499218482942	0.0003276332453291467	0.005879277514189995	1.4961066790539366	1.40362555254396	1.022141050228455	0.31193056894821397	0.38549523268123426	15.947706551382868	0.025623757673492665
9.07984318828134	0.01	0.007	0.007	0.007	0.01	0.007838474066374002	0.007081806129967434	0.0006117883163157022	0.00032148909552693136	0.005769674648330373	1.4971546120810528	1.40006494019229	1.021050304490045	0.31080525001156173	0.3859388477881179	15.681863822467825	0.02555069904595076
9.162191874600085	0.01	0.007	0.007	0.007	0.01	0.007707512473857915	0.006963487629818161	0.0006003742633509596	0.0003154761609687365	0.00566186212753931	1.4981562842195364	1.3964641485555556	1.0199545858880166	0.3096820141314684	0.38635487130434937	15.420569811084782	0.025477881617267904
9.244508731031999	0.01	0.007	0.007	0.007	0.01	0.007578789601231413	0.006847191701476385	0.0005892004880173875	0.00030959054821579345	0.005555809018136166	1.499113335314447	1.3928249680299405	1.0188540825552532	0.3085608793177711	0.38674429511130004	15.16372800943787	0.02540529973795792
9.326798645606729	0.01	0.007	0.007	0.007	0.01	0.007452258893604363	0.006732876285281306	0.0005782600797917845	0.0003038285600762502	0.005451485587929921	1.5000273341049486	1.389149130442646	1.0177489781764462	0.3074418668872679	0.3871080697877642	14.91124608213613	0.025332948285516483
9.409066000736644	0.01	0.007	0.007	0.007	0.01	0.007327875748969018	0.00662050108589486	0.0005675464666789049	0.0002981866816288757	0.005348863222172485	1.5008997826523318	1.3854383126326366	1.0166394523445053	0.3063250012609631	0.387447107115212	14.663035571166047	0.025260822632106262
9.491314756131182	0.01	0.007	0.007	0.007	0.01	0.007205597298854332	0.00651002737413341	0.0005570533844110072	0.0002926615636915369	0.005247914277444183	1.501732120958567	1.3816941371401474	1.015525680118182	0.30521030901015206	0.38776228258498624	14.419011459309019	0.025188918565477517
9.573548493290831	0.01	0.007	0.007	0.007	0.01	0.007085382261158182	0.0064014178540088415	0.0005467748530004492	0.0002872500101923511	0.005148611991679805	1.502525730755284	1.3779181741625182	1.0144078320279508	0.30409781841412553	0.38805443750235435	14.179091877455173	0.025117232244636304
9.655770448902143	0.01	0.007	0.007	0.007	0.01	0.00696719081880173	0.006294636553099004	0.0005367051564538944	0.0002819489672316263	0.005050930412654032	1.5032819388704624	1.3741119436598574	1.0132860741777188	0.3029875591571072	0.388324380869533	13.943197863348978	0.02504576016586301
9.737983542625248	0.01	0.007	0.007	0.007	0.01	0.006850984514131482	0.006189648727145281	0.0005268388246652462	0.00027675551331392696	0.0049548443369497415	1.5040020202799456	1.3702769174153164	1.0121605683759467	0.30187956209052486	0.3885728910988702	13.711253151679214	0.024974499134127314
9.820190426526402	0.01	0.007	0.007	0.007	0.01	0.006736726120182009	0.006086420743744702	0.000517170614105712	0.00027166684896788183	0.0048603292275334565	1.504687201102876	1.3664145198058806	1.0110314719273057	0.3007738586950771	0.3888007176502401	13.483183917902531	0.024903446216274855
9.902393485407483	0.01	0.007	0.007	0.007	0.01	0.006624379587821533	0.005984920034599029	0.0005076954956360857	0.0002666802901336397	0.004767361191995745	1.5053386609514754	1.3625261306178018	1.0098989380584538	0.2996704811969351	0.38900858239628244	13.258918673456835	0.024832598737240197
9.984594902382769	0.01	0.007	0.007	0.007	0.01	0.0065139099081229996	0.005885114971173391	0.000498408635758641	0.0002617932581141677	0.0046759168889136705	1.5059575356305261	1.358613084576792	1.0087631154134862	0.2985694617998807	0.38919718105716083	13.038387991694009	0.024761954220302446
10.0	0.01	0.007	0.007	0.007	0.01	0.006493413174418244	0.005866596963027758	0.000496688780059425	0.0002608882654593478	0.0046589433271145494	1.5060699809004408	1.3578771146590765	1.0085499002241034	0.29836338811016533	0.3892304370938122	12.997469030359122	0.024748737341529176
