0.0	0.01	0.007	0.007	0.007	0.01	0.0	0.0	0.0	0.0	0.0	0.0	0.0	0.0	0.0	0.0	100.0	0.035
0.007000024639002798	0.01	0.007	0.007	0.007	0.01	0.0027252448641589258	0.005737991741089438	0.0038208787767211668	0.0012850551516808352	8.811323549954122e-5	0.00011062354102677965	0.00034218882225414145	0.0002586297991755882	6.819093281351902e-5	2.6563993618571882e-6	99.85978517227315	0.03499150994704596
0.012260956398167985	0.01	0.007	0.007	0.007	0.01	0.004667593304468704	0.00962368422052757	0.00656426262179358	0.002225963990662554	0.00013988044825562275	0.00033410397942933585	0.00101900092312759	0.000782703215251283	0.00020749551886061973	7.6265686386541e-6	99.75453487018102	0.03498513052660689
0.019758400033495015	0.01	0.007	0.007	0.007	0.01	0.007287202256417365	0.014594416111069475	0.0102925121878773	0.003530913652586766	0.00019714264052322938	0.0008486055786541035	0.002538079432708623	0.0019936946197254995	0.0005325952845671621	1.8088659739744433e-5	99.60473253414412	0.03497604111541413
0.02719766294053309	0.01	0.007	0.007	0.007	0.01	0.009723527018952736	0.01893806971125472	0.013790948087606739	0.004785038887183325	0.0002392474841834888	0.001573273827515552	0.004617894960174027	0.0037064423357263633	0.0009975845649114643	3.14606394274864e-5	99.45631502421584	0.03496702457282284
0.03586005890631764	0.01	0.007	0.007	0.007	0.01	0.012368999494416397	0.02334816213680848	0.01762598374536856	0.006195754783606694	0.00027474293494361506	0.0026672519134932947	0.0076653268932875725	0.006303458030078129	0.0017112016840291862	4.975525513756229e-5	99.2837739761479	0.03495652849634265
0.04496085768016242	0.01	0.007	0.007	0.007	0.01	0.014941660070353732	0.02732897162387931	0.021394183583177028	0.007622072059972637	0.0003007764809773994	0.004085031124637862	0.011491967694118916	0.009684968620361972	0.00265260004685505	7.121073787684025e-5	99.10282307574779	0.03494550460851698
0.05488780206088187	0.01	0.007	0.007	0.007	0.01	0.017524427009643545	0.031017723779509735	0.0252181125396597	0.00911468779651999	0.0003200394467899511	0.00591957398616473	0.016285420813624687	0.014081701161013637	0.0038936051839438537	9.638899347903949e-5	98.90582198700035	0.03493348396648138
0.06538112286915551	0.01	0.007	0.007	0.007	0.01	0.02002126505401904	0.0342880436251066	0.02895596297565321	0.010623016935058875	0.00033337728506095676	0.008157084434948876	0.021941095958200502	0.019470757677433823	0.005436902894716829	0.0001243247829323995	98.69800685141288	0.03492078198869605
0.07655496247117302	0.01	0.007	0.007	0.007	0.01	0.022438840638658003	0.03717454053989101	0.032615159516694976	0.012153138002001962	0.00034234625066827167	0.010845213845441737	0.028512781112214156	0.02597717402981142	0.007328476288557187	0.0001550052637288577	98.4771943929272	0.034907261332494825
0.08832983377527882	0.01	0.007	0.007	0.007	0.01	0.02474141100187536	0.039664228114115484	0.03613717655559737	0.013683308820830466	0.00034803825641521307	0.01398501935050147	0.03593695826628196	0.03361379752413399	0.009583566595455116	0.00018794745499449696	98.24503917823611	0.034893019076090985
0.10074740273238832	0.01	0.007	0.007	0.007	0.01	0.02692301651069105	0.04178580515056848	0.039505970846546834	0.015208310337290712	0.0003514198719158347	0.0176015162565376	0.04421078545124851	0.042450881879592256	0.012235473704493256	0.00022304695614362832	98.00080532877755	0.034878005742122936
0.11379638412907016	0.01	0.007	0.007	0.007	0.01	0.028969838156010695	0.043562200937314596	0.042691060631123774	0.016715647314660378	0.0003532018067730484	0.021701805256736303	0.053292263986307375	0.052513815472044305	0.015305582044225956	0.0002600981017499293	97.74480682377549	0.03486223596619405
0.12750814084762016	0.01	0.007	0.007	0.007	0.01	0.03087760429908561	0.04502666766145091	0.04567430371158941	0.018197479240039054	0.00035391395725482426	0.02630215097178666	0.06316429863500451	0.06384826025578678	0.018822707449849922	0.0002990546992978364	97.47652631023283	0.03484567290465439
0.14190377846086508	0.01	0.007	0.007	0.007	0.01	0.03264183139346427	0.04621160475795186	0.04843493502424692	0.019643939854680516	0.00035393191430322664	0.03141313382118185	0.07380141963225029	0.07648286769328602	0.022811864372555356	0.0003398723883814803	97.19565748749329	0.03482829221948232
0.15702323934175327	0.01	0.007	0.007	0.007	0.01	0.034261652807786244	0.04715053277215024	0.050955629855904655	0.021046159928083907	0.00035352237804986213	0.03704963082064971	0.08519169142099538	0.09045268894337824	0.02730151128146203	0.00038258344269184	96.901537687527	0.03481004695469972
0.17290937877899956	0.01	0.007	0.007	0.007	0.01	0.035737157850979986	0.04787520187818316	0.05321847438746959	0.022394323903923197	0.0003528807283233872	0.043225934440827694	0.09732614541666675	0.1057858215772387	0.03231946556138934	0.00042724571921380524	96.59346245872217	0.0347908868051289
0.18961708161981508	0.01	0.007	0.007	0.007	0.01	0.03707005424752031	0.04841547144662265	0.055206158749196814	0.023678336586098164	0.00035216518212499796	0.04995941451735262	0.11020601185587654	0.12251090130741138	0.037895384724750306	0.000473965199977369	96.27051157531007	0.034770747152536474
0.20720860079309858	0.01	0.007	0.007	0.007	0.01	0.0382628490471218	0.04879852844762061	0.056900938049496315	0.02488721167846149	0.00035152748032150037	0.05726900816944885	0.1238393049741723	0.14065150250532069	0.04405905874677722	0.0005228828699996909	95.93164387231563	0.03474955473745416
0.2257564138454425	0.01	0.007	0.007	0.007	0.01	0.03931885278344718	0.049048753775713584	0.05828497231728247	0.026009177006292145	0.00035114128504830166	0.0651764430724758	0.13824281581031267	0.16022699430534426	0.050840774285317365	0.000574186876435152	95.57564669813814	0.0347272242686512
0.2453413096096809	0.01	0.007	0.007	0.007	0.01	0.04024187493576877	0.0491875987171706	0.059340373076983186	0.02703149524220213	0.0003512304316319057	0.0737054142641786	0.15344021910372627	0.18124799218645452	0.05826980880215916	0.0006281166600986656	95.2011781454294	0.034703660789261376
0.2660515938157462	0.01	0.007	0.007	0.007	0.01	0.04103613667334487	0.04923365607511171	0.06004981982844674	0.02794052975491503	0.00035209838708854396	0.08288103814516282	0.16946088323759986	0.2037122446474505	0.0663729071765445	0.0006849773199058624	94.8067878018812	0.034678760696631575
0.28797824897656377	0.01	0.007	0.007	0.007	0.01	0.04170614718565952	0.04920281643136297	0.060397525973654796	0.0287218465994952	0.0003541598552441944	0.09272737656530343	0.1863354920846334	0.22759574642672556	0.07517078995775686	0.000745152254844111	94.3910143037914	0.03465241762476427
0.31120524636753616	0.01	0.007	0.007	0.007	0.01	0.04225667751017597	0.04910854093906295	0.06037097275487741	0.029360572052782606	0.00035797326507263564	0.10326260183067608	0.2040880724915642	0.25283870810142434	0.08467223440712944	0.0008091144678004727	93.95257230183105	0.034624534124699416
0.33578864549899035	0.01	0.007	0.007	0.007	0.01	0.042692822370830864	0.04896227184455244	0.05996382614790558	0.02984214422318592	0.00036426764476278227	0.11448896649798758	0.22271997058980186	0.2793210215786573	0.09486323575119411	0.0008774199325651713	93.49074453248353	0.034595046734211425
0.3617196455154319	0.01	0.007	0.007	0.007	0.01	0.04302030254743468	0.04877402490464657	0.05918070714433894	0.03015389066501321	0.0003739466766989146	0.12637554587090225	0.24218293356807988	0.3068254659338499	0.10568973370465723	0.0009506637779977783	93.00606049961446	0.03456397013285101
0.3888777197051693	0.01	0.007	0.007	0.007	0.01	0.04324617978116964	0.04855308886811407	0.05804363757535929	0.030287901091673966	0.0003880415244535768	0.13883708829747907	0.26234703732613673	0.3350010017820829	0.11703791064923731	0.0010293948788802556	92.5011345560797	0.03453145289197609
0.4170183569578161	0.01	0.007	0.007	0.007	0.01	0.0433798862795353	0.04830837065449619	0.056596384349484156	0.030244743020377406	0.0004076062207273388	0.15173015785425006	0.2829968583003577	0.36337656488800923	0.1287329041540186	0.0011140797788484966	91.9808322801133	0.03449779146810734
0.4458416625107803	0.01	0.007	0.007	0.007	0.01	0.043433538760318455	0.04804787781583941	0.05490012474560396	0.030035253308020697	0.0004336207043548241	0.16488770020795576	0.30388704157084984	0.3914629468422427	0.14057551000266494	0.0012052430739785379	91.45094173195373	0.03446334746301501
0.47508429118843665	0.01	0.007	0.007	0.007	0.01	0.04342067153607778	0.04777792285139382	0.053021829096660485	0.029678267456813383	0.0004669641831371807	0.17816392165887837	0.32481066470651104	0.41886341083534473	0.15238872535846604	0.0013036684317889605	90.91646179187417	0.03442843750877419
0.5045443293507764	0.01	0.007	0.007	0.007	0.01	0.04335443616435563	0.04750305187068444	0.05102506124477711	0.029196639518837452	0.0005084137708003274	0.19144680709245906	0.3456150169893724	0.44529856859074946	0.16403291908167786	0.0014104229699487408	90.38116678109486	0.03439330376791393
0.5340783133054335	0.01	0.007	0.007	0.007	0.01	0.04324648206249034	0.04722634259463141	0.048964907972344755	0.028613957661264837	0.0005586555452150941	0.2046565417706561	0.36619637554805984	0.4705943861182958	0.1754059746444952	0.001526816921390694	89.84769171323023	0.03435811782862211
0.5635848228486577	0.01	0.007	0.007	0.007	0.01	0.04310656253218919	0.04694983123053217	0.04688653521861141	0.027952587502396677	0.0006182882702916244	0.21773721348096292	0.3864857089820495	0.49465526247284375	0.1864359165428629	0.001654328579810098	89.31785736938572	0.03432300056819328
0.5929947912302908	0.01	0.007	0.007	0.007	0.01	0.04294255551334743	0.046674822477389355	0.04482519627559915	0.02723260178651051	0.0006878337017181466	0.23065140174683857	0.40643988220426686	0.517444002241649	0.19707525135710321	0.0017945581656680747	88.79286571973559	0.03428803392376823
0.6222624546920117	0.01	0.007	0.007	0.007	0.01	0.042760678151808056	0.046402130042210096	0.04280726810883844	0.02647137157284947	0.0007677432272946828	0.2433751278419651	0.4260339191509999	0.5389641700743818	0.20729526349005514	0.001949187460768376	88.27347778711398	0.034253271835431254
0.6513597437747892	0.01	0.007	0.007	0.007	0.01	0.0425657546166204	0.04613223289246011	0.04085156179470583	0.02568351036408768	0.000858405980319545	0.25589449595636216	0.4452561079003579	0.5592473997835596	0.21708168781312703	0.002119956055900737	87.76012502354774	0.03421874704152064
0.6802715742957314	0.01	0.007	0.007	0.007	0.01	0.04236148307431125	0.04586538584563875	0.03897074184760693	0.024881047580283155	0.0009601541334624775	0.26820291066463947	0.46410406242195157	0.5783434120259088	0.22643097530307565	0.0023086428265215848	87.25300118560557	0.03418447676623208
0.7089928213583993	0.01	0.007	0.007	0.007	0.01	0.04215066832850129	0.04560168960887787	0.037172610803918066	0.024073692913128997	0.001073268541463334	0.2802991935887212	0.48258216252512737	0.5963130087354159	0.23534748230291366	0.0025170566241003722	86.75212180102933	0.034150466379985596
0.7375254583518996	0.01	0.007	0.007	0.007	0.01	0.04193542038459644	0.04534114325514115	0.03546126673315865	0.02326915687904962	0.0011979808965578839	0.2921859184848046	0.5006992937037166	0.6132226413037803	0.24384107036366887	0.0027470269277237763	86.25737874344478	0.03411671284182655
0.7658768961778715	0.01	0.007	0.007	0.007	0.01	0.041717311135714225	0.045083675542785716	0.03383803113852892	0.02247345353935076	0.0013344768766822656	0.30386837610735573	0.5184675063855324	0.629140910113524	0.2519254165633074	0.0030004010811937373	85.76857230631155	0.034083206702823894
0.7940587063015827	0.01	0.007	0.007	0.007	0.01	0.04149749820672062	0.04482916650132714	0.032302200852997086	0.02169118256357664	0.0014828986430074713	0.3153537892482403	0.5359010120625309	0.6441361355291365	0.2596167075702971	0.0032790437487942516	85.28543562346154	0.034049933644115585
0.8220856085911864	0.01	0.007	0.007	0.007	0.01	0.04127682182938638	0.044577462755894325	0.030851643875370746	0.02092578168269462	0.0016433466231329393	0.32665070767997645	0.5530154147862872	0.6582747157950316	0.26693263771291675	0.0035848375918999436	84.80765376484979	0.0340168756933636
0.8499747806719414	0.01	0.007	0.007	0.007	0.01	0.041055879106264376	0.04432838756758435	0.02948325615270442	0.020179742934845698	0.0018158813708748203	0.3377685880463918	0.569827191780377	0.6716201225197548	0.2738916808438183	0.003919685999439659	84.33487676132398	0.033984012055195724
0.8777453251527327	0.01	0.007	0.007	0.007	0.01	0.04083508115710597	0.04408174799448227	0.028193309985275087	0.019454796601580494	0.0020005251045088907	0.3487174770433547	0.5863533049542318	0.6842323038954282	0.2805125494304533	0.004285516704895619	83.86672954927133	0.033951319750955444
0.9054181581700186	0.01	0.007	0.007	0.007	0.01	0.04061469457632321	0.043837337417113126	0.02697770254463605	0.018752057860859837	0.0021972651390000193	0.3595078892569771	0.6026110859774837	0.6961675039570275	0.2868138665799667	0.004684290504373284	83.40281455331194	0.03391877375947096
0.9330152454295162	0.01	0.007	0.007	0.007	0.01	0.040394878583205646	0.04359494328527568	0.025832170055677423	0.018072166508028165	0.0024060520151285856	0.3701504505794374	0.6186177521623918	0.7074779484132144	0.2928137745207686	0.005118000493528833	82.94272504644798	0.03388634792337876
0.9605599238088881	0.01	0.007	0.007	0.007	0.01	0.04017570625240149	0.04335434490976994	0.02475240348774015	0.017415378048065727	0.002626804440457528	0.38065598240716586	0.6343905747802846	0.7182121107892369	0.29852986292407613	0.005588685997644042	82.48604013861416	0.03385401457669454
0.9880765951104492	0.01	0.007	0.007	0.007	0.01	0.03995718518684161	0.04311531662240953	0.02373415540020918	0.016781653543561436	0.002859409475152586	0.39103534902194687	0.6499466803892003	0.7284147558462856	0.30397899830970676	0.00609843811315281	82.03233027263352	0.03382174491063581
1.015590898280505	0.01	0.007	0.007	0.007	0.01	0.03973927016510588	0.0428776266287259	0.022773298865809446	0.016170723167429332	0.0031037259759056648	0.4012994952060279	0.6653031305195851	0.7381272078062733	0.3091772919601444	0.006649413376882747	81.58115473776243	0.03378950877725368
1.0431297253236222	0.01	0.007	0.007	0.007	0.01	0.03952187383681999	0.04264103719369944	0.021865872386806894	0.015582141755269879	0.003359586601388983	0.41145942582329464	0.6804769077097631	0.7473875610834924	0.3141400566212625	0.007243846074582767	81.13206183143558	0.03375727467730622
1.070721437765768	0.01	0.007	0.007	0.007	0.01	0.03930487341188197	0.042405303093032996	0.021008102764028345	0.015015330236560728	0.0036268013304103126	0.4215262603509113	0.6954850085085319	0.7562309566495611	0.3188818164943716	0.00788406595524993	80.68458580092884	0.03372500951409272
1.0983960841865341	0.01	0.007	0.007	0.007	0.01	0.03908811552802693	0.042170170102650534	0.02019641798057417	0.014469609604761782	0.0039051608690148436	0.43151128430235486	0.7103445270703103	0.7646898380760144	0.3234163231116442	0.008572518381742358	80.23824390178372	0.033692678347800244
1.1261857586821373	0.01	0.007	0.007	0.007	0.01	0.03887141865644204	0.04193537235864503	0.01942744904712736	0.013944226200493062	0.004194441255587294	0.44142604659552087	0.7250728029740797	0.7727942262031752	0.32775659612456903	0.009311790750403701	79.79253133916637	0.033660243987275525
1.1541250454819247	0.01	0.007	0.007	0.007	0.01	0.03865457384460876	0.041700629100638875	0.018698025742152	0.013438371165188435	0.0044944091970546655	0.45128247926974896	0.7396875979711814	0.7805719848424967	0.3319149722780804	0.010104645279011133	79.34691505522275	0.03362766648425773
1.182251626939502	0.01	0.007	0.007	0.007	0.01	0.038437343485950834	0.041465640189911876	0.01800516655497535	0.012951194077376566	0.004804828907786734	0.4610930635930629	0.7542073370994941	0.7880490927696803	0.33590316872903325	0.010954061688296168	78.90082520039547	0.03359490244096797
1.2106070772186406	0.01	0.007	0.007	0.007	0.01	0.03821945819183418	0.04123008027791058	0.017346064673943708	0.012481811918359469	0.005125470668168887	0.4708710453462114	0.7686514175049762	0.7952499179063935	0.3397323564351908	0.011863292676120588	78.45364404827762	0.033561904106570534
1.239237972378754	0.01	0.007	0.007	0.007	0.01	0.038000610980560956	0.04099359061830209	0.016718069199348373	0.012029312741272082	0.0054561224629724675	0.4806307380610331	0.7830406410494404	0.802197515577171	0.34341325308109194	0.01283593929072555	78.0046904397729	0.03352861811237495
1.268197382580966	0.01	0.007	0.007	0.007	0.01	0.03778044850411004	0.04075576810128665	0.016118662829395364	0.011592754908215092	0.005796605291807319	0.4903879269507089	0.7973977873648199	0.8089139489832001	0.3469562320597169	0.01387605301325048	77.55319895462391	0.033494983772437044
1.297547034546238	0.01	0.007	0.007	0.007	0.01	0.03755855736119726	0.04051614931038368	0.015545433025736417	0.011171159748018373	0.006146795154539023	0.5001604575064592	0.8117484478735414	0.8154206761122084	0.3503714679609112	0.01498828117626747	77.09828963233235	0.03346093061914967
1.3273604836085688	0.01	0.007	0.007	0.007	0.01	0.03733444325316396	0.04027418711053116	0.014996034638886298	0.010763496105121364	0.0065066551718614175	0.5099690997501117	0.8261222490428164	0.82173903888928	0.3536691333009794	0.01617807920223073	76.63892351102253	0.033426374787204664
1.357728010573898	0.01	0.007	0.007	0.007	0.01	0.03710749806604149	0.04002921440790155	0.014468137500939159	0.010368651900570267	0.0068762853278402595	0.519838888554258	0.8405547498696062	0.8278909451423877	0.3568596878450889	0.01745203511548046	76.17383380634027	0.03339121342830538
1.3887645881063584	0.01	0.007	0.007	0.007	0.01	0.03687694558694166	0.039780385015052266	0.013959346859161613	0.00998538344558859	0.007256004035970098	0.5298013159110594	0.8550905477168432	0.8338999094331012	0.3599543366753658	0.01881839246012862	75.7014136146688	0.033355315619597245
1.4206238335028023	0.01	0.007	0.007	0.007	0.01	0.03664174556168216	0.0395265696967022	0.01346706911057456	0.009612221354480378	0.007646492790633561	0.5398981973230716	0.8697887626946473	0.8397928216663656	0.3629658285173114	0.020287955530291193	75.21951850723491	0.03331850642946755
1.453524874926799	0.01	0.007	0.007	0.007	0.01	0.0364004077563687	0.03926615522593193	0.012988256526274005	0.009247281903872789	0.00804907896396081	0.5501891724268808	0.8847336924939486	0.8456033265038271	0.36591000690287945	0.021875810843656477	74.72508494848738	0.03328053621467307
1.487811776651797	0.01	0.007	0.007	0.007	0.01	0.03615057847791021	0.038996598051512246	0.012518838417116889	0.008887835069276491	0.008466372253375253	0.5607684322252173	0.900058612842902	0.8513793619609195	0.3688093121835865	0.023605081395139338	74.21328274413406	0.03324101265848515
1.5241194798765156	0.01	0.007	0.007	0.007	0.01	0.035887879811297735	0.03871317187542178	0.012052092901797	0.008529052597656451	0.008904077701394864	0.5718118810001837	0.9160130127897996	0.8572046673521044	0.3717028774970029	0.02551722533753187	73.67513681807154	0.03319921083048353
1.5640673129058955	0.01	0.007	0.007	0.007	0.01	0.03560103685891303	0.03840371086384317	0.011571660006954669	0.008158610124367733	0.009378711626207287	0.5837759304735226	0.9332464881952228	0.8632906895898915	0.37469000548381387	0.027714377430039926	73.08754522399168	0.03315327877836133
1.619921431101063	0.01	0.007	0.007	0.007	0.01	0.03520380575718799	0.037975175019344595	0.010952532596771425	0.007680086397987518	0.010026323242039966	0.6001817494522692	0.9567890200552164	0.8712753317124236	0.37854717428386137	0.030943295314676024	72.27383694217993	0.03308916418763439
1.6558315980850118	0.01	0.007	0.007	0.007	0.01	0.0349507533711828	0.03770218771739932	0.01058381934976324	0.007394814554703133	0.010430835345040157	0.6105346480213082	0.9715907286495682	0.8761098263630449	0.38084499923766746	0.0331111341562853	71.75547219787806	0.03304800863247634
1.6977797328478983	0.01	0.007	0.007	0.007	0.01	0.034657451793129734	0.03738578554907877	0.010179449574837046	0.007081988077869701	0.010889766904585325	0.6224385846003916	0.9885557282007499	0.8814827138396595	0.38336223017138027	0.0357293819874939	71.15465530973728	0.032999997962948564
1.7342151627079834	0.01	0.007	0.007	0.007	0.01	0.034404691434366495	0.03711312085882941	0.009849419565680237	0.006826887429024229	0.011275405286662222	0.6326147654696214	1.0030110212108512	0.88592436908665	0.38541191970639843	0.03807457870172549	70.63688004251743	0.0329583533240167
1.7717741729078789	0.01	0.007	0.007	0.007	0.01	0.034146065011684136	0.03683413041347726	0.00952820000940283	0.006578950222723889	0.011659358909928327	0.6429482180909887	1.0176436778023377	0.8902974061266257	0.38740022641112803	0.04055704225141827	70.10708134411443	0.032915479474407004
1.8072016612443345	0.01	0.007	0.007	0.007	0.01	0.03390389760298446	0.03657289648447591	0.009241568568752842	0.0063581351736592085	0.012008233612249012	0.6525517066885441	1.0311998906406081	0.894241905017328	0.3891666671297537	0.04295529080745237	69.61099170703429	0.032875089886347825
1.8425163362314365	0.01	0.007	0.007	0.007	0.01	0.0336642105979237	0.036314339336755784	0.008970513893988107	0.006149799659448578	0.012342649071331762	0.6619879367127506	1.0444787256583699	0.8980092438542481	0.39082827493971767	0.04539701161994825	69.1199754817804	0.03283487823710367
1.8768214426535654	0.01	0.007	0.007	0.007	0.01	0.03343299854743596	0.03606492513277511	0.008720259433707524	0.005957956277672737	0.01265439017418526	0.6710255639071705	1.057157230736664	0.9015198353551347	0.39235283201694704	0.04781439287243315	68.6463129337541	0.03279586324706499
1.9107882561790468	0.01	0.007	0.007	0.007	0.01	0.03320563154049158	0.03581965922874539	0.008484295484476496	0.005777588938640492	0.01295008008663357	0.6798506873721848	1.0694994091354117	0.904858490688377	0.39378013586020577	0.05024883197100682	68.18051942578813	0.032757278670503806
1.9442002078312808	0.01	0.007	0.007	0.007	0.01	0.03298348775963083	0.03558002813802689	0.008262918938516488	0.005608896559235962	0.013228195796316245	0.6884134882955991	1.0814376725035466	0.9080158799517298	0.39510851847442985	0.05268013184600619	67.72541853846634	0.03271936867793615
1.9773105870685082	0.01	0.007	0.007	0.007	0.01	0.03276481566375829	0.035344142318850455	0.008053377835203072	0.00544974596473919	0.0134912641417063	0.6967849394377594	1.0930729545370415	0.9110267287581308	0.3963547518697746	0.05512238683681968	67.27742216652344	0.0326818441377543
2.0100945302129976	0.01	0.007	0.007	0.007	0.01	0.03254972845510562	0.035112123801196424	0.007854957262642757	0.005299557484161331	0.01373943995616008	0.7049634595179405	1.1044046263551306	0.9138975141372545	0.3975233479345448	0.05757003094222675	66.83676243293597	0.03264473195421371
2.0426664883871197	0.01	0.007	0.007	0.007	0.01	0.032337430962943045	0.034883114759002326	0.007666205725151151	0.0051571936840723205	0.013973943698121966	0.7129817323762557	1.1154793717686862	0.9166459117798118	0.3986231621152008	0.060028204098331726	66.40181043804618	0.032607901477900984
2.075050414898706	0.01	0.007	0.007	0.007	0.01	0.03212773237898471	0.0346569093198295	0.007486342828953254	0.005022027699058779	0.014195268363512816	0.720849003819513	1.1263111169303979	0.9192804053796586	0.39965904865811813	0.062495660838473015	65.97217543642527	0.03257132481074642
2.1073096508020717	0.01	0.007	0.007	0.007	0.01	0.031920193879044954	0.034433034083972656	0.007314458047456035	0.004893337196584639	0.014404156194460567	0.7285835156536625	1.1369259803928597	0.9218117898661168	0.4006365722628434	0.06497442171161485	65.54695852108344	0.03253492976974681
2.139476234044278	0.01	0.007	0.007	0.007	0.01	0.031714587023819296	0.03421124260606213	0.007149897152876418	0.004770595339104092	0.01460110372412585	0.7361952927480807	1.147338561749715	0.9242474549017595	0.4015597711546049	0.06746436905013665	65.12569179615365	0.03249867975262085
2.1715921562322813	0.01	0.007	0.007	0.007	0.01	0.03151062592025334	0.03399122647062745	0.0069920209017927505	0.004653289341191832	0.014786644762849774	0.7436962271826664	1.1575658467276768	0.9265948585510537	0.4024325493784009	0.06996635207598162	64.70778962363248	0.03246252712176857
2.203686579537914	0.01	0.007	0.007	0.007	0.01	0.03130811242545756	0.033772771924294516	0.00684031284003623	0.004541000775067597	0.01496121077872201	0.7510947263848621	1.1676199001042997	0.9288598849060393	0.4032580743818967	0.07248039566113675	64.29284613086955	0.032426438869077735
2.2357900950336576	0.01	0.007	0.007	0.007	0.01	0.03110684432105677	0.033555660820755936	0.006694297503278209	0.004433344313951702	0.015125221064985246	0.7583991452737496	1.1775125810508786	0.931048013889922	0.4040392414671627	0.07500677627361922	63.880447071762035	0.03239038052874445
2.2679275483908414	0.01	0.007	0.007	0.007	0.01	0.030906660066259153	0.03333971889575801	0.006553567482510177	0.004329987530052853	0.015279045698022256	0.7656161764188124	1.1872533712792102	0.9331638843465407	0.40477853185771756	0.07754543853177084	63.470261526155284	0.03235432423037153
2.3001228195681604	0.01	0.007	0.007	0.007	0.01	0.030707408091849173	0.03312478264340446	0.006417754681881761	0.004230629369873665	0.01542303417299546	0.772751997225355	1.1968509502053681	0.9352116956908922	0.4054781748743471	0.08009635069374137	63.06197898660486	0.03231824330934117
2.332396742149781	0.01	0.007	0.007	0.007	0.01	0.03050895931019695	0.03291071281043475	0.0062865344335193375	0.004135002933954721	0.015557507586285626	0.779811840079333	1.2063126284959407	0.9371951233735767	0.40614013206360156	0.08265932505476363	62.65533499397707	0.03228211462874031
2.364768794783353	0.01	0.007	0.007	0.007	0.01	0.03031119616945325	0.03269738258846444	0.006159613823645479	0.004042866682354809	0.01568276876613614	0.786800405945539	1.2156449186680203	0.9391174756427756	0.40676616373401797	0.08523413876288266	62.25008871108558	0.032245916670280005
2.3972565947815405	0.01	0.007	0.007	0.007	0.01	0.030114015417893377	0.032484680595668745	0.006036730196266376	0.003954003132414536	0.015799101878598527	0.7937217823536146	1.2248534359853425	0.9409817004522221	0.4073578417011305	0.08782048309381799	61.846028588972345	0.03220963009149173
2.4298765497712598	0.01	0.007	0.007	0.007	0.01	0.029917323795095752	0.032272506228595677	0.005917645504775305	0.0038682145567906227	0.01590677661402186	0.80057961078393	1.2339431321316505	0.9427904577754749	0.40791658227076977	0.09041800645543455	61.44296353928293	0.03217323698790721
2.4626438069773724	0.01	0.007	0.007	0.007	0.01	0.029721038077244244	0.03206076971088931	0.005802143961671266	0.0037853211065336082	0.016006049268861035	0.807377097449566	1.2429183178865402	0.9445461442108514	0.40844366203561766	0.09302630307919287	61.04072302858805	0.032136720942481344
2.4955725477739557	0.01	0.007	0.007	0.007	0.01	0.029525083066956052	0.03184938992477574	0.005690028777616628	0.0037051582983099987	0.016097164840365268	0.814117094424785	1.2517827781639097	0.9462509331667932	0.4089402373985791	0.09564493038632553	60.639152960464436	0.03210006669054225
2.528676055512689	0.01	0.007	0.007	0.007	0.01	0.02932939099202946	0.03163829376239999	0.005581120081252335	0.003627575374440491	0.01618035812877514	0.8208021298398347	1.2605398182785175	0.9479067985732442	0.409407357869797	0.09827340927868135	60.238114444554505	0.032063260038932714
2.5619668631657873	0.01	0.007	0.007	0.007	0.01	0.029133900455714984	0.03142741499340401	0.00547525283008526	0.003552433674293193	0.01625585491908651	0.8274344522896113	1.2691923280616781	0.9495155399126423	0.40984597886305973	0.1009112315696358	59.8374816464292	0.0320262876970812
2.595456843956164	0.01	0.007	0.007	0.007	0.01	0.028938555755283507	0.03121669352980752	0.005372275153697818	0.003479605331288208	0.016323872844934643	0.8340160613219021	1.2777428267784792	0.9510788016544979	0.4102569720458224	0.10355786351640928	59.43714039204674	0.03198913717240818
2.6291573043369296	0.01	0.007	0.007	0.007	0.01	0.028743306209951792	0.031006074700994302	0.0052720468832840655	0.003408972116662579	0.01638462213607829	0.84054873659655	1.2861935055813267	0.9525980906625029	0.4106411344336208	0.10621275005675904	59.03698679126233	0.031951796663821405
2.6630790551649275	0.01	0.007	0.007	0.007	0.01	0.02854810563696099	0.030795508688521985	0.005174438313907519	0.003340424460771092	0.016438306214198284	0.8470340611506588	1.294546261646003	0.9540747907334531	0.4109991961081241	0.10887531774041419	58.63692616484816	0.03191425498004028
2.6972324629700317	0.01	0.007	0.007	0.007	0.01	0.028352911958693397	0.030584950102291647	0.0050793291598586355	0.00327386062140981	0.016485122177196915	0.8534734395867101	1.30280272523225	0.9555101747660006	0.4113318268213056	0.11154497645050715	58.2368722399812	0.031876501480453207
2.7316275313280256	0.01	0.007	0.007	0.007	0.01	0.028157686652270617	0.03037435738680451	0.004986607542136019	0.0032091858847552945	0.01652526125689678	0.8598681208251626	1.3109642921225197	0.9569054169038266	0.41163964211790166	0.11422112376815759	57.83674602280989	0.031838525983147306
2.766273923854755	0.01	0.007	0.007	0.007	0.01	0.027962394546740064	0.030163692602371523	0.004896169240323125	0.003146311960297424	0.016558909133760902	0.866219208802425	1.3190321401589074	0.9582616010727747	0.4119232082006068	0.11690314500191253	57.43647538333129	0.031800318737909256
2.8011810289409613	0.01	0.007	0.007	0.007	0.01	0.02776700339322036	0.029952920961413085	0.004807916913692241	0.0030851563618512472	0.016586246260354622	0.8725276801749872	1.3270072543963682	0.9595797303096665	0.41218304662549127	0.11959041667212791	57.03599417487652	0.031761870353451294
2.8363579791577065	0.01	0.007	0.007	0.007	0.01	0.027571483701611253	0.029742010652308387	0.004721759516345891	0.003025641930621868	0.016607448095648684	0.8787943928978803	1.334890440308284	0.9608607334505309	0.41241963811002563	0.12228230663754015	56.635241899882736	0.031723171774982455
2.871813694359049	0.01	0.007	0.007	0.007	0.01	0.027375808451723254	0.02953093252778101	0.004637611712100231	0.002967696364081809	0.01662268533335583	0.8850200985491031	1.3426823414901257	0.9621054720592958	0.412633426121906	0.1249781761989691	56.23416311822959	0.031684214235906935
2.9075569115882356	0.01	0.007	0.007	0.007	0.01	0.027179952886712943	0.029319659882070248	0.004555393378944722	0.0029112518125228013	0.01663212408971713	0.8912054516549053	1.3503834533017907	0.963314746213492	0.4128248199852174	0.12767738129152337	55.832707024223794	0.0316449892243381
2.943596208476581	0.01	0.007	0.007	0.007	0.01	0.026983894348879968	0.029108168273799757	0.004475029175712809	0.00285624452345713	0.01663592606827455	0.8973510174003768	1.3579941342759152	0.9644892995354541	0.41299419763149947	0.13037927328051283	55.4308271103757	0.03160548845698027
2.9799400223258834	0.01	0.007	0.007	0.007	0.01	0.026787612144198662	0.02889643537984336	0.004396448158389489	0.002802614524572128	0.01663424870942866	0.9034572782188073	1.365514615959	0.9656298236373827	0.4131419080619143	0.1330831995242083	55.028480890045216	0.03156570385792228
3.016596689211346	0.01	0.007	0.007	0.007	0.01	0.026591087304359075	0.028684440738633212	0.004319583389851647	0.0027503053064804354	0.01662724532330184	0.9095246433441552	1.372945016214456	0.9667369627742421	0.4132682736394527	0.13578850549007043	54.62562940996608	0.03152562751571342
3.0535744548274653	0.01	0.007	0.007	0.007	0.01	0.026394302507793586	0.028472165664968775	0.004244371645045205	0.0026992635745606832	0.016615065206386392	0.9155534531776561	1.3802853459349333	0.9678113172016619	0.4133735920251807	0.13849453480139448	54.22223708862874	0.0314852516716001
3.0908814680835106	0.01	0.007	0.007	0.007	0.01	0.026197242093933225	0.028259593265394536	0.004170753174485241	0.0026494390435961796	0.01659785376472849	0.921543980723366	1.3875355121286896	0.9688534457995005	0.41345813791903807	0.14120062811383366	53.81827174576759	0.031444568726656935
3.1285258370385165	0.01	0.007	0.007	0.007	0.01	0.02599989175020444	0.028046708100557673	0.004098671366745678	0.0026007841671325735	0.016575752606242847	0.927496442881144	1.3946953328620249	0.9698638702055646	0.4135221647990313	0.1439061265866921	53.41370396096884	0.031403571181018705
3.166515598328366	0.01	0.007	0.007	0.007	0.01	0.025802238660527096	0.027833496345395	0.004028072605343314	0.0025532540014661	0.01654889966259218	0.9334109975437901	1.4017645348741559	0.9708430762506004	0.4135659062974715	0.1466103690996015	53.00850737831074	0.03136225166762285
3.2048587797937214	0.01	0.007	0.007	0.007	0.01	0.025604271166985736	0.027619945424171812	0.003958905964493531	0.0025068059634529953	0.01651742925560605	0.9392877553057315	1.4087427687066405	0.9717915177117389	0.4135895776226127	0.14931269622146529	52.60265801300085	0.03132060288452852
3.2435633701677378	0.01	0.007	0.007	0.007	0.01	0.02540597892054124	0.027406044173057115	0.0038911230986976913	0.0024613997215604693	0.016481472217120152	0.9451267763513008	1.4156296059466313	0.9727096174010093	0.413593376717525	0.15201244754630247	52.196134560535874	0.031278617628536766
3.282637365524398	0.01	0.007	0.007	0.007	0.01	0.025207352635606604	0.027191782575380206	0.0038246780058628855	0.0024169970041113356	0.016441155949581752	0.9509280790876538	1.4224245504073414	0.9735977700410178	0.4135774853937789	0.15470896450515595	51.788917893751105	0.031236288745459445
3.3220887703594966	0.01	0.007	0.007	0.007	0.01	0.025008384083404483	0.026977151754465464	0.0037595268888382916	0.0023735614759097133	0.016396604515550386	0.9566916415429472	1.4291270405788004	0.974456343806551	0.4135420703146944	0.15740158996180437	51.380991049368454	0.0311936091298548
3.3619255985964682	0.01	0.007	0.007	0.007	0.01	0.024809066085720605	0.026762143966894116	0.0036956280265176365	0.0023310586231006453	0.01634793873111292	0.9624174027493165	1.435736452061009	0.9752856817792462	0.4134872839224119	0.16008966786121592	50.972339215357884	0.03115057172486999
3.4021559041191645	0.01	0.007	0.007	0.007	0.01	0.024609392362680886	0.026546752438298907	0.0036329416083014207	0.002289455615530299	0.016295276222232286	0.9681052682635125	1.4422521047193988	0.9760861038971856	0.41341326525174416	0.16277254489156123	50.562949419003196	0.031107169490276098
3.442787777397012	0.01	0.007	0.007	0.007	0.01	0.02440935755386199	0.026330971386136538	0.003571429634928647	0.0022487212151044876	0.016238731517396618	0.9737551105983437	1.4486732638543598	0.9768579080438451	0.4133201407016861	0.16544956983683673	50.15281057032716	0.031063395407301273
3.4838293665418734	0.01	0.007	0.007	0.007	0.01	0.024208957119511206	0.02611479591313202	0.003511055789590441	0.0022088256660174354	0.016178416108592795	0.9793667730328917	1.4549991452042377	0.9776013715320896	0.4132080247063771	0.16812009457761767	49.74191325970093	0.03101924245718949
3.5252888743803807	0.01	0.007	0.007	0.007	0.01	0.024008187362232463	0.025898222030671852	0.003451785354167294	0.002169740616426115	0.01611443854363906	0.9849400699550994	1.4612289159387366	0.9783167520249856	0.41307702039806576	0.17078347350721415	49.33024980243989	0.03097470362572293
3.5671745861029382	0.01	0.007	0.007	0.007	0.01	0.023807045301453177	0.02568124652338942	0.003393585088207443	0.0021314390169504065	0.016046904472378755	0.9904747912742193	1.4673617001830468	0.9790042889178392	0.4129272201321029	0.17343906493541456	48.91781398153599	0.030929771874965907
3.60949486711137	0.01	0.007	0.007	0.007	0.01	0.023605528695595707	0.025463866973081853	0.0033364231589426293	0.002093895054255204	0.015975916735403124	0.995970702644649	1.4733965797620723	0.9796642040920872	0.41275870604198783	0.17608623054601721	48.50460109323319	0.03088444014719286
3.65225818354923	0.01	0.007	0.007	0.007	0.01	0.023403635956789664	0.02524608166670886	0.003280269045630227	0.002057084068980524	0.015901575416379984	1.001427548618123	1.4793325981554417	0.9802967029753192	0.4125715504738234	0.17872433629746134	48.090607772257016	0.030838701344583778
3.6954731093661644	0.01	0.007	0.007	0.007	0.01	0.02320136613301637	0.025027889577131722	0.003225093469200396	0.002020982491545176	0.01582397791422215	1.0068450538773983	1.485168762253182	0.9809019752929775	0.4123658164198169	0.18135275244540258	47.67583195530188	0.030792548323517983
3.739148345354146	0.01	0.007	0.007	0.007	0.01	0.022998718836347003	0.02480929028570274	0.0031708683120591306	0.001985567772638825	0.01574321899316177	1.0122229258716298	1.4909040455683866	0.9814801959196704	0.41214155785598117	0.1839708542803183	47.26027273397096	0.030745973876214874
3.783292718426047	0.01	0.007	0.007	0.007	0.01	0.022795694265963624	0.024590284007098482	0.0031175665682796772	0.0019508183346608633	0.015659390867575666	1.0175608548692419	1.4965373886115443	0.9820315253872293	0.41189882013655665	0.18657802164495688	46.84393040207155	0.030698970733619213
3.8279152076319334	0.01	0.007	0.007	0.007	0.01	0.022592293109327817	0.024370871482708775	0.0030651622652339444	0.001916713505500221	0.015572583236939523	1.0228585172068496	1.5020677026223903	0.9825561106873483	0.41163764021800764	0.1891736400367957	46.42680625302754	0.03065153153991804
3.873024944314673	0.01	0.007	0.007	0.007	0.01	0.02238851656566684	0.024151054005971725	0.0030136304217017987	0.0018832334770735493	0.015482883368168632	1.028115575254441	1.5074938697476286	0.9830540856745713	0.41135804698433714	0.19175710013891195	46.00890262811649	0.030603648854788265
3.9186312396375613	0.01	0.007	0.007	0.007	0.01	0.022184366247168474	0.02393083331579091	0.002962946977912835	0.0018503592464788447	0.015390376124374596	1.0333316805274857	1.5128147464482407	0.9835255717364109	0.41106006138271345	0.19432779891731963	45.59022271391184	0.030555315126709223
3.964743591912644	0.01	0.007	0.007	0.007	0.01	0.021979844175751054	0.02371021159305132	0.0029130887538374216	0.0018180725763876251	0.015295144031780346	1.0385064742479473	1.5180291641574928	0.9839706781579586	0.41074369664205335	0.1968851394945463	45.17077053571457	0.030506522687961096
4.011371703574791	0.01	0.007	0.007	0.007	0.01	0.021774952739072397	0.023489191413165352	0.0028640334000847012	0.0017863559514113602	0.01519726732732531	1.0436395889183108	1.5231359309243966	0.9843895025419335	0.410408958405397	0.19942853154149104	44.75055086738534	0.030457263739574518
4.058525505294079	0.01	0.007	0.007	0.007	0.01	0.02156969461940889	0.023267775669353483	0.00281575934563629	0.0017551925331974023	0.015096823990169577	1.0487306505007896	1.5281338335491752	0.984782131222534	0.4100558447760692	0.20195739199290205	44.32956908552107	0.0304075303289938
4.106215158955918	0.01	0.007	0.007	0.007	0.01	0.021364072818775753	0.02304596759974204	0.0027682457712137117	0.0017245661327958807	0.014993889817538826	1.0537792781398085	1.5330216371996088	0.9851486394380223	0.40968434649021174	0.20447114456344748	43.90783122100754	0.03035731435029148
4.154451092958947	0.01	0.007	0.007	0.007	0.01	0.021158090547027004	0.022823770666654544	0.002721472552835513	0.001694461164439145	0.014888538431809246	1.0587850872354028	1.5377980882361175	0.9854890917213199	0.4092944468228102	0.20696922094458053	43.485343729536005	0.030306607510543097
4.203244006704898	0.01	0.007	0.007	0.007	0.01	0.020951751247931267	0.022601188584740216	0.00267542024005709	0.00166486262232647	0.014780841353501252	1.0637476890470416	1.5424619135478206	0.985803541983903	0.4088861217009864	0.20945106029276273	43.06211354509691	0.030255401328958244
4.252604908230742	0.01	0.007	0.007	0.007	0.01	0.02074505848782513	0.02237822520086231	0.002630070005041186	0.0016357560392118752	0.014670868002433059	1.0686666935894042	1.5470118229415681	0.9860920337851893	0.4084593395275111	0.2119161103734208	42.638147851598625	0.030203687101454157
4.302545133786416	0.01	0.007	0.007	0.007	0.01	0.020538015927653693	0.022154884463937572	0.0025854036131684856	0.0016071274594343077	0.014558685738126558	1.0735417104057083	1.5514465093477574	0.9863546003987297	0.40801406111637273	0.21436382766190223	42.21345402550074	0.030151455884594478
4.353076371742429	0.01	0.007	0.007	0.007	0.01	0.020330627281743213	0.02193117038046363	0.0025414033924927486	0.0015789634117144298	0.014444359891677914	1.0783723496041322	1.5557646491654238	0.9865912648546776	0.40755023957024933	0.21679367758625245	41.78803955122085	0.030098698475328516
4.40421068769565	0.01	0.007	0.007	0.007	0.01	0.020122896277213614	0.021707086970736336	0.002498052205128401	0.0015512508836763672	0.014327953796089149	1.083158222814545	1.559964902409006	0.9868020399336273	0.407067820124627	0.21920513473985523	41.361911937839594	0.03004540538985817
4.455960568182907	0.01	0.007	0.007	0.007	0.01	0.019914826544734622	0.021482638151006258	0.0024553334063161666	0.0015239772889670813	0.014209528775403662	1.0878989456360042	1.564045913991581	0.9869869281696185	0.4065667397887756	0.2215976838557477	40.93507849494811	0.02999156682356427
4.50833895274789	0.01	0.007	0.007	0.007	0.01	0.019706421565812603	0.021257827676615805	0.0024132308176968735	0.001497130443926902	0.014089144161552943	1.092594138647174	1.568006313503292	0.9871459217141495	0.4060469270593843	0.22397082006847643	40.50754622442941	0.029937172623641418
4.56135924991175	0.01	0.007	0.007	0.007	0.01	0.01949768469062203	0.021032659161234372	0.0023717287160751385	0.0014706985545258479	0.013966857350816798	1.0972434267690006	1.5718447134625488	0.9872790021027236	0.40550830177688996	0.2263240483474363	40.07932185694408	0.029882212278915674
4.615035418590613	0.01	0.007	0.007	0.007	0.01	0.019288618905739664	0.020807135826308342	0.0023308117737779526	0.001444670172844368	0.013842723712149091	1.1018464441238953	1.5755597119361398	0.9873861401292596	0.40495077429732124	0.2286568857164044	39.65041137532261	0.029826674842353268
4.6693819814072315	0.01	0.007	0.007	0.007	0.01	0.019079226882780853	0.020581260553525844	0.0022904650573796082	0.001419034191134744	0.013716796655378127	1.1064028324546646	1.5791498894917524	0.9874672954359947	0.4043742453121363	0.23096886022207577	39.22082011418714	0.029770548924958385
4.724414104892192	0.01	0.007	0.007	0.007	0.01	0.018869510776294268	0.020355035666801566	0.0022506739785669474	0.0013937798057615022	0.013589127548886597	1.1109122449700535	1.5826138103091194	0.9875224161700268	0.403778604951668	0.23325951265362097	38.790552345138416	0.029713822621144522
4.780147624620343	0.01	0.007	0.007	0.007	0.01	0.018659472247656517	0.02012846295805207	0.002211424290612548	0.0013688965104679612	0.013459765769427779	1.1153743450969866	1.5859500189122309	0.9875514384497228	0.40316373243427045	0.23552839568151743	38.35961132556434	0.029656483491868394
4.836599158627822	0.01	0.007	0.007	0.007	0.01	0.018449112167572047	0.01990154336627605	0.0021727020257667233	0.0013443740524647356	0.013328758552696036	1.1197888119627217	1.589157041678637	0.9875542858096282	0.402529494722526	0.23777507641582699	37.9279986880092	0.029598518457750418
4.893786131889723	0.01	0.007	0.007	0.007	0.01	0.018238430672443073	0.019674277038361318	0.002134493501218636	0.0013202024323167283	0.013196151057019021	1.1241553381144653	1.59223338202543	0.9875308684580765	0.40187574611156074	0.23999913501862732	37.495714555525964	0.029539913784889894
4.951726895211138	0.01	0.007	0.007	0.007	0.01	0.018027426884442865	0.0194466630271217	0.0020967852642856176	0.0012963718655933248	0.013061986215768904	1.1284736341518198	1.5951775202488654	0.987481082447478	0.40120232673090717	0.24220016682885726	37.06275696698261	0.029480654974823314
5.010440820050939	0.01	0.007	0.007	0.007	0.01	0.017816098747233968	0.019218699114082454	0.002059564061963598	0.0012728727602651915	0.012926304655333287	1.1327434305848887	1.5979879106051058	0.9874048086510596	0.4005090612505385	0.24437778307322994	36.62912153956039	0.029420726680829255
5.069948391232137	0.01	0.007	0.007	0.007	0.01	0.017604442892614012	0.018990381665627536	0.0020228168178667407	0.0012496956990200791	0.01278914462918232	1.1369644788035986	1.6006629771662515	0.9873019115958757	0.39979575756823804	0.24653161111549537	36.19480119464445	0.029360112627957877
5.130271354030641	0.01	0.007	0.007	0.007	0.01	0.01739245434016483	0.018761705309004242	0.001986530582216344	0.0012268314048238904	0.012650541839675258	1.1411365550808605	1.6032011108651738	0.9871722380400861	0.3990622047982772	0.24866129624275773	35.75978554095609	0.029298795479453535
5.191432854496105	0.01	0.007	0.007	0.007	0.01	0.01718012625714243	0.018532662673310687	0.0019506924955977846	0.0012042707154464522	0.012510529291962875	1.1452594629158017	1.6056006644148324	0.9870156153225123	0.39830817126592144	0.25076650259234895	35.32406038118123	0.02923675671241215
5.253457626571173	0.01	0.007	0.007	0.007	0.01	0.01696744959415313	0.018303243996490914	0.0019152897347037181	0.0011820045468977642	0.012369137059911856	1.1493330373307302	1.6078599472260608	0.9868318493575594	0.3975334018564545	0.252846915058242	34.88760696357379	0.0291739764485087
5.3163721666985255	0.01	0.007	0.007	0.007	0.01	0.016754412810300094	0.0180734368288436	0.0018803094766369815	0.0011600238688022442	0.012226392103931926	1.153357146877392	1.609977217617933	0.9866207223798311	0.3967376154359791	0.254902240004913	34.4504014170158	0.029110433300456075
5.3802050235250976	0.01	0.007	0.007	0.007	0.01	0.016541001260314346	0.017843225371905934	0.0018457388112771895	0.0011383196473817494	0.012082317854997554	1.1573317014147397	1.6119506764783549	0.9863819899990519	0.39592050073200796	0.2569322088995968	34.012413492217405	0.029046104105676367
5.444987039019032	0.01	0.007	0.007	0.007	0.01	0.016327196815162256	0.017612590069193152	0.0018115646972685798	0.0011168828161447378	0.01193693394418697	1.1612566546039127	1.6137784559517476	0.9861153779950332	0.3950817127045084	0.2589365792092777	33.57360578183633	0.028980963713547157
5.510751757781905	0.01	0.007	0.007	0.007	0.01	0.016112977000395004	0.017381506676716042	0.0017777738455152295	0.001095704201352456	0.011790255594994267	1.16513201439413	1.6154586095329102	0.9858205780093495	0.3942208666298807	0.26091513933094584	33.133931950582834	0.028914984608422886
5.577535805071982	0.01	0.007	0.007	0.007	0.01	0.01589831434027996	0.017149945555478784	0.001744352643175268	0.001074774473239093	0.011642293139967732	1.168957848409434	1.616989096368798	0.9854972427505025	0.39333753241313374	0.2628677108561739	32.69333538731073	0.028848136570810236
5.645379477506777	0.01	0.007	0.007	0.007	0.01	0.01568317513060028	0.016917870347669096	0.0017112869959038034	0.0010540840463491845	0.011493051129031172	1.1727342981351785	1.6183677652941615	0.9851449795399403	0.3924312259203369	0.2647941552487579	32.251746684062944	0.02878038613317154
5.71432734082732	0.01	0.007	0.007	0.007	0.01	0.015467518344122973	0.016685236795959523	0.0016785622017427583	0.0010336230001270835	0.011342527507034425	1.1764615887245051	1.619592331717257	0.9847633429189875	0.3915013999654651	0.26669437818284786	31.809081386869966	0.02871169603884985
5.784429167129504	0.01	0.007	0.007	0.007	0.01	0.015251293654252929	0.016451990611576362	0.001646162702894373	0.0010133809235887026	0.011190712152437865	1.1801400517544056	1.6206603523315277	0.9843518243777551	0.3905474304570855	0.268568340349577	31.36523593586702	0.028642024374801383
5.855740980059398	0.01	0.007	0.007	0.007	0.01	0.015034439381123902	0.0162180652586982	0.0016140718442643075	0.000993346764880733	0.011037585324668702	1.183770145844445	1.6215691895636986	0.983909839988492	0.38956860067554955	0.27041606698655757	30.920083445249553	0.02857132361378751
5.928326550892297	0.01	0.007	0.007	0.007	0.01	0.014816879375937073	0.015983378593517967	0.0015822714953470003	0.0009735085962143396	0.01088311532129474	1.1873524909764044	1.6223159677223002	0.9834367135423795	0.3885640789182224	0.2722376641365854	30.473467302558706	0.02849953923012655
6.002259371675316	0.01	0.007	0.007	0.007	0.01	0.014598518909496016	0.015747828429107685	0.0015507415566373922	0.0009538533077572992	0.010727255368730922	1.190887913300818	1.622897514191063	0.9829316541654984	0.3875328889051301	0.27403333988867573	30.0251927221024	0.02842660787232686
6.077625435456798	0.01	0.007	0.007	0.007	0.01	0.014379238766081439	0.015511286164341428	0.0015194592472510251	0.000934366166432548	0.010569939152755881	1.1943775109305101	1.6233102802233295	0.9823937251895893	0.3864738680861751	0.2758034357835713	29.575014611852414	0.028352454778585372
6.1545272254212335	0.01	0.007	0.007	0.007	0.01	0.014158886661268475	0.015273587526092543	0.0014883980688781622	0.0009150301749341812	0.010411074315605708	1.1978227506170755	1.6235502302513605	0.9818217998010779	0.38538560777114517	0.27754847315267656	29.122619943182396	0.02827699005854111
6.233089712353545	0.01	0.007	0.007	0.007	0.01	0.013937264141436435	0.015034518437427632	0.0014575262184329627	0.0008958250902368035	0.010250532529017784	1.2012256176572074	1.6236126816967615	0.9812144950522087	0.38426636311739726	0.2792692253025182	28.667600839413797	0.02820010308615114
6.313469821563385	0.01	0.007	0.007	0.007	0.01	0.013714105603109261	0.01479379238527971	0.0014268040358332242	0.000876725846020061	0.010088133601650812	1.204588859555284	1.6234920618045325	0.9805700687751465	0.3831139110672178	0.2809668353247962	28.20941147775369	0.02812165362352783
6.39587243922758	0.01	0.007	0.007	0.007	0.01	0.013489042272600917	0.014551011564456678	0.0013961795996566154	0.0008576998304881518	0.0099236182205457	1.2079164112258958	1.6231815150641806	0.9798862473738702	0.3819253102955857	0.2826430225139309	27.747294099064256	0.028041456769100977
6.48057971844448	0.01	0.007	0.007	0.007	0.01	0.01326153534883996	0.014305594757266407	0.0013655805141512946	0.000838701810098588	0.009756597408522586	1.2112141955054263	1.6226722154139754	0.9791599140045172	0.38069646195936657	0.28430047230552163	27.280141678460062	0.027959255326411598
6.568011512219082	0.01	0.007	0.007	0.007	0.01	0.013030736221152622	0.014056626547245096	0.0013348966460054663	0.0008196632580229027	0.009586446999577386	1.2144918217980198	1.621952016311924	0.9783864733100754	0.37942120477042707	0.2859436664266448	26.806210810214832	0.027874662676356056
6.65887249880363	0.01	0.007	0.007	0.007	0.01	0.012795141887739328	0.013802485611267932	0.0013039373516853241	0.0008004659086755543	0.009412047886537345	1.2177668302805098	1.6210023209628994	0.9775583226606636	0.37808911425406005	0.28758096301899055	26.322413948459282	0.02778702337305869
6.75462546800121	0.01	0.007	0.007	0.007	0.01	0.012551473291765751	0.01353963475564372	0.001272291517964313	0.0007808552039282012	0.009230941876313166	1.221078689482983	1.6197885156818517	0.9766599917149054	0.37667843223383807	0.28923147494275037	25.82201560006715	0.027694963721240296
6.860105082874434	0.01	0.007	0.007	0.007	0.01	0.012288422927883394	0.013255876323420795	0.00123854407014144	0.0007599556694194555	0.009034633722444532	1.2245676361274926	1.6182093899879326	0.9756415590012413	0.37511706388725846	0.2909638886379878	25.28179065454614	0.027593905597682485
6.975139414228093	0.01	0.007	0.007	0.007	0.01	0.012007827871676523	0.012953192001729074	0.0012030073944513846	0.000737962891526695	0.008824397062580099	1.2281900932982266	1.6162116067049852	0.9744982932704163	0.3734063745231615	0.29275481357463495	24.705506190101662	0.02748411360181287
7.059567686714273	0.01	0.007	0.007	0.007	0.01	0.011805974951379512	0.012735448501940349	0.001177729758923237	0.0007223282816644725	0.008672570857971528	1.2307324298972209	1.6145707504569664	0.9736387246643639	0.37214616481612484	0.294006431112269	24.290923654645923	0.027403810952729136
7.136706848042532	0.01	0.007	0.007	0.007	0.01	0.011624518103598913	0.01253970674415895	0.0011552059585681381	0.0007084032182298507	0.008535697475564256	1.2329723135160835	1.6129477408628698	0.9728389411798094	0.3709916628165406	0.2951051378645482	23.918219101501514	0.027330646363216214
7.2139981472875006	0.01	0.007	0.007	0.007	0.01	0.011445501779748346	0.012346597631014396	0.0011331665330750874	0.000694783241343855	0.008400342999202828	1.235139662625383	1.6112072608478432	0.9720243411181655	0.36983220605614625	0.29616436580819827	23.550514894161417	0.027257533392452224
7.292923087555333	0.01	0.007	0.007	0.007	0.01	0.011265547493400986	0.012152476700093092	0.0011111896841930235	0.0006812074036600796	0.008263960533247459	1.237275777711955	1.6093161718632474	0.9711794054797046	0.36864575050191817	0.2972042510939294	23.18087154281927	0.027183076921812124
7.3725146819305	0.01	0.007	0.007	0.007	0.01	0.01108693959741682	0.011959808132657044	0.001089550345681444	0.000667845319640063	0.008128286748103744	1.2393535465625365	1.6072968547228097	0.9703144618789222	0.36744699354397614	0.2982115113089209	22.8139812214832	0.02710819750810847
7.451958287379851	0.01	0.007	0.007	0.007	0.01	0.010911488837845804	0.011770545222875625	0.0010684581723107076	0.0006548260604742147	0.007994715850614235	1.241353353088901	1.6051730080806677	0.9694387728457136	0.36624844397053385	0.29917670293793447	22.453563829174453	0.027033663012487417
7.531082186985984	0.01	0.007	0.007	0.007	0.01	0.010739505138171535	0.011585022293570502	0.001047938204473781	0.0006421646281266368	0.007863508177797235	1.2432738364716294	1.6029541499223785	0.9685548504595524	0.3650529587121528	0.30009932172904746	22.10025657169355	0.02695963216624311
7.60990595842611	0.01	0.007	0.007	0.007	0.01	0.010570870335341489	0.0114031118804813	0.0010279644539214917	0.0006298445530164931	0.007734597393836778	1.2451185197094952	1.6006447501138183	0.967663098137514	0.3638604975989832	0.300981229471648	21.753817274794628	0.026886083709338666
7.688463065859542	0.01	0.007	0.007	0.007	0.01	0.010405441709569791	0.011224660029260442	0.0010085090243544257	0.0006178482306656174	0.007607896330533963	1.246891043711833	1.5982485380168545	0.9667637174255194	0.3626707930425916	0.3018243351912829	21.413953279144874	0.026812983700634604
7.766782289617114	0.01	0.007	0.007	0.007	0.01	0.010243092267503815	0.011049529749947313	0.000989546831448019	0.00060615982983325	0.007483327886536081	1.248594726358274	1.595769041051795	0.9658569183263412	0.3614836322396304	0.3026303833557725	21.080404196051266	0.026740302899388183
7.844888836093534	0.01	0.007	0.007	0.007	0.01	0.010083707496845586	0.01087759751613403	0.0009710550994911662	0.0005947649770419632	0.007360822796006986	1.2502326173638132	1.5932095971063367	0.9649429125614865	0.36029884224519204	0.30340098149062195	20.752935245292647	0.02666801567562512
7.922805123202364	0.01	0.007	0.007	0.007	0.01	0.009927183031294137	0.010708750746095676	0.0009530129887711668	0.0005836505226636213	0.007240318045501194	1.2518075389766614	1.590573366426016	0.9640219092594252	0.35911627961276305	0.30413762066790884	20.43133246193588	0.02659609923745496
8.000551106922813	0.01	0.007	0.007	0.007	0.01	0.009773423402316586	0.010542886456302709	0.0009354013663359745	0.0005728043960666016	0.007121756090098535	1.2533221124026488	1.5878633514236047	0.963094115120889	0.35793582674090585	0.3048416890016849	20.115400135281146	0.02652453329288218
8.07814463429792	0.01	0.007	0.007	0.007	0.01	0.009622340830657735	0.010379909957798276	0.000918202593914615	0.0005622154718702741	0.007005084073972647	1.2547787817132299	1.5850824108501451	0.9621597336619807	0.3567573876245373	0.30551448378565527	19.80495832889148	0.026453299692914024
8.15560166038188	0.01	0.007	0.007	0.007	0.01	0.00947385436641686	0.01021973392858217	0.0009014003663113054	0.0005518734677336587	0.006890253297721551	1.256179832524085	1.582233274711752	0.9612189655686948	0.3555808855121843	0.306157221038865	19.49984111634754	0.026382382204857214
8.232936495383761	0.01	0.007	0.007	0.007	0.01	0.00932788903286624	0.010062277490030571	0.0008849795588535528	0.0005417688480896795	0.006777218670724921	1.2575274091856234	1.579318554909331	0.960272008276077	0.3544062599733686	0.30677104423124757	19.199894824302667	0.02631176626173943
8.310161990765929	0.01	0.007	0.007	0.007	0.01	0.009184375144680703	0.009907465471456593	0.0008689261020446518	0.000531892744942661	0.00666593828293056	1.2588235290385872	1.5763407552996083	0.9593190559275958	0.3532334647836266	0.3073570315369363	18.904976633577576	0.026241438771262934
8.387289716586432	0.01	0.007	0.007	0.007	0.01	0.009043247689855134	0.009755227743372166	0.0008532268696263326	0.0005222368871854983	0.006556373013097289	1.2600700950083712	1.5733022797573974	0.9583602991429397	0.3520624658513531	0.3079162022229451	18.61495331083819	0.026171387935740708
8.464330079791468	0.01	0.007	0.007	0.007	0.01	0.00890444586073041	0.00960549871159645	0.0008378695886013186	0.0005127935436536585	0.006448486241732111	1.2612689059471973	1.5702054405678125	0.9573959252640847	0.3508932399647738	0.30844952192559844	18.32970024644323	0.02610160312830035
8.541292475949536	0.01	0.007	0.007	0.007	0.01	0.00876791255748424	0.009458216781661222	0.0008228427507053777	0.0005035554672649314	0.006342243533422722	1.2624216664440568	1.5670524638472902	0.9564261179727913	0.3497257729665532	0.30895790760460107	18.04910043549576	0.026032074740858873
8.618185388123463	0.01	0.007	0.007	0.007	0.01	0.008633594018240237	0.00931332395980218	0.000808135541859893	0.0004945158503850918	0.006237612409430458	1.263529994842525	1.5638454956081063	0.9554510573803691	0.34856005867645984	0.30944223161992324	17.773043718917275	0.02596279408204836
8.6950164995561	0.01	0.007	0.007	0.007	0.01	0.008501439450229648	0.009170765455085522	0.000793737775101713	0.000485668282475884	0.006134562114255426	1.2645954306666163	1.5605866060328082	0.9544709197857815	0.3473960975583122	0.3099033254794356	17.501426026525802	0.025893753264331094
8.771792759378576	0.01	0.007	0.007	0.007	0.01	0.008371400765364743	0.00903048939416578	0.0007796398378667368	0.0004770067166909809	0.006033063457534815	1.265619440676615	1.557277794648962	0.9534858778930578	0.3462338960597733	0.3103419829260217	17.234148834565623	0.025824945134916576
8.848520467736819	0.01	0.007	0.007	0.007	0.01	0.008243432300514702	0.00889244651954175	0.0007658326401007685	0.0004685254370884473	0.00593308863894122	1.2666034246220719	1.5539209938013725	0.952496100666831	0.34507346562377794	0.310758962840805	16.971118591679733	0.025756363190403156
8.92520534488742	0.01	0.007	0.007	0.007	0.01	0.008117490582808641	0.008756589936384177	0.0007523075695040879	0.0004602190303224554	0.005834611103652204	1.2675487202423008	1.5505180719995006	0.9515017532886278	0.34391482191414535	0.31115499177129236	16.712246237319462	0.025688001507008076
9.001852579371521	0.01	0.007	0.007	0.007	0.01	0.007993534144028487	0.008622874912317575	0.0007390564539965498	0.00045208236185359594	0.005737605432242194	1.268456607558492	1.5470708375085758	0.95050299729567	0.3427579843324172	0.31153076611488034	16.45744682096422	0.025619854690444643
9.078466880780411	0.01	0.007	0.007	0.007	0.01	0.00787152333937964	0.008491258681924659	0.0007260715263301931	0.0004441105535510195	0.005642047230592933	1.2693283128480783	1.5435810411637108	0.9494999905850725	0.3416029754431152	0.31188695412995154	16.206639130261994	0.02555191782249233
9.155052547320638	0.01	0.007	0.007	0.007	0.01	0.007751420154939738	0.008361700239037187	0.0007133453890400929	0.0004362989615683436	0.0055479130078558096	1.2701650124257842	1.5400503779667416	0.9484928871540154	0.3404498201577484	0.3122241978257701	15.959745295819943	0.02548418639530849
9.231613482329681	0.01	0.007	0.007	0.007	0.01	0.007633188106562445	0.008234160227681784	0.0007008709904678435	0.0004286431610751012	0.0054551801232939285	1.2709678355387475	1.5364804905482419	0.9474818374481653	0.33929854567230594	0.3125431144551378	15.716690583927454	0.025416656291717687
9.308153240967702	0.01	0.007	0.007	0.007	0.01	0.007516792098632289	0.008108600789715833	0.0006886415976670228	0.0004211389291242884	0.005363826699377818	1.2717378673560604	1.5328729708745115	0.9464669882646156	0.33814918093491847	0.31284429801735525	15.477403106696125	0.02534932373927248
9.384675051346234	0.01	0.007	0.007	0.007	0.01	0.007402198330110783	0.007984985463477664	0.0006766507753585253	0.00041378223127858885	0.005273831569817547	1.2724761514547123	1.5292293627914535	0.9454484829457068	0.3370017564853383	0.3131283205314815	15.241813629368272	0.02528218528741202
9.461181870952856	0.01	0.007	0.007	0.007	0.01	0.007289374154294076	0.007863279032504198	0.0006648923609812776	0.00040656920588175697	0.005185174189394694	1.2731836924444229	1.5255511625825002	0.9444264610625408	0.335856303753841	0.31339573333534687	15.009855282418961	0.025215237754110664
9.53767638719506	0.01	0.007	0.007	0.007	0.01	0.007178288028933755	0.007743447471725462	0.000653360450060586	0.000399496154697057	0.0050978346129916825	1.2738614578595675	1.5218398218996758	0.9434010588044337	0.3347128551888776	0.31364706807582565	14.781463459390933	0.02514847822205162
9.614161058365438	0.01	0.007	0.007	0.007	0.01	0.007068909410968766	0.007625457833909708	0.0006420493765305209	0.00039255953048236513	0.005011793429672861	1.274510380283071	1.5180967485313839	0.9423724087984117	0.3335714437697659	0.31388283776685183	14.556575600823415	0.025081903999701442
9.690638124118118	0.01	0.007	0.007	0.007	0.01	0.006961208701007869	0.0075092781897756955	0.0006309536989240749	0.0003857559281942099	0.0049270317344636255	1.2751313590435538	1.5143233084187517	0.9413406403069213	0.3324321029681224	0.3141035376654624	14.335131080433515	0.025015512609412364
9.767109631067054	0.01	0.007	0.007	0.007	0.01	0.006855157169894484	0.007394877548776692	0.0006200681853136657	0.0003790820754517684	0.004843531084846408	1.2757252619211885	1.510520826749212	0.940305879197288	0.33129486647612916	0.31430964613243234	14.117071054432143	0.02494930176261796
9.84357743300161	0.01	0.007	0.007	0.007	0.01	0.006750726924337207	0.0072822258220256435	0.0006093878028251642	0.0003725348258291183	0.004761273486879127	1.2762929265396399	1.5066905901375802	0.9392682482311073	0.33015976830611077	0.31450162536376997	13.902338391139834	0.024883269357293
9.920043241694437	0.01	0.007	0.007	0.007	0.01	0.006647890806318023	0.007171293713784568	0.0005989077008761542	0.0003661111483220002	0.0046802413282108135	1.2768351620383886	1.5028338461267852	0.9382278666470273	0.3290268421328385	0.3146799221999659	13.690877464413465	0.02481741343192151
9.996508601707943	0.01	0.007	0.007	0.007	0.01	0.006546622399806469	0.007062052728707638	0.0005886232058628196	0.00035980812385289727	0.004600417394618021	1.2773527500799193	1.4989518063477398	0.9371848507549834	0.3278961217595642	0.3148449686919218	13.482634167696377	0.024751732185374426
10.0	0.01	0.007	0.007	0.007	0.01	0.006542035517755043	0.007057104733817834	0.0005881582144197686	0.00035952316367697783	0.004596799941451209	1.277375807002953	1.4987739689782829	0.9371371659275439	0.3278445466087565	0.31485219524233626	13.473201789380427	0.024748737341529173
