0.0	0.01	0.007	0.007	0.007	0.01	0.0	0.0	0.0	0.0	0.0	0.0	0.0	0.0	0.0	0.0	100.0	0.035
0.006816983777866142	0.01	0.007	0.007	0.007	0.01	0.002728073024384725	0.005236506444278919	0.0034581307000599608	0.0011447536069061084	8.653101573097517e-5	0.00012880267358394396	0.0003650750759936165	0.00032258700359249495	7.521969346352381e-5	3.0640911863781905e-6	99.86477641899239	0.03499173192384102
0.011759802723410703	0.01	0.007	0.007	0.007	0.01	0.00460255056150824	0.008629692530515131	0.005854711616509197	0.0019520848648154384	0.00013716489327957312	0.0003773905713637684	0.0010529354015272013	0.0009473753587390192	0.00022195953057518834	8.612288353050194e-6	99.76684366321774	0.03498573817682024
0.018868389976394232	0.01	0.007	0.007	0.007	0.01	0.007154036390560203	0.012981162607922094	0.00914551177304221	0.003080627473496551	0.00019575466650076086	0.000950247188014305	0.002593450597019348	0.0023932782692335994	0.0005645220355706228	2.0482340682079937e-5	99.62616859409874	0.0349771199819648
0.025838291123965837	0.01	0.007	0.007	0.007	0.01	0.009499520928474987	0.016710346215371694	0.012201723923914363	0.004150910945499474	0.00024021111654470666	0.0017440222937558612	0.00466145448333828	0.004406328339025016	0.0010461683595806913	3.565225209910273e-5	99.48843063937962	0.03496867198638153
0.033955855001819864	0.01	0.007	0.007	0.007	0.01	0.012048682299460663	0.020469983248788896	0.01555972823111918	0.005353610453032258	0.00027955682852483796	0.0029382515459263916	0.0076713206266458035	0.007450235435410623	0.001782163058024542	5.667163544615897e-5	99.32825280334374	0.03495883551732278
0.04244407556885439	0.01	0.007	0.007	0.007	0.01	0.014518388720502663	0.02382186066123827	0.018852060714712134	0.00656243378818848	0.00030990490747397786	0.004474756461884678	0.01141087673259791	0.011387647917008865	0.00274507499801189	8.152900419809878e-5	99.16103688916009	0.03494855286383838
0.05169344380317981	0.01	0.007	0.007	0.007	0.01	0.01699846760908263	0.026900798398562503	0.022199965206808638	0.007824819032015217	0.0003337533796865592	0.006457077132902349	0.016066139915357824	0.01649583539624573	0.004009312048120889	0.00011103521631252912	98.9791470302424	0.03493735159744292
0.06145178431171566	0.01	0.007	0.007	0.007	0.01	0.019395106123991687	0.02960341625239954	0.02547809575866356	0.00909686606207353	0.0003514107200534912	0.008866952693454073	0.021523168007240693	0.02274146395205045	0.005574569846935267	0.00014408952140157152	98.78760984507234	0.03492553784196723
0.07183715859227414	0.01	0.007	0.007	0.007	0.01	0.02171847476313432	0.031967757721464665	0.028699166833631183	0.010385642464730527	0.0003642491486410452	0.011757948757955	0.027834908690944304	0.030277581461571133	0.0074880083626992075	0.00018074282550188903	98.58417233204895	0.03491296936754645
0.08277569232748833	0.01	0.007	0.007	0.007	0.01	0.023934572495941834	0.03398829995488336	0.03181356386192065	0.011673235091302426	0.00037319514676067495	0.01513132709032848	0.03493657238681104	0.039122373422687165	0.00976421211535823	0.00022042306671079276	98.37035205981955	0.034899736345220235
0.09431285556532246	0.01	0.007	0.007	0.007	0.01	0.02603904223225234	0.03569445669587176	0.03481072652589998	0.012956528171961988	0.0003791980307027914	0.019016683773679113	0.04282742544807974	0.049368062795736356	0.012437801248533694	0.0002630134740289734	98.14533261806471	0.03488578455858552
0.10644113258545856	0.01	0.007	0.007	0.007	0.01	0.028018753887352532	0.037109397985700156	0.03766588561466359	0.01422587341241246	0.0003829987341682603	0.023423814582590186	0.051468196104032346	0.06105451797971151	0.015531155871303036	0.00030824947272337495	97.90933910237705	0.0348711239568279
0.11919484152041591	0.01	0.007	0.007	0.007	0.01	0.029869814492771634	0.03826415855344117	0.040365517279238296	0.015475823633580332	0.0003852044645912383	0.028373617813154332	0.060845940232281896	0.07424973365863212	0.0190752711337436	0.00035606227169671085	97.66178793178013	0.03485571398180993
0.13259766880784993	0.01	0.007	0.007	0.007	0.01	0.03158762723280435	0.039188218176537726	0.042893216607611764	0.01669913959651831	0.0003862787624053027	0.03388091452222587	0.07093976978393082	0.0890036078360584	0.023097692788195706	0.00040638033787096864	97.40231175569289	0.034839527032475524
0.14669172969466804	0.01	0.007	0.007	0.007	0.01	0.03317097059992365	0.03991133478385571	0.04523561191145846	0.01788952669649876	0.0003865743896840833	0.03996585206392938	0.08174290806906354	0.10537722907290466	0.027630405674522886	0.00045923131538250824	97.13019704273765	0.034822513370689874
0.1615217644395201	0.01	0.007	0.007	0.007	0.01	0.03461932342276423	0.0404612261194197	0.04737846795206391	0.01903987177459328	0.0003863579268392769	0.04664819643030586	0.09325173796637945	0.12342640235069802	0.03270550546866435	0.0005146765852635035	96.84469360162723	0.03480462024777148
0.1771443462613367	0.01	0.007	0.007	0.007	0.01	0.03593363909220214	0.04086357070460729	0.04930782511088481	0.020142831127049357	0.0003858382645119834	0.05395152532992778	0.10547305644246532	0.14321135823396905	0.038358000579064924	0.000572840946730948	96.54483990850522	0.03478578082437654
0.19362326165929544	0.01	0.007	0.007	0.007	0.01	0.03711554996938554	0.04114144404059655	0.051008844748698344	0.021190233707829124	0.0003851940104583543	0.06190142843958735	0.11842050551443405	0.16478998625406585	0.044624077261444746	0.0006338929529984386	96.22955617507547	0.03476591979126503
0.21103238504502161	0.01	0.007	0.007	0.007	0.01	0.03816742528653456	0.04131527925043614	0.05246596460415866	0.022173118295657216	0.00038460080212680055	0.07052687520295944	0.13211652560378317	0.18821914973968068	0.05154160751383376	0.0006980568804288457	95.8975935520846	0.03474494995292398
0.22945368593806484	0.01	0.007	0.007	0.007	0.01	0.0390920924148366	0.041402830206799975	0.05366266421777732	0.02308148458347185	0.00038425920476716543	0.07985916645651002	0.14659032195810998	0.21354893407025197	0.05914858210452287	0.0007656116106743368	95.54757730429677	0.03472277468756605
0.24897637131026848	0.01	0.007	0.007	0.007	0.01	0.03989278643697479	0.04141928649894396	0.054581745214869276	0.023904251686873254	0.00038442375229885624	0.08993121375612434	0.1618765868536402	0.24081724120758488	0.06748149743589674	0.0008369007496711133	95.17802833879782	0.034699289040600864
0.2696921970404811	0.01	0.007	0.007	0.007	0.01	0.04057306262403375	0.04137745177415804	0.05520587486590378	0.02462923243248793	0.00038543342517659523	0.10077468341960966	0.17801118220953138	0.27003819348125185	0.07657163382666783	0.0009123381932286443	94.78745704975984	0.03467438542535236
0.2916875195385852	0.01	0.007	0.007	0.007	0.01	0.04113683176067075	0.04128800077115824	0.05551880209776366	0.0252433441395623	0.00038774220735412834	0.11241522971136357	0.195024412689922	0.30118545022768134	0.08643929537412769	0.0009924141289151373	94.37451657077786	0.03464796322076744
0.31502918392542273	0.01	0.007	0.007	0.007	0.01	0.04158850014066192	0.04115980371083911	0.05550745532665688	0.025733158521390395	0.00039194550144604906	0.12486437049822177	0.21292992252550744	0.33416765745725013	0.09708481963839266	0.0010776927132624525	93.93826719018442	0.034619945723144085
0.3397462664373238	0.01	0.007	0.007	0.007	0.01	0.041933306446107696	0.04100029415715889	0.055165127099160494	0.026086045510233278	0.00039879434008567013	0.13810927865599687	0.23171118601260757	0.36880141901943037	0.10847769485510525	0.0011688069160278383	93.47850973787592	0.03459030197914357
0.36581278421991686	0.01	0.007	0.007	0.007	0.01	0.04217779653468913	0.04081581679125516	0.05449529804395087	0.026291958798931397	0.00040918747176361053	0.15210363205070038	0.2513098202055039	0.404792495475345	0.12054716054189128	0.001266460344305109	92.99608929023114	0.034559067326445224
0.39314019171227593	0.01	0.007	0.007	0.007	0.01	0.042330227286291454	0.04061187326237079	0.05351479993122884	0.026345521973252888	0.00042413611067771605	0.16676465515519012	0.27162232767195804	0.4417400089290189	0.13317967791775717	0.0013714524530212152	92.49300619088595	0.0345263520745534
0.4215829317658923	0.01	0.007	0.007	0.007	0.01	0.042400596387482274	0.040393245936866246	0.052254773903670074	0.02624766517611671	0.0004447057725945015	0.18197816223618002	0.29250708567305156	0.47916692831897706	0.14622554070612706	0.0014847220524075602	91.97228061796662	0.03449233448341301
0.45095359287472814	0.01	0.007	0.007	0.007	0.01	0.04240019434460184	0.040164048970101	0.05075876656963856	0.02600617125594919	0.0004719475954493338	0.1976093021568258	0.3137981549002911	0.5165669283340744	0.15951251192838029	0.0016073857574826762	91.4376432633582	0.0344572422702256
0.48104665801572	0.01	0.007	0.007	0.007	0.01	0.04234082575723566	0.03992772595212298	0.049078249918643645	0.025634909653332316	0.000506839745728551	0.21351772146564527	0.3353243831620494	0.5534589335628699	0.1728643288429326	0.0017407720013715988	90.8930792187773	0.034421323955307837
0.5116644782579134	0.01	0.007	0.007	0.007	0.01	0.042233928361229356	0.039687033969053966	0.047266867224142584	0.025151989618317595	0.0005502562912295425	0.22957303782885977	0.35692862021042177	0.5894343387826173	0.18611898793138526	0.0018864473847694692	90.3423476094383	0.034384817732226014
0.5426348420586903	0.01	0.007	0.007	0.007	0.01	0.04208985119669438	0.039444080037104826	0.045375318293542265	0.024577521188297525	0.0006029623700145812	0.24566467750009563	0.3784794808113903	0.6241813541087557	0.19914053394743259	0.0020462161064445476	89.78866941916102	0.0343479305531146
0.5738192275393407	0.01	0.007	0.007	0.007	0.01	0.04191744077010139	0.03920040166740525	0.043447919760574286	0.023931625236459576	0.0006656274945107997	0.26170579739339517	0.39987562760290873	0.6574882172013757	0.2118238005563318	0.002222102035524032	89.23459353453259	0.03431082844667179
0.6051101994414696	0.01	0.007	0.007	0.007	0.01	0.041723948171808675	0.0389570965264861	0.041521213420477474	0.023233101729021217	0.0007388376803723517	0.2776309776451725	0.42104223735417945	0.6892288128051557	0.2240923649224547	0.002416301308707589	88.68206051667535	0.0342736398101617
0.6364271744289871	0.01	0.007	0.007	0.007	0.01	0.04151513471222891	0.038714930888241815	0.03962382174443683	0.022498667464612775	0.0008231075544183309	0.29339291588281396	0.44192654502016687	0.7193454601941743	0.23589470665179132	0.0026311413913030204	88.13249383619497	0.03423646062761841
0.6677110296852516	0.01	0.007	0.007	0.007	0.01	0.041295477162365576	0.03847443056096081	0.03777711519637623	0.021742652797837363	0.0009188875340540398	0.30895859211621557	0.46249290999999015	0.7478315017328321	0.24719949245393533	0.002869042453561651	87.58690865405121	0.03419936103157205
0.6989198395021062	0.01	0.007	0.007	0.007	0.01	0.04106839382709622	0.03823594456483574	0.03599620259713132	0.0209769773140179	0.001026569156545779	0.32430616905453524	0.4827189561103797	0.7747169618969467	0.25799133590273066	0.003132490220601791	87.04599757627693	0.03416239048974733
0.7300252448972173	0.01	0.007	0.007	0.007	0.01	0.04083645797186232	0.03799969196043408	0.03429103250021688	0.020211300422097806	0.0011464878265083367	0.33942239259542445	0.502592392032585	0.8000569115361236	0.26826704843452975	0.003424015351947822	86.51020265101934	0.03412558221064916
0.7610097623044704	0.01	0.007	0.007	0.007	0.01	0.04060158052320438	0.0377657940372674	0.03266743993767069	0.01945325534261837	0.0012789249218300802	0.35430062971061066	0.5221086541776357	0.8239226478520305	0.2780325784098628	0.003746180848610893	85.9797688461023	0.03408895641142696
0.7918646102214438	0.01	0.007	0.007	0.007	0.01	0.04036516053271416	0.037534298037021484	0.031128084136487502	0.018708719670591612	0.0014241090331059774	0.3689393071018793	0.5412690438514759	0.8463950107185348	0.2873004992977814	0.004101574062336479	85.4547868675729	0.03405252295316495
0.8225880882861671	0.01	0.007	0.007	0.007	0.01	0.04012820439804474	0.03730519395957802	0.02967324090182338	0.01798208567441211	0.001582217389068282	0.38334073829040766	0.5600793394610918	0.8675595396748069	0.29608803261808947	0.004492803795457215	84.93522515143246	0.03401628330758532
0.8531842887843376	0.01	0.007	0.007	0.007	0.01	0.03989141907443552	0.03707842721044335	0.028301454050963144	0.01727651450196946	0.0017533773044658115	0.39751020587453056	0.5785487113477407	0.8875029900572171	0.304415489821535	0.004922500701395596	84.42095515227892	0.03398023211926634
0.8836620849332358	0.01	0.007	0.007	0.007	0.01	0.03965528389744612	0.03685390815218742	0.02701005553503558	0.01659416427499153	0.0019376678348601492	0.4114552506619749	0.5966888809070381	0.9063109084429135	0.3123050685262003	0.005393320564773386	83.9117711281173	0.03394435843194568
0.9140343578362791	0.01	0.007	0.007	0.007	0.01	0.03942010526369023	0.036631519236903665	0.025795570377724328	0.01593638803740458	0.002135121803857283	0.42518513101834965	0.6145134809865231	0.924066019397518	0.31977994247639413	0.005907950391792169	83.40740527886072	0.033908646626293344
0.9443173818741748	0.01	0.007	0.007	0.007	0.01	0.03918605819684603	0.036411120553032396	0.024654026648842475	0.015303902360074584	0.0023457279830987766	0.43871040035610825	0.6320375540632872	0.9408471939534438	0.3268635783124019	0.006469116538830425	82.9075397521221	0.03387307716559086
0.9745303662675304	0.01	0.007	0.007	0.007	0.01	0.038953217601909174	0.036192553952420964	0.023581186949841435	0.014696927844822199	0.0025694335574450015	0.45204258992156715	0.649277175093747	0.9567288594349246	0.3335792392099848	0.007079595174244016	82.41181568463071	0.03383762715349616
1.0046951361554164	0.01	0.007	0.007	0.007	0.01	0.03872158154465155	0.035975645982646326	0.022572717245983306	0.014115304353991673	0.002806146924846245	0.4651939792430772	0.666249178773488	0.9717807295238263	0.33994963616861784	0.007742225343299859	81.91983967501844	0.03380227072488365
1.0348359052032	0.01	0.007	0.007	0.007	0.01	0.038491088641175945	0.03576021004251892	0.021624307761451387	0.01355858486888732	0.0030557405864811635	0.4781774250443045	0.6829709554002529	0.9860677451857089	0.34599668729990385	0.008459924214068496	81.43118857268205	0.03376697932722788
1.0649791844118055	0.01	0.007	0.007	0.007	0.01	0.03826163052922488	0.03554604749186099	0.020731755279648156	0.013026110140160856	0.0033180545650800205	0.491006261540027	0.6994603333771379	0.9996501853875909	0.3517413707374635	0.00923570609531995	80.94541193792496	0.03373172184118912
1.0951537731025918	0.01	0.007	0.007	0.007	0.01	0.038033060838354504	0.03533294814890583	0.019891017618988868	0.012517068117120868	0.003592900029882504	0.5036942426568896	0.7157355111677909	1.012583871410511	0.3572036395442917	0.01007270488354487	80.46203313689081	0.033696464604748316
1.1253908773976573	0.01	0.007	0.007	0.007	0.01	0.03780520107315626	0.03512068989031312	0.01909824603211364	0.012030540009703097	0.0038800635851397665	0.5162555405265953	0.7318150576330461	1.0249204494867208	0.36240239125723944	0.010974202008887607	79.98054841400393	0.0336611712888106
1.1557243477254517	0.01	0.007	0.007	0.007	0.01	0.03757784405650699	0.034909037455840834	0.018349801685445588	0.011565535627935844	0.004179312256356823	0.528704791245034	0.7477179691717665	1.0367077175352695	0.36735547577135375	0.011943661087818946	79.50042416716738	0.03362580263533308
1.186191043488119	0.01	0.007	0.007	0.007	0.01	0.0373507553166409	0.03469774044072391	0.017642260601175193	0.011121020029821443	0.004490399302619554	0.5410571862583855	0.7634637813347602	1.0479899767888854	0.37207973113858256	0.012984771113234319	79.02109238365837	0.03359031604963727
1.2168313975473066	0.01	0.007	0.007	0.007	0.01	0.037123672225243286	0.03448653001789804	0.01697240911350211	0.010695932363412165	0.004813071621554683	0.5533286333170663	0.7790727648461047	1.058808416001424	0.3765910478869546	0.014101502724212789	78.54194319580343	0.03355466496365058
1.24769017448211	0.01	0.007	0.007	0.007	0.01	0.036896301221430415	0.034275114494867316	0.016337233325339366	0.010289198894695607	0.005147078717058318	0.5655359772702153	0.7945661925044355	1.0692015053570851	0.38090444947139634	0.01529818043128569	78.06231479254556	0.033518797979027286
1.2788175762835914	0.01	0.007	0.007	0.007	0.01	0.036668312233811395	0.034063172725587655	0.015733902163640612	0.009899739916281042	0.0054921848032086	0.5776973332711473	0.8099667421970541	1.0792054331162204	0.3850341997084112	0.016579580488496885	77.58147846318293	0.033482657613805485
1.3102707678204195	0.01	0.007	0.007	0.007	0.01	0.03643933001890859	0.03385034500153189	0.015159745784533085	0.009526471669747126	0.005848184757266921	0.589832547690062	0.8252990527229703	1.088854579712384	0.38899393168193663	0.017951063561195905	77.09861791913143	0.03344617857222401
1.3421160904828724	0.01	0.007	0.007	0.007	0.01	0.03620892072184609	0.03363621976230706	0.014612227643836096	0.009168302278160755	0.006214926648959154	0.6019638731608847	0.8405905379040005	1.0981820778022346	0.3927968143608908	0.0194187622628197	76.61279912662792	0.03340928523128717
1.3744323374114669	0.01	0.007	0.007	0.007	0.01	0.0359765712982871	0.033420313868889585	0.01408890828670743	0.008824120511906274	0.006592344636103863	0.6141169723346432	0.8558725971500484	1.1072205129035997	0.396455774277013	0.02098985448843757	76.12292552706874	0.033371887919399344
1.4073157959535203	0.01	0.007	0.007	0.007	0.01	0.03574165721215119	0.03320204213210072	0.013587395807169307	0.008492774183947789	0.006980509457121123	0.6263224715444909	0.8711824904160521	1.1160028768389414	0.39998381067145644	0.02267297892271874	75.62766886771945	0.03333387718321316
1.4408884290133832	0.01	0.007	0.007	0.007	0.01	0.03550338940276086	0.03298066769419391	0.013105272355316923	0.00817303127373934	0.007379710742925147	0.6386184974884731	0.8865664028958647	1.1245639956690345	0.403394481775065	0.02447890108752881	75.1253565712925	0.03329511447916854
1.4753121156870557	0.01	0.007	0.007	0.007	0.01	0.03526072122646375	0.03275521531282281	0.01263997308264839	0.007863508240414135	0.007790601829350207	0.6510551255311469	0.9020848274974597	1.1329429119644885	0.40670273264207735	0.026421657955650053	74.61377489976365	0.03325541595884532
1.5108158004207026	0.01	0.007	0.007	0.007	0.01	0.03501216997460253	0.03252430535500908	0.012188561164018742	0.007562528184786845	0.008214479803449868	0.6637029269194771	0.9178229246530543	1.141187356605432	0.40992647017691664	0.02852071229473763	74.08979214499409	0.03321452153312916
1.547754583906852	0.01	0.007	0.007	0.007	0.01	0.03475542637028744	0.03228579088397512	0.011747238416820883	0.007267802193440714	0.00865390532930159	0.6766717316545235	0.9339133072789217	1.1493635197868626	0.4130900399978275	0.030805576003639368	73.54853488497483	0.0331720274862897
1.5867696928583366	0.01	0.007	0.007	0.007	0.01	0.03448629174412866	0.032035770234197916	0.01130999388437342	0.006975535899136348	0.009114413290999025	0.6901619291710293	0.9505984759835732	1.1575830001166485	0.4162339083827138	0.03332811199450722	72.98114676795872	0.03312720388760752
1.6294191559959523	0.01	0.007	0.007	0.007	0.01	0.03419446791371121	0.03176467595016732	0.010863137895567872	0.006676793405253283	0.009611381443335978	0.7046685922010283	0.9684797531489787	1.166111413286948	0.4194539912498949	0.03621023108454037	72.36591153585015	0.03307827415018974
1.6855437066894667	0.01	0.007	0.007	0.007	0.01	0.03381420051580691	0.031411425062653396	0.01031993879257036	0.006313919917147769	0.01025141110168965	0.7233832573243136	0.9914510797717991	1.176661934606718	0.4233728998348993	0.040193190806373645	71.56418918492386	0.03301399518536885
1.7258063019366092	0.01	0.007	0.007	0.007	0.01	0.03354401227380885	0.031160434667042228	0.009958687374879286	0.006072977215163608	0.010698475415149167	0.7365507884786107	1.007545840124139	1.18379481822168	0.42597818842454316	0.04317726811945583	70.99452724238176	0.03296795974062058
1.7701046157419664	0.01	0.007	0.007	0.007	0.01	0.03324923611800312	0.03088660469867113	0.009586087010103229	0.005824966586513584	0.011176659567468068	0.7507937488942477	1.0248898277235952	1.1912528157463884	0.4286608063404128	0.04657604582670358	70.37300304069737	0.03291738409953541
1.809881553352974	0.01	0.007	0.007	0.007	0.01	0.03298675571739824	0.030642776396741185	0.009271892990278934	0.005616349992792458	0.011592480886893403	0.7633683340453019	1.0401440053443836	1.1976236469745132	0.430916374395835	0.04972541176182064	69.81955351440887	0.03287203665610047
1.8501431080614774	0.01	0.007	0.007	0.007	0.01	0.03272318867065321	0.030397939179546456	0.008971921189324718	0.005417719255022599	0.011999194018184167	0.7758926702105648	1.055281244112927	1.2037775415447383	0.4330613884391181	0.053001363198675315	69.26379344589297	0.03282620034525274
1.888516136747483	0.01	0.007	0.007	0.007	0.01	0.032473946182657164	0.030166408907641936	0.008701642266787464	0.0052392811875241726	0.012372749888620162	0.7876419941272046	1.0694294422105022	1.2093829794387188	0.4349844493258747	0.05620100197784005	68.73822004453463	0.03278257354055815
1.9265419813727171	0.01	0.007	0.007	0.007	0.01	0.03222883280079718	0.029938714529219826	0.008447744878424106	0.005072179479637189	0.012728745983475693	0.799107224425428	1.0831852277406624	1.2147016066811251	0.43678023343500044	0.0594410976087587	68.22133600341428	0.032739398650805523
1.963595880477512	0.01	0.007	0.007	0.007	0.01	0.03199176574869341	0.029718494811267836	0.008212743759013257	0.0049180142646488186	0.013061615438101457	0.8101116872148116	1.0963400821573366	1.219670309014328	0.4384308903972127	0.06266008321025933	67.72140283801853	0.03269738201758286
2.000208913353488	0.01	0.007	0.007	0.007	0.01	0.03175923346363645	0.02950248768864273	0.007991746505690015	0.004773515181173979	0.013376607255847823	0.8208250068275423	1.1091003276506324	1.2243831774180107	0.4399710222142431	0.0658960514560245	67.23101640682928	0.03265591826150835
2.0362529033318806	0.01	0.007	0.007	0.007	0.01	0.03153196751705305	0.02929137270753377	0.00778434814001525	0.004638363552268676	0.013672986383866343	0.8312185037636108	1.121434490453363	1.2288413338862165	0.44140368930975193	0.06913109240321669	66.75172038011638	0.03261515030001099
2.071942049537816	0.01	0.007	0.007	0.007	0.01	0.03130854259747357	0.02908382582402337	0.007588289678624969	0.004511034752272105	0.013952926000691104	0.8413619397900478	1.133427826197012	1.2330868062059503	0.4427448461897234	0.07237842732341844	66.2805096300165	0.03257483383477769
2.1072828765916447	0.01	0.007	0.007	0.007	0.01	0.031088859549975544	0.028879754913383703	0.007402691881918436	0.004390909991312128	0.014216840341279777	0.8512635547733052	1.145092085912408	1.237133127886929	0.4440008588073186	0.07563342345032366	65.81717569236854	0.032534959959684195
2.1423811210954664	0.01	0.007	0.007	0.007	0.01	0.030872211289982257	0.028678503129824517	0.007226272032961475	0.004277114241174691	0.014465881510485166	0.8609585054805615	1.156470454186399	1.241003473606811	0.4451807949229119	0.07890107590595552	65.36022783497052	0.03249540808954119
2.1772737312475474	0.01	0.007	0.007	0.007	0.01	0.030658330067601405	0.0284798217436874	0.007058227336446728	0.00416908856513307	0.014700646816328558	0.8704615452235148	1.1675817295498057	1.244711306448671	0.44629040718345014	0.08218055437818214	64.9091018151239	0.03245613560726719
2.2120241531013747	0.01	0.007	0.007	0.007	0.01	0.030446794333281867	0.0282833191580643	0.00689771708601713	0.004066254389141474	0.014921887014774378	0.8797938143290482	1.178451914137487	1.248271528398914	0.44733563630678697	0.08547390408879453	64.46290890659323	0.03241707033468521
2.246671024151219	0.01	0.007	0.007	0.007	0.01	0.030237343160003437	0.028088752985298133	0.006744099616685612	0.003968165466199837	0.01513015400929745	0.8889688874641544	1.189097907325537	1.2516951548742346	0.4483210424715442	0.08878118000185249	64.02109909110442	0.03237816828082786
2.2812588383104213	0.01	0.007	0.007	0.007	0.01	0.03002968735878273	0.02789585458538655	0.006596772133576399	0.0038744043531153626	0.015326009009103737	0.898001220474241	1.1995374129191751	1.2549927577738078	0.4492508687655057	0.09210327303846184	63.58306266560726	0.032339379102064574
2.3158209346621605	0.01	0.007	0.007	0.007	0.01	0.02982361160834001	0.02770442393728684	0.006455236542524064	0.003784623958230503	0.015509921649871387	0.9069017191731151	1.2097838220891628	1.2581729265039976	0.45012862534173087	0.09544024327157355	63.148345678816945	0.03230066518283159
2.350390626069154	0.01	0.007	0.007	0.007	0.01	0.02961890635811267	0.02751426638111924	0.006319041298999533	0.0036985099414524876	0.01568234016057662	0.9156807683057429	1.2198497550061227	1.261243503780352	0.45095747050641105	0.09879234292598911	62.71650629803322	0.03226198911641933
2.384995878198905	0.01	0.007	0.007	0.007	0.01	0.0294153989081145	0.027325221489120692	0.006187796259985318	0.0036157897263410285	0.015843665543669318	0.9243469259578218	1.2297455798067767	1.264211203348173	0.451740126522041	0.10215947170436193	62.28718037898418	0.03222331964647462
2.4196630820074656	0.01	0.007	0.007	0.007	0.01	0.02921293028843543	0.027137141588124653	0.006061151211184385	0.0035362185162048808	0.015994274497831747	0.9329079567525566	1.2394806229309816	1.2670820524527286	0.45247902045607913	0.10554151455991446	61.86003269972901	0.032184627422961264
2.4544155897381907	0.01	0.007	0.007	0.007	0.01	0.02901136334274088	0.026949899268513256	0.00593879648886153	0.003459579362453959	0.016134514985091008	0.9413705169017306	1.2490628274733035	1.2698613447921523	0.453176288127004	0.10893817779473039	61.43477401952503	0.0321458866227043
2.4892751161044884	0.01	0.007	0.007	0.007	0.01	0.02881057402683714	0.02676337930110604	0.005820453519806391	0.0033856769250707104	0.016264714917384827	0.9497405502410475	1.2584992211169446	1.2725538273422812	0.45383383720966247	0.11234910758493422	61.01114272697161	0.03210707337012729
2.52426141156349	0.01	0.007	0.007	0.007	0.01	0.028610452905646882	0.026577480027710394	0.005705872502435337	0.0033143357706197293	0.016385182698538503	0.9580232475361465	1.2677958839488477	1.275163730415571	0.4544533671320568	0.11577384338876169	60.588908002634696	0.03206816608982592
2.559392863876185	0.01	0.007	0.007	0.007	0.01	0.028410901326449207	0.026392109806286927	0.0055948273851966455	0.003245397014008958	0.01649621120577574	0.9662232260039001	1.276958163550856	1.277694862995843	0.4550364033733717	0.11921186459062569	60.16786174921271	0.03202914482615259
2.5946865026679387	0.01	0.007	0.007	0.007	0.01	0.028211831098470558	0.026207186713290514	0.005487113389120183	0.003178716583287617	0.01659807915069157	0.9743445591658949	1.2859907190886855	1.2801506534027731	0.4555843165079548	0.12266258084736786	59.74781791880787	0.0319899912296204
2.6301582848352902	0.01	0.007	0.007	0.007	0.01	0.02801316261155804	0.026022636796028085	0.00538254399659897	0.003114163179041002	0.016691053166382575	0.9823908688689693	1.294897633603908	1.2825342046615866	0.4560983432919033	0.12612535157892343	59.3286085463442	0.03195068823238995
2.665823186867704	0.01	0.007	0.007	0.007	0.01	0.02781482409693828	0.02583839338594261	0.005280948888648204	0.0030516168466832184	0.016775389032650984	0.9903653680270115	1.303682469695146	1.2848483303407883	0.45657960192466346	0.1295994879110044	58.91008219226968	0.03191121993964579
2.7016953738896556	0.01	0.007	0.007	0.007	0.01	0.02761675049104785	0.02565439604317968	0.005182171919081715	0.002990967591644913	0.016851332932655446	0.9982709176895628	1.3123483398928562	1.2870955912406556	0.4570291064066897	0.13308426319827305	58.49210154735225	0.03187157143699116
2.7377882833754112	0.01	0.007	0.007	0.007	0.01	0.02741888280807953	0.025470589973719673	0.0050860695666324	0.0029321143068674997	0.016919122325206284	1.0061100619089167	1.3208979513833796	1.289278322576575	0.45744777790206326	0.1365789160970065	58.07454211059011	0.03183172869336586
2.774114739861284	0.01	0.007	0.007	0.007	0.01	0.027221167366218144	0.025286925310598597	0.004992509486751796	0.0028749637764457557	0.016978986759359063	1.013885067143715	1.329333654814964	1.291398660032603	0.4578364550555208	0.14008265736887485	57.65729055810922	0.03179167843049697
2.8106870270230773	0.01	0.007	0.007	0.007	0.01	0.02702355527207179	0.025103356634976697	0.0049013693395955835	0.0028194298616844586	0.01703114848764541	1.0215979501908987	1.3376574797254626	1.2934585604735325	0.4581959025323198	0.14359467312196014	57.240243656672675	0.03175140804021066
2.84751696014537	0.01	0.007	0.007	0.007	0.01	0.026826001921222056	0.02491984251218112	0.004812535747732419	0.0027654327775920133	0.017075822996294628	1.0292505045354423	1.3458711675900537	1.2954598204950534	0.45852681854338667	0.14711412857452769	56.82330721101279	0.03171090550190639
2.8846159569776835	0.01	0.007	0.007	0.007	0.01	0.026628466525354416	0.024736345052440507	0.0047259033730607395	0.0027128984519785514	0.017113219452517044	1.0368443247631582	1.3539762021365387	1.2974040929177209	0.45882984144284183	0.15064017204137045	56.40639506707165	0.031670159302400816
2.921995084849459	0.01	0.007	0.007	0.007	0.01	0.026430911781814385	0.024552829603923916	0.004641374147997001	0.002661757986994486	0.017143541059079073	1.0443808246987314	1.3619738323791988	1.299292900337228	0.459105555344628	0.1541719369644264	55.98942841567325	0.03162915838238694
2.9596651109016228	0.01	0.007	0.007	0.007	0.01	0.02623330353850559	0.024369264441453188	0.004558856579911318	0.002611947172594123	0.0171669853657356	1.0518612551158044	1.3698650947555218	1.3011276474803442	0.4593544951322906	0.1577085445129805	55.57233508623883	0.0315878920798747
2.9976365482216663	0.01	0.007	0.007	0.007	0.01	0.02603561049226133	0.02418562048630992	0.004478265136545214	0.00256340605573775	0.01718374453258817	1.059286719588779	1.3776508328601706	1.3029096321196543	0.4595771508668163	0.16124910600495684	55.15504891103016	0.031546350078534395
3.035919690221961	0.01	0.007	0.007	0.007	0.01	0.02583780395887826	0.0240018710926122	0.004399519718185302	0.002516078567897842	0.0171940055514941	1.0666581871421927	1.3853317134339322	1.3046400543694576	0.45977397163156414	0.16479272440152223	54.73750924054779	0.03150452236927062
3.074524645725576	0.01	0.007	0.007	0.007	0.01	0.025639857647814145	0.02381799183802378	0.004322545180287249	0.0024699121881942283	0.017197950441646924	1.0739765043159704	1.3929082414309912	1.3063200251290623	0.45994536896976634	0.16833849602227843	54.319660468688326	0.031462399211321365
3.1134613671286	0.01	0.007	0.007	0.007	0.01	0.025441747480349306	0.02363396035483843	0.004247270915981212	0.0024248576472228178	0.017195756420685552	1.0812424052415184	1.400380772729646	1.307950573428802	0.46009171992274617	0.17188551174458436	53.9014516495692	0.031419971101203197
3.1527397028756767	0.01	0.007	0.007	0.007	0.01	0.025243451292159057	0.023449756053689427	0.004173630433194846	0.0023808686319923937	0.017187596051264187	1.0884565255833576	1.4077495305206928	1.30953265405853	0.4602133698211002	0.17543286049659634	53.48283587026539	0.03137722871546731
3.1923693909297333	0.01	0.007	0.007	0.007	0.01	0.025044948842678067	0.02326536013224896	0.004101561081064885	0.0023379015840054303	0.017173637375124756	1.0956194049292356	1.4150146095769836	1.3110671521113149	0.4603106345706591	0.17897962745048374	53.063770271117	0.03133416291800568
3.232360088956609	0.01	0.007	0.007	0.007	0.01	0.02484622164110369	0.023080755413596936	0.004031003732741676	0.0022959154744871023	0.017154044041279924	1.1027314957344674	1.422175987132509	1.3125548886224636	0.4603838028676804	0.18252489567298188	52.644215678929804	0.03129076472749161
3.2727213920664933	0.01	0.007	0.007	0.007	0.01	0.02464725284053451	0.022895926247883062	0.003961902519002282	0.002254871613044537	0.017128975425486522	1.1097931695527898	1.4292335307994066	1.3139966252262587	0.4604331381536533	0.18606774670825277	52.22413638396322	0.03124702529857641
3.313462864698211	0.01	0.007	0.007	0.007	0.01	0.024448027067287575	0.022710858353773924	0.0038942045619075306	0.0022147334591906018	0.017098586731813956	1.116804725355211	1.4361870083925365	1.3153930688914464	0.460458880391085	0.18960726244552795	51.80349978001675	0.031202935887964616
3.3545940572605506	0.01	0.007	0.007	0.007	0.01	0.024248530331252145	0.022525538735177965	0.0038278597577711725	0.0021754664657671393	0.017063029092095772	1.1237663947338652	1.4430360944344143	1.3167448756834472	0.4604612476261621	0.19314252565086995	51.38227617555406	0.03115848783725645
3.396124515009571	0.01	0.007	0.007	0.007	0.01	0.024048749977198126	0.022339955636014465	0.003762820590540877	0.0021370379426575597	0.01702244966924223	1.1306783455404374	1.4497803750018796	1.3180526539672242	0.4604404374098471	0.1966726198763519	50.96043869127173	0.031113672564334612
3.43806381238523	0.01	0.007	0.007	0.007	0.01	0.023848674517021513	0.02215409838438075	0.003699041921704078	0.002099416908735668	0.01697699173245394	1.137540689509454	1.456419356341216	1.3193169681273331	0.4603966280751461	0.2001966315633459	50.53796290623715	0.031068481527440673
3.4804215605377418	0.01	0.007	0.007	0.007	0.01	0.023648293596250477	0.02196795736143886	0.0036364808392057722	0.0020625739806690952	0.01692679475064181	1.144353485042052	1.462952468581903	1.320538341118237	0.4603299798821182	0.2037136498394568	50.114826787474364	0.031022906218423265
3.523207417912513	0.01	0.007	0.007	0.007	0.01	0.02344759794780608	0.021781523958462556	0.003575096513420495	0.00202648126757862	0.016871994484164207	1.1511167403631775	1.4693790697535623	1.321717256918903	0.46024063607147664	0.2072227666183169	49.69101059262492	0.030976938152801815
3.566431121447214	0.01	0.007	0.007	0.007	0.01	0.023246579252570152	0.021594790447314126	0.003514850035978827	0.0019911122572484007	0.016812723047430842	1.157830419700248	1.4756984525587553	1.3228541633292328	0.4601287237730091	0.2107230783872849	49.26649657578396	0.030930568837865262
3.6101024900087575	0.01	0.007	0.007	0.007	0.01	0.023045230134589544	0.021407749975989765	0.0034557043106885057	0.0019564417344850225	0.01674910900260051	1.1644944447803425	1.4819098465545455	1.3239494737637525	0.45999435486666707	0.21421368568359522	48.84126897761908	0.030883789770817988
3.6542314544303935	0.01	0.007	0.007	0.007	0.01	0.02284354403576193	0.02122039645221088	0.003397623917309978	0.0019224456848932205	0.016681277415703157	1.1711087002586376	1.488012423938138	1.325003569563258	0.4598376266934628	0.21769369471363365	48.41531376095575	0.030836592408568966
3.6988280621343668	0.01	0.007	0.007	0.007	0.01	0.022641515212065737	0.02103272453992223	0.0033405750199940547	0.0018891012261156572	0.016609349946366207	1.1776730349942923	1.4940053013261752	1.3260168014648934	0.4596586227555227	0.22116221689335247	47.98861860301985	0.030788968164975693
3.7439025029702853	0.01	0.007	0.007	0.007	0.01	0.022439138635748965	0.0208447295684318	0.003284525255791044	0.00185638652854633	0.016533444904894428	1.1841872663373951	1.4998875442311106	1.3269894914325626	0.4594574132759866	0.2246183700468396	47.56117268905161	0.030740908385576637
3.7894651241098347	0.01	0.007	0.007	0.007	0.01	0.022236409951899197	0.020656407492067284	0.003229443646166414	0.001824280750591019	0.016453677323683205	1.190651182516955	1.5056581696579885	1.3279219340496065	0.45923405572223525	0.2280612786838855	47.13296662074268	0.030692404334272474
3.8355264486912977	0.01	0.007	0.007	0.007	0.01	0.022033325421815398	0.020467754837572294	0.0031753005110710915	0.001792763976399933	0.016370159021650794	1.1970645453686746	1.5113161489078284	1.3288143978497569	0.4589885952513011	0.23149007452249007	46.703992296776356	0.030643447176230437
3.8820971953439676	0.01	0.007	0.007	0.007	0.01	0.021829881866717193	0.020278768651815892	0.003122067389064555	0.001761817158046963	0.016282998665805938	1.2034270929524815	1.5168604101632734	1.3296671265176274	0.45872106508863064	0.23490389701520578	46.27424279405548	0.030594027960105626
3.9291882986472206	0.01	0.007	0.007	0.007	0.01	0.0216260766118029	0.020089446449826336	0.0030697169630192487	0.0017314220618076586	0.016192301829958254	1.2097385420594235	1.5222898408531083	1.3304803399644194	0.4584314868427631	0.23830189387353432	45.84371224964129	0.03054413759953935
3.976810930581412	0.01	0.007	0.007	0.007	0.01	0.02142190743067591	0.019899786163166677	0.0030182229909761467	0.0017015612182180759	0.016098171050609844	1.2159985906072612	1.5276032897917973	1.3312542352839207	0.4581198707581946	0.24168322158477196	45.41239574344412	0.030493766853893534
4.024976535935481	0.01	0.007	0.007	0.007	0.01	0.021217372435628507	0.019709786038015518	0.002967560228370153	0.0016722178678740015	0.01600070585368216	1.2222069215708802	1.5327995704583883	1.3319889877838682	0.4577862158166039	0.24504704680962483	44.98028906650179	0.030442906294563244
4.07369684020423	0.01	0.007	0.007	0.007	0.01	0.021012470091323242	0.01951944464787607	0.002917704385722762	0.0016433759284712193	0.01590000283511795	1.2283632030228238	1.5378774608280381	1.332684751436497	0.45743050996569357	0.24839254572184918	44.54738874991095	0.030391546300727504
4.122983877555166	0.01	0.007	0.007	0.007	0.01	0.020807199146820124	0.01932876083043388	0.0028686320691189596	0.0016150199524601083	0.015796155702995376	1.2344670906151578	1.5428357051776649	1.3333416595573349	0.4570527301790843	0.2517189046984746	44.11369192124282	0.030339677034177275
4.1728500335997705	0.01	0.007	0.007	0.007	0.01	0.02060155851328679	0.01913773357395705	0.0028203207120456346	0.0015871350803146592	0.015689255287054733	1.2405182315252319	1.5476730168687969	1.3339598255228027	0.45665284234281833	0.2550253218504542	43.67919604615416	0.030287288399007666
4.223308063439456	0.01	0.007	0.007	0.007	0.01	0.02039554725223133	0.0189463620063654	0.002772748537524945	0.0015597070118582585	0.015579389599821011	1.246516264972141	1.552388078137147	1.3345393430081092	0.45623080127587234	0.2583110067203598	43.24389890346882	0.030234370027798572
4.274371131082279	0.01	0.007	0.007	0.007	0.01	0.020189164481799162	0.018754645308185908	0.002725894503832569	0.0015327219685962229	0.015466643853499683	1.252460825056505	1.5569795415923047	1.3350802863827729	0.4557865505412563	0.2615751812733619	42.80779838711026	0.030180911245766565
4.326052850996131	0.01	0.007	0.007	0.007	0.01	0.019982409283832426	0.018562582626216684	0.0026797382541221943	0.0015061666587870258	0.015351100471957858	1.2583515434005668	1.561446031293023	1.3355827109616492	0.4553200221789745	0.2648170808106281	42.37089230959118	0.03012690103326151
4.378367328425874	0.01	0.007	0.007	0.007	0.01	0.019775280625604113	0.018370173000822585	0.002634260072667055	0.0014800282467670016	0.015232839106282054	1.2641880511986405	1.565786143102557	1.3360466530840924	0.45483113639474904	0.2680359545843481	41.93317823645952	0.0300723279901709
4.431329194805561	0.01	0.007	0.007	0.007	0.01	0.01956777731017952	0.018177415319823854	0.002589440850072461	0.0014542943278286434	0.015111936663668937	1.269969980321749	1.5699984440999675	1.3364721300141968	0.45431980124970384	0.2712310659093803	41.49465338119549	0.030017180306053652
4.484953681018594	0.01	0.007	0.007	0.007	0.01	0.019359897789138276	0.01798430814452635	0.002545262021500425	0.0014289528879795161	0.01498846725239171	1.2756969680922925	1.574081474378278	1.3368591399937533	0.45378591193527434	0.27440169431990247	41.05531420917509	0.02996144569156523
4.539256651259803	0.01	0.007	0.007	0.007	0.01	0.019151640143295536	0.01779084969181226	0.0025017055443832224	0.0014039922867430052	0.014862502219054401	1.2813686571475948	1.5780337448791066	1.3372076617831663	0.453229350364442	0.2775471350303717	40.61515639659737	0.029905111351772574
4.594254668189849	0.01	0.007	0.007	0.007	0.01	0.018943001953303763	0.017597037713936788	0.002458753854612504	0.0013794012279139925	0.01473411011868712	1.2869846982033515	1.5818537370259091	1.337517654297912	0.4526499844132555	0.28066670000669214	40.174174556632934	0.0298481639277271
4.6499650843367775	0.01	0.007	0.007	0.007	0.01	0.018733980088070055	0.017402869301980477	0.0024163898091932303	0.0013551687229014372	0.014603356627324785	1.2925447547325448	1.5855399031419577	1.3377890561601335	0.4520476668119792	0.28375972011562894	39.732361791765975	0.02979058941196474
4.706406104993879	0.01	0.007	0.007	0.007	0.01	0.018524570620686028	0.01720834080775256	0.002374596658403824	0.0013312840712741373	0.014470304526312483	1.2980485038956406	1.5890906637540134	1.3380217848421112	0.45142223425981	0.2868255452006553	39.289709515541425	0.02973237309476017
4.7635968855286315	0.01	0.007	0.007	0.007	0.01	0.018314768634109947	0.01701344766328101	0.002333357998051686	0.0013077368301855053	0.014335013613209978	1.3034956401375095	1.5925044061480162	1.338215735762988	0.4507735061055436	0.2898635456402151	38.846207041182986	0.029673499476079578
4.821557638650732	0.01	0.007	0.007	0.007	0.01	0.018104568014879335	0.01681818418918337	0.0022926577228199467	0.001284516784704702	0.014197540597197125	1.308885878696786	1.5957794821228226	1.3383707811267156	0.45010128282798206	0.29287311385863796	38.40184114476914	0.029613952168867617
4.880309740603955	0.01	0.007	0.007	0.007	0.01	0.01789396127718224	0.016622543431238757	0.0022524799886609872	0.0012616139235665067	0.01405793900728132	1.3142189579307104	1.5989142042306044	1.3384867684606356	0.4494053444436451	0.2958536651699821	37.95659569244069	0.02955371380517918
4.939875888163487	0.01	0.007	0.007	0.007	0.01	0.01768293923435194	0.01642651685522539	0.002212809149223308	0.0012390184003601811	0.013916258992253972	1.3194946450623197	1.6019068431409258	1.3385635189367027	0.44868544822392126	0.29880464052272876	37.51045094488294	0.02949276589218083
5.000280241800634	0.01	0.007	0.007	0.007	0.01	0.01747149075777288	0.016230094122957738	0.002173629713090816	0.0012167205068380536	0.013772547168400394	1.3247127391156388	1.604755622177472	1.3386008252465547	0.4479413264563334	0.3017255076583266	37.063383046387315	0.029431088684788276
5.061548627903377	0.01	0.007	0.007	0.007	0.01	0.01725960236875501	0.01603326271316102	0.0021349262736725357	0.0011947106308837568	0.013626846345080447	1.3298730773834269	1.6074587125532733	1.3385984491067882	0.44717268336859456	0.30461576422159964	36.61536316053497	0.029368661000649294
5.123708746824935	0.01	0.007	0.007	0.007	0.01	0.017047257861748145	0.015836007571458473	0.002096683449912227	0.0011729792208908004	0.013479195258799464	1.3349755403042802	1.610014226077685	1.338556118218611	0.44637919182804237	0.3074749399501597	36.16635667184135	0.02930546003254598
5.186790425515519	0.01	0.007	0.007	0.007	0.01	0.016834437830995676	0.01563831067065928	0.0020588858142482533	0.0011515167431236932	0.013329628228516759	1.3400200578183339	1.6124202067999371	1.3384735226428952	0.4455604893253084	0.3103025996485124	35.7163221829017	0.029241461119180606
5.25082595338939	0.01	0.007	0.007	0.007	0.01	0.016621118986292104	0.01544015037513637	0.0020215177891663642	0.0011303136215009822	0.013178174647040897	1.3450066196200785	1.6146746221537343	1.3383503103630356	0.4447161726895554	0.3130983482917285	35.26521006515506	0.029176637436126324
5.315850426370425	0.01	0.007	0.007	0.007	0.01	0.01640727352838786	0.015241500860612203	0.0019845635617567765	0.0011093601878787644	0.013024858494921457	1.3499352826135278	1.6167753498126625	1.3381860819588256	0.44384579246193756	0.31586183448937244	34.81296113525771	0.029110959684199952
5.38190222468357	0.01	0.007	0.007	0.007	0.01	0.01619286818228957	0.015042331216149701	0.0019480069465878508	0.001088646603292006	0.012869697589822038	1.3548061847418242	1.618720163883094	1.3379803840082478	0.4429488452387958	0.318592757429415	34.35950460737793	0.0290443956492691
5.449023561295877	0.01	0.007	0.007	0.007	0.01	0.01597786313017254	0.014842604452887992	0.0019118312420593714	0.0010681627758393519	0.012712702735264635	1.35961955899713	1.620506716491223	1.3377327010102413	0.44202476472529356	0.32129087380188714	33.9047558323757	0.02897690969935602
5.517261173373776	0.01	0.007	0.007	0.007	0.01	0.01576221063933011	0.014642276229484875	0.0018760190471087358	0.0010478982564653748	0.012553876616171487	1.3643757518107176	1.6221325153965085	1.3374424453310139	0.44107291045030583	0.32395600701926786	33.44861339102071	0.028908462148137963
5.586667219748838	0.01	0.007	0.007	0.007	0.01	0.015545853235060818	0.014441293154832707	0.0018405520174126888	0.0010278421009269076	0.012393212319700113	1.3690752482893231	1.6235948965644509	1.3371089444260216	0.4400925531366391	0.326588060064014	32.99095522344226	0.02883900842482036
5.657300394435514	0.01	0.007	0.007	0.007	0.01	0.015328721452747858	0.014239590699867423	0.0018054105720095531	0.0010079827042379322	0.012230691492706265	1.373718702423861	1.6248909885092389	1.3367314246575799	0.43908285641944556	0.329187030840863	32.531633866835236	0.02876849804458691
5.7292274147267275	0.01	0.007	0.007	0.007	0.01	0.015110730761545862	0.014037090339848561	0.001770573490052939	0.0009883075736389101	0.012066281815976005	1.3783069796758722	1.6260176673280622	1.3363089901319407	0.43804285246501085	0.3317530340804774	32.07046993870076	0.028696873226660428
5.80252498232342	0.01	0.007	0.007	0.007	0.01	0.01489177748748618	0.013833695767155967	0.0017360173803545303	0.0009688030305269512	0.011899933638586999	1.3828412133556092	1.6269714975031744	1.3358405947842016	0.43697140975893073	0.334286330434876	31.60724350049999	0.02862406707016784
5.87728246086356	0.01	0.007	0.007	0.007	0.01	0.014671733178441605	0.013629287656663863	0.0017017159484976608	0.0009494537991739403	0.011731575315592638	1.387322883429978	1.627748653151774	1.335325004604788	0.4358671891184663	0.33678736737487824	31.14168212098906	0.028550001057272015
5.953605681320058	0.01	0.007	0.007	0.007	0.01	0.014450436460802287	0.013423716101059182	0.0016676389337178788	0.0009302424106010474	0.011561106469240795	1.3917539325254675	1.6283448108962082	1.3347607447739438	0.43472858125051655	0.3392568397901522	30.673443627159294	0.02847458149311652
6.031622435617396	0.01	0.007	0.007	0.007	0.01	0.014227681171104766	0.013216789585806602	0.0016337505600982744	0.0009111483347039593	0.011388388153783267	1.3961369362292833	1.6287549983271168	1.334146023840271	0.43355361656753777	0.34169577927522227	30.20209096542608	0.028397694355809064
6.111490820041534	0.01	0.007	0.007	0.007	0.01	0.01400319808639079	0.013008258017705653	0.0016000071441382433	0.000892146640077061	0.011213227722090994	1.4004753689343514	1.6289733724795572	1.3334786200382234	0.4323398283537251	0.34410569415438264	29.727053505665513	0.02831919745421659
6.193412637611256	0.01	0.007	0.007	0.007	0.01	0.013776625152633781	0.01279778506882343	0.001566353178122422	0.0008732058002843921	0.0110353541927571	1.404774043747126	1.6289928796456636	1.3327557013660347	0.43108403327925376	0.34648880225449114	29.247563986503415	0.028238907796031255
6.277656238585328	0.01	0.007	0.007	0.007	0.01	0.013547456123849937	0.012584900465219387	0.0015327145483079467	0.000854283895517607	0.010854375795836303	1.4090398808419966	1.6288046982186044	1.3319735228187406	0.42978195777057576	0.3488484389671197	28.76254973964686	0.028156580009114834
6.36459935479075	0.01	0.007	0.007	0.007	0.01	0.013314942902869603	0.012368909267244372	0.0014989855717116966	0.0008353213515027315	0.010669699392585875	1.4132833903318343	1.6283972456815043	1.331126867556815	0.4284275386157706	0.35118984788610885	28.27042586977328	0.02807186576844291
6.454819988041094	0.01	0.007	0.007	0.007	0.01	0.013077885592230862	0.012148696839223523	0.0014650009825953785	0.0008162252460474879	0.01048035757019401	1.4175219052356325	1.6277541792781498	1.3302078797880597	0.42701144182346445	0.35352191069708067	27.768650649245956	0.02798422749479681
6.549330499402003	0.01	0.007	0.007	0.007	0.01	0.012834084594354889	0.011922219883255553	0.0014304624123275894	0.0007968281143025441	0.010284558405077087	1.4217881406311712	1.6268495388979658	1.3292031096091275	0.4255172565043379	0.3558617426936556	27.252565292820794	0.02789271553994321
6.650411161870343	0.01	0.007	0.007	0.007	0.01	0.01257836621719914	0.011684672347055653	0.0013946720404336456	0.0007767386783014474	0.010078066566078668	1.426161443337406	1.6256314290438625	1.328083160562791	0.42390797268280694	0.35825152128817944	26.711213178197692	0.027795173045627904
6.768152822508034	0.01	0.007	0.007	0.007	0.01	0.012286919446213695	0.011413935289926971	0.001354408920336326	0.0007541514293966114	0.009841390872621496	1.4310186661100837	1.623901074701415	1.3267226818414994	0.42202008556395815	0.36089393526292923	26.09417420098107	0.027681982745507195
6.872143460484743	0.01	0.007	0.007	0.007	0.01	0.012035135495107383	0.01118004232923226	0.001320063514295701	0.0007348944732037091	0.009635824653407258	1.4351054595570425	1.622107398795678	1.325473773049718	0.4203418524604032	0.36310632468782783	25.56106378773857	0.027582395314548112
6.962325584700448	0.01	0.007	0.007	0.007	0.01	0.011820968908390177	0.010981093745999664	0.0012911597054781415	0.0007186958811400252	0.009460173368788242	1.4385015579010234	1.6203597268917578	1.3243566617968068	0.4188790089974248	0.3649362905096504	25.10756928342191	0.02749632182835089
7.048829944022705	0.01	0.007	0.007	0.007	0.01	0.011619120749323635	0.010793588307757502	0.0012641726441475676	0.0007035774423204646	0.009293992792989666	1.4416346786327592	1.6185226759745113	1.3232568070294697	0.41746988528441353	0.3666169540552929	24.680131049320064	0.02741401095416865
7.135042059609209	0.01	0.007	0.007	0.007	0.01	0.011421386027249786	0.010609904007183637	0.001237969050846548	0.0006889033189190648	0.009130628997604614	1.444640098077244	1.616541547253358	1.32213432141024	0.41606023252379537	0.36822158327250076	24.261376992178786	0.027332223309669862
7.22107371576042	0.01	0.007	0.007	0.007	0.01	0.011227421941368543	0.01042972238671133	0.001212484484149712	0.0006746368843575186	0.008969847735423283	1.4475266061237198	1.6144208945996612	1.3209891112932002	0.4146487276607595	0.3697551127924975	23.850582369837525	0.0272508501054975
7.306546083145107	0.01	0.007	0.007	0.007	0.01	0.011037983008577836	0.01025374434691863	0.0011877994415613292	0.0006608226844597231	0.00881232242221018	1.45028668420835	1.6121775075082854	1.3198276203614212	0.4132420810107617	0.3712138392064213	23.44934647383876	0.02717024581334548
7.391399848117984	0.01	0.007	0.007	0.007	0.01	0.010853079080128484	0.010081979040716152	0.0011638963973205543	0.0006474504027478629	0.008658110120245801	1.4529241827501802	1.6098210630289083	1.3186521544419858	0.4118417627253657	0.37260015949191677	23.057691625047173	0.02709046072725101
7.475700522966535	0.01	0.007	0.007	0.007	0.01	0.01067244970284416	0.009914184523719742	0.0011407243063015157	0.0006344910180919799	0.00850703878156306	1.4554466172733225	1.607357436271544	1.317463215868547	0.41044714989525977	0.3739183936637275	22.675067545098525	0.027011427696513626
7.559517747191564	0.01	0.007	0.007	0.007	0.01	0.010495838655144564	0.009750122782082472	0.0011182346242378403	0.0006219169653777205	0.008358934757691047	1.457861061948852	1.604791612905334	1.3162611018429862	0.4090575082683581	0.3751725969186495	22.300932780842196	0.026933076497955614
7.6429122652446635	0.01	0.007	0.007	0.007	0.01	0.010323020780903077	0.009589584659800615	0.0010963845064628336	0.0006097039166559191	0.008213645877868847	1.4601738153209833	1.6021281483038905	1.3150461039030397	0.40767221315790736	0.3763663875432265	21.934811559820986	0.02685534599495704
7.725936479603703	0.01	0.007	0.007	0.007	0.01	0.010153798751412342	0.00943238685084421	0.0010751361250147464	0.0005978303913457816	0.008071039445963374	1.4623904996279486	1.5993712625310215	1.3138185211154707	0.4062907460603888	0.37750300399250614	21.57628695156682	0.026778183489191
7.808635546491296	0.01	0.007	0.007	0.007	0.01	0.009987998995691314	0.009278368118673547	0.001054455928057909	0.0005862773356541041	0.007930999413782022	1.4645161622068068	1.5965249001572317	1.3125786619324227	0.4049126812074399	0.37858536220763417	21.2249922636896	0.02670154358308959
7.891048942609181	0.01	0.007	0.007	0.007	0.01	0.009825467040178231	0.009127384967094023	0.0010343138699889268	0.0005750276869259773	0.0077934229404842004	1.4665553750302498	1.5935927551758713	1.3113268354951508	0.40353766333395324	0.3796161108886248	20.880601182947	0.026625386628381136
7.973210038040197	0.01	0.007	0.007	0.007	0.01	0.009666067079459611	0.008979311241499104	0.0010146832017873223	0.0005640662519528864	0.0076582204381152414	1.468512273331662	1.5905783514576002	1.3100633703617994	0.4021654179675015	0.380597655016302	20.54282687846758	0.026549679036533526
8.055148191283651	0.01	0.007	0.007	0.007	0.01	0.009509676765377286	0.008834033288255503	0.0009955396949623333	0.0005533792697179789	0.007525311503560982	1.4703906487738598	1.5874850228520496	1.3087885929284553	0.400795719076562	0.3815322063104064	20.21141097105849	0.02647439127031235
8.13688900368905	0.01	0.007	0.007	0.007	0.01	0.00935618587883528	0.008691448720892848	0.0009768613720178814	0.000542954257756214	0.0073946240693868815	1.4721939879626271	1.5843159469114736	1.3075028316417565	0.3994283869310849	0.3824218052715532	19.88612072722898	0.026399497553786015
8.218454969540893	0.01	0.007	0.007	0.007	0.01	0.00920549436926708	0.008551464598885531	0.0009586281759697035	0.0005327798249849489	0.00726609297461727	1.4739255150935908	1.5810741570420044	1.3062064138083733	0.39806327900590194	0.3832683448429796	19.566744911856375	0.026324975226464126
8.299865868855486	0.01	0.007	0.007	0.007	0.01	0.009057511014156385	0.008413996182428059	0.0009408217303980101	0.0005228455355044886	0.0071396590240695975	1.4755882238764144	1.5777625580165981	1.3048996652314708	0.3967002848953103	0.3840735882947271	19.253090953547414	0.026250804342527103
8.381139187749179	0.01	0.007	0.007	0.007	0.01	0.0089121521309325	0.008278965735862627	0.000923425117732226	0.0005131417829227375	0.007015268061469083	1.4771849061875715	1.5743839353187665	1.3035829084680657	0.39533932053502074	0.38483918512272636	18.944982219942435	0.02617696725184388
8.462290412418211	0.01	0.007	0.007	0.007	0.01	0.008769340608995146	0.008146301628488454	0.0009064227060547603	0.000503659692042015	0.006892870290031043	1.478718174841142	1.5709409653163642	1.302256462317796	0.39398032435192853	0.3855666837521573	18.642255970623914	0.026103448302385295
8.54333331720289	0.01	0.007	0.007	0.007	0.01	0.00862900502400605	0.008015937511791407	0.0008897999938832037	0.0004943910308144884	0.006772419642340532	1.4801904836135231	1.5674362222421605	1.3009206407691232	0.3926232533607899	0.38625754263697193	18.344761483662726	0.026030233552952628
8.624280156851258	0.01	0.007	0.007	0.007	0.01	0.008491078980825604	0.007887811709071916	0.0008735434889670598	0.00048532814146838376	0.006653873328484627	1.4816041432703375	1.5638721863850984	1.2995757529810883	0.3912680807404186	0.3869131392132711	18.05235866621682	0.025957310576870986
8.705141850034263	0.01	0.007	0.007	0.007	0.01	0.008355500518204379	0.0077618666624391834	0.0008576405999629965	0.00047646387898173434	0.006537191422710501	1.4829613357059608	1.5602512503926445	1.2982221029852707	0.389914793453078	0.3875347777633145	17.76491679554758	0.025884668276771848
8.785928176146605	0.01	0.007	0.007	0.007	0.01	0.008222211534767161	0.00763804839958455	0.0008420795354923994	0.00046779155381621956	0.006422336455802884	1.4842641267472052	1.5565757229582438	1.2968599887892118	0.38856338955608005	0.38812369646507333	17.482313304722457	0.02581229669053523
8.866647884351808	0.01	0.007	0.007	0.007	0.01	0.00809115739896263	0.007516306171448399	0.0008268492288979127	0.0004593048890983074	0.006309273155056788	1.4855144761736003	1.5528478347442782	1.2954897026326646	0.3872138769110173	0.388681072997241	17.204432957963448	0.025740186878705655
8.947308833094722	0.01	0.007	0.007	0.007	0.01	0.007962286537408445	0.007396592069817418	0.0008119392639018938	0.0004509979784062453	0.0061979681567926204	1.4867142471858457	1.5490697415606707	1.2941115304745656	0.3858662713231819	0.3892080297552262	16.931166979881286	0.02566833078662818
9.027918048207404	0.01	0.007	0.007	0.007	0.01	0.007835550180011697	0.007278860790557201	0.0007973398214376878	0.0004428652554441761	0.00608838984638868	1.4878652137208899	1.5452435301429912	1.2927257526431726	0.3845205959908201	0.3897056379826265	16.66241251686298	0.02559672118104664
9.108481865422846	0.01	0.007	0.007	0.007	0.01	0.007710901991568051	0.007163069291389642	0.0007830416159033628	0.0004349014579003647	0.005980508093741662	1.4889690682546148	1.5413712189819506	1.2913326428558993	0.3831768795008811	0.3901749220049718	16.39807185751133	0.02552535151303351
9.189005975989723	0.01	0.007	0.007	0.007	0.01	0.0075882978772576735	0.007049176611210682	0.0007690358537654589	0.0004271016038247112	0.005874294133050435	1.4900274274875382	1.5374547628216721	1.2899324687301483	0.38183515540708823	0.3906168624353224	16.138052021624258	0.025454215868634566
9.26949549302943	0.01	0.007	0.007	0.007	0.01	0.007467695769377341	0.006937143671977296	0.0007553141918646368	0.0004194609678974149	0.005769720421558584	1.4910418378057122	1.533496055489143	1.2885254918062226	0.3804954614289083	0.3910323992048156	15.882264309227377	0.025383308902039783
9.349955038684103	0.01	0.007	0.007	0.007	0.01	0.007349055398041795	0.006826933065702806	0.0007418686956376605	0.00041197505770350097	0.00566676047996109	1.4920137804813582	1.5294969310359388	1.2871119670804545	0.37915783827804495	0.39142243439547947	15.630623815444526	0.025312625751580865
9.430388772236133	0.01	0.007	0.007	0.007	0.01	0.007232338163381632	0.006718508935736546	0.000728691810403981	0.00040463959732790555	0.005565388816882203	1.4929446756794478	1.5254591672109474	1.2856921434609585	0.37782232944472594	0.39178783450580595	15.383049160495254	0.025242162008724107
9.510800428587846	0.01	0.007	0.007	0.007	0.01	0.007117507000610782	0.006611836851419963	0.0007157763330923852	0.0003974505112344151	0.0054655808439290415	1.4938358862681587	1.5213844879907912	1.2842662639578817	0.3764889807893421	0.3921294325808121	15.139462204469545	0.02517191367850131
9.591193393747918	0.01	0.007	0.007	0.007	0.01	0.0070045262020717106	0.006506883642776998	0.0007031153803156051	0.0003904039061477611	0.00536731275035758	1.4946887216992533	1.5172745638028367	1.2828345651342437	0.3751578395030858	0.3924480303014414	14.899787670733275	0.025101877108366158
9.671570705567762	0.01	0.007	0.007	0.007	0.01	0.006893361354889995	0.006403617342599439	0.0006907023705032843	0.0003834960607928835	0.005270561475468662	1.4955044407570521	1.513131015153785	1.2813972778084448	0.3738289542932273	0.39274439958040114	14.66395301447598	0.025032048983048744
9.75193511287989	0.01	0.007	0.007	0.007	0.01	0.006783979202369341	0.0063020070576910465	0.0006785309983773993	0.00037672341139984516	0.005175304612447034	1.4962842547023358	1.5089554129770433	1.2799546266584003	0.3725023745863906	0.39301928425997723	14.431888129413297	0.024962426268938485
9.832289107881351	0.01	0.007	0.007	0.007	0.01	0.006676347550939215	0.006202022882427535	0.000666595215395819	0.00037008254055617197	0.005081520349627785	1.497029329875763	1.5047492800328355	1.278506830241208	0.3711781501647195	0.39327340155468754	14.203525151042315	0.024893006182444447
9.912634931811388	0.01	0.007	0.007	0.007	0.01	0.006570435218120598	0.006103635850420214	0.0006548892154773564	0.00036357016902021885	0.004989187445624965	1.4977407898636212	1.5005140934627668	1.2770541014458505	0.3698563312313084	0.3935074432999387	13.978798346864624	0.024823786181831575
9.992974596515598	0.01	0.007	0.007	0.007	0.01	0.006466211962510391	0.006006817869475863	0.0006434074193617761	0.00035718314679475193	0.0048982851871788675	1.498419717667966	1.4962512863189164	1.2755966476205802	0.3685369682022584	0.39372207716921115	13.757643968413584	0.024754763945538605
10.0	0.01	0.007	0.007	0.007	0.01	0.006457177062399497	0.005998424915282634	0.0006424138274086182	0.0003566304661908386	0.00489040106393884	1.498477577314376	1.4958772404731462	1.275468976579673	0.3684217094729963	0.3937399454857176	13.73847200776952	0.02474873734152914
