0.0	0.01	0.007	0.007	0.007	0.01	0.0	0.0	0.0	0.0	0.0	0.0	0.0	0.0	0.0	0.0	100.0	0.035
0.006384249816986188	0.01	0.007	0.007	0.007	0.01	0.002590430561875136	0.006144773518358706	0.002878083422196411	0.0010629115147220685	0.00029506137640396924	0.00010535662628098389	0.000500332144250074	0.0003941193186837908	6.907518595961454e-5	7.66470784806496e-6	99.87698939375215	0.03499225671334508
0.010946465171611163	0.01	0.007	0.007	0.007	0.01	0.004345549252822642	0.01009019188684741	0.004843362264032552	0.001802519482276774	0.00047267082688453156	0.00030506277433783104	0.0014279836829735847	0.0011435528426759435	0.0002014515417634283	2.1521803812737684e-5	99.78917814009215	0.034986724373309575
0.01752865689616181	0.01	0.007	0.007	0.007	0.01	0.0067443604249249525	0.015197592705870878	0.007550693988978557	0.002841067962146317	0.000688169838573196	0.0007654126711471356	0.003511074437700448	0.0028776660352747016	0.00051064453781888	5.174385431075516e-5	99.66262341202176	0.03497874406367551
0.023950185691416714	0.01	0.007	0.007	0.007	0.01	0.008940970841921752	0.01958537486900085	0.010052803080872709	0.0038226430043145436	0.0008596809315995435	0.0013992460385669006	0.006297047793527205	0.00527545183590921	0.0009427155462907612	9.090444605507144e-5	99.53931239631143	0.034970960297422256
0.03142342812797669	0.01	0.007	0.007	0.007	0.01	0.011329933834947726	0.024043048280843974	0.012800835347825836	0.004926836197858845	0.0010202810063875134	0.0023511417438992588	0.010356000425509743	0.008892683125684208	0.0016019196981188301	0.00014616040978739417	99.39599767187366	0.03496190389203794
0.03921786712853119	0.01	0.007	0.007	0.007	0.01	0.013642459494772713	0.02804536805796712	0.015489586952441355	0.00603613011171414	0.0011520255889829233	0.0035719867954313936	0.015397903704380458	0.013554210972650806	0.0024618278253996104	0.0002125955128854865	99.24674317615009	0.03495246074515539
0.04769781089631284	0.01	0.007	0.007	0.007	0.01	0.015965710148753635	0.031755468801964136	0.018221412011162477	0.007195482542162482	0.001262884853550048	0.005144004160363899	0.021681173027175978	0.019586436798281866	0.0035888785729298175	0.00029278116444445056	99.08461660166115	0.034942189989957
0.056626827944254596	0.01	0.007	0.007	0.007	0.01	0.018211648893724355	0.035044752852294164	0.020893701954086075	0.008364532276720042	0.0013513981866699414	0.007051086741478115	0.029053640703161288	0.026941832303406292	0.00498166963058523	0.00038398459114229443	98.9141905194942	0.034931378587297994
0.06611264957896332	0.01	0.007	0.007	0.007	0.01	0.02039090219056528	0.03795542905106331	0.023518206336468155	0.00955039453056165	0.0014213946117052915	0.009334952696517552	0.03759183085964605	0.03579603689817727	0.006681705643003013	0.0004865283123347131	98.73345794857732	0.03491989666088226
0.07608487201681778	0.01	0.007	0.007	0.007	0.01	0.022472007233151358	0.040474913870623616	0.02605524388004031	0.010736930188704972	0.0014750499316941855	0.011995450147597137	0.04721094909479228	0.04616386463624096	0.008701138222646718	0.0005988871092628068	98.54381407436044	0.03490783004949838
0.0865826981642064	0.01	0.007	0.007	0.007	0.01	0.024451409435577658	0.042633353263936025	0.02849729358148086	0.011921739892404555	0.0015153266536731523	0.015054973565140545	0.05791287002302491	0.05814766897824608	0.011070029935263646	0.0007207267717583164	98.34456823541919	0.034895131950960535
0.09759623199355873	0.01	0.007	0.007	0.007	0.01	0.026317129349454488	0.04445297901519668	0.030825236245753236	0.013096377738609215	0.0015446754541181878	0.018520121592457348	0.0696459120294348	0.07178775628192675	0.013807450391850504	0.0008512222575559169	98.13596741984615	0.03488181502092902
0.10915325445628679	0.01	0.007	0.007	0.007	0.01	0.028065803248915912	0.04596627651885936	0.033029231405579486	0.014256320101455435	0.001565389878259792	0.022406144901363195	0.08239303822709447	0.0871571118047938	0.016940049893142805	0.0009900621924412924	97.91754845004039	0.034867846400219366
0.12127132581374374	0.01	0.007	0.007	0.007	0.01	0.029693325829435787	0.04720432678142551	0.03509719336268478	0.015395433031934158	0.0015793992928221734	0.026723371280664265	0.0961252083779423	0.10430730483800073	0.020491352673971203	0.0011369002027202203	97.68904816485721	0.03485320566451859
0.13398402928718597	0.01	0.007	0.007	0.007	0.01	0.031198710154960126	0.04819937304397157	0.03701962619745179	0.016508520583555307	0.0015883453162204343	0.031486127274549955	0.11083128620349467	0.12330266405078338	0.024488729872491177	0.0012916657994976827	97.4499084979455	0.03483785311727885
0.14732665608261908	0.01	0.007	0.007	0.007	0.01	0.03258158543348707	0.04898191003981121	0.03878646656103456	0.017589711692483002	0.0015935917756367528	0.03670827259940818	0.12650329163314908	0.1442013755150722	0.028959625676978754	0.0014543874511791898	97.1995489041654	0.034821747114178694
0.16134440042202944	0.01	0.007	0.007	0.007	0.01	0.033842936529993435	0.049580738160020406	0.04038801224820307	0.018633019185709254	0.0015962817397463845	0.04240646563269664	0.1431463109573247	0.16706696520026906	0.03393406989256461	0.001625285849310544	96.93721429083887	0.03480483419133101
0.17608827193935123	0.01	0.007	0.007	0.007	0.01	0.034984365287023596	0.050022193889132954	0.04181397602694209	0.01963180151152266	0.0015973881543329242	0.048598827135956965	0.1607739382579264	0.19196109836165304	0.039443289789017795	0.0018047195896523948	96.66205454497609	0.03478705403323757
0.19161783114473446	0.01	0.007	0.007	0.007	0.01	0.03600815280112482	0.050330049981539754	0.043053583141012444	0.02057880765073853	0.0015977681866063348	0.05530613425109581	0.17941134401265246	0.21894604919230623	0.04552038081173652	0.0019932172947465963	96.37307633245497	0.03476833620836603
0.20799993649851922	0.01	0.007	0.007	0.007	0.01	0.03691699990792471	0.05052537483547159	0.044095311268927545	0.021465946205913217	0.00159821256105975	0.06255131840584849	0.19909337448194916	0.24807984938933206	0.05219936807682078	0.002191466129374448	96.06917002559281	0.03474860172293782
0.2253090691060352	0.01	0.007	0.007	0.007	0.01	0.03771397509835412	0.05062657791628857	0.044926981206452145	0.02228422588451015	0.0015994890517326556	0.07035949946563039	0.21986432199310832	0.27941300807807257	0.05951454660519023	0.002400325930532235	95.74910749803516	0.03472776267632146
0.24362531401106283	0.01	0.007	0.007	0.007	0.01	0.03840241023905816	0.05064951089404302	0.04553593768490804	0.0230236635284662	0.0016023780444735332	0.07875687456929598	0.24177475218238892	0.3129800682488186	0.06749851956308159	0.0026208226321730544	95.41158360304331	0.03470572474243
0.26303088183167644	0.01	0.007	0.007	0.007	0.01	0.03898587650094304	0.05060765132167795	0.04590957616611852	0.023673316639814042	0.0016076985255220346	0.08776879458248711	0.2648765600732293	0.34878755863137106	0.07617913635836261	0.002854132847342509	95.05528408917876	0.03468239140265824
0.2836029327144957	0.01	0.007	0.007	0.007	0.01	0.03946820681616241	0.05051235035445443	0.04603631358276757	0.024221471540302537	0.0016163216692619536	0.09741600906278602	0.289213783701936	0.38679488229541187	0.08557430671630605	0.003101532719301711	94.67901995688024	0.03465767260859224
0.305402727656118	0.01	0.007	0.007	0.007	0.01	0.03985363302101268	0.050373140194837095	0.04590721103844036	0.024656157971907122	0.001629167990554133	0.10770913202632787	0.31480954224183993	0.42688964919765204	0.09568476098186796	0.0033643090323724517	94.28192555532536	0.034631497817796036
0.32846379830248157	0.01	0.007	0.007	0.007	0.01	0.040147063809830894	0.05019805740122384	0.04551822604469391	0.024966138927337934	0.0016471858289144482	0.1186427598866215	0.34165263834998166	0.46886501367281613	0.10648641416147708	0.003643658424562245	93.8636690097701	0.03460383014273169
0.3527867325155939	0.01	0.007	0.007	0.007	0.01	0.040354431271966716	0.04999388824337491	0.044872515610119124	0.025142331999769903	0.0016713188692680555	0.13019309021740055	0.3696927926864525	0.5124155818033805	0.11792668127988534	0.003940656840513387	93.42453655086312	0.03457467248950011
0.3783475729603319	0.01	0.007	0.007	0.007	0.01	0.04048286533677761	0.049766254824721315	0.043981659442637475	0.025179196953279692	0.0017024843942222239	0.14232251712343327	0.3988520056627436	0.5571645073242527	0.12992880250043365	0.004256379359352278	92.96526838226805	0.034544057344590415
0.40511558182576224	0.01	0.007	0.007	0.007	0.01	0.040540466240060184	0.04951959764401421	0.04286509813782577	0.025075450010790597	0.0017415815719371763	0.15498900897231077	0.4290460249144992	0.6027098547205246	0.1424021513544749	0.004592127147467023	92.48673023557463	0.034512025389640176
0.4330666227552296	0.01	0.007	0.007	0.007	0.01	0.04053575175833154	0.04925722075504823	0.04154837444235002	0.024833951552244316	0.0017895241005648713	0.16815334224739342	0.46019962727607133	0.6486610503221086	0.15525120225469827	0.004949607606053137	91.98967151699775	0.0344786094588137
0.4621841537334261	0.01	0.007	0.007	0.007	0.01	0.04047709344884101	0.04898148658437864	0.040061321784284364	0.024461194650461444	0.001847273090801232	0.18178018364536172	0.49224720530135957	0.6946509164482155	0.16837871839757182	0.005330972299094379	91.47470960626296	0.034443833377639274
0.49244815638957	0.01	0.007	0.007	0.007	0.01	0.04037237032406754	0.04869413183893658	0.038436873396003664	0.023966874549962495	0.00191584456635125	0.195833319826263	0.5251201956548973	0.7403275538480115	0.18168349704839615	0.005738701398571997	90.94252666729737	0.0344077251998612
0.523815545782373	0.01	0.007	0.007	0.007	0.01	0.0402288828800733	0.04839663842001754	0.03671051035410511	0.02336374954749735	0.001996271015447609	0.21026706361028596	0.5587264245287887	0.7853370805879057	0.19505519500319551	0.006175347200808992	90.3942083110103	0.03437034051191171
0.5561999718912549	0.01	0.007	0.007	0.007	0.01	0.04005343602971307	0.04809056578718432	0.03491975620645218	0.022667640254721844	0.0020895141275724905	0.2250178574443086	0.5929306826292948	0.8293127608966312	0.20837068177595275	0.0066432011834816045	89.831579886155	0.034331786301688726
0.5894663260698373	0.01	0.007	0.007	0.007	0.01	0.039852404872830115	0.04777769850660501	0.033102662768856754	0.02189702692017303	0.0021963688573441993	0.24000310881674303	0.6275525162141931	0.8718897109487448	0.22149826970490838	0.007144078969095538	89.25727538454551	0.03429222717069163
0.6234465967854425	0.01	0.007	0.007	0.007	0.01	0.039631649461711736	0.04745995877107878	0.031295051774204385	0.02107185852943286	0.002317411986579498	0.25512971096604686	0.6623863910808359	0.9127435491666462	0.23431040321769808	0.00767936166334329	88.67443641754343	0.03425186613611195
0.6579743761384858	0.01	0.007	0.007	0.007	0.01	0.039396272851930064	0.04713912683362396	0.029527218997084704	0.020211667943250956	0.0024530406934392384	0.2703101802653654	0.6972390612407486	0.9516372216790083	0.24670056294028936	0.008250353670461416	88.08610463825384	0.034210903440380004
0.6929069716645923	0.01	0.007	0.007	0.007	0.01	0.03915046705939345	0.046816671034592715	0.027822254913872062	0.01933405298343152	0.002603523202265997	0.28547218282389253	0.7319513583788573	0.9884353682702496	0.2585911103226261	0.008858548563636368	87.49484728536605	0.03416951033620866
0.7281334060845495	0.01	0.007	0.007	0.007	0.01	0.03889750727635107	0.04649370341935003	0.026195996379025345	0.018453860312809416	0.002769034555690777	0.30056117019200707	0.7664040833886239	1.0230937593797775	0.2699330996625049	0.009505749643548158	86.90263532981366	0.03412781976659916
0.7635719848176659	0.01	0.007	0.007	0.007	0.01	0.03863986345138034	0.046171024979940294	0.02465802943272511	0.017583016977692517	0.0029496657035079517	0.3155382800751719	0.8005131234761251	1.0556367121614691	0.28070140307715863	0.010194055401105087	86.3109015284538	0.03408592945107974
0.7991658366747296	0.01	0.007	0.007	0.007	0.01	0.03837934391585232	0.04584918287036575	0.02321296383032545	0.01673069483057155	0.0031454261505150637	0.330377460974771	0.8342228872231887	1.086135752152719	0.29088928491465926	0.010925819502626052	85.72063075048797	0.03404390735108747
0.8348783488639924	0.01	0.007	0.007	0.007	0.01	0.038117235447873765	0.04552852351103763	0.02186167609825111	0.01590363946770649	0.003356244796667095	0.34506272519308256	0.8675000821731451	1.1146922474366292	0.3005034952095269	0.011703608303419278	85.13244914342644	0.03400179722602565
0.8706897783796115	0.01	0.007	0.007	0.007	0.01	0.03785441990851593	0.045209231514293687	0.020602366055351	0.015106543407332222	0.003581974960726884	0.3595860664843232	0.9003290202485663	1.141424772887108	0.3095603658798328	0.012530178800443957	84.54669100862718	0.03395962276745193
0.9065946120975842	0.01	0.007	0.007	0.007	0.01	0.03759146774209858	0.04489135957833665	0.019431415124052123	0.014342418468188187	0.0038224018986590972	0.3739458281057975	0.9327079417121139	1.166460048190815	0.31808272854021497	0.013408470683143511	83.96345118191093	0.033917390824755284
0.9425996873013543	0.01	0.007	0.007	0.007	0.01	0.03732870938953965	0.044574850079425306	0.018344050011010606	0.01361293564661353	0.004077253138970868	0.3881454924498757	0.9646462833977711	1.1899267402613145	0.3260975689228249	0.014341614950540477	83.3826233086519	0.033875093715556526
0.9787228182854508	0.01	0.007	0.007	0.007	0.01	0.03706628910836106	0.044259551194354464	0.0173348416298154	0.012918722830093966	0.004346210151567128	0.4021927582808816	0.996162585021346	1.2119513183639907	0.33363425290732	0.015332955492229457	82.80392868254262	0.033832710926627395
1.0149919009451345	0.01	0.007	0.007	0.007	0.01	0.03680420430314809	0.04394522817913118	0.01639806651118083	0.012259615447010656	0.004628921083637125	0.4160988690268461	1.0272829505807834	1.2326554483471939	0.3407232234801354	0.016386084788139514	82.22693651227706	0.03379021024344141
1.0514444702557961	0.01	0.007	0.007	0.007	0.01	0.03654233319520288	0.04363157032121922	0.015527958803618281	0.011634861316544367	0.004925014379070885	0.42987815871852675	1.058039988753305	1.2521545071578049	0.34739507313127427	0.017504895403574874	81.65107641288384	0.03374754834281914
1.0881277716535513	0.01	0.007	0.007	0.007	0.01	0.03628045261836284	0.04331819330074211	0.014718876676653994	0.01104328294135371	0.005234113826698247	0.44354781616590055	1.0884722312271398	1.2705569284786278	0.3536799206385306	0.018693652196973595	81.07564255274004	0.03370467078240776
1.1250994357328825	0.01	0.007	0.007	0.007	0.01	0.03601824711479199	0.04300463646823193	0.01396540357997026	0.010483402153173043	0.005555855923391803	0.45712787671790195	1.118624045202494	1.2879641593219884	0.35960703074026984	0.019957092645786798	80.49978850419261	0.03366151128850096
1.1624289420586011	0.01	0.007	0.007	0.007	0.01	0.03575530948325503	0.04269035377619862	0.013262399933734974	0.009953531720026877	0.005889911283578802	0.4706414825974334	1.1485461237798444	1.3044710914073694	0.3652046341618074	0.021300568166530556	79.92251044776019	0.033617990132740264
1.2002002230718603	0.01	0.007	0.007	0.007	0.01	0.03549113155169494	0.04237469582241756	0.01260501589758578	0.009451837291164382	0.006236013266286386	0.48411550387029817	1.1782967464134542	1.3201669136531509	0.37049992664548625	0.022730249063730598	79.34261403526723	0.033574011198700446
1.2385159723659807	0.01	0.007	0.007	0.007	0.01	0.03522508238803832	0.042056878891082075	0.01198867200823926	0.008976371901617583	0.006593998777434134	0.4975816715251314	1.207944125050782	1.335136395352533	0.3755192414995063	0.02425343037358949	78.75865732680238	0.03352945709652927
1.2775048376402611	0.01	0.007	0.007	0.007	0.01	0.03495636701840561	0.041735932145949846	0.01140900675318235	0.00852508056315159	0.006963871475547853	0.5110785606490291	1.2375705488889475	1.34946177844563	0.38028844106300536	0.025879011620499395	78.16885351019954	0.03348418097727339
1.3173337717975895	0.01	0.007	0.007	0.007	0.01	0.03468395170333929	0.041410605911416244	0.010861781449943684	0.008095766428869042	0.007345906973999018	0.5246550777407482	1.267279707135889	1.3632256796819147	0.3848336369776567	0.02761829192610806	77.57090198113126	0.033437992449201016
1.35823069971501	0.01	0.007	0.007	0.007	0.01	0.0344064233523866	0.04107920204205365	0.010342710252237725	0.007685992735113719	0.007740844719942915	0.5383769598363588	1.2972103802160837	1.3765160221929749	0.38918253424558286	0.029486394844673487	76.96167598404801	0.03339063169572474
1.4005303923577668	0.01	0.007	0.007	0.007	0.01	0.0341217013516844	0.04073922859897614	0.009847126914989344	0.007292850380731899	0.008150279085408892	0.5523400778522529	1.327564535359962	1.3894356243736146	0.3933671725143315	0.03150510273474802	76.33658680661001	0.03334171703851649
1.4447820021191267	0.01	0.007	0.007	0.007	0.01	0.03382635693539908	0.04038658633190705	0.009369213597897127	0.00691237291218689	0.00857758827523321	0.5667019210727645	1.358673965078462	1.4021244460730453	0.3974304407726173	0.033709407954169275	75.68808609213261	0.03329062190754598
1.4920726193482863	0.01	0.007	0.007	0.007	0.01	0.03351355339946578	0.04001310882237582	0.008899653210345738	0.006537692908352689	0.009030774760620404	0.5817772411659247	1.3912031745974702	1.414827328345966	0.40144618886959804	0.03616694436064582	75.00113769999916	0.03323610433534883
1.5452628008217493	0.01	0.007	0.007	0.007	0.01	0.03316518461335327	0.039597176102569485	0.008416876052702969	0.006152098398950851	0.009533330375886225	0.5984026533390642	1.4269224719352582	1.4281485342723175	0.40559467203584787	0.03905251685602886	74.23593879387094	0.03317489230053813
1.5975721240744387	0.01	0.007	0.007	0.007	0.01	0.03282612209187765	0.0391923599296691	0.007983708948069986	0.005806289350441638	0.010017300792780081	0.6144180978388224	1.461171996225987	1.4403404424714294	0.4093285281859289	0.042010274608103665	73.49102650570106	0.033114803922536136
1.6460583963800965	0.01	0.007	0.007	0.007	0.01	0.03251494248888842	0.038820836824810245	0.007614980911475985	0.005512409051544418	0.010454536360735907	0.6289725520972965	1.4921563639703161	1.4509072092824733	0.412510632990856	0.04485266021698269	72.80723337151474	0.03305920433049198
1.6938646241704345	0.01	0.007	0.007	0.007	0.01	0.032211021978155896	0.03845798214137127	0.007279065712707021	0.0052453487277541525	0.010873124968971512	0.6430544726569304	1.5220024324587969	1.4606914252181489	0.4154078621397551	0.04774472691321464	72.13926014242759	0.033004475948261454
1.7398779758410334	0.01	0.007	0.007	0.007	0.01	0.03192118910670636	0.03811194782400221	0.006979113975352739	0.005007628861563984	0.011262890989250004	0.6563611826948581	1.5500816086491438	1.4695597509726817	0.41798928151291637	0.050607157261794836	71.5021264799229	0.032951885613327986
1.785015101080154	0.01	0.007	0.007	0.007	0.01	0.03163941586380499	0.037775536524719405	0.006705037822457007	0.004791197655141735	0.011631637669936506	0.6691832062937709	1.577020203810792	1.4777745313986574	0.42033939119799585	0.05348520608537098	70.88259342661208	0.032900378170879804
1.82904209770373	0.01	0.007	0.007	0.007	0.01	0.03136697531228929	0.03745026790730891	0.006455204546782838	0.00459468769506181	0.011977513322902743	0.6814730297968841	1.6027284645204793	1.4853571900841431	0.4224707700377045	0.0563546155531644	70.28346945460389	0.03285021509926371
1.8723179251925504	0.01	0.007	0.007	0.007	0.01	0.03110147535828162	0.03713328588102914	0.00622501532729858	0.00441438488060012	0.01230358117035571	0.6933480259411384	1.6274611955754557	1.49242430656054	0.4244219491024392	0.059230311393243716	69.69950284701785	0.03280098242559719
1.9148533617162329	0.01	0.007	0.007	0.007	0.01	0.030842713588437803	0.03682434869116876	0.006012382188843671	0.004248555894520634	0.012610183473528798	0.7048249777281982	1.6512609668432325	1.4990214263431758	0.4262103389573349	0.062105824604675626	69.13025555957351	0.03275266395945021
1.9568279390639491	0.01	0.007	0.007	0.007	0.01	0.03058947995937534	0.036522011603841144	0.00581471812618635	0.004095085466388454	0.012898935014339545	0.7159643180573572	1.6742598173728132	1.5052133160374606	0.4278577445322908	0.0649869004110522	68.57307194275043	0.03270505238155001
1.99830763715399	0.01	0.007	0.007	0.007	0.01	0.030341280028114776	0.03622568426646517	0.005630327644857155	0.003952564849696055	0.013170612223198914	0.7267934885349688	1.6965200765006638	1.511040221505165	0.4293785368629989	0.06787246770203802	68.02686938864382	0.032658070135744934
2.0394022856340848	0.01	0.007	0.007	0.007	0.01	0.030097375391890578	0.03593448507477635	0.005457561329349788	0.0038196323695534468	0.01342626904208652	0.7373496339509533	1.7181230271895915	1.5165434020691295	0.4307867094662873	0.0707651547280025	67.49002750904795	0.032611590574335894
2.0801804348487503	0.01	0.007	0.007	0.007	0.01	0.02985729257284016	0.03564784872797295	0.005295157548603547	0.0036952371710388607	0.013666659530127486	0.747657456138176	1.7391234315772621	1.5217538396691046	0.4320930222269467	0.07366529311764873	66.96150804971717	0.03256553437380808
2.120718465776216	0.01	0.007	0.007	0.007	0.01	0.029620526819844187	0.03536517259292821	0.005141985292197411	0.003578439177493344	0.013892557365177778	0.7577422690110892	1.7595765013303744	1.526699938330572	0.4333071119866085	0.07657423392988012	66.44020318072798	0.03251981384122676
2.1610751698317525	0.01	0.007	0.007	0.007	0.01	0.02938669011263685	0.03508599340525238	0.004997116970728809	0.0034684635704254553	0.014104603764418827	0.7676237403612235	1.7795252473707666	1.531404861435669	0.4344369054858025	0.0794924648077689	65.9252614017371	0.032474361576528846
2.2013075952276826	0.01	0.007	0.007	0.007	0.01	0.029155415947727664	0.034809873591450394	0.004859740446149993	0.0033646320860917585	0.014303403603762796	0.7773200825377026	1.7990091268457122	1.5358890917258814	0.43548933300881815	0.0824206670311016	65.41587803624134	0.032429112516915944
2.241464375481823	0.01	0.007	0.007	0.007	0.01	0.028926396517286766	0.03453644565628993	0.0047291639417902775	0.0032663655128341903	0.01448949246296997	0.7868465619393483	1.8180611211983813	1.5401700650033134	0.436470300144251	0.0853591784082877	64.91137718279575	0.032384011406128496
2.281589775559462	0.01	0.007	0.007	0.007	0.01	0.02869935775068644	0.03426538238427973	0.004604785261700362	0.0031731592034306083	0.014663361988565094	0.79621663236358	1.8367101105537786	1.544263004943923	0.43738493998337347	0.0883082381991045	64.411156831104	0.03233900819055946
2.321722937810054	0.01	0.007	0.007	0.007	0.01	0.028474062356924162	0.033996400471754604	0.004486081307139111	0.0030845741637583993	0.014825460049885653	0.805441874178358	1.854980825748433	1.5481811344290448	0.438237706193999	0.09126789373047108	63.91469562992195	0.03229405882715162
2.361899458630147	0.01	0.007	0.007	0.007	0.01	0.028250299786747892	0.03372924854240887	0.004372592558915116	0.0030002245194308812	0.014976201218001374	0.8145324663186637	1.8728948534015957	1.5519360799242774	0.4390325017750644	0.0942380848449192	63.42153082967105	0.03224912348019146
2.40215139544518	0.01	0.007	0.007	0.007	0.01	0.02802788529155632	0.033463706023601825	0.004263914566700353	0.002919770388352891	0.015115969710534255	0.8234972718868693	1.8904708594372235	1.5555380674568728	0.4397727536504154	0.09721861920176465	62.93125625636828	0.032204166485453364
2.442508036929849	0.01	0.007	0.007	0.007	0.01	0.027806654846691058	0.033199577085172564	0.004159688764085455	0.002842910374581388	0.015245124965806897	0.832344085293741	1.9077251236150883	1.5589961577516487	0.4404614899711507	0.10020920855978513	62.443511164526605	0.03215915546421143
2.482996138834758	0.01	0.007	0.007	0.007	0.01	0.027586463194557282	0.0329366883030685	0.004059596111975521	0.0027693762748553924	0.015364004675417247	0.8410797453801028	1.9246718014588948	1.5623184011569127	0.4411013953535362	0.1032094694289533	61.957975958629945	0.03211406103956151
2.523640358530711	0.01	0.007	0.007	0.007	0.01	0.02736718089928982	0.03267488514286713	0.0039633512257087975	0.002698928234528795	0.015472928108070343	0.8497102827642999	1.9413232466725354	1.565511986964635	0.44169486087784166	0.10621894147313114	61.474365730006866	0.03206885633431906
2.5644635069406063	0.01	0.007	0.007	0.007	0.01	0.027148692501571176	0.03241402975678816	0.0038706978133028185	0.002631350949199705	0.0155721984581022	0.8582410182176011	1.9576902320778815	1.5685833574863426	0.44224402354898396	0.10923709482835055	60.99242621406288	0.032023516675820055
2.6054868106761546	0.01	0.007	0.007	0.007	0.01	0.026930894695412284	0.03215399880693391	0.0037814047512918186	0.0025664504005872414	0.015662104926020225	0.8666766562380572	1.9737821564903237	1.5715383075039855	0.4427508000554604	0.11226334013163954	60.51192979188834	0.03197801929188138
2.646730135524275	0.01	0.007	0.007	0.007	0.01	0.026713694783626125	0.0318946816212669	0.0036952628020268477	0.002504051118646818	0.01574292441382927	0.8750213641661662	1.9896072194093304	1.5743820676420655	0.44321691503753385	0.1152970372498031	60.03267210285993	0.03193234305206946
2.688212164199482	0.01	0.007	0.007	0.007	0.01	0.026497009435199836	0.03163597871002882	0.0036120818787824054	0.0024439938912185675	0.015814922884846764	0.8832788366634085	2.0051725640875997	1.577119373746271	0.4436439247528005	0.11833750188472085	59.55446932018829	0.03188646826166105
2.72995057035908	0.01	0.007	0.007	0.007	0.01	0.026280763512625965	0.031377800365685445	0.0035316886868384445	0.0023861337881475684	0.015878356518662623	0.8914523550128457	2.0204844076105406	1.5797545271574678	0.4440332373644776	0.12138401290551414	59.077155578205605	0.03184037646143427
2.7719621426826913	0.01	0.007	0.007	0.007	0.01	0.026064889203258914	0.03112006562585036	0.0034539247693750976	0.002330338513805255	0.015933472612742767	0.8995448327100845	2.03554814239282	1.582291444317885	0.4443861299396808	0.12443581682478533	58.60058106835437	0.031794050284150874
2.814262917438131	0.01	0.007	0.007	0.007	0.01	0.025849325142394092	0.030862701226326283	0.0033786447875040326	0.002276486959034161	0.01598051036471476	0.9075588596088929	2.050368432674571	1.5847337008456208	0.4447037632409684	0.12749213354982955	58.124610115039545	0.03174747330288861
2.8568682697152523	0.01	0.007	0.007	0.007	0.01	0.025634015780553986	0.03060564084570729	0.0033057150880364816	0.002224467986369337	0.016019701484778378	0.9154967353662566	2.064949289051161	1.5870845679449561	0.4449871942278332	0.13055215965372086	57.64911978895026	0.03170062992605546
2.8997930252752306	0.01	0.007	0.007	0.007	0.01	0.025418910672999197	0.030348824257124082	0.0032350124112013566	0.0021741793385795147	0.016051270736505203	0.9233605044624131	2.079294144148429	1.5893470456681114	0.4452373870825579	0.13361507355688557	57.17399834723882	0.03165350527066373
2.9430515195475575	0.01	0.007	0.007	0.007	0.01	0.025203964060611258	0.0300921968278607	0.003166422838759842	0.00212552673892894	0.01607543634801048	0.9311519793228031	2.0934059048666867	1.5915238895480088	0.4454552224916956	0.13668003724709993	56.69914431591756	0.03160608509458078
2.9866576832539407	0.01	0.007	0.007	0.007	0.01	0.024989134336234183	0.029835708882218637	0.0030998408216977593	0.002078423065531731	0.01609241038579076	0.938872766713382	2.10728700934283	1.5936176356104133	0.4456415059435598	0.13974620019294393	56.224465318278796	0.03155835570022817
3.0306250947264517	0.01	0.007	0.007	0.007	0.01	0.02477438369553187	0.02957931528467606	0.003035168369507423	0.002032787655865865	0.01610239905262165	0.9465242865637857	2.1209394689561525	1.5956306209826439	0.4457969748373285	0.14281270110883082	55.74987730997697	0.031510303875493265
3.0749670390234916	0.01	0.007	0.007	0.007	0.01	0.024559677768928652	0.02932297500046157	0.0029723143189762185	0.001988545681037022	0.016105602949632442	0.9541077907808436	2.134364909343682	1.5975650026081905	0.4459223047857233	0.14587867039388208	55.27530377156887	0.03146191682774582
3.1196965684881452	0.01	0.007	0.007	0.007	0.01	0.02434498526204646	0.029066650666271527	0.002911193681471367	0.0019456275875169111	0.016102217297307122	0.9616243810630043	2.147564608620544	1.599422773975507	0.4460181151577165	0.14894323279459895	54.80067491905959	0.03141318211687629
3.1648265530016157	0.01	0.007	0.007	0.007	0.01	0.02413027766054961	0.028810308237884018	0.0028517270748959706	0.0019039686091823845	0.01609243211990191	0.9690750238079319	2.160539529516518	1.6012057795946	0.4460849739220445	0.15200550943779212	54.32592705610409	0.0313640876001514
3.210369704340992	0.01	0.007	0.007	0.007	0.01	0.023915529069409577	0.028553916798258423	0.0027938402481431923	0.0018635083536309867	0.01607643241244884	0.9764605598599542	2.1732903417780522	1.6029157269748926	0.44612340190057137	0.1550646181928178	53.851002222880524	0.031314621405694944
3.256338600978023	0.01	0.007	0.007	0.007	0.01	0.023700716056309707	0.028297448370577214	0.0027374636515427107	0.0018241904288931019	0.01605439830083405	0.9837817138121134	2.1858174433556656	1.6045541975093676	0.44613387659858667	0.15811967419534906	53.375847853808025	0.03126477190575302
3.302745747575104	0.01	0.007	0.007	0.007	0.01	0.023485817341323226	0.028040877547751104	0.0026825320085858972	0.0017859620785568662	0.016026505171006008	0.9910391081814489	2.1981209893629594	1.6061226574903475	0.44611683562925947	0.16116979274592227	52.90041609482766	0.031214527652693898
3.34960359611877	0.01	0.007	0.007	0.007	0.01	0.023270813676749002	0.0277841813489559	0.0026289839762686997	0.0017487738854881608	0.015992923795957216	0.9982332706721505	2.2102009085177037	1.6076224666476668	0.446072679721488	0.1642140896567987	52.42466354080286	0.0311638773570818
3.3969245866301665	0.01	0.007	0.007	0.007	0.01	0.02305568764351196	0.027527338976554416	0.002576761815784334	0.0017125794886933378	0.015953820442267508	1.0053646439681647	2.2220569234085925	1.6090548864949408	0.4460017754023056	0.1672516829201449	51.94855078800995	0.031112809844889244
3.4447211671428533	0.01	0.007	0.007	0.007	0.01	0.022840423550568374	0.027270331695996932	0.0025258111176091223	0.0016773353433369306	0.01590935698136332	1.0124335917812326	2.2336885639809205	1.610421087206151	0.44590445740149137	0.17028169303259635	51.47204221421218	0.031061314037490698
3.493005833722041	0.01	0.007	0.007	0.007	0.01	0.02262500725007968	0.02701314261515649	0.0024760805310901045	0.0016430004886871256	0.01585969097742712	1.0194404074404215	2.245095184823366	1.6117221544044624	0.44578103076978637	0.1733032446092248	50.99510557202627	0.031009378910367737
3.541791152653835	0.01	0.007	0.007	0.007	0.01	0.022409426040812003	0.026755756568997913	0.0024275215378815	0.0016095363507663792	0.01580497578312894	1.0263853193109436	2.256275976758673	1.6129590947661152	0.44563177278775973	0.17631546683488447	50.517711777260054	0.030956993471417622
3.5910897835056605	0.01	0.007	0.007	0.007	0.01	0.022193668572986342	0.026498160005978467	0.0023800882447124164	0.001576906562214074	0.01574536063235627	1.0332684959897496	2.267229977758182	1.6141328411277487	0.44545693468027703	0.17931749397365457	50.03983470026124	0.030904146738619343
3.6409145231501983	0.01	0.007	0.007	0.007	0.01	0.02197772466814855	0.02624034077298913	0.0023337371753229153	0.0015450767851367666	0.01568099070274277	1.0400900539979818	2.2779560874302978	1.6152442575662267	0.4452567430660519	0.18230846711910484	49.56145076878617	0.030850827695592848
3.691278318205478	0.01	0.007	0.007	0.007	0.01	0.02176158528466261	0.025982288074157797	0.002288427110681688	0.0015140145703818368	0.01561200721111638	1.0468500606074578	2.2884530733446873	1.61629414322315	0.44503140133947705	0.18528753396200026	49.082538893132885	0.030797025281419185
3.7421943051757864	0.01	0.007	0.007	0.007	0.01	0.021545242368762426	0.025723992293018617	0.0022441189182551206	0.0014836892121453096	0.015538547472170297	1.0535485401316051	2.298719582504667	1.6172832363491128	0.44478109079763645	0.18825385018835203	48.603080137565286	0.03074272835115609
3.79367582500839	0.01	0.007	0.007	0.007	0.01	0.02132868882239317	0.025465444954118156	0.0022007754186970617	0.001454071630853688	0.015460744989011243	1.0601854763786434	2.3087541464829084	1.6182122174027835	0.44450597173672607	0.1912065792964723	48.1230576502768	0.030687925664094576
3.8457364800638207	0.01	0.007	0.007	0.007	0.01	0.021111918298509526	0.02520663847861918	0.002158361229038671	0.0014251342423420468	0.015378729479248556	1.0667608202542596	2.3185551940420415	1.6190817125770758	0.44420618420240887	0.19414489479555871	47.642456210708396	0.030632605827239687
3.898390141204301	0.01	0.007	0.007	0.007	0.01	0.020894925214865825	0.024947566200765634	0.0021168426606817336	0.0013968508666568908	0.015292626972536937	1.0732744904562752	2.3281210528508733	1.6198922960289253	0.44388184887189946	0.197067979427067	47.161262260895846	0.030576757292403473
3.951651001420455	0.01	0.007	0.007	0.007	0.01	0.02067770458019317	0.024688222160352807	0.0020761875894549954	0.0013691966197122288	0.015202559835764287	1.0797263797407148	2.3374499592204354	1.6206444926024681	0.44353306757042327	0.1999750269449075	46.679463520695556	0.030520368304262843
4.005533592637952	0.01	0.007	0.007	0.007	0.01	0.020460251981282394	0.02442860108730569	0.0020363653655673148	0.0013421478339179036	0.015108646855794593	1.0861163561574552	2.346540059984837	1.6213387796350958	0.4431599238985368	0.20286524171592743	46.19704895954042	0.03046342688803866
4.060052858047442	0.01	0.007	0.007	0.007	0.01	0.020242563353191956	0.024168698127325985	0.001997346691155347	0.0013156819583867844	0.01501100322664905	1.0924442705325212	2.3553894229388663	1.6219755892184913	0.44276248338881824	0.20573784120256156	45.71400828687374	0.03040592077899644
4.115224150858549	0.01	0.007	0.007	0.007	0.01	0.02002463505638645	0.023908508933989166	0.0019591035615274177	0.0012897775038834612	0.01490974066382528	1.098709954737677	2.3639960336810697	1.622555309196555	0.44234079407143084	0.20859205433950612	45.230332123208775	0.030347837430344828
4.171063318751429	0.01	0.007	0.007	0.007	0.01	0.019806463619823255	0.02364802936201029	0.0019216091524278573	0.001264413952458753	0.014804967367476274	1.1049132295515993	2.3723578055272703	1.6230782849315293	0.441894886341472	0.21142712430663704	44.74601142974979	0.030289163931322843
4.227586736381246	0.01	0.007	0.007	0.007	0.01	0.01958804570463211	0.023387255423879837	0.0018848377536830462	0.0012395716997847801	0.014696788076999688	1.1110539058626059	2.3804725794679946	1.6235448201180283	0.44142477309965655	0.21424230833350416	44.26103742710533	0.030229886980921012
4.284811362582892	0.01	0.007	0.007	0.007	0.01	0.019369377981525892	0.023126183143501056	0.0018487646930469255	0.001215231991938846	0.0145853040822991	1.1171317881832752	2.3883381268080877	1.623955177593211	0.44093044962582745	0.21703687859287754	43.775401322246516	0.030169992836380735
4.342754812477383	0.01	0.007	0.007	0.007	0.01	0.019150456966161234	0.022864808359622735	0.0018133662589451776	0.0011913768624840222	0.014470613206398681	1.12314667907509	2.3959521522414504	1.624309579924783	0.4404118932279731	0.21981012355475207	43.28909394163978	0.030109467247080402
4.401435398375826	0.01	0.007	0.007	0.007	0.01	0.01893127898814152	0.022603126688829692	0.0017786196501252604	0.0011679890886247615	0.014352809851529355	1.1290983796441314	2.4033122911815425	1.6246082094889944	0.4398690630801186	0.22256134756349324	42.80210566080161	0.030048295422075592
4.460872248653601	0.01	0.007	0.007	0.007	0.01	0.01871183988352064	0.022341133158414787	0.0017445028857103197	0.0011450521215423239	0.01423198489302831	1.1349866973456204	2.410416115468787	1.6248512086825462	0.4393018992676759	0.2252898738151779	42.31442571913008	0.029986461917409862
4.521085357227833	0.01	0.007	0.007	0.007	0.01	0.018492134968881378	0.022078822175428434	0.0017109947653858038	0.0011225500512927087	0.014108225714377271	1.1408114457673995	2.417261128025186	1.625038679371022	0.438710322363061	0.22799504365897713	41.82604215969529	0.029923950597240075
4.582095693141137	0.01	0.007	0.007	0.007	0.01	0.01827215881187679	0.021816187252720394	0.0016780748015085797	0.0011004675535108979	0.013981616126909239	1.1465724496501868	2.4238447630266124	1.6251706823047767	0.4380942323577389	0.2306762183343259	41.33694131623849	0.02986074453376044
4.6439253211698	0.01	0.007	0.007	0.007	0.01	0.018051904990197428	0.02155322072116211	0.0016457231548222036	0.001078789839241963	0.013852236270974394	1.1522695497483604	2.430164384410806	1.6252472360960528	0.43745350736266664	0.23333278065715785	40.84710727358385	0.029796825897581748
4.706597504893834	0.01	0.007	0.007	0.007	0.01	0.017831365942223024	0.021289913551332938	0.0016139205882488288	0.0010575026175141471	0.013720162561240482	1.1579026048801078	2.4362172797793704	1.625268315736746	0.4367880023814148	0.2359641354067379	40.35652153110618	0.02973217586824316
4.770136867528846	0.01	0.007	0.007	0.007	0.01	0.017610532643982352	0.021026254967830595	0.001582648399405046	0.0010365920442234444	0.013585467520917558	1.1634714980198102	2.442000657205844	1.625233850737307	0.4360975473762585	0.23856971159956888	39.86516227901979	0.029666774487240186
4.834569563506906	0.01	0.007	0.007	0.007	0.01	0.01738939429034279	0.020762232068630832	0.0015518883591047557	0.0010160446755967912	0.013448219603878436	1.168976141633069	2.4475116390140004	1.6251437226664414	0.43538194507333206	0.24114896441391806	39.3730036828145	0.029600600502804116
4.899923444188662	0.01	0.007	0.007	0.007	0.01	0.017167938039735528	0.020497829520302845	0.0015216226632819416	0.0009958474311246063	0.013308483044287268	1.1744164808098752	2.452747251084732	1.624997762133279	0.43464096870249674	0.24370137607287698	38.88001530783327	0.02953363122373384
4.9662283330450006	0.01	0.007	0.007	0.007	0.01	0.01694614843742902	0.020233028869434365	0.0014918338455647943	0.0009759875307044062	0.013166317490800604	1.179792503602684	2.457704416496175	1.6247957449081252	0.43387435835782157	0.24622646008851368	38.38616082682493	0.029465842264530757
5.03351623028549	0.01	0.007	0.007	0.007	0.01	0.016724007141317276	0.019967808215235205	0.0014625047369090857	0.0009564524636637455	0.013021777813869104	1.1851042430059806	2.4623799377023614	1.6245373873973412	0.43308181797586814	0.24872376156012657	37.89139739903392	0.02939720736720957
5.10182168396599	0.01	0.007	0.007	0.007	0.01	0.01650149216190363	0.01970214130212544	0.0014336183654291553	0.0009372299183453624	0.01287491358438505	1.190351789720933	2.4667704848572956	1.6242223407622844	0.4322630102042706	0.2511928624972506	37.395673965470586	0.029327698057888128
5.17118213812992	0.01	0.007	0.007	0.007	0.01	0.01627857727246653	0.019435996815505622	0.0014051578863997635	0.0009183077322718431	0.012725768636081611	1.1955352994268298	2.470872573940926	1.6238501839635529	0.431417551281451	0.2536333845128143	36.8989299202868	0.029257283333282844
5.2416383935991675	0.01	0.007	0.007	0.007	0.01	0.01605523115594499	0.019169337363188075	0.0013771064850966012	0.00089967382466208	0.01257438042969014	1.2006550047959235	2.474682543063595	1.6234204150942215	0.43054500431330955	0.25604499367497535	36.40109319248017	0.02918592923985338
5.313235188159465	0.01	0.007	0.007	0.007	0.01	0.015831416302877804	0.018902118159601692	0.0013494472573076612	0.0008813161145849532	0.01242077921564402	1.2057112312962186	2.4781965238936063	1.6229324405028425	0.42964487075776847	0.25842740705024675	35.90207776862375	0.029113598341098074
5.386021845317698	0.01	0.007	0.007	0.007	0.01	0.015607087853682545	0.018634285643539243	0.0013221630933456152	0.0008632224419255087	0.012264987119764972	1.2107044118993746	2.481410402709948	1.622385561671159	0.4287165806768958	0.26078039860601027	35.40178108645629	0.029040249126720062
5.46005319948133	0.01	0.007	0.007	0.007	0.01	0.01538219178102685	0.01836577530801915	0.0012952364934498749	0.0008453804433514	0.012107016726412349	1.215635113665679	2.484319777321273	1.6217789579272008	0.42775947903925743	0.26310381054305637	34.90007995064137	0.028965835156827293
5.53539062604896	0.01	0.007	0.007	0.007	0.01	0.015156663009533956	0.01809650945532378	0.0012686493918242908	0.0008277774346213056	0.011946869554924827	1.2205040618059644	2.486919896125866	1.6211116654889985	0.42677281008927637	0.2653975632170576	34.39682630033391	0.02889030411865937
5.612103496424962	0.01	0.007	0.007	0.007	0.01	0.014930422571814326	0.017826393801475538	0.001242382884654015	0.0008104002299461334	0.01178453378317541	1.2253121799823312	2.489205586039858	1.6203825494962238	0.42575569550814646	0.2676616724111607	33.89184081632943	0.028813596479244467
5.690270990400594	0.01	0.007	0.007	0.007	0.01	0.014703374132350932	0.017555313325968235	0.0012164169097939215	0.0007932349302132613	0.011619981418512036	1.2300606375742216	2.4911711555322342	1.619590268166509	0.42470710694169855	0.269896269477725	33.38490510309211	0.02873564381054242
5.7699846237699814	0.01	0.007	0.007	0.007	0.01	0.014475398982468139	0.017283126296074203	0.0011907297829251715	0.0007762666173133208	0.01145316423633561	1.234750920526683	2.49281027001974	1.6187332239993388	0.4236258278153752	0.2721016320095531	32.87575043864599	0.028656366440342227
5.851351589005338	0.01	0.007	0.007	0.007	0.01	0.01424634946847522	0.01700965642046478	0.0011652976007568946	0.0007594789619639082	0.011284008398499688	1.2393849226258777	2.4941157810436407	1.6178094983944042	0.42251040258825856	0.2742782233048007	32.36404299911796	0.028575670348483184
5.9344996024755226	0.01	0.007	0.007	0.007	0.01	0.014016039221586637	0.01673468118437221	0.0011400933477202768	0.0007428536375326301	0.011112406475837534	1.2439650851878188	2.495079493963747	1.6168167585549034	0.421359063312248	0.2764267534008198	31.84936190214434	0.02849344264343161
6.019583868477752	0.01	0.007	0.007	0.007	0.01	0.013784229047090514	0.016457915002198335	0.0011150856137990663	0.0007263694798502729	0.010938205891977148	1.2484945988950311	2.495691835493081	1.6157521237110195	0.42016962392912854	0.2785482674924511	31.33116749615567	0.028409545054264983
6.106797858214934	0.01	0.007	0.007	0.007	0.01	0.013550604687835326	0.016178982668648693	0.0010902365631533868	0.0007100011568131032	0.010761190751471136	1.2529777280615728	2.4959413642618	1.6146119609177496	0.41893931693695036	0.2806442889451503	30.808751404213048	0.028323803823453012
6.196390465357229	0.01	0.007	0.007	0.007	0.01	0.013314741093754088	0.015897376699091206	0.001065498669683115	0.0006937170315065669	0.010581052635476177	1.2574203355491405	2.4958140092167107	1.613391561866694	0.4176645333995118	0.2827170516056231	30.281156263150145	0.02823599358818802
6.288695635726442	0.01	0.007	0.007	0.007	0.01	0.01307603981489216	0.015612382581494132	0.0010408089690620102	0.000677475400019824	0.01039733953179521	1.2618308159509724	2.4952918105808832	1.6120845911397617	0.41634037453742173	0.2847699147770168	29.74703512377015	0.028145809464886876
6.38418800805211	0.01	0.007	0.007	0.007	0.01	0.012833609931932126	0.015322936616838303	0.0010160780798714488	0.0006612173055402185	0.010209358880542876	1.2662218922153163	2.494350649082462	1.610682060779154	0.41495981069446947	0.28680816533727094	29.204384105177574	0.028052814499328796
6.483601171968093	0.01	0.007	0.007	0.007	0.01	0.012586011764094712	0.015027319928022838	0.0009911664547570648	0.0006448509925146552	0.010015969331954096	1.2706145312030745	2.4929556273977074	1.6091701748276572	0.41351189648411774	0.28884077246944084	28.64996706484468	0.027956327709513253
6.588234708296804	0.01	0.007	0.007	0.007	0.01	0.012330582165767968	0.014722352927151275	0.0009658214685676591	0.0006282107158354872	0.009815034077917815	1.2750483979652734	2.49104970465924	1.6075248060732223	0.4119771461533967	0.29088509113314587	28.077801367798397	0.02785513265614559
6.700970762036854	0.01	0.007	0.007	0.007	0.01	0.012061185245963797	0.014400709924845136	0.0009394671907166215	0.0006109190863555364	0.009601600576672325	1.279616921551618	2.4885170280150453	1.6056933190942515	0.41031223296897157	0.2929826682073367	27.474110393744272	0.027746511260687386
6.829033547257031	0.01	0.007	0.007	0.007	0.01	0.011762313538523672	0.01404387703196295	0.0009106651943537509	0.0005920343754549439	0.009363084717742299	1.2845554270562218	2.4850674638526358	1.6035433174620457	0.40840812354843253	0.29523856863208536	26.804077439950124	0.02762363630315826
6.939099497934654	0.01	0.007	0.007	0.007	0.01	0.01151138151986143	0.013744277037133025	0.0008868239690444944	0.0005764123841580338	0.009161464290361687	1.2885959735816839	2.481641128081836	1.6016398998920514	0.4067618070054804	0.2970740956933651	26.241277562262322	0.02751846403589781
7.041353014310877	0.01	0.007	0.007	0.007	0.01	0.011283071212560941	0.013471687061516536	0.0008653930103120199	0.000562377332811421	0.008976977197175058	1.2921880893489772	2.478094964457533	1.5998282296120259	0.4052250795931827	0.2986971971603217	25.72901888672435	0.027421115684789218
7.141109762929207	0.01	0.007	0.007	0.007	0.01	0.011064710422088772	0.013210976606256294	0.0008451213493896201	0.0005491080184588823	0.008799640729185956	1.2955484144378313	2.474314132400856	1.598022687477746	0.4037198079625752	0.30020727345861703	25.238906367941457	0.027326476205086266
7.239662943720143	0.01	0.007	0.007	0.007	0.01	0.010853144084565582	0.012958378334676944	0.000825684419370895	0.0005363909532356653	0.008627022617516791	1.2987338030756386	2.4702814380073588	1.59620385859287	0.4022274100250291	0.3016305300444904	24.763875655159634	0.02723329930283643
7.337069937388141	0.01	0.007	0.007	0.007	0.01	0.010648023018885113	0.012713475242142442	0.0008070258335854229	0.0005241884454478551	0.008458936254679911	1.3017558251873977	2.4660181235922565	1.5943736518598501	0.40074774714608113	0.30297263555720394	24.303155618441483	0.02714151825539794
7.433420778174518	0.01	0.007	0.007	0.007	0.01	0.010448949182721372	0.012475792081194639	0.0007890877903004819	0.0005124619889185002	0.008295142969042005	1.3046261288845689	2.46154170943556	1.5925330530633635	0.39928010401949504	0.3042392580354108	23.855864164090455	0.027051036670040315
7.528855549732712	0.01	0.007	0.007	0.007	0.01	0.010255445874114612	0.012244759703217593	0.0007718083145664346	0.0005011704530272917	0.008135327748143812	1.3073568128992816	2.456864903891378	1.5906817673471403	0.3978229262712289	0.3054362136745996	23.42094108982909	0.026961712704260028
7.623500960906285	0.01	0.007	0.007	0.007	0.01	0.010067090707610336	0.012019873809844664	0.0007551329884382142	0.0004902777394883494	0.007979209566194863	1.3099585255323645	2.4519985648221208	1.588819439366845	0.3963747939460386	0.3065686224795485	22.997446850044415	0.02687341886097256
7.717465488537136	0.01	0.007	0.007	0.007	0.01	0.009883520911853077	0.011800701277874276	0.0007390149398229564	0.00047975275767651426	0.007826547698250013	1.3124405073938772	2.446952367282219	1.5869458030017998	0.3949345082082888	0.3076409367965588	22.584574707231535	0.026786046240767258
7.810841169407799	0.01	0.007	0.007	0.007	0.01	0.009704425309042496	0.011586870583460111	0.0007234137166571501	0.000469568674539689	0.007677136744149011	1.314810809406728	2.4417351043653532	1.5850606959989642	0.39350107443575105	0.30865704644038094	22.181632928756116	0.026699502566662762
7.903706109218114	0.01	0.007	0.007	0.007	0.01	0.009529535683419807	0.011378061496681845	0.000708294194579118	0.0004597021895528194	0.007530800795122809	1.3170764977733176	2.4363548735786016	1.5831640505108417	0.3920736720666523	0.3096203762631224	21.788025565074502	0.026613709591982854
7.996126841752545	0.01	0.007	0.007	0.007	0.01	0.009358619220411014	0.011173996054358924	0.0006936256511355702	0.00045013292098917393	0.007387388199440894	1.3192438254939765	2.430819202502868	1.5812558779205437	0.39065162490555383	0.3105339673661401	21.40323559505933	0.02652860070016138
8.08816031008401	0.01	0.007	0.007	0.007	0.01	0.009191472318532267	0.010974431171844748	0.00067938101650276	0.0004408429094223709	0.007246767244495708	1.3213183703455802	2.4251351401706764	1.5793362543409217	0.38923437581738946	0.31140054226764974	21.026811126148143	0.0264441188997767
8.179855916765282	0.01	0.007	0.007	0.007	0.01	0.00902791483838176	0.010779151776674408	0.0006655362076739508	0.00043181617728983176	0.007108822021967432	1.3233051543484757	2.419309298294203	1.5774052989652245	0.38782145926684747	0.3122225606840458	20.658352549379835	0.02636021479666593
8.271256009184047	0.01	0.007	0.007	0.007	0.01	0.00886778759389738	0.010587967813275175	0.0006520697730782206	0.00042303849212069704	0.006973450882712318	1.325208713480945	2.413347955872489	1.5754631809004374	0.3864124971395179	0.3130022533478275	20.29750697495356	0.026276846030831563
8.362397175967853	0.01	0.007	0.007	0.007	0.01	0.008710948655142697	0.01040070982873624	0.0006389624615054029	0.00041449708131027454	0.006840563790048569	1.3270331751533302	2.407257089346107	1.573510106023631	0.38500718144939744	0.31374165821997685	19.943959975831486	0.026193975988494413
8.453311401205065	0.01	0.007	0.007	0.007	0.01	0.008557270214743963	0.010217225231527849	0.0006261968615360948	0.00040618039365458144	0.006710080057391864	1.3287823220583062	2.401042388083938	1.5715463039149316	0.3836052587307678	0.31444265013305284	19.597428585425654	0.0261115726675788
8.544026643405413	0.01	0.007	0.007	0.007	0.01	0.008406636677069016	0.010037376010098686	0.0006137571608069717	0.0003980779395958435	0.006581927051256989	1.3304596365653938	2.394709290450658	1.56957202491141	0.38220652291422785	0.31510696178520126	19.25765703945695	0.026029608083756435
8.634567456187282	0.01	0.007	0.007	0.007	0.01	0.008258942836031716	0.009861036557291623	0.0006016289259324953	0.00039018014540070624	0.0064560389166320896	1.3320683403024214	2.388263004231128	1.5675875346633485	0.3808108072591495	0.31573620225078136	18.924412708972607	0.025948057650242214
8.7249554745806	0.01	0.007	0.007	0.007	0.01	0.008114092418444678	0.009688091931200434	0.0005897989237534429	0.00038247823465194767	0.0063323555689839715	1.3336114263851429	2.3817085254823174	1.565593110255746	0.3794179781188897	0.31633187207049646	18.597482850272282	0.025866899689717462
8.815209836731078	0.01	0.007	0.007	0.007	0.01	0.007971996847317541	0.009518436378627761	0.0005782549696698201	0.00037496412769922666	0.006210821837896889	1.3350916865943703	2.3750506532082722	1.563589036654516	0.3780279295107927	0.3168953759394071	18.27667184490733	0.02578611501308933
8.905347501917076	0.01	0.007	0.007	0.007	0.01	0.007832574264637179	0.00935197216834855	0.0005669858045559701	0.0003676303599828983	0.006091386802909652	1.336511733613082	2.3682940044405827	1.5615756045544715	0.3766405791298937	0.3174280331272009	17.961799020247323	0.025705686598431723
8.995383562478647	0.01	0.007	0.007	0.007	0.01	0.007695748640512861	0.009188608527487482	0.0005559809847978071	0.00036047000911855866	0.005974003179067731	1.3378740205663986	2.3614430239511583	1.5595531076364837	0.3752558643312861	0.3179310865632526	17.652696660816673	0.025625599281238986
9.085331467567395	0.01	0.007	0.007	0.007	0.01	0.0075614490840721265	0.009028260818774139	0.0005452307937625129	0.0003534766361137647	0.0058586268550017105	1.3391808569879033	2.354501995708228	1.5575218411866065	0.3738737393679359	0.3184057103098249	17.34920847167789	0.025545839528425332
9.175203255250253	0.01	0.007	0.007	0.007	0.01	0.007429609195259064	0.008870849766632721	0.0005347261608307622	0.00034664423165969025	0.00574521644927409	1.3404344231200358	2.347475049705198	1.5554821000273076	0.37249417241612964	0.3188530161882407	17.05118813124239	0.025466395209057642
9.265009722301908	0.01	0.007	0.007	0.007	0.01	0.00730016655668104	0.008716300850480582	0.0005244585952890001	0.00033996717222148826	0.005633732972662689	1.3416367817654742	2.340366170188445	1.5534341774285696	0.37111714349007835	0.31927405930654135	16.758498157968827	0.025387255424075997
9.35476053841793	0.01	0.007	0.007	0.007	0.01	0.007173062342045969	0.008564543837229465	0.0005144201325147525	0.00033344018423398403	0.005524139578864542	1.3427898881677975	2.333179205550619	1.55137836494093	0.3697426431500407	0.31966984271693627	16.471009038590015	0.02530841038783045
9.444464441980053	0.01	0.007	0.007	0.007	0.01	0.007048240840198005	0.008415512213014915	0.0005046032761046555	0.0003270583057546492	0.005416401232268969	1.3438955998983864	2.3259178693771694	1.549314950067016	0.36837066991211986	0.32004132191577755	16.18859816363616	0.025229851240412354
9.534129291926437	0.01	0.007	0.007	0.007	0.01	0.00692564921235847	0.008269142893359251	0.0004950009607093988	0.0003208168616631756	0.005310484567768979	1.3449556839471966	2.318585750946367	1.5472442169677323	0.36700122982237565	0.32038940823806117	15.911149288790895	0.025151569988809987
9.623762201807669	0.01	0.007	0.007	0.007	0.01	0.006805237155455831	0.008125375821209908	0.0004856065093670746	0.00031471143535398134	0.005206357662211769	1.3459718241188663	2.3111863174849088	1.545166445073521	0.36563433473698354	0.3207149722428571	15.638551782546527	0.025073559377653706
9.713369625534746	0.01	0.007	0.007	0.007	0.01	0.006686956654764589	0.007984153671607114	0.0004764135995746969	0.00030873784617153265	0.00510398987624733	1.3469456271317397	2.3037229188149864	1.5430819086137393	0.3642700013135358	0.321018846550767	15.370700074700647	0.024995812804126646
9.802957395064306	0.01	0.007	0.007	0.007	0.01	0.006570761816314354	0.00784542165159255	0.0004674162370148214	0.00030289213187357177	0.005003351759540618	1.3478786276469572	2.2961987947920606	1.5409908771078773	0.36290825070803995	0.32130182824834386	15.1074932845194	0.024918324275887808
9.892530822873981	0.01	0.007	0.007	0.007	0.01	0.006456608627956526	0.007709127214938957	0.0004586087250117614	0.0002971705283662685	0.004904414889361576	1.3487722935260364	2.288617076294527	1.5388936142135696	0.3615491072628098	0.32156468127799587	14.848834686497286	0.024841088313926965
9.982094756588788	0.01	0.007	0.007	0.007	0.01	0.00634445479831301	0.007575219869865933	0.00044998564119702806	0.0002915694541659349	0.004807151772109887	1.3496280301083436	2.2809807892154597	1.5367903775613547	0.36019259790605074	0.32180813843841677	14.594631351663864	0.024764099898223098
10.0	0.01	0.007	0.007	0.007	0.01	0.006322268757193416	0.007548730534454682	0.0004482833416488349	0.0002904638187411104	0.0047879009600596935	1.3497946823864482	2.2794478253355233	1.5363691956380976	0.3599217175122993	0.3218545474284516	14.544336456941844	0.024748737341529166
