0.0	0.01	0.007	0.007	0.007	0.01	0.0	0.0	0.0	0.0	0.0	0.0	0.0	0.0	0.0	0.0	100.0	0.035
0.006260070607639918	0.01	0.007	0.007	0.007	0.01	0.0026805604607043113	0.006385751755092552	0.0034874036258945263	0.0011559981924443303	0.00034500866180601564	0.00010155855929830975	0.0005066986551040549	0.00043724565477368043	7.700775964022162e-5	8.545176231949195e-6	99.89079388478636	0.03499240731066466
0.010625196019631897	0.01	0.007	0.007	0.007	0.01	0.004456183405549794	0.010373861599031968	0.005808683842617654	0.00194276029936705	0.0005464588963846962	0.00028838953930814237	0.001416652945464121	0.0012431752371718072	0.0002202543724613479	2.3495297830598347e-5	99.81471542221169	0.03498711392957502
0.016972262373223725	0.01	0.007	0.007	0.007	0.01	0.006908058546225442	0.015566093084795358	0.009029529697882285	0.0030591002389635216	0.0007917960371511815	0.0007207212939474256	0.003463414848468826	0.0031124061037346553	0.0005561602876219041	5.612838854426254e-5	99.7041976705126	0.03497941857106308
0.02311562878778964	0.01	0.007	0.007	0.007	0.01	0.009142168626439533	0.01998125070005154	0.011980752082906459	0.004109115432504007	0.000984614857728357	0.0013105494199680673	0.0061694263633488445	0.005669122394024677	0.0010213207691805492	9.789457541129848e-5	99.59734336863895	0.03497197179595763
0.030274053742437676	0.01	0.007	0.007	0.007	0.01	0.011583202789167303	0.02446338713129104	0.015224130386366021	0.005295720655518669	0.0011646472113038134	0.0021968984305597177	0.010104937097801572	0.009521462857175002	0.0017314776345935773	0.0001566843033915541	99.47297815657979	0.034963296602071293
0.03771928368555372	0.01	0.007	0.007	0.007	0.01	0.013948536770063412	0.028468291315082273	0.018386406532848797	0.006488772129238453	0.0013112896466694213	0.003330714791153269	0.014968736933217925	0.01446328194966969	0.002655467867869263	0.00022696895554104226	99.34379495253583	0.034954276116308344
0.04581860006102812	0.01	0.007	0.007	0.007	0.01	0.016334646280288228	0.03217353213003444	0.02159634795472459	0.007740248407628642	0.0014341731011837157	0.004791437166160598	0.02101819796752146	0.020848179293817416	0.003867144341848573	0.0003115959855149447	99.20345312090228	0.03494446579594901
0.05433790539666772	0.01	0.007	0.007	0.007	0.01	0.01864953488584127	0.03544908027459524	0.024729503962558748	0.00900573573484557	0.001531788795859131	0.006563466250607856	0.02809833159704264	0.028616049976906945	0.005364433564952373	0.00040757239878579104	99.05604782415855	0.034934149733979326
0.06338684899235603	0.01	0.007	0.007	0.007	0.01	0.02090645157437965	0.03834211515809884	0.02780136677236092	0.010294128076186392	0.0016086729577589139	0.008688009372654164	0.03628664919047103	0.03795522177550263	0.007193952651939601	0.0005153064538627686	98.89971832934924	0.034923195666155336
0.07289648130527035	0.01	0.007	0.007	0.007	0.01	0.023072486401559504	0.04084139329594827	0.030763481875427948	0.011587618079748167	0.0016673740619589773	0.011165929802775278	0.04549964675978704	0.04887663072150793	0.009369551255575256	0.0006331810293270297	98.73569585057653	0.034911687619793644
0.08290703558904616	0.01	0.007	0.007	0.007	0.01	0.025144399230972097	0.042979280678078206	0.033606163874905406	0.012883724780601518	0.0017112965405526924	0.01402043640434205	0.05574190047505372	0.06148816976833626	0.011925527687516951	0.0007608959578939257	98.56332734094221	0.034899577481613014
0.09340920626636015	0.01	0.007	0.007	0.007	0.01	0.02710924767083827	0.04477920720410826	0.03630488415307302	0.014172757514737308	0.0017432234150665978	0.01725957856062879	0.06696471362400651	0.07582878745165514	0.014883911348400699	0.0008976097027254403	98.38281728080479	0.03488687713212032
0.10443104820625386	0.01	0.007	0.007	0.007	0.01	0.028963136863569196	0.04627477197495934	0.038845896124554455	0.015449253797196326	0.0017657377311001796	0.020900107301318537	0.07915450728726378	0.09197269427446637	0.018275405942259026	0.0010430417982385282	98.19373069248907	0.034873553310958164
0.11599003784552563	0.01	0.007	0.007	0.007	0.01	0.030701018621995844	0.047497769360159085	0.04121223815668216	0.01670564407594413	0.0017809954595547964	0.024954117909375906	0.09228573561342188	0.10996906607315927	0.02212717007052896	0.0011968668204249714	97.99581939986277	0.034859585622070074
0.12811942448382715	0.01	0.007	0.007	0.007	0.01	0.03232105399343189	0.048480977427038996	0.043389705694894955	0.017935220291717874	0.0017908198701636591	0.029437799470497992	0.10635084350827272	0.12987928722791406	0.026470670737055182	0.0013590561772198948	97.78857074652359	0.03484493469029148
0.14085387320817325	0.01	0.007	0.007	0.007	0.01	0.03382188482082064	0.04925522022741376	0.045363133758237625	0.019130296343972793	0.0017967171100266197	0.034367005510201915	0.12134532986255599	0.15175548165647385	0.03133729346193799	0.001529682841728319	97.57145533517009	0.03482955953763289
0.15423770541044468	0.01	0.007	0.007	0.007	0.01	0.03520352237528247	0.04984949285957909	0.04711764653619018	0.020282893118068395	0.0017999435655455568	0.03976047305882984	0.13727767869434712	0.17565259125427918	0.03676112101346782	0.0017090245130755347	97.3437878205273	0.034813407652726266
0.16832073337242426	0.01	0.007	0.007	0.007	0.01	0.03646654987594029	0.05029020980380364	0.04863769736295735	0.02138415286791846	0.001801564146163591	0.045638465671001716	0.15416467859632454	0.20161969785315018	0.0427772177521373	0.0018975032378477437	97.10480009639811	0.034796420051349336
0.1831608668043459	0.01	0.007	0.007	0.007	0.01	0.037612224873811495	0.05060113847491987	0.04990739450397464	0.02242444125567551	0.0018025137432504375	0.05202389670731327	0.17203435641037604	0.2297018457242237	0.049422222220306435	0.002095719324705706	96.85359923094748	0.034778528163892014
0.1988225432460348	0.01	0.007	0.007	0.007	0.01	0.038642201569855594	0.05080328105677542	0.05091047902162089	0.02339314103173567	0.0018036521460367528	0.058941686962110516	0.1909237309480329	0.25993352394061897	0.056732997614924674	0.002304434671109078	96.58919675676697	0.03475965576744874
0.2153764241524765	0.01	0.007	0.007	0.007	0.01	0.039558484276005036	0.050914945295866376	0.05163079425970931	0.024278661994572716	0.0018058119261206013	0.06641849982891009	0.2108778971050294	0.2923333840058956	0.06474542361324896	0.002524579794558155	96.31051657606248	0.03473971939289776
0.2328962696001199	0.01	0.007	0.007	0.007	0.01	0.04036331798513825	0.05095187124176812	0.05205299567472539	0.025068446052360686	0.0018098369247758215	0.07448108805965495	0.23194562336478183	0.3268927271218884	0.07349143290055568	0.0027572312134812966	96.01645038796222	0.03471863213065827
0.2514538287747338	0.01	0.007	0.007	0.007	0.01	0.041059183305285366	0.05092744313824704	0.05216382508720795	0.025749174282918265	0.0018166093418686203	0.08315354142170828	0.25417260303984024	0.3635598054087777	0.08299451512837688	0.003003571169912879	95.70594560160764	0.03469630981353965
0.2711102132493933	0.01	0.007	0.007	0.007	0.01	0.041648879849909545	0.05085295963915508	0.05195405779321882	0.02630725149823969	0.0018270621106749084	0.09245273817426478	0.2775907381026357	0.4022183343611024	0.09326296196226155	0.0032648085142890694	95.37815029499737	0.034672681405063965
0.2919061694438087	0.01	0.007	0.007	0.007	0.01	0.04213579585290016	0.05073793320314623	0.051421110551192466	0.02672976387521072	0.0018421741915943906	0.10238321413807208	0.30220662029846423	0.44266738395319466	0.10428239008733325	0.003542089109856608	95.03257332094881	0.03464770066544717
0.3138568522035913	0.01	0.007	0.007	0.007	0.01	0.04252433901858771	0.0505903422522205	0.050571647638369924	0.02700590256166944	0.0018629533952958782	0.11293435130542394	0.3279959804323032	0.48461621065559385	0.11601123260578543	0.0038364636508155955	94.66916590006655	0.03462135235739265
0.33695781380496953	0.01	0.007	0.007	0.007	0.01	0.042820320184600316	0.05041675684411921	0.04942287682062911	0.02712844713023204	0.0018904243344363837	0.12408338142752298	0.35491168434516623	0.5277072096418411	0.1283836328881754	0.004148998037449393	94.2882156098077	0.034593644961432725
0.36119977921214	0.01	0.007	0.007	0.007	0.01	0.04303095329547065	0.050222364432814345	0.04800167122277177	0.02709462040615649	0.0019256409289928169	0.13580309657925047	0.38290163372176145	0.571558280314081	0.14131866277408833	0.004480998923661816	93.89009768866418	0.03456459288418598
0.38658071334744076	0.01	0.007	0.007	0.007	0.01	0.04316440243272476	0.05001103430412153	0.04634220653820484	0.026906056692016258	0.0019697233179129933	0.14806844176448025	0.4119226591384572	0.6157979471462236	0.15472898794787887	0.004834211614147305	93.47507605185594	0.03453420198731118
0.41310566551936345	0.01	0.007	0.007	0.007	0.01	0.04322916448122732	0.049785526999077234	0.0444836626106866	0.026568314102070632	0.00202389601832613	0.1608570742024547	0.4419397598231649	0.6600751382911568	0.1685231410678758	0.005210865367244221	93.0433080488465	0.03450246980835739
0.4407715749123698	0.01	0.007	0.007	0.007	0.01	0.04323361693776505	0.049547854713016704	0.04246904617798156	0.0260905680671396	0.002089492358873671	0.1741425113181328	0.47290854913019437	0.7040438414058956	0.18260015842854754	0.005613510361616239	92.59509251768745	0.03446940375135473
0.46953818183532753	0.01	0.007	0.007	0.007	0.01	0.043185881691402875	0.04929974615838216	0.04034522725685995	0.025485866548789708	0.002167885413714302	0.18788074819747744	0.5047435758582425	0.747333155054763	0.19683863050476072	0.006044616667741163	92.13133417751229	0.0344350557553904
0.49929699948677325	0.01	0.007	0.007	0.007	0.01	0.04309395011158743	0.04904308541579177	0.03816288632410133	0.024771706192201086	0.0022603332786694194	0.20199654336291092	0.5372869549848066	0.7895282642978578	0.21108807434844323	0.006506041812445153	91.65402412385178	0.034399559054587345
0.5298699876875091	0.01	0.007	0.007	0.007	0.01	0.0429657668990404	0.04878004378841533	0.03597365025737342	0.02396972026918398	0.00236782842558106	0.21638451842603776	0.5703116249029431	0.8302034917926718	0.22517796455215242	0.00699881400462812	91.16623047160972	0.034363129306725686
0.5610520362062111	0.01	0.007	0.007	0.007	0.01	0.042808951250612404	0.048512796546104464	0.033824019065798815	0.023103526484100103	0.002491082542560719	0.23093085667900123	0.6035713662576256	0.8690033685809647	0.23894645726649807	0.007523552661861789	90.67139332340821	0.0343260135629872
0.5926609902946648	0.01	0.007	0.007	0.007	0.01	0.04263029450639193	0.04824315787779115	0.03175012792881594	0.02219581052073593	0.002630627030332456	0.24553736156425113	0.6368552451329503	0.9057032222139945	0.25226646372733263	0.00808111804115133	90.1725227309375	0.03428843059263046
0.6245570382837304	0.01	0.007	0.007	0.007	0.01	0.042435445734491435	0.04797246933879544	0.02977654553294682	0.021266438565810723	0.0027868898418058913	0.26012996434510316	0.6700061706109185	0.9402082537329395	0.26505190666463335	0.008672900913365535	89.67190328709377	0.034250547979446794
0.6566389474576355	0.01	0.007	0.007	0.007	0.01	0.04222888826098552	0.04770167372527603	0.0279178384281077	0.020331834603851268	0.0029602110388194484	0.2746559886152801	0.702914147212589	0.97252062624673	0.2772514212666729	0.009300786019076728	89.17117033509938	0.034212486840807965
0.6888357720122588	0.01	0.007	0.007	0.007	0.01	0.0420140703430464	0.047431414086285276	0.026180812395517904	0.019405021140250858	0.003150836961740361	0.2890793482243561	0.7355052385509108	1.0027066495988823	0.2888400841184177	0.009967044004459727	88.67145493259984	0.034174331892711844
0.7210996294323446	0.01	0.007	0.007	0.007	0.01	0.041793583850033345	0.04716211319590626	0.024566620470191536	0.01849595100917251	0.003358911917899962	0.30337640698771157	0.7677322725188485	1.030871690554584	0.2998122718721968	0.010674234528124736	88.17350828367269	0.03413614019177144
0.7534008749777504	0.01	0.007	0.007	0.007	0.01	0.04156933530953895	0.04689402585477039	0.023072484341422537	0.017611929127782484	0.0035844772896860924	0.3175331033634405	0.7995685043244725	1.0571429661628466	0.3101762449097644	0.01142514823496152	87.67778574604628	0.03409794698891252
0.785724785266672	0.01	0.007	0.007	0.007	0.01	0.041342693235618524	0.046627274283733235	0.021693041565750738	0.01675805115360899	0.003827476809200966	0.3315428995709945	0.8310031555332437	1.0816578630050657	0.31995001273076856	0.012222776574931043	87.1845053205992	0.03405976976453405
0.8180692476152411	0.01	0.007	0.007	0.007	0.01	0.041114607970558124	0.04636187257888978	0.020421362033282126	0.015937617873823924	0.004087766721557313	0.345405295045962	0.8620382057438695	1.1045561685801908	0.3291581850016079	0.013070303590733235	86.69368912854824	0.03402161105175256
0.850443066925824	0.01	0.007	0.007	0.007	0.01	0.040885706366713376	0.04609774450841408	0.01924969256081467	0.015152507003174246	0.0043651288047609794	0.35912470409063335	0.8926859741874958	1.1259750113570108	0.33782956803628666	0.013971113909418364	86.20519432465638	0.033983460513944574
0.8828646880421376	0.01	0.007	0.007	0.007	0.01	0.04065636514519025	0.04583473693443749	0.018169984824042362	0.014403494487604585	0.004659284614744645	0.3727095871148082	0.9229672418893042	1.1460456977764224	0.34599534428301965	0.014928813585845822	85.71873685407469	0.03394529652000761
0.915361338905212	0.01	0.007	0.007	0.007	0.01	0.040426766122614706	0.04557262920066857	0.017174252351452354	0.013690521765625362	0.004969910798815311	0.3861718174151555	0.9529098761696975	1.1648919392648192	0.3536877393064453	0.015947265403633507	85.2339082417735	0.03390708721504538
0.9479685218862741	0.01	0.007	0.007	0.007	0.01	0.04019693700004908	0.04531113934170042	0.016254800313489186	0.01301291311971324	0.00529665475627101	0.3995262339523378	0.982547849246476	1.1826290256218077	0.3609390658251533	0.017030638448423573	84.75018676213358	0.03386879117585197
0.980729978307146	0.01	0.007	0.007	0.007	0.01	0.03996677962906776	0.04504992631241985	0.015404358940386217	0.012369545950257197	0.005639151893400605	0.4127904137493321	1.0119207268909745	1.1993637120980227	0.367781090792015	0.01818347857981062	84.26694138086275	0.033830357508163995
1.0136981441894848	0.01	0.007	0.007	0.007	0.01	0.039736087961115274	0.04478858829674193	0.014616149038711479	0.011758981133579255	0.005997044969764075	0.4259846512129517	1.041073597640937	1.215194581665418	0.3742446487200715	0.019410805047484377	83.78342851143219	0.033791725369356235
1.0469353054437225	0.01	0.007	0.007	0.007	0.01	0.03950455611660833	0.0445266556528923	0.013883897493733416	0.011179557655333863	0.006370008056850319	0.4391322065847433	1.0700575766108567	1.2302127893747383	0.38035946972482326	0.020718247318152888	83.29877887943238	0.03375282267815276
1.0805156569276768	0.01	0.007	0.007	0.007	0.01	0.039271776701989	0.04426357715590982	0.013201817681310854	0.010629456913688648	0.00675777774312919	0.4522598769822936	1.0989309943257501	1.244503102845253	0.3861541840866464	0.022112240425276902	82.8119719936866	0.033713563779863634
1.1145287719902393	0.01	0.007	0.007	0.007	0.01	0.03903722717847598	0.04399869593490478	0.012564561382385354	0.01010673811613497	0.007160197524084171	0.46539905187374725	1.1277616142400322	1.258145279347283	0.39165650956245	0.02360031535235557	82.32179154099343	0.03367384548572072
1.1490853483778725	0.01	0.007	0.007	0.007	0.01	0.03880023955765315	0.043731208940914305	0.011967143721057151	0.009609343644726364	0.007577285390161781	0.4785875312715273	1.1566304677177868	1.271215904363533	0.39689365482009026	0.02519154837107097	81.82675027960359	0.033633540492616174
1.1843269782389063	0.01	0.007	0.007	0.007	0.01	0.03855994283775143	0.04346009739259037	0.01140483303676389	0.009135066253196614	0.008009344579677532	0.4918726801055355	1.1856385228119972	1.2837910256217568	0.401893046448831	0.026897295033106394	81.32496117526371	0.03359248617435835
1.2204438016120382	0.01	0.007	0.007	0.007	0.01	0.03831515385806917	0.043184000328948896	0.010872978529157147	0.008681454106060124	0.008457161670056251	0.5053172004298095	1.2149189104936817	1.2959503912357018	0.4066836562285391	0.028732481088165777	80.81390315206663	0.03355046430386903
1.2577095094512973	0.01	0.007	0.007	0.007	0.01	0.038064156037176854	0.04290096270678041	0.010366701469022471	0.008245588840324988	0.008922401088327694	0.519010684693289	1.2446614381339196	1.3077853366575904	0.4112986452136191	0.030718110906826586	80.28995446041371	0.033507160808541825
1.2965609961324354	0.01	0.007	0.007	0.007	0.01	0.03780419036758336	0.042607859849079485	0.00988022702761172	0.007823541401721751	0.009408513128068396	0.5330961159378427	1.2751689099281902	1.3194163208250642	0.41578145157442437	0.03288688089692466	79.7473265615451	0.033462074115376494
1.3378278102958405	0.01	0.007	0.007	0.007	0.01	0.037529979429839634	0.04229873249055852	0.009404966452777443	0.007408724146445951	0.009923389518065097	0.547846840077418	1.3070210153172892	1.3310437714793788	0.4202037878084097	0.035299066812328986	79.1749802322534	0.03341425090381996
1.3836808921275014	0.01	0.007	0.007	0.007	0.01	0.03722760455939067	0.04195788470422728	0.008921547986219155	0.006984917126623566	0.010490471137839623	0.5639864364020318	1.3417561599580998	1.343160063003334	0.42474126693739095	0.03810753373521199	78.54384167383265	0.033361192926230444
1.4328731150782976	0.01	0.007	0.007	0.007	0.01	0.03690590389934458	0.04159527486243628	0.008449212523356536	0.006569756382941653	0.011089169082354765	0.5810128199524347	1.378264418639659	1.355302041302413	0.4292071582526544	0.04126578447021351	77.87233486145227	0.03330436480088904
1.4754959618494452	0.01	0.007	0.007	0.007	0.01	0.036629407299761045	0.04128362972253782	0.00807430215732882	0.006240038963121408	0.011596916064913277	0.5955277557237598	1.4092744505904045	1.3651681706949308	0.43276957865857374	0.04411906626986048	77.29514839056543	0.03325520406856529
1.5187550025315335	0.01	0.007	0.007	0.007	0.01	0.036350899305419904	0.040969725067237055	0.007722847123427066	0.005931256963856867	0.012099403957570106	0.6100372565398127	1.4401656681118142	1.37461217174095	0.4361184010102625	0.04712076685786556	76.71372094220838	0.03320538375567107
1.5596025336104853	0.01	0.007	0.007	0.007	0.01	0.03608986082778667	0.04067551486991326	0.007415153990608776	0.005661513659134098	0.012560220147663727	0.6235355615620483	1.4688050597137503	1.3830433030181715	0.43905328090274526	0.05004819946347976	76.16872087012439	0.033158409229403975
1.599988431466015	0.01	0.007	0.007	0.007	0.01	0.03583361639094277	0.040386710916772775	0.007131790327136246	0.00541386677910793	0.013001348048014392	0.6366908779179735	1.4966224058779596	1.3909485597309057	0.4417545581676435	0.053026620434928055	75.6336866246923	0.033112030911159884
1.6391226717764202	0.01	0.007	0.007	0.007	0.01	0.035587051126506626	0.04010881794155013	0.006875179019638092	0.005190456234783042	0.013413975547980909	0.6492603580988012	1.5231116640972713	1.3982284764822783	0.4441958506312924	0.05598787836295683	75.11882000286293	0.0330671518554426
1.6776549574071131	0.01	0.007	0.007	0.007	0.01	0.03534593831746805	0.039837071455390886	0.006638276667117795	0.004985105330754073	0.013805156125935102	0.6614675523538105	1.5487516855381003	1.4050547577264543	0.446442032988393	0.05897137708375658	74.61529750713113	0.03302302255183015
1.7154287042914986	0.01	0.007	0.007	0.007	0.01	0.03511116014573606	0.03957246526264108	0.006419939139312038	0.004796755846813052	0.014173472372323158	0.6732739020242587	1.5734673273969373	1.4114383075994528	0.4485025562239771	0.06195714037020288	74.1249635067316	0.032979819133769774
1.7527047874466397	0.01	0.007	0.007	0.007	0.01	0.03488100647912103	0.03931307166020929	0.006216873211026606	0.00462247969737326	0.014521773713127456	0.6847709472726012	1.597455581738478	1.4174565965740304	0.4504076917336134	0.06495863000733143	73.64424850634266	0.032937240325041195
1.7894955173760818	0.01	0.007	0.007	0.007	0.01	0.03465533146097247	0.0390587260638978	0.006027576522170653	0.004460896020258371	0.01485047370897171	0.6959704734147899	1.6207453908474267	1.4231386323309139	0.4521710829860281	0.06797069776371449	73.17284964968171	0.03289526981664527
1.825931521039187	0.01	0.007	0.007	0.007	0.01	0.03443327400299399	0.03880845785786963	0.005850168761363929	0.004310305145850824	0.015161077189890976	0.7069191388423248	1.6434375947629383	1.4285276144919807	0.4538100835740649	0.07099852075070806	72.70896989187811	0.032853756686976585
1.862061995182754	0.01	0.007	0.007	0.007	0.01	0.03421448621456356	0.03856187486622358	0.005683406988782225	0.004169559700563174	0.015454334500386625	0.7176373772715177	1.6655777240395617	1.43365006279127	0.4553361931937424	0.07404129549501769	72.2518838738673	0.03281264339218958
1.8979666887730846	0.01	0.007	0.007	0.007	0.01	0.03399844541699413	0.03831838794814749	0.005526071611008929	0.004037540957646288	0.01573123003822453	0.7281536170818246	1.6872272328372104	1.4385337442831259	0.45676073041855403	0.07710130871813033	71.80050083860354	0.03277183798395191
1.933695866719494	0.01	0.007	0.007	0.007	0.01	0.03378481746505961	0.038077620467061354	0.005377219789439965	0.003913372929856024	0.015992480254681134	0.7384865112705107	1.7084268165593943	1.4431995318277275	0.45809247934439545	0.08017882619741719	71.3541236673639	0.03273128242162521
1.9693051773545027	0.01	0.007	0.007	0.007	0.01	0.03357324436217142	0.03783916891776799	0.005235998983782747	0.0037962642387370286	0.016238816504245746	0.7486554183630227	1.729218138721381	1.447666808927609	0.45933938289498377	0.08327495114355356	70.91200519645054	0.03269091285438649
2.0048382080197795	0.01	0.007	0.007	0.007	0.01	0.03336344773045908	0.037602719537364375	0.005101701011189717	0.0036855523785164195	0.016470856124323568	0.7586754509713577	1.74963372623647	1.451951525100419	0.4605080528584932	0.08639006447938186	70.47356443690603	0.032650679394752295
2.040336997428063	0.01	0.007	0.007	0.007	0.01	0.03315516491815399	0.03736797629287264	0.004973701504488397	0.0035806522224074186	0.01668918234680988	0.7685606273106099	1.7697034988149467	1.4560678859993437	0.4616043124011445	0.08952467482922115	70.03825309590887	0.032610534150637985
2.075837181969783	0.01	0.007	0.007	0.007	0.01	0.032948176801084444	0.037134692212797867	0.0048514650491997295	0.0034810592644649945	0.016894315398144556	0.77832259399167	1.7894522201840046	1.460028021027929	0.46263315644916736	0.0926789486135229	69.6056136993637	0.03257043669178423
2.111371912603647	0.01	0.007	0.007	0.007	0.01	0.0327422838909605	0.036902642458921574	0.004734519515687257	0.0033863275684591033	0.0170867411587657	0.7879718117017817	1.808901961253343	1.463842667521426	0.463598980770054	0.09585301612329068	69.17522968232596	0.032530349588367216
2.146970518705723	0.01	0.007	0.007	0.007	0.01	0.03253731347985424	0.03667163237755464	0.0046224518851782515	0.003296065515922391	0.017266906198521968	0.7975172560987739	1.8280715358623292	1.4675211946402882	0.4645056250050099	0.09904682242060846	68.74674033975536	0.032490239897919077
2.1826599927786527	0.01	0.007	0.007	0.007	0.01	0.03233311042420276	0.036441487112132374	0.004514895923759222	0.003209925025683103	0.017435228909000393	0.8069668850093478	1.8469774811494508	1.4710719129383403	0.46535648363403725	0.10226023407742131	68.31982157903342	0.03245007746906582
2.21846477967317	0.01	0.007	0.007	0.007	0.01	0.03212953787590904	0.03621205242677989	0.004411526903039467	0.003127596610477055	0.01759210072405219	0.8163276326147693	1.8656340769140407	1.474502172480929	0.4661545571139945	0.10549299950438629	67.89418746199581	0.03240983516237674
2.2544074396106843	0.01	0.007	0.007	0.007	0.01	0.03192647305835115	0.03598318994541103	0.004312054620388054	0.003048803163021256	0.017737891399784825	0.8256056300023944	1.8840538147362704	1.4778185307480394	0.46690251560253637	0.10874479131100888	67.46958138636985	0.03236948808937182
2.2905087243413553	0.01	0.007	0.007	0.007	0.01	0.031723806478281096	0.035754776263303575	0.004216219087963763	0.0029732959728102225	0.017872951065359965	0.8348062623716465	1.9022475354029948	1.4810268439249883	0.4676027401803681	0.11201519894327046	67.04577444838826	0.03232901351475348
2.3267879306598362	0.01	0.007	0.007	0.007	0.01	0.03152143961863088	0.0355267003466545	0.00412378611570689	0.002900850735648724	0.01799761316964466	0.8439342928243557	1.9202246953521007	1.4841323707979788	0.4682573637099576	0.11530374878697751	66.62256062767328	0.03228839044898275
2.36326303271081	0.01	0.007	0.007	0.007	0.01	0.03131928393440494	0.03529886240080942	0.004034544086370406	0.002831264576159823	0.018112196214984548	0.8529939236601286	1.937993505657464	1.4871398443380404	0.46886830154273784	0.11860990625945646	66.19975469539482	0.03224759949110815
2.3999509009077515	0.01	0.007	0.007	0.007	0.01	0.03111725940540553	0.03507117223905429	0.0039483009655942765	0.0027643533139468475	0.018217005568121492	0.8619888753983144	1.9555611033046458	1.4900535414207117	0.4694372794455527	0.12193308734764056	65.77718919450417	0.03220662257605803
2.4368674205699006	0.01	0.007	0.007	0.007	0.01	0.03091529368563343	0.03484354832390543	0.003864881951448	0.0026999492818848996	0.01831233471192881	0.8709224368289485	1.9729336630078385	1.4928773359837948	0.4699658560034647	0.12527266236312076	65.35471266676649	0.03216544283559066
2.4740276367221727	0.01	0.007	0.007	0.007	0.01	0.030713321138559197	0.03461591667978588	0.0037841273736026557	0.002637899382884462	0.01839846640784649	0.8797975184765827	1.9901165137159584	1.4956147478060617	0.4704554424166319	0.12862796312930874	64.93218764022683	0.0321240444311248
2.511445857419201	0.01	0.007	0.007	0.007	0.01	0.03051128212825411	0.034388210094076437	0.003705890952914448	0.002578063464670927	0.01847567358843608	0.8886166931758827	2.007114228162666	1.4982689824465987	0.4709073190785409	0.13199828727751597	64.5094891510745	0.03208241243391882
2.549135754996234	0.01	0.007	0.007	0.007	0.01	0.030309122344945292	0.03416036735697188	0.0036300382832634374	0.002520312899444296	0.018544220123188324	0.8973822338703613	2.0239307055063342	1.5008429664224896	0.4713226499860301	0.1353829030631815	64.08650333686676	0.03204053270842901
2.5871104380292493	0.01	0.007	0.007	0.007	0.01	0.030106792308685758	0.03393233270208487	0.003556445557134239	0.002464529379753371	0.018604361422709336	0.9060961425524665	2.0405692355674807	1.503339376423607	0.4717024949919286	0.1387810521263184	63.6631264018312	0.031998391829013456
2.6253825341013224	0.01	0.007	0.007	0.007	0.01	0.029904246832077198	0.03370405520090443	0.0034849984224600327	0.0024106038403540514	0.01865634498084722	0.9147601800588088	2.0570325635672235	1.5057606659973362	0.47204782065907336	0.14219195370387738	63.23926349601051	0.03195597698527905
2.663964243169589	0.01	0.007	0.007	0.007	0.01	0.029701444655185774	0.033475488351326	0.003415591027516107	0.002358435545670162	0.018700410797807456	0.9233758876215805	2.0733229380854494	1.5081090874661545	0.47235950950797473	0.14561480660350062	62.81482795428254	0.031913275920656375
2.7028674020257903	0.01	0.007	0.007	0.007	0.01	0.029498348034467856	0.03324658961435019	0.003348125154665599	0.002307931264489659	0.018736791764312494	0.9319446097081032	2.089442160607622	1.5103867121883263	0.47263836826891753	0.1490487924976193	62.389740438778425	0.03187027685917805
2.7421035266664306	0.01	0.007	0.007	0.007	0.01	0.0292949224598361	0.03301732009520249	0.003282509489051184	0.0022590045641075903	0.018765713970920188	0.9404675107886983	2.105391622784471	1.512595447391924	0.47288513499271256	0.1524930775243195	61.9639283491436	0.03182696845718471
2.7816838581127423	0.01	0.007	0.007	0.007	0.01	0.02909113636319406	0.03278764421483869	0.0032186589608512246	0.002211575175367917	0.01878739698633378	0.9489455919650448	2.121172342784036	1.5147370514909837	0.4731004853858795	0.15594681442719419	61.537325214676024	0.03178333975159985
2.8216193987298803	0.01	0.007	0.007	0.007	0.01	0.02888696088522385	0.03255752944710416	0.0031564941730153825	0.0021655684356603295	0.01880205409727575	0.9573797046948345	2.136784995601839	1.5168131473399151	0.47328503837847496	0.1594091440502577	61.109870208151	0.03173938011906071
2.8619209494680824	0.01	0.007	0.007	0.007	0.01	0.028682369645261812	0.032326946059374216	0.0030959408873554774	0.0021209147879531266	0.0188098925240769	0.9657705639886078	2.1522299418583115	1.5188252342228639	0.47343936108689794	0.16287919707321447	60.681507665895495	0.03169507923436051
2.9025991291848037	0.01	0.007	0.007	0.007	0.01	0.028477338609086744	0.032095866963546285	0.003036929589446652	0.0020775493494680874	0.0188111136126248	0.9741187572390935	2.167507248080268	1.5207746978042742	0.47356397317711685	0.16635609433938808	60.25218681267617	0.03165042704888438
2.9436644135680288	0.01	0.007	0.007	0.007	0.01	0.028271845862976656	0.031864267461392703	0.0029793950686376725	0.002035411501702644	0.01880591301558269	0.9824247566044849	2.182616713130935	1.5226628200817063	0.47365935084790667	0.16983894899369423	59.82186129018195	0.031605413747751304
2.9851271865828815	0.01	0.007	0.007	0.007	0.01	0.028065871334024658	0.031632124929345085	0.0029232760245132845	0.0019944445094934433	0.018794480844289158	0.9906889331524664	2.1975578972558463	1.5244907888588566	0.4737259303682557	0.1733268697182109	59.390488572732984	0.03156002969362191
3.026997701671358	0.01	0.007	0.007	0.007	0.01	0.027859396964835546	0.03139941901538626	0.002868514831130578	0.0019545952637451997	0.018777001831518772	0.9989115524918769	2.2123301172565992	1.526259702422629	0.47376411109501576	0.17681895643479664	58.958030334442554	0.03151426546956482
3.06928613683184	0.01	0.007	0.007	0.007	0.01	0.027652406421654584	0.031166131310099383	0.0028150571984665593	0.0019158139562832981	0.018753655478463496	1.0070927891045502	2.2269324754649675	1.527970577922871	0.4737742584179708	0.18031430406685234	58.52445183925106	0.03146811181917461
3.1120026207700233	0.01	0.007	0.007	0.007	0.01	0.02744488495426955	0.03093224518877211	0.002762851904859314	0.0018780538137013964	0.018724616186670047	1.0152327342395044	2.2413638765665262	1.5296243576724782	0.47375670630270134	0.18381200385146654	58.08972164861686	0.03142155961872577
3.15515723127143	0.01	0.007	0.007	0.007	0.01	0.02723681939478076	0.03069774581001134	0.002711850587100022	0.0018412708792099849	0.018690053402934607	1.0233313981863517	2.2556230342016943	1.531221913834795	0.4737117595962771	0.18731114242319136	57.65381162002192	0.03137459987979649
3.1987600253553357	0.01	0.007	0.007	0.007	0.01	0.027028198004211496	0.030462619942867284	0.0026620075112396982	0.0018054237861483005	0.01865013174202309	1.0313887184164598	2.26970848782444	1.5327640539250804	0.4736396961217264	0.1908108035691376	57.216696586673294	0.03132722371738461
3.242821053130835	0.01	0.007	0.007	0.007	0.01	0.026819010402518016	0.03022685588795238	0.0026132793830801492	0.0017704735654378307	0.018605011113078725	1.0394045642792877	2.2836186131901566	1.5342515252098106	0.4735407685653979	0.19431006866402933	56.77835421181809	0.031279422336003386
3.287350366253142	0.01	0.007	0.007	0.007	0.01	0.026609247526663347	0.0299904434301894	0.002565625180633452	0.0017363834735423225	0.01855484685004052	1.0473787405246164	2.2973516306541177	1.5356850185700177	0.4734152062106662	0.19780801671898496	56.33876490181353	0.03123118702177885
3.332358053787783	0.01	0.007	0.007	0.007	0.01	0.026398901462626963	0.02975337364947955	0.0025190059723032465	0.001703118814606326	0.018499789807741487	1.0553109954987392	2.3109056213307984	1.5370651728966405	0.4732632164337291	0.20130372660239518	55.89791145494577	0.031182509105033302
3.377854234199065	0.01	0.007	0.007	0.007	0.01	0.026187965487655146	0.029515638968321285	0.0024733847961069793	0.0016706468102885132	0.018439986502854992	1.0632010212163125	2.3242785290471404	1.538392577730771	0.47308498616898653	0.20479627581220403	55.455779150764165	0.031133379970598757
3.4238490713889207	0.01	0.007	0.007	0.007	0.01	0.025976434000195704	0.029277233072844272	0.002428726523639801	0.0016389364622329899	0.01837557922971505	1.0710484576736852	2.3374681695564963	1.5396677764655524	0.47288068320311355	0.20828474118979384	55.01235560403356	0.03108379104216836
3.470352807066792	0.01	0.007	0.007	0.007	0.01	0.02576430237884705	0.029038150753839254	0.002384997720434665	0.0016079584154420636	0.018306706147204685	1.0788528996485836	2.350472243680496	1.5408912696821335	0.4726504572573501	0.21176820084299666	54.56763046979524	0.03103373374927736
3.517375753876001	0.01	0.007	0.007	0.007	0.01	0.025551567025004083	0.0287983879548226	0.0023421665547830517	0.0015776848591706955	0.018233501417228286	1.0866138965794947	2.3632883386365147	1.5420635171384043	0.47239444112932966	0.21524573307825276	54.121595533442346	0.03098319953679483
3.5649283134791943	0.01	0.007	0.007	0.007	0.01	0.025338225292057974	0.028557941692241812	0.002300202690270487	0.0015480894190292615	0.01815609530884198	1.0943309566231167	2.375913936332055	1.543184940279404	0.47211275164367594	0.21871641725330554	53.67424456297183	0.030932179847624662
3.613021014883254	0.01	0.007	0.007	0.007	0.01	0.025124275328615525	0.028316809878776928	0.0022590771703415793	0.0015191470461770277	0.01807461426308158	1.1020035536631962	2.3883464261990732	1.544255924943327	0.47180549036475883	0.22217933604180842	53.22557298084776	0.030880666083976556
3.6616644896807338	0.01	0.007	0.007	0.007	0.01	0.02490971620706714	0.028074991468243386	0.002218762365714244	0.0014908339532241385	0.01798918105941799	1.1096311239387369	2.4005831009320846	1.5452768224063462	0.47147274460604854	0.22563357308753446	52.77557813417271	0.030828649636494575
3.7108695149394424	0.01	0.007	0.007	0.007	0.01	0.024694547751580816	0.02783248626173356	0.0021792318690746827	0.0014631275151567983	0.01789991486989785	1.11721307346847	2.412621169743145	1.5462479518421992	0.47111458796105654	0.2290782155711063	52.324258934548276	0.030776121841012975
3.7606470151234004	0.01	0.007	0.007	0.007	0.01	0.024478770552253535	0.027589294923566748	0.0021404604318973116	0.001436006201971083	0.01780693137901351	1.1247487786913384	2.424457760415677	1.547169601668212	0.4707310810128273	0.23251235377363372	51.871615888256756	0.030723073979454136
3.8110080876046806	0.01	0.007	0.007	0.007	0.01	0.024262385878365055	0.02734541888352226	0.00210242388763283	0.0014094495035981577	0.0177103428602297	1.132237590619494	2.436089926841142	1.5480420312265821	0.47032227181537944	0.2359350822784645	51.41765091478486	0.030669497255731055
3.861964002230463	0.01	0.007	0.007	0.007	0.01	0.02404539570702961	0.027100860369132073	0.002065099100421308	0.001383437874406059	0.017610258299431383	1.1396788348974791	2.447514649988833	1.5488654718430797	0.46988819651602715	0.23934549935023292	50.96236740738279	0.030615382799525293
3.913526238715874	0.01	0.007	0.007	0.007	0.01	0.023827802592399746	0.026855622258267375	0.002028463890142502	0.0013579526627622985	0.017506783444413768	1.1470718173165888	2.4587288472087283	1.549640128406888	0.4694288796160704	0.24274270884603782	50.50576995907015	0.030560721630064337
3.9657064841649987	0.01	0.007	0.007	0.007	0.01	0.023609609708990124	0.02660970812796708	0.001992496991907673	0.0013329760660850776	0.0174000209300153	1.1544158232553752	2.46972937198643	1.5503661801442523	0.4689443345084403	0.2461258193842729	50.047864453908275	0.030505504662550906
4.01851666919476	0.01	0.007	0.007	0.007	0.01	0.023390820734780472	0.026363122122689684	0.001957177991946738	0.0013084910707954695	0.017290070325435225	1.161710122525995	2.480513021798267	1.5510437818718914	0.4684345636315085	0.24949394602646904	49.58865782204149	0.030449722673906044
4.071968984584468	0.01	0.007	0.007	0.007	0.01	0.023171439821762663	0.026115868921118415	0.0019224872821991834	0.0012844814065433945	0.01717702821802264	1.1689539711297163	2.4910765410094022	1.5516730647935961	0.46789955873597616	0.2528462105747846	49.128157978148906	0.03039336628952987
4.126075876976631	0.01	0.007	0.007	0.007	0.01	0.02295147165464004	0.025867953802318724	0.001888406031352009	0.001260931512919882	0.01706098834203892	1.176146610092657	2.501416619464258	1.5522541369834653	0.4673393013354646	0.25618174053876774	48.666373944930676	0.030336425992377784
4.180850113859337	0.01	0.007	0.007	0.007	0.01	0.02273092123039869	0.025619382397304484	0.001854916115015471	0.0012378264789554797	0.01694204155916745	1.183287273411995	2.5115299041050543	1.5527870845435716	0.46675376241386335	0.2594996723468865	48.203315390604246	0.0302788920593821
4.236304770579349	0.01	0.007	0.007	0.007	0.01	0.022509793961933026	0.025370160805829083	0.0018220000996710996	0.0012151520207859296	0.016820276003735805	1.190375185245051	2.5214129947435984	1.5532719717448087	0.46614290287884363	0.262799149600702	47.73899284657785	0.030220754580422587
4.2924532877992885	0.01	0.007	0.007	0.007	0.01	0.022288095501347287	0.025120295397237934	0.0017896411859993134	0.0011928944321473933	0.016695777075843517	1.197409566151057	2.5310624525575065	1.5537088417856004	0.4655066732400418	0.26607932554976066	47.27341733654814	0.030162003403623645
4.349309459878587	0.01	0.007	0.007	0.007	0.01	0.022065831844892688	0.024869792928737703	0.0017578231967731468	0.0011710405664049006	0.016568627585432354	1.2043896301922337	2.540474795541931	1.5540977168126713	0.4648450140049615	0.26933936133264375	46.80660059689004	0.03010262815354789
4.406887503288689	0.01	0.007	0.007	0.007	0.01	0.02184300912646069	0.024618660312652838	0.0017265305211175389	0.0011495777892995105	0.0164389077196887	1.2113145918691224	2.549646507287251	1.5544385984834919	0.4641578551437444	0.27257842881661204	46.33855464296245	0.030042618166055923
4.465202070440459	0.01	0.007	0.007	0.007	0.01	0.02161963363467291	0.024366904635686904	0.0016957480939285177	0.0011284939565934862	0.016306695131204935	1.218183665812464	2.558574035420724	1.5547314679492708	0.46344511612564054	0.27579571007750064	45.869291804858165	0.029981962480892844
4.524268287808246	0.01	0.007	0.007	0.007	0.01	0.021395711741038253	0.024114533077951698	0.0016654613642087105	0.0011077773847227193	0.01617206497316817	1.224996069198105	2.5672537934858886	1.5549762859105727	0.46270670564741856	0.2789903981608271	45.39882457630906	0.029920649809424302
4.584101792139667	0.01	0.007	0.007	0.007	0.01	0.021171249843690402	0.02386155284955651	0.0016356562675541623	0.0010874168248887694	0.016035089939944756	1.2317510235518778	2.5756821616388423	1.5551729925294822	0.46194252134835145	0.28216169756869597	44.927165496212226	0.029858668505021762
4.644718780824679	0.01	0.007	0.007	0.007	0.01	0.020946254266835107	0.023607971077279574	0.0016063191946298144	0.001067401434960013	0.01589584027691571	1.2384477577508135	2.5838554884134015	1.555321507255129	0.4611524493095539	0.2853088253174408	44.45432693697262	0.029796006519492487
4.706136061026818	0.01	0.007	0.007	0.007	0.01	0.02072073117608113	0.02335379470914145	0.0015774369638488022	0.0010477207547639634	0.01575438379516015	1.24508551035532	2.5917700910791006	1.5554217284749245	0.460336363524668	0.2884310116896899	43.98032092605801	0.029732651361660867
4.768371084892211	0.01	0.007	0.007	0.007	0.01	0.02049468655514329	0.023099030488147515	0.0015489968034968892	0.0010283646882763646	0.015610785921342551	1.2516635299907442	2.599422253190757	1.5554735330091305	0.45949412552454016	0.2915275000725273	43.50515909641443	0.029668590071155593
4.831442028916584	0.01	0.007	0.007	0.007	0.01	0.020268126032551164	0.02284368475697903	0.0015209863163254404	0.0010093234742955498	0.01546510964958904	1.2581810799647628	2.6068082266004113	1.5554767755196572	0.45862558337891995	0.29459754879021305	43.02885232145913	0.029603809147626
4.895367835227366	0.01	0.007	0.007	0.007	0.01	0.020041054861218714	0.022587763434966403	0.0014933934652387605	0.00099058767188342	0.015317415585728193	1.2646374382079386	2.6139242272866747	1.5554312876982763	0.4577305711702173	0.2976404307362265	42.55141067118966	0.02953829452030891
4.960168315957629	0.01	0.007	0.007	0.007	0.01	0.019813477686908946	0.022331271757135694	0.0014662065345532277	0.0009721481295723727	0.01516776185146376	1.2710319030582224	2.6207664370289803	1.5553368772708538	0.4568089075586243	0.30065543575487846	42.072842924263206	0.029472031454040537
5.025864198021015	0.01	0.007	0.007	0.007	0.01	0.019585398546830904	0.022074214272626118	0.0014394141211007223	0.0009539959751927176	0.01501620413311146	1.2773637922157561	2.6273309965883374	1.5551933268214246	0.4558603951342301	0.3036418697988405	41.59315656368446	0.029405004517805797
5.092477246301344	0.01	0.007	0.007	0.007	0.01	0.019356820610802128	0.021816594552965356	0.001413005095953663	0.000936122586082553	0.01486279555743554	1.2836324486955883	2.633614005503877	1.5550003923127702	0.4548848186200545	0.3065990573756803	41.1123572309022	0.029337197474588787
5.1600303357978925	0.01	0.007	0.007	0.007	0.01	0.019127746123517662	0.021558415127002	0.0013869685918108208	0.0009185195769992264	0.014707586695214546	1.289837240824743	2.639611514417667	1.5547578014449035	0.4538819437570969	0.3095263411729664	40.63044860250573	0.02926859322518769
5.228547606291029	0.01	0.007	0.007	0.007	0.01	0.01889817608871934	0.02129967712494568	0.0013612939622886335	0.000901178769296896	0.014550625386565536	1.2959775689601036	2.6453195228189696	1.554465251511467	0.4528515149339205	0.31242308483565645	40.14743172366563	0.029199173670058403
5.2980545525851195	0.01	0.007	0.007	0.007	0.01	0.018668110202111045	0.02104038020275677	0.0013359707715791304	0.0008840921809117367	0.014391956728588902	1.3020528650114689	2.65073396816429	1.554122407164876	0.4517932537136461	0.31528867232630936	39.66330486441072	0.029128919638997747
5.368578234074364	0.01	0.007	0.007	0.007	0.01	0.018437546417800394	0.02078052205350079	0.001310988745079726	0.00086725199023871	0.014231622806521118	1.3080626012878425	2.655850721845755	1.5537288973373948	0.4507068555106072	0.3181225116538574	39.17806260435036	0.02905781070262603
5.440147412270939	0.01	0.007	0.007	0.007	0.01	0.018206480796260128	0.020520098235989312	0.0012863377537886478	0.0008506505230598363	0.014069662610521396	1.3140062912271122	2.6606655753992556	1.5532843120644289	0.44959198728182237	0.32092403473610126	38.69169550911438	0.028985825060069487
5.512792785438427	0.01	0.007	0.007	0.007	0.01	0.017974907077674226	0.020259101693915028	0.0012620077709491566	0.0008342802209837453	0.013906111755429091	1.3198834966943045	2.6651742299420236	1.5527881983671548	0.4484482836647099	0.32369270031371244	38.20418922821089	0.028912939332243797
5.586547205295904	0.01	0.007	0.007	0.007	0.01	0.01774281636822755	0.01999752240227907	0.0012379888436558945	0.0008181336202015332	0.013741002270760909	1.3256938315434887	2.6693722793313075	1.5522400557099558	0.4472753433082635	0.32642799504519904	37.715523829753884	0.028839128377579605
5.661446015105557	0.01	0.007	0.007	0.007	0.01	0.017510196504617447	0.019735346651156806	0.0012142710339110082	0.0008022033099234355	0.013574362153374438	1.3314369723616508	2.673255194912468	1.5516393300067428	0.4460727231970675	0.3291294379123461	37.225672456753	0.028764364991186224
5.737527357003428	0.01	0.007	0.007	0.007	0.01	0.01727703159511986	0.01947255652844886	0.0011908443819466027	0.0007864819060331872	0.013406215033506733	1.337112663556331	2.676818301223685	1.5509854070950333	0.44483993334658883	0.3317965818705911	36.73460035384007	0.0286886196411566
5.8148326173091585	0.01	0.007	0.007	0.007	0.01	0.017043301222118817	0.0192091290210823	0.0011676988389637325	0.0007709620044298468	0.013236579586297951	1.3427207294660215	2.680056750893289	1.5502776042885338	0.44357642916976	0.3344290186909025	36.242263179665166	0.02861186007442864
5.893406944404017	0.01	0.007	0.007	0.007	0.01	0.016808979540220682	0.01894503499852902	0.0011448241950112953	0.0007556361313856582	0.013065468850857995	1.34826108714994	2.682965492278563	1.5495151602082984	0.4422816025046705	0.33702638397259405	35.74860509740558	0.02853405085980276
5.973299857709026	0.01	0.007	0.007	0.007	0.01	0.01657403423772289	0.01868023804231558	0.001122209999414225	0.0007404966891828705	0.01289288943183417	1.353733760314049	2.685539228668076	1.5486972225342217	0.44095477098210945	0.3395883625057421	35.253556575126076	0.028455152851673632
6.054566067400959	0.01	0.007	0.007	0.007	0.01	0.01633842504467624	0.01841469276451833	0.001099845444623085	0.0007255358775573127	0.012718840346775043	1.3591389012075754	2.687772369862288	1.5478228321491807	0.4395951637073981	0.3421146971311023	34.75703122794832	0.028375122459137123
6.137266495120942	0.01	0.007	0.007	0.007	0.01	0.016102101878204225	0.018148342717424763	0.001077719225406941	0.0007107455990205809	0.01254331157635989	1.364476817283318	2.6896589700431015	1.5468909031828417	0.4382019033228572	0.3446051995091055	34.2589218919133	0.028293910734856015
6.221469525485214	0.01	0.007	0.007	0.007	0.01	0.015865002602965483	0.017881117869439064	0.0010558193737027109	0.0006961173483244677	0.012366282294233817	1.3697480021308797	2.691192647241046	1.5459001980900127	0.43677398388591393	0.3470597624704427	33.75909588181925	0.028211462259493617
6.3072527956808795	0.01	0.007	0.007	0.007	0.01	0.015627049632055263	0.017612930774096876	0.001034133001285654	0.0006816420408522642	0.012187718187118298	1.3749531864243902	2.692366482201397	1.5448492933758189	0.43531023925578877	0.3494783811349903	33.25738779825423	0.028127713528084783
6.394705456385356	0.01	0.007	0.007	0.007	0.01	0.015388145712986174	0.017343671820617954	0.0010126459895580342	0.0006673098064012482	0.012007568100758264	1.3800933984708552	2.6931728813737994	1.5437365353386572	0.43380930291692726	0.3518611777046856	32.753590607395104	0.02804259091594953
6.483931429826602	0.01	0.007	0.007	0.007	0.01	0.01514816764339046	0.017073202151142698	0.0009913425206578837	0.0006531096779717932	0.011825759044573829	1.385170058399992	2.6936033936487678	1.5425599776504892	0.4322695500471615	0.35420844076894414	32.24744234296461	0.02795600772698677
6.575054032274781	0.01	0.007	0.007	0.007	0.01	0.014906957261198511	0.016801343506157338	0.0009702044072525491	0.0006390291476002651	0.011642189013516258	1.390185113895811	2.6936484534720115	1.5413172930344319	0.43068901510773566	0.35652068220322175	31.73860704185063	0.027867859994209317
6.668222884985853	0.01	0.007	0.007	0.007	0.01	0.014664307751940678	0.016527862792075527	0.0009492100709953449	0.0006250534899189528	0.011456716075498845	1.3951412495538382	2.693297008950311	1.5400056423204473	0.42906526842720444	0.35879872558130615	31.22664577482754	0.027778020177716644
6.763624716982859	0.01	0.007	0.007	0.007	0.01	0.014419941926318505	0.016252447598914133	0.0009283329171406328	0.0006111646864314504	0.011269141059582872	1.4000422233502288	2.6925359580200023	1.538621471340787	0.427395222994148	0.36104384915776666	30.710970694499697	0.027686327280265557
6.861501517401711	0.01	0.007	0.007	0.007	0.01	0.014173475084007379	0.015974664345921253	0.0009075385403883692	0.0005973395766028727	0.011079177987964114	1.4048934515996652	2.6913492399113914	1.5371601732327769	0.42567480948478864	0.3632580362146614	30.190766488654816	0.027592570175122476
6.962183322828345	0.01	0.007	0.007	0.007	0.01	0.013924346979629541	0.015693881603978114	0.0008867795842561976	0.0005835464565542716	0.010886399950285945	1.4097030945949993	2.689716251504431	1.5356154837204243	0.42389838873776575	0.3654444422276278	29.664846499302996	0.027496457397121567
7.066154553498795	0.01	0.007	0.007	0.007	0.01	0.013671682172839008	0.015409112703999427	0.0008659851338707198	0.0005697380602640613	0.010690128138498175	1.4144843162539147	2.6876087711024006	1.5339782694436825	0.42205756241023823	0.3676083724927135	29.131357424207117	0.027397555831396865
7.174210971660215	0.01	0.007	0.007	0.007	0.01	0.013413955212831128	0.015118638386944251	0.0008450351540226995	0.0005558346428314314	0.010489166156505574	1.4192607718696717	2.6849839693093123	1.532233687867797	0.42013835803437377	0.36975966773635105	28.58707141460952	0.02729514523348575
7.287936522710946	0.01	0.007	0.007	0.007	0.01	0.013147961176067332	0.014818846569047127	0.0008236814943650586	0.0005416716926702606	0.010280984266300945	1.4240836851984082	2.6817640195217463	1.5303526377183279	0.4181126769036251	0.37192015928701055	28.02520972410987	0.02718777513888306
7.411895817738141	0.01	0.007	0.007	0.007	0.01	0.01286404553664907	0.014498856355251883	0.0008011806916193872	0.0005267568474282997	0.010057943846181644	1.4291115774011376	2.6777448677831983	1.5282526829582872	0.4158989711586736	0.3741585674304661	27.425359068047538	0.027071224225924752
7.546884956504679	0.01	0.007	0.007	0.007	0.01	0.012561847573640627	0.014158261394780672	0.0007775512479671874	0.0005111035553535139	0.009819661045586903	1.4343267217817504	2.672794187055219	1.5259104340372485	0.4134827009576634	0.3764636099191269	26.78672829408793	0.026944870896666258
7.650361543857814	0.01	0.007	0.007	0.007	0.01	0.01233501962285408	0.013902609093035548	0.0007600254722123059	0.0004994999692760489	0.0096401810063043	1.4381484108820075	2.6686141541773094	1.5240780670917613	0.4116273380865581	0.37814075071590475	26.30727014845744	0.026848413582802936
7.744717095729785	0.01	0.007	0.007	0.007	0.01	0.01213176358074816	0.013673525691101383	0.0007444701534512306	0.0004892053805058523	0.009478914364518178	1.4415051776314578	2.6645246596494134	1.522380765452999	0.4099336426503917	0.3796046448718131	25.87755874029434	0.026760759600670397
7.838369569358806	0.01	0.007	0.007	0.007	0.01	0.011933339547600473	0.013449888688496904	0.0007294175198529867	0.00047924733492078016	0.009321116979449413	1.4447201904369151	2.660214129550759	1.520672313186502	0.40825120072143484	0.38099794022854655	25.45799034100023	0.02667404174297054
7.933437043167783	0.01	0.007	0.007	0.007	0.01	0.011735241958199165	0.0132266196461318	0.0007145177601923646	0.0004693941098178948	0.009163227424118526	1.4478686979955744	2.655592363317634	1.5189148874238787	0.4065423240707356	0.382353396975961	25.039039754870576	0.02658630106457093
8.029155598642419	0.01	0.007	0.007	0.007	0.01	0.011539115302475597	0.01300557190594516	0.0006998896470710878	0.0004597240391227703	0.009006567611033349	1.4509254625586823	2.6506984875945636	1.5171229161026591	0.4048210793618324	0.3836601120061398	24.62418513750788	0.026498251063636305
8.124707169940235	0.01	0.007	0.007	0.007	0.01	0.011346605351371561	0.012788600344639023	0.0006856481909992597	0.000450312865102907	0.00885247336901492	1.4538672330966467	2.6455822873010097	1.5153125696507002	0.4031025253771246	0.3849083511165473	24.21690977872083	0.026410645515679135
8.2198906675658	0.01	0.007	0.007	0.007	0.01	0.011158035360107515	0.012576069304338406	0.0006718081898828398	0.0004411700478469879	0.00870122962418785	1.4566923267841951	2.640265860247018	1.513488813808595	0.40139061545835725	0.3860977649101974	23.817900744345494	0.026323665394046434
8.314724676975782	0.01	0.007	0.007	0.007	0.01	0.010973279457727605	0.0123678369287452	0.0006583515866393515	0.00043228335601338776	0.00855276094459211	1.4594059184033819	2.634759632665987	1.511652446363679	0.3996853297349364	0.38723092850245106	23.4268949900916	0.02623728952345561
8.409250443191056	0.01	0.007	0.007	0.007	0.01	0.01079217333675834	0.012163718036630522	0.0006452582810660139	0.00042363923920801203	0.00840695880344457	1.4620135258972	2.6290719736469583	1.5098037446241541	0.397986219625935	0.38831053693328477	23.043547924206777	0.026151476450085153
8.503504302262233	0.01	0.007	0.007	0.007	0.01	0.010614569139004557	0.011963545984857264	0.0006325101008322885	0.00041522544836481513	0.008263725745605369	1.464520195668022	2.6232107538760823	1.5079429970726248	0.39629290611274265	0.38933906171820876	22.66754954660409	0.02606618967727055
8.597518127905492	0.01	0.007	0.007	0.007	0.01	0.010440333573308579	0.011767170547969595	0.0006200905724547038	0.00040703088080989324	0.00812297415068047	1.4669305590907666	2.617183420608054	1.506070505480785	0.3946050737410033	0.39031877795945136	22.298620494752416	0.025981397183212615
8.691319993991343	0.01	0.007	0.007	0.007	0.01	0.010269345783651998	0.011574455515580716	0.0006079846891507007	0.00039904542386805594	0.007984624750556026	1.4692488878460541	2.6109970430917064	1.5041865810493045	0.39292246040063095	0.39125179036466756	21.936507556206596	0.025897070754575074
8.784934726021518	0.01	0.007	0.007	0.007	0.01	0.010101495583574593	0.011385276702484407	0.0005961787178457528	0.00039125982482331146	0.007848605403785762	1.4714791397771514	2.6046583499917753	1.5022915411833326	0.3912448488337448	0.3921400547896683	21.58097995211141	0.025813185432442133
8.878384278271255	0.01	0.007	0.007	0.007	0.01	0.009936682133730897	0.0111995204581878	0.0005846600480077926	0.0003836655888910019	0.007714850197129147	1.4736249952292217	2.598173766402725	1.500385708524152	0.38957206105560466	0.3929853954417912	21.231826555456845	0.025729719124495645
8.97168811347498	0.01	0.007	0.007	0.007	0.01	0.009774812714356457	0.011017082283410199	0.000573417055651497	0.000376254887538329	0.007583298598600251	1.4756898892911288	2.591549441167461	1.4984694089299655	0.3879039525545849	0.393789520029387	20.888853307366727	0.025646652222402835
9.06486354369997	0.01	0.007	0.007	0.007	0.01	0.009615801656757001	0.010837865625808893	0.000562438985717146	0.0003690204792109749	0.0074538947178721246	1.4776770394764778	2.584791268578344	1.4965429693825718	0.38624040704955603	0.3945540327231591	20.551880967597643	0.025563967260910835
9.157925960319114	0.01	0.007	0.007	0.007	0.01	0.009459569540522792	0.010661780975193115	0.0005517158588936814	0.00036195564641381604	0.007326586764671065	1.4795894679713963	2.5779049111995405	1.4946067174661257	0.38458133311670234	0.3952804446715588	20.22074342586818	0.025481648681364863
9.250889084072224	0.01	0.007	0.007	0.007	0.01	0.009306042415927229	0.01048874498712245	0.0005412383851504187	0.00035505413741447655	0.00720132651285109	1.4814300218828207	2.5708958157197737	1.4926609798522064	0.38292666036300815	0.3959701834675985	19.895286064749133	0.025399682581994664
9.343765162188424	0.01	0.007	0.007	0.007	0.01	0.009155151169431488	0.010318679767793612	0.000530997891387571	0.00034831011742218954	0.007078068868238031	1.483201390246939	2.5637692278892925	1.4907060813820274	0.3812763364691105	0.39662460112565007	19.57536442424991	0.025318056519346502
9.4365651565114	0.01	0.007	0.007	0.007	0.01	0.009006830949532054	0.010151512226937331	0.0005209862568321327	0.00034171812501521896	0.006956771474904896	1.4849061190607904	2.556530204102364	1.488742343915063	0.37963032433077604	0.39724498109201717	19.260842992955396	0.025236759321290048
9.529298855688152	0.01	0.007	0.007	0.007	0.01	0.008861020753051212	0.009987173611544262	0.0005111958623779602	0.00033527303787579454	0.00683739444334723	1.48654662338658	2.5491836254804503	1.486770086426054	0.37798860049673166	0.39783254398182594	18.95159433820055	0.02515578096971148
9.621975028654044	0.01	0.007	0.007	0.007	0.01	0.008717662976165247	0.009825598999847905	0.000501619540144749	0.0003289700387754444	0.006719900042122449	1.4881251989811346	2.5417342059549948	1.4847896239343004	0.37635115282846887	0.39838845297667624	18.647498160513916	0.02507511244946394
9.714601521485292	0.01	0.007	0.007	0.007	0.01	0.008576703083599093	0.00966672692848823	0.0004922505332724	0.0003228045883915289	0.006604252479354604	1.4896440317969826	2.5341865023362917	1.4828012673746664	0.3747179791276893	0.39891381830074	18.3484405977972	0.024994745649170654
9.807185371587794	0.01	0.007	0.007	0.007	0.01	0.008438089274633168	0.009510499016082146	0.00048308245745972615	0.00031677239935176037	0.006490417675835435	1.4911052068512518	2.5265449209195756	1.4808053228788691	0.37308908542626545	0.39940970133841475	18.05431352201101	0.02491467324886406
9.899732884236276	0.01	0.007	0.007	0.007	0.01	0.008301772227941115	0.009356859675641128	0.00047410926946690485	0.0003108694149313832	0.006378363097662906	1.4925107156504513	2.518813725332471	1.4788020916717433	0.3714644849152313	0.3998771181260859	17.76501400244752	0.024834888642092802
9.992249708455494	0.01	0.007	0.007	0.007	0.01	0.008167704864562393	0.009205755847428072	0.00046532523829068167	0.0003050917895693494	0.0062680575994100785	1.4938624629289763	2.5109970429286546	1.4767918698203752	0.3698441968620095	0.40031704250410105	17.480443806941913	0.024755385860001304
10.0	0.01	0.007	0.007	0.007	0.01	0.00815657273806054	0.009193209092582982	0.0004645976825696168	0.0003046132863890707	0.0062588918498287256	1.4939733362378071	2.510338367918799	1.4766231352148662	0.3697086375737264	0.40035268317466105	17.456812825969227	0.02474873734152917
