0.0	0.01	0.007	0.007	0.007	0.01	0.0	0.0	0.0	0.0	0.0	0.0	0.0	0.0	0.0	0.0	100.0	0.035
0.006474533210418805	0.01	0.007	0.007	0.007	0.01	0.002459717838400064	0.005775224888868469	0.0031476484979652804	0.00104630325507795	0.0002166765911625911	0.00010404899065622119	0.0004423111024425476	0.0004662096184606125	6.965958632880692e-5	5.444727983244034e-6	99.88388723634561	0.03499214722330568
0.011439777677404513	0.01	0.007	0.007	0.007	0.01	0.004252158065702797	0.009791046331280629	0.005456472191810405	0.0018262713791474395	0.00035663802800986753	0.00031993027093570465	0.0013422204810218993	0.0014360887254969582	0.00021556009379836475	1.6202978384561486e-5	99.79493305425842	0.034986126213593184
0.018451149311877725	0.01	0.007	0.007	0.007	0.01	0.006651695550702312	0.01491119023489985	0.00856845742483907	0.0028954485400072972	0.0005219920242962753	0.0008147483537841145	0.0033567746421291327	0.0036663637359193	0.0005538513904134696	3.947148561539434e-5	99.66945665028665	0.03497762577084908
0.025449341842583982	0.01	0.007	0.007	0.007	0.01	0.008901370440136244	0.019443838800780898	0.011509508872161333	0.003926110490253188	0.0006557636806219378	0.001517725371413932	0.006144354042141294	0.006846475587265006	0.0010407555970939418	7.048255688083965e-5	99.54437342362651	0.034969143365679495
0.03357045231749407	0.01	0.007	0.007	0.007	0.01	0.011341330883638135	0.024064703354194122	0.014726832026969734	0.005077967676990297	0.0007795187052451734	0.0025778815234182738	0.010232947890926603	0.011661134355060668	0.0017853867413566702	0.00011425692749408578	99.39941632444942	0.03495930246697773
0.04211159483664013	0.01	0.007	0.007	0.007	0.01	0.013722793736725738	0.028275998158664276	0.01789669368714578	0.006239995584325107	0.0008807754665995065	0.003955898747235488	0.015393080897604999	0.017945517693778855	0.002767958048043736	0.0001673837135885081	99.24718963802204	0.03494895557498187
0.0514111155028013	0.01	0.007	0.007	0.007	0.01	0.016116046722066395	0.03220775661735347	0.021114060655395984	0.007449783996139917	0.0009649451041306169	0.0057388826450912684	0.021870279570173987	0.026112048771742054	0.004059516266204487	0.00023155094937960845	99.08171165059414	0.034937693452480684
0.061235824393773855	0.01	0.007	0.007	0.007	0.01	0.01843581701110512	0.03572805804879316	0.024265345290617756	0.00866759672085815	0.0010313883382579482	0.007915849872364602	0.029537100860654628	0.036127784284595905	0.005662694297222142	0.0003047085486928959	98.90718804298177	0.034925799246640396
0.07168250182490468	0.01	0.007	0.007	0.007	0.01	0.020686661156109086	0.038866524962141366	0.02735587258334326	0.009897303483605317	0.0010831144035608916	0.010531591720559634	0.0384654600226085	0.048216808920607944	0.007622022976593625	0.0003869177501590484	98.72195314846985	0.03491315650139315
0.08267866071281342	0.01	0.007	0.007	0.007	0.01	0.022836518612722213	0.041605286622711166	0.030339657224944454	0.011122102408081118	0.0011220891849668077	0.013588183888862909	0.04857687311190759	0.06240741825776736	0.009951794685979965	0.00047695529283264885	98.52734989166628	0.03489985370832773
0.09425808426563781	0.01	0.007	0.007	0.007	0.01	0.024879461729132843	0.04396922855748601	0.033204951647791726	0.012337964090539316	0.0011507601819534647	0.01710926653374265	0.059868591670284285	0.07882755888665272	0.012683512148035868	0.0005744478710858846	98.3228390289505	0.03488585077984228
0.1064087290794876	0.01	0.007	0.007	0.007	0.01	0.02680289057743463	0.04597785156476626	0.03592923156260416	0.013535751190928879	0.0011711854559453864	0.021102049021635597	0.07228707755932733	0.09752802215465739	0.015837018877074543	0.0006787074005441977	98.10869590927494	0.03487116311781743
0.1191556265248579	0.01	0.007	0.007	0.007	0.01	0.02860263828490895	0.04766189396070815	0.038500277548703145	0.014710074232799327	0.0011852465050127344	0.025581863447700214	0.08580940362682334	0.11859562243819391	0.019439144029533537	0.0007894314882999406	97.8845456944021	0.03485576135383101
0.13251497913706073	0.01	0.007	0.007	0.007	0.01	0.030274456047935997	0.04905183002231221	0.04090427408444835	0.015854324291245083	0.0011945276431274937	0.030558770146208912	0.10040124476259349	0.14208950467544768	0.023513050570502785	0.0009063233813589927	97.65017524537585	0.034839626875930556
0.14651903262804689	0.01	0.007	0.007	0.007	0.01	0.031817324204694526	0.05017998577163523	0.04313053381556977	0.01696286659579474	0.0012003809049265478	0.03604654025280761	0.11604469113389763	0.16808192854180085	0.028085170220091073	0.0010293060825760343	97.40509687327506	0.034822721791864755
0.16120228656418248	0.01	0.007	0.007	0.007	0.01	0.033231123822481994	0.05107748721009526	0.04516818629206281	0.018029592926975875	0.0012039564424646911	0.042058270586347986	0.13272499952482697	0.1966360115984941	0.0331814219793401	0.0011584010702681113	97.14879266478438	0.03480500561568957
0.17660905472314786	0.01	0.007	0.007	0.007	0.01	0.034517202734822526	0.05177412500904249	0.04700700072707218	0.01904837140810094	0.0012062607743408005	0.04860962561573754	0.1504397241683895	0.2278190867685484	0.038829594973691865	0.0012937942378985657	96.88058417495269	0.034786426168899126
0.19278933969736384	0.01	0.007	0.007	0.007	0.01	0.035677656691401514	0.05229746947469417	0.04863637201640959	0.02001256535029087	0.001208207608619399	0.055717468002065784	0.1691944602065943	0.26169382139005015	0.04505783615887583	0.0014358031764019356	96.59970706045208	0.03476692459415756
0.20980101937923792	0.01	0.007	0.007	0.007	0.01	0.03671532823851645	0.052672676089906306	0.05004537321376161	0.020915059439514647	0.0012106642130810994	0.0634009012064636	0.189005318890902	0.29832027024493785	0.05189506300693441	0.0015849051186341335	96.30527569957368	0.034746432755947104
0.2277081438508401	0.01	0.007	0.007	0.007	0.01	0.0376335409563626	0.05292227954459738	0.05122249758804741	0.021748073020558256	0.0012144864162713322	0.07168055426239307	0.2098966680391431	0.3377489995134814	0.0593697189092543	0.0017417368944625874	95.99631579776103	0.03472487533587534
0.24658042589336415	0.01	0.007	0.007	0.007	0.01	0.03843602516483081	0.053066193374531	0.05215578735458223	0.022503136415979997	0.001220541229552616	0.08057823849341973	0.2319000363186224	0.38001540541241813	0.06750865218787316	0.0019071119007721131	95.67177628162882	0.03470217048997306
0.26649028832971045	0.01	0.007	0.007	0.007	0.01	0.03912681556243886	0.05312178141912324	0.052833112436660376	0.023171077178081458	0.0012297156713555286	0.09011535050207754	0.2550500666455499	0.42512761931453374	0.07633463212219195	0.0020820218143884745	95.3305831416325	0.03467823344499536
0.2875083482387417	0.01	0.007	0.007	0.007	0.01	0.03971023435336184	0.05310402243553906	0.05324285060483673	0.023742156267899092	0.0012429116753031094	0.10031038898299996	0.279378682142404	0.4730501705630897	0.08586277906766009	0.002267629205663531	94.97171912443035	0.034652981961950526
0.3096959784568771	0.01	0.007	0.007	0.007	0.01	0.04019093653490097	0.053025738861298924	0.05337504735896401	0.02420639698175952	0.0012610267800936869	0.11117497341059061	0.3049060994410176	0.5236813952346515	0.0960953694438893	0.0024652354652314706	94.59435143332817	0.034626345285878546
0.3330965184938646	0.01	0.007	0.007	0.007	0.01	0.04057406385714089	0.052897866248022965	0.053223146144364124	0.024554225704979754	0.0012849226695125695	0.12270921839250425	0.33163077524994417	0.5768300768169623	0.10701595858881892	0.002676231417318814	94.19797908393883	0.0345982746722669
0.3577288422227042	0.01	0.007	0.007	0.007	0.01	0.040865478876654975	0.05272970391717834	0.05278604717775489	0.024777437033214732	0.0013153898862095083	0.1348984713468629	0.35952270141417464	0.6322022838993198	0.11858505615002245	0.0029020558102519096	93.78253624857429	0.0345687510304592
0.3835894100467991	0.01	0.007	0.007	0.007	0.01	0.041071963999804256	0.05252906988565624	0.05206978720541082	0.02487028658329589	0.0013531275539523963	0.1477146261916694	0.38852681477543904	0.6894137103605342	0.13074084149134196	0.00314421380276331	93.34834955282956	0.034537782356840234
0.4106639708211988	0.01	0.007	0.007	0.007	0.01	0.04120118674058532	0.052302343050103846	0.05108799996365811	0.024830282169751434	0.001398757247385001	0.1611225992208998	0.418577123838568	0.7480282560556903	0.14340572072570684	0.0034043754744467283	92.89593425752645	0.034505389623696564
0.43894280529723895	0.01	0.007	0.007	0.007	0.01	0.04126135912593557	0.05205447574838721	0.049860967914679054	0.024658364465557393	0.0014528733424165894	0.1750886802622164	0.44961393287152185	0.8076045625332512	0.1564953935354331	0.003684517270345117	92.42573651238214	0.03447158850260595
0.4684308917812335	0.01	0.007	0.007	0.007	0.01	0.0412607324357773	0.05178908606994266	0.04841392661468532	0.02435856152398886	0.0015161109469330508	0.1895861609337826	0.4815943823037324	0.8677278230275884	0.1699255931640357	0.003987040692407671	91.93796687502771	0.034436377251801785
0.499149885621003	0.01	0.007	0.007	0.007	0.01	0.04120714670885488	0.05150865880405861	0.046775432366415626	0.023937451829731334	0.001589208879791529	0.20459656950802835	0.5144933598286595	0.9280200787458449	0.18361461094829773	0.004314839387663448	91.43257388464724	0.03439973444387166
0.5311317244391036	0.01	0.007	0.007	0.007	0.01	0.04110776202752377	0.05121482954945933	0.04497629537879266	0.023403738779465062	0.0016730486763452627	0.2201065390135098	0.5482953596839272	0.9881318012194542	0.19748171984671012	0.004671298989936471	90.90935604103878	0.034361626692730386
0.5644031550887796	0.01	0.007	0.007	0.007	0.01	0.04096900315023417	0.050908729630954795	0.043049283266543815	0.022768127818135024	0.0017686500327344823	0.2361002727376598	0.5829774495088663	1.047718847277365	0.21144199657366655	0.005060192478875108	90.36821804682211	0.03432202713933787
0.5989595128689242	0.01	0.007	0.007	0.007	0.01	0.04079670375370662	0.050591389341372264	0.041029571991161654	0.02204359130757255	0.0018770973682750306	0.2525472538403681	0.6184826811571346	1.1064088612930407	0.22539818958135807	0.00548540020942665	89.809591417824	0.03428094658256448
0.6347319893633201	0.01	0.007	0.007	0.007	0.01	0.04059638483182146	0.05026415322121735	0.038955365124918734	0.021245856196766975	0.001999385197523834	0.26938774936793164	0.654689496586032	1.1637716425284317	0.23923300017635876	0.005950429407871377	89.23494282883757	0.034238472100591055
0.6715705067569113	0.01	0.007	0.007	0.007	0.01	0.04037346937622421	0.049928906764752035	0.036867055058165406	0.02039339785171323	0.0021362433943616166	0.2865267685974824	0.6913998768514783	1.219329633344843	0.25281094522006603	0.006457957670939612	88.64701202301379	0.03419478685550347
0.7092654811479838	0.01	0.007	0.007	0.007	0.01	0.040133202417234504	0.049587917023923844	0.03480376363560107	0.01950616535017714	0.002288063467431411	0.3038465647022663	0.7283672191527757	1.272627337907704	0.2659955540084332	0.007009780804123743	88.04942199346834	0.03415014367093348
0.7476030616204312	0.01	0.007	0.007	0.007	0.01	0.03988027781404342	0.049243360337641554	0.03279851218419702	0.01860324659424018	0.002454992250337112	0.3212335258169124	0.7653542638932387	1.3233243588097716	0.278674168921017	0.007607306866439719	87.44577646526501	0.03410479921305549
0.786404653749333	0.01	0.007	0.007	0.007	0.01	0.03961854771700122	0.04889699698057921	0.030875580360631035	0.017701050480905332	0.002637051309867823	0.3385959814162872	0.802170816794623	1.3712331233889485	0.29077029441512553	0.00825204139722599	86.83903859494795	0.034058967242499676
0.8255367348847663	0.01	0.007	0.007	0.007	0.01	0.039350979236431216	0.04855011434195873	0.029050634853626727	0.016812635900466624	0.0028341922255181863	0.3558673705357649	0.8386800273854725	1.416300537667476	0.3022417906845631	0.008945782260913193	86.23139656253275	0.03401280728284145
0.8649057272554771	0.01	0.007	0.007	0.007	0.01	0.039079763414413486	0.048203598420815855	0.027332198915164526	0.0159478030012891	0.0030463056964236544	0.3730024820722624	0.8747900541236289	1.4585709138213896	0.31307344107142543	0.009690629072605992	85.62436628365691	0.033966430993639114
0.904450154531326	0.01	0.007	0.007	0.007	0.01	0.03880646430403119	0.04785802231886188	0.025723358217157336	0.015113496296599258	0.003273218922412848	0.38997269896373377	0.9104437852098487	1.4981522104669287	0.32326942582107404	0.010488944711317345	85.01893275595299	0.03391991170083246
0.9441342360802942	0.01	0.007	0.007	0.007	0.01	0.038532156004734294	0.04751371616937981	0.024223274718417256	0.014314287100120256	0.0035146967851215874	0.4067621554864188	0.9456106007667199	1.5351908314913534	0.33284728998024626	0.011343328208726395	84.41566466494541	0.03387329217053376
0.9839432810875669	0.01	0.007	0.007	0.007	0.01	0.038257534221549414	0.047170817229556766	0.02282841490811473	0.013552843734113543	0.0037704490753024474	0.4233649137760176	0.9802803398072735	1.5698539610920565	0.3418334002066885	0.012256610351995326	83.81479772114258	0.03382659021410938
1.0238804663316674	0.01	0.007	0.007	0.007	0.01	0.037983002559227506	0.0468293052810954	0.021533502311773603	0.01283035380854759	0.004040142217109637	0.4397829148146616	1.0144589197144824	1.6023175180068843	0.35025958891398024	0.013231870609673181	83.21629424715425	0.033779802630331486
1.0639646337243687	0.01	0.007	0.007	0.007	0.01	0.037708737230883506	0.04648902752146431	0.020332231256840177	0.012146885368742418	0.004323413714064804	0.45602449401436673	1.0481651480308367	1.6327581589808582	0.35816071092009566	0.014272473295231803	82.61988545042001	0.033732907924951816
1.1042288934485347	0.01	0.007	0.007	0.007	0.01	0.03743473416785297	0.046149715484959504	0.01921778431465231	0.01150168471601963	0.004619888112254771	0.47210332663353616	1.08142843349027	1.6613481828792778	0.36557289962647377	0.01538212267977505	82.02510032406178	0.03368586806917023
1.1447200032278333	0.01	0.007	0.007	0.007	0.01	0.0371608414431231	0.04581099476506591	0.018183192215371027	0.0108934135871746	0.004929194446392056	0.4880377509048395	1.1142872789254008	1.6882525519404992	0.372532370804392	0.016564941025764727	81.43128224730056	0.03363862934076895
1.1854985721146194	0.01	0.007	0.007	0.007	0.01	0.03688677914337491	0.045472387582937694	0.017221571266266195	0.010320331884509417	0.005250985785966914	0.5038504492421206	1.1467885056330807	1.713627453361944	0.3790746522265851	0.017825576744561505	80.83759320927035	0.03359112220099808
1.2266403462053497	0.01	0.007	0.007	0.007	0.01	0.03661214706148113	0.04513330652013725	0.016326264965870196	0.009780431788223172	0.00558496320369897	0.5195685461831746	1.1789873171046428	1.7376200610602979	0.3852341625267501	0.01916935857465587	80.24300261998859	0.03354325991831467
1.2682389026164236	0.01	0.007	0.007	0.007	0.01	0.03633641983623676	0.04479303728819543	0.01549091264783304	0.009271530228137792	0.005930907127542131	0.5352241966538956	1.2109483340659948	1.7603692371360622	0.3910440720714545	0.020602518718733545	79.64625692367343	0.03349493557403494
1.310410518985727	0.01	0.007	0.007	0.007	0.01	0.036058926081691804	0.04445070501360844	0.014709457490619587	0.008791322950402802	0.006288722496473179	0.5508558857094349	1.2427480244550841	1.7820071549315202	0.39653643271669714	0.02213253002388346	79.04582029088711	0.03344601657918396
1.3533026489816096	0.01	0.007	0.007	0.007	0.01	0.03577880380308062	0.04410521361673362	0.013976097202859087	0.008337399629479792	0.0066585094267070915	0.5665108649396302	1.2744793465707858	1.8026620480171283	0.40174261178290455	0.02376864068442438	78.43976806843575	0.033396335076384814
1.397108872566679	0.01	0.007	0.007	0.007	0.01	0.03549491556216444	0.04375513722795718	0.013285166152412152	0.007907211668601895	0.007040682496996832	0.5822495937243842	1.3062602819930453	1.8224627023391191	0.40669415821533456	0.02552277209214153	77.8255959901516	0.03334567096174914
1.4420969927096845	0.01	0.007	0.007	0.007	0.01	0.03520568370921017	0.043398514242126936	0.012630902814370593	0.007497963338499691	0.007436192381569045	0.5981542432057837	1.3382502516115022	1.841546388331845	0.4114244758138584	0.02741115571057096	77.19985837613366	0.03329371992166431
1.4886671235613884	0.01	0.007	0.007	0.007	0.01	0.03490874453966083	0.043032418991158325	0.012006972281735332	0.00710634465438202	0.007846985962581316	0.6143464847456168	1.370684559851909	1.8600746670757207	0.41597229877043895	0.029457653052690148	76.55741572876917	0.0332400272743527
1.5374903721023243	0.01	0.007	0.007	0.007	0.01	0.03460011626692528	0.04265193468551103	0.01140533545485056	0.006727850315099851	0.008277115842040503	0.6310303160747746	1.4039575081567857	1.8782706387359598	0.4203900385585609	0.03170157806513762	75.8896307117677	0.03318382988645154
1.5899184844742897	0.01	0.007	0.007	0.007	0.01	0.034271731680182625	0.04224711092433547	0.010812916361295383	0.006354714343079761	0.008736049174576802	0.64861925694005	1.438869615960008	1.8965288301385343	0.4247686024296963	0.034220616753169446	75.17902426657632	0.03312358895279929
1.6483913716083503	0.01	0.007	0.007	0.007	0.01	0.0339091587133337	0.04180015337791621	0.010210532215542247	0.005975295449054852	0.009241387780023943	0.6678445902037083	1.47682787111105	1.9154668992041064	0.4292457382529992	0.03715935333324676	74.39433347177159	0.03305653144451635
1.7024433279251066	0.01	0.007	0.007	0.007	0.01	0.033577413086562084	0.041391205212796364	0.009702305302803256	0.0056555396221230495	0.009699844353830494	0.6852563340619853	1.5110165475166053	1.9317566885651074	0.4330381233478696	0.0399921410430643	73.67625718935973	0.032994664673958105
1.7550657445937283	0.01	0.007	0.007	0.007	0.01	0.033257563220549305	0.04099692529549231	0.009247452582443031	0.005369921355875373	0.010136025529242271	0.7018818374710515	1.5434875465955986	1.9465916169471866	0.4364394052539069	0.042852092410659647	72.98383134992876	0.0329345453607779
1.805774103128058	0.01	0.007	0.007	0.007	0.01	0.032952234835286455	0.04062054846760928	0.008842573719601728	0.005116332296108212	0.010545184984372158	0.7176042643633476	1.5740328759214757	1.9600092064784078	0.43946843818236675	0.04569825658381642	72.32274894375936	0.032876716434615004
1.855261224136462	0.01	0.007	0.007	0.007	0.01	0.03265696761338329	0.04025657542056587	0.008475964539986872	0.004887397057947912	0.010932587492961545	0.732670856062584	1.6031512368795138	1.9723373938891242	0.4422082812135054	0.048556329669604346	71.6833616272908	0.032820378137540844
1.9034650474453438	0.01	0.007	0.007	0.007	0.01	0.03237190613606202	0.03990518375041827	0.008143400976105107	0.004680404251844917	0.011297579478960332	0.7470881565696706	1.6308699591030416	1.9836716447878346	0.44468749373780136	0.05141193335748741	71.06598997586975	0.03276559362367244
1.9506854507246734	0.01	0.007	0.007	0.007	0.01	0.03209507804601042	0.039563941781543925	0.007838984564675994	0.004491591490184076	0.011642463124694895	0.7609681729189635	1.6574174792545169	1.9941747629777125	0.44694809635760024	0.05427324645282546	70.46636929833512	0.03271201545349973
1.9969974441988114	0.01	0.007	0.007	0.007	0.01	0.031825879894261326	0.03923210542552191	0.007559180419285124	0.004318672542119674	0.01196790033970504	0.7743513780995342	1.6828822132304577	2.003937835179987	0.4490151160265031	0.05713660966254885	69.88319843615335	0.03265955310143369
2.042575032569145	0.01	0.007	0.007	0.007	0.01	0.031563159960797824	0.03890825483674955	0.007300431992315304	0.004159356875178669	0.012275307633935162	0.7873038693932172	1.707399536226003	2.0130594549866436	0.4509141382186576	0.06000555408680001	69.31398762761559	0.03260800483262748
2.0875151769214364	0.01	0.007	0.007	0.007	0.01	0.03130624256708426	0.03859155703177814	0.007060140168128021	0.004011956984022263	0.012565565055605058	0.7998664615345639	1.7310549113209732	2.0216101777081015	0.45266391530550526	0.06287986215293956	68.75727743231987	0.03255725717622017
2.1319361329364637	0.01	0.007	0.007	0.007	0.01	0.031054353047303092	0.03828105703948691	0.006835970121161465	0.003874959619071497	0.012839688432576917	0.8120835034254735	1.7539389643124257	2.029655452090394	0.4542813937026597	0.0657614854473423	68.21139313304646	0.032507173417061636
2.175924884702388	0.01	0.007	0.007	0.007	0.01	0.030806916027498518	0.0379760455724468	0.006626062588936634	0.0037471544149906295	0.013098474507941996	0.8239884508352456	1.7761204867705613	2.0372471641340564	0.45578011685042497	0.06865106550594322	67.67509114445275	0.0324576528845996
2.219568182132554	0.01	0.007	0.007	0.007	0.01	0.03056337493017884	0.03767583652572113	0.00642880579952145	0.003627492547325181	0.013342697901352766	0.8356128808376903	1.7976636212145722	2.0444309994807677	0.4571718541471865	0.07154979512424094	67.14716800554	0.03240859580107542
2.2629372897347886	0.01	0.007	0.007	0.007	0.01	0.030323275333066696	0.03737986972718117	0.006242861215303079	0.003515100898407386	0.01357301964167411	0.846982631923168	1.8186208414216118	2.051244925632198	0.458466402906828	0.07445831885458569	66.62664114062846	0.03235992036831681
2.306098363713153	0.01	0.007	0.007	0.007	0.01	0.030086204254681313	0.03708763609299957	0.006067075364425322	0.0034092269657981585	0.013790049967442554	0.8581208648627098	1.8390388169519472	2.057721924346736	0.45967221254456375	0.07737732898639518	66.11261734959267	0.032311551004718886
2.3491084370854582	0.01	0.007	0.007	0.007	0.01	0.029851810425126277	0.036798702613315984	0.00590046678594481	0.003309229639370678	0.01399432938962109	0.8690472194775691	1.8589569967187725	2.0638901077097254	0.460796479147598	0.08030722710247959	65.60433682618206	0.03226342278344438
2.3920196930412287	0.01	0.007	0.007	0.007	0.01	0.029619778989499954	0.036512681168412116	0.005742183686102771	0.0032145524822149007	0.014186354001057477	0.8797791094529088	1.8784101104512607	2.069773989308005	0.4618454450102908	0.08324835409226294	65.10111837665568	0.03221547657918929
2.4348779233595637	0.01	0.007	0.007	0.007	0.01	0.02938983846348826	0.03622923710203306	0.005591490459124745	0.003124714604596689	0.014366571246439865	0.8903314830062997	1.897427835428902	2.0753947569084596	0.4628244995617591	0.08620083839967971	64.60237455708103	0.03216766074246669
2.4777244922106543	0.01	0.007	0.007	0.007	0.01	0.02916174877758485	0.03594807448322818	0.005447744307539876	0.0030392957617751473	0.014535392379072485	0.9007174528233114	1.9160360333150435	2.0807709600023387	0.463738346560828	0.08916469139342051	64.10758579424558	0.03211992885787125
2.5205965477906056	0.01	0.007	0.007	0.007	0.01	0.028935299084350427	0.03566893340309693	0.005310381772846748	0.002957927548489761	0.0146931961766371	0.9109484582362509	1.9342571189862734	2.0859188682314826	0.46459110320108615	0.09213979076179002	63.61629566969475	0.03207223947057754
2.5635278374552493	0.01	0.007	0.007	0.007	0.01	0.028710302506996358	0.03539158350125945	0.0051789055830242904	0.0028802849127002907	0.014840334772283635	0.921034557254964	1.952110650356027	2.0908528474122643	0.46538639540887183	0.0951259113161378	63.12809956276741	0.03202455514591759
2.606549057015922	0.01	0.007	0.007	0.007	0.01	0.02848659353254411	0.03511582075232248	0.0050528750531811184	0.002806079893721073	0.014977137154234932	0.9309845887469387	1.969613673649774	2.095585625752148	0.46612742858556905	0.09812272838568245	62.64263902430454	0.031976842053874674
2.649688349058409	0.01	0.007	0.007	0.007	0.01	0.028264024748406467	0.03484146344303568	0.004931897561411159	0.002735056090993178	0.015103912814785445	0.9408063567809981	1.9867810985972272	2.100128537728772	0.46681704986201794	0.10112983534682257	62.15959472098659	0.031929069392545376
2.6929716083349216	0.01	0.007	0.007	0.007	0.01	0.028042464702605574	0.03456834953456626	0.004815621869220083	0.002666984301612165	0.01522095436428011	0.9505067582041198	2.0036259648771617	2.1044917128896348	0.4674577974323426	0.1041467507994705	61.67868181350402	0.0318812090300073
2.736422814737435	0.01	0.007	0.007	0.007	0.01	0.027821795712959434	0.034296333961886784	0.004703732361795368	0.002601658766018853	0.015328539920328607	0.9600919072419816	2.0201596964744173	2.108684241261722	0.46805194286247237	0.10717293011495156	61.19964522050046	0.03183323511899539
2.7800642939557383	0.01	0.007	0.007	0.007	0.01	0.027601912130923	0.034025286493620584	0.004595944311749142	0.0025388940711814204	0.015426934992984748	0.9695672354745485	2.0363923069452405	2.1127143091716345	0.46860152602155297	0.11020777391635705	60.722255866194274	0.031785123794695044
2.8239169391532633	0.01	0.007	0.007	0.007	0.01	0.02738271887109141	0.033755089919372754	0.004491999906850055	0.0024785225486158267	0.015516394032015742	0.9789375764701619	2.0523325730732176	2.1165893134411635	0.46910838442605723	0.11325063542738986	60.24630750214104	0.031736852918108356
2.8680004154974967	0.01	0.007	0.007	0.007	0.01	0.027164130085535556	0.033485638415598644	0.00439166486565085	0.0024203920561894276	0.015597161724968731	0.9882072409262341	2.067988187799263	2.1203159591779768	0.46957417818100056	0.11630082790138223	59.77161384122791	0.03168840184053029
2.9123333165072167	0.01	0.007	0.007	0.007	0.01	0.02694606812860836	0.03321683626953465	0.004294725615764939	0.0023643641219616594	0.015669474019932825	0.9973800766448154	2.0833658835368003	2.1239003410496364	0.47000041090424755	0.11935762973316401	59.298006320505515	0.031639751222953316
2.956933316662591	0.01	0.007	0.007	0.007	0.01	0.026728462581563972	0.03294859667686105	0.004200986848822248	0.0023103123362560136	0.01573355899857331	1.0064595236861285	2.0984715441339	2.127348014150951	0.47038844776336936	0.1224202901463587	58.82533199234379	0.03159088286116237
3.00181730942997	0.01	0.007	0.007	0.007	0.01	0.026511249387246878	0.03268084067504765	0.004110269419788958	0.0022581209686987846	0.01578963759132288	1.0154486628209236	2.113310302640203	2.13066405499107	0.4707395309249256	0.12548803453116786	58.35345165320939	0.03154177952833099
3.0470015010565548	0.01	0.007	0.007	0.007	0.01	0.026294370231714596	0.032413496381091596	0.004022408596092093	0.002207683809118237	0.01583792412667559	1.0243502519888905	2.1278866166796795	2.1338531119274933	0.4710547926099933	0.12856006728541006	57.88223850764892	0.031492424867302686
3.092501510688909	0.01	0.007	0.007	0.007	0.01	0.02607777192027182	0.032146498222366295	0.0039372525058773795	0.002158903142023418	0.015878626812140258	1.0331667616167162	2.142204339946538	2.136919450208924	0.47133526654659097	0.13163557554263905	57.4115768191826	0.03144280327694173
3.1383324685543563	0.01	0.007	0.007	0.007	0.01	0.025861405788015778	0.031879786210011696	0.0038546607756177282	0.0021116888464947398	0.01591194813421132	1.0419004071940776	2.1562667872374575	2.1398669916247823	0.47158189793433986	0.13471373310801876	56.941360635245246	0.03139289980162039
3.18450907570818	0.01	0.007	0.007	0.007	0.01	0.025645227314100714	0.031613305463446796	0.0037745033944812344	0.0020659576404199295	0.015938085164387692	1.0505531724643664	2.1700767825988505	2.1426993471950775	0.4717955519451727	0.13779370208031005	56.47149295403214	0.03134270006347167
3.2310456830023297	0.01	0.007	0.007	0.007	0.01	0.02542919566228855	0.0313470056440151	0.0036966596737655153	0.0020216323916167275	0.015957229835152294	1.0591268346918352	2.183636709452601	2.1454198474540087	0.4719770213029822	0.14087463600666636	56.001884730515194	0.03129219017441929
3.2779563404434073	0.01	0.007	0.007	0.007	0.01	0.025213273376637948	0.031080840579867704	0.003621017371293443	0.0019786415341375486	0.015969569156906144	1.0676229828756139	2.196948548157212	2.1480315676732453	0.4721270328176747	0.14395568124254512	55.5324542190534	0.031241356681099185
3.325254869459694	0.01	0.007	0.007	0.007	0.01	0.024997425985324357	0.030814767777599682	0.0035474718745460397	0.0019369185277166396	0.015975285410655085	1.0760430388815259	2.2100139170377626	2.1505373516457778	0.4722462532307068	0.14703597997210724	55.063126115777266	0.031190186485543798
3.3729548925895623	0.01	0.007	0.007	0.007	0.01	0.02478162181372227	0.030548748191841564	0.003475925536718802	0.0018964014126864326	0.015974556300640617	1.0843882696871143	2.2228340984466906	2.1529398306674428	0.47233529424515275	0.15011467054144395	54.593831155452996	0.031138666812594674
3.421069895706236	0.01	0.007	0.007	0.007	0.01	0.024565831659484873	0.030282745824736113	0.003406287032921009	0.0018570323838061002	0.015967555092759256	1.0926598044943021	2.235410071544739	2.15524144223077	0.4723947170738342	0.1531908900148904	54.124505407911535	0.03108678514259289
3.469613295489535	0.01	0.007	0.007	0.007	0.01	0.024350028459243202	0.0300167273150843	0.003338470777878444	0.0018187574057579356	0.015954450718948875	1.1008586514839822	2.2477425433771225	2.1574444468487264	0.4724250364111352	0.15626377706193936	53.65508955573541	0.031034529139115148
3.518598404574137	0.01	0.007	0.007	0.007	0.01	0.024134187420147116	0.02975066210049651	0.0032723965416045944	0.0017815259463311618	0.01593540789446906	1.1089856964579055	2.259831951930591	2.1595509386257006	0.4724267238935605	0.15933246840673954	53.18552918273637	0.030981886687339904
3.568038529969868	0.01	0.007	0.007	0.007	0.01	0.023918285563803127	0.029484521855211616	0.0032079889219601876	0.001745290633956683	0.01591058719983661	1.1170417235666534	2.271678502019201	2.161562860715424	0.4724002113137362	0.16239610381259223	52.71577378411647	0.030928845789205732
3.6179469788792957	0.01	0.007	0.007	0.007	0.01	0.02370230169228707	0.029218280448202547	0.003145176991697898	0.00171000701843952	0.015880145171462256	1.1250274195694179	2.2832821756382526	2.1634820151948433	0.4723458933975791	0.16545382519023388	52.24577669439737	0.030875394558777112
3.668337118254019	0.01	0.007	0.007	0.007	0.01	0.023486216126007698	0.02895191362004503	0.003083893911152846	0.0016756333164871314	0.015844234361932153	1.1329433863401457	2.294642753966857	2.165310074099629	0.47226413026731373	0.16850477906234745	51.77549451874934	0.0308215211603143
3.7192223824359	0.01	0.007	0.007	0.007	0.01	0.02327001067501029	0.028685398947545116	0.003024076640826403	0.0016421302171166622	0.015803003422442098	1.1407901444041457	2.3057598257077063	2.1670485874002923	0.4721552496706667	0.1715481158178356	51.30488707203954	0.03076721380241574
3.7706163323768354	0.01	0.007	0.007	0.007	0.01	0.023053668395753422	0.028418715543921405	0.002965665619969541	0.001609460671306742	0.015756597145480646	1.1485681440912883	2.3166328058967895	2.168698991996861	0.47201954889198694	0.17458299208048939	50.8339168508032	0.030712460677401753
3.82253268976175	0.01	0.007	0.007	0.007	0.01	0.022837173465780274	0.02815184390431437	0.0029086045051078015	0.001577589718306919	0.015705156514330333	1.1562777720133168	2.327260947305247	2.1702626188368983	0.47185729644566765	0.1776085714672349	50.36254876150411	0.030657249928100212
3.874985344519679	0.01	0.007	0.007	0.007	0.01	0.02262051117556673	0.02788476589573851	0.0028528399603785248	0.0015464843435560672	0.01564881877865692	1.163919353171755	2.337643345412743	2.1717406985553316	0.47166873366848755	0.1806240237688454	49.89075010376245	0.030601569643322116
3.9279884227326702	0.01	0.007	0.007	0.007	0.01	0.022403667675911544	0.02761746444569301	0.0027983214029392773	0.0015161133139186176	0.015587717467649958	1.1714931615461313	2.347778954598557	2.1731343682561275	0.47145407594177097	0.18362852759096487	49.41849002114379	0.03054540778956661
3.9815563005377155	0.01	0.007	0.007	0.007	0.01	0.022186629958810055	0.027349923518585447	0.00274500082783804	0.0014864470594743396	0.015521982453193918	1.1789994221291418	2.3576665920301685	2.1744446760074596	0.47121351390797017	0.18662126976157184	48.9457394601001	0.030488752200676338
4.035703662010022	0.01	0.007	0.007	0.007	0.01	0.02196938566565769	0.02708212787930608	0.0026928326047733387	0.0014574575415879241	0.015451739962214344	1.1864383188057275	2.367304948945607	2.1756725859430968	0.47094721436409104	0.18960144715639568	48.472470752689816	0.03043159052137418
4.090445534321437	0.01	0.007	0.007	0.007	0.01	0.02175192299861564	0.026814062983969104	0.0026417733160613295	0.001429118145717295	0.015377112610651451	1.1938099983579997	2.3766925961340815	2.176818982132088	0.47065532108443847	0.19256826709376276	47.99865742372713	0.030373910175524467
4.145797320898566	0.01	0.007	0.007	0.007	0.01	0.021534230647740356	0.026545714890085875	0.002591781610666025	0.0014014035847203315	0.015298219441205718	1.2011145737605387	2.3858279880738253	2.1778846719327496	0.4703379555322454	0.1955209475218967	47.52427403211204	0.03031569833704795
4.2017748624402405	0.01	0.007	0.007	0.007	0.01	0.02131629761764904	0.02627707004289625	0.0025428180468319555	0.0013742897972883151	0.015215175921248061	1.2083521306432488	2.3947094705120375	2.178870389397448	0.46999521728918836	0.19845871856183214	47.049295793038574	0.030256941872167552
4.258394478427356	0.01	0.007	0.007	0.007	0.01	0.021098113143045164	0.026008115171237217	0.0024948449668873145	0.0013477538655473251	0.01512809396527471	1.215522730488786	2.40333528324408	2.179776797735863	0.4696271844576151	0.20138082280966682	46.57369839356312	0.030197627302975795
4.3156730261308685	0.01	0.007	0.007	0.007	0.01	0.02087966654728728	0.025738837113200918	0.002447826369143885	0.0013217739322334801	0.01503708193143902	1.2226264154943196	2.4117035643216314	2.1806044916111813	0.469233913840382	0.20428651637458387	46.097457683804606	0.03013774075341786
4.373627970600421	0.01	0.007	0.007	0.007	0.01	0.020660947073340614	0.02546922260774875	0.002401727783986008	0.001296329121289706	0.014942244598309038	1.2296632140194506	2.4198123541069276	2.18135399904316	0.4688154409143167	0.20717507022141682	45.62054930761418	0.030077267884763784
4.432277442847899	0.01	0.007	0.007	0.007	0.01	0.020441943774818765	0.025199258160397982	0.00235651617200455	0.0012713994716351462	0.01484368315940253	1.2366331437749933	2.427659595812906	2.1820257826096516	0.46837177976116645	0.21004577064239968	45.14294846392382	0.03001619384446796
4.491640309230829	0.01	0.007	0.007	0.007	0.01	0.020222645379313342	0.024928929874747548	0.002312159823983168	0.0012469658728377303	0.014741495201250586	1.2435362156449472	2.435243135999314	2.1826202403312815	0.4679029228127579	0.21289792002691066	44.66462960738043	0.029954503204395334
4.551736273013855	0.01	0.007	0.007	0.007	0.01	0.020003040050917496	0.02465822315974033	0.0022686282485337925	0.0012230099948132003	0.014635774626416574	1.2503724403346719	2.442560727137753	2.1831377063368578	0.467408840221064	0.2157308388399887	44.18556592872179	0.02989217986688591
4.61258594934868	0.01	0.007	0.007	0.007	0.01	0.019783115272183825	0.024387122584150853	0.002225892091820662	0.0011995142359623474	0.014526611622459043	1.257141830855455	2.449610024388968	2.183578450664556	0.4668894793070842	0.2185438659175	43.7057290951989	0.029829206999937546
4.674210990157156	0.01	0.007	0.007	0.007	0.01	0.019562857566283152	0.024115611534089348	0.0021839230327235096	0.0011764616584774717	0.014414092545427403	1.2638444095822001	2.4563885860159553	2.1839426789108582	0.4663447634752116	0.22133636068182436	43.22508864193108	0.029765566922256063
4.736634183274981	0.01	0.007	0.007	0.007	0.01	0.01934225233923623	0.023843672018518277	0.0021426937087971228	0.0011538359412257935	0.01429829985146842	1.2704802111192652	2.4628938678712933	2.1842305310203307	0.4657745912055449	0.22410770364029142	42.74361162465989	0.029701241016866657
4.799879612938881	0.01	0.007	0.007	0.007	0.01	0.01912128353257117	0.023571284241080816	0.0021021776130490874	0.0011316213171894038	0.014179311920502528	1.2770492904151642	2.4691232214983345	2.1844420797513013	0.46517883436296764	0.22685729908450267	42.261261858193826	0.029636209583516575
4.863972800596334	0.01	0.007	0.007	0.007	0.01	0.01889993338196904	0.023298426302580087	0.00206234901823561	0.0011098025265700254	0.014057202920195027	1.2835517270233008	2.4750738862885338	2.1845773282224665	0.4645573365170737	0.2295845761938398	41.77799938538017	0.02957045171395246
4.928940902970146	0.01	0.007	0.007	0.007	0.01	0.018678182015474602	0.02302507370568961	0.0020231828787945884	0.0010883647581393099	0.013932042569411343	1.2899876334480005	2.480742983197723	2.184636206814567	0.463909910557155	0.23228899184829666	41.29377959502228	0.02950394511119927
4.994812914778936	0.01	0.007	0.007	0.007	0.01	0.018456007083989295	0.02275119889945734	0.0019846547465522247	0.0010672935986283307	0.013803895900803298	1.29635716167953	2.4861275038794464	2.184618569074697	0.46323633606378817	0.23497003267768504	40.80855240921766	0.029436665907543336
5.061619943947646	0.01	0.007	0.007	0.007	0.01	0.018233383200967727	0.022476770588613852	0.0019467406610520143	0.0010465749686939525	0.013672822894612793	1.3026605142635301	2.491224300345192	2.184524186550131	0.46253635573797197	0.23762721900098693	40.322261052823336	0.029368588412400205
5.129395474791811	0.01	0.007	0.007	0.007	0.01	0.018010281488737692	0.022201753174314005	0.0019094170671211884	0.001026195074226984	0.013538878150432901	1.3088979511541545	2.496030066971431	2.1843527423457143	0.46180967170935905	0.24026010696288413	39.83484105432688	0.029299684877263036
5.198175752422076	0.01	0.007	0.007	0.007	0.01	0.01778666879801898	0.0219261057920295	0.001872660685945558	0.0010061403326783538	0.013402110340548331	1.315069804484814	2.500541324093693	2.1841038230703917	0.46105594030493435	0.2428682939627846	39.34621853116207	0.02922992514276552
5.2680001966326815	0.01	0.007	0.007	0.007	0.01	0.017562506928443113	0.021649781350673383	0.0018364483978632155	0.0009863973062352869	0.013262561628099499	1.3211764915458364	2.5047543938544705	2.183776908872349	0.4602747661568242	0.2454514232707006	38.85630847497802	0.029159276262875698
5.338911948831614	0.01	0.007	0.007	0.007	0.01	0.017337751533291493	0.021372725182458273	0.0018007570858095338	0.0009669526139712232	0.013120266851817499	1.3272185344007068	2.5086653732496664	2.1833713608766225	0.45946569446152485	0.24800919136541288	38.36501234422295	0.029087702002669618
5.41095846400625	0.01	0.007	0.007	0.007	0.01	0.017112351021289753	0.021094873689122974	0.00176556349260668	0.0009477928519971369	0.012975252661489821	1.3331965770665597	2.5122700960599076	2.182886405903916	0.4586282022778953	0.2505413541288164	37.87221564704384	0.029015162300910727
5.484192365518814	0.01	0.007	0.007	0.007	0.01	0.016886244802111934	0.02081615217914666	0.0017308439912159272	0.0009289044666813032	0.012827536179011256	1.339111417173818	2.515564092122744	2.1823211166049856	0.4577616862689204	0.2530477390169129	37.377784085486915	0.02894161248030567
5.558672411218649	0.01	0.007	0.007	0.007	0.01	0.01665936141205359	0.0205364725572424	0.0016965743584001459	0.0009102736302903601	0.012677123504404399	1.3449640366296658	2.5185425299866244	2.18167438687953	0.4568654484329839	0.2555282566061204	36.8815594323002	0.028867002362390634
5.6344647748629075	0.01	0.007	0.007	0.007	0.01	0.01643161594672481	0.020255730159608538	0.0016627294672197789	0.0008918860730681944	0.012524007679016475	1.350755645353276	2.5212001469855947	2.180944900138832	0.455938677266269	0.257982917398636	36.383353885742906	0.028791275086443396
5.711644760485346	0.01	0.007	0.007	0.007	0.01	0.01620290655085448	0.019973799426872385	0.0016292828714121813	0.0008737268572898883	0.012368165898948371	1.3564877423936483	2.5235311606726185	2.1801310874798268	0.4549804225911916	0.2604118556148601	35.882942353085	0.02871436552234051
5.7902989595547005	0.01	0.007	0.007	0.007	0.01	0.01597311007000161	0.019690528543906557	0.0015962063089107784	0.0008557801082910378	0.012209556004873024	1.362162189239432	2.525529149103021	2.17923107343992	0.45398956353495973	0.26281535762402025	35.380052888724705	0.028636198277345485
5.870528312273249	0.01	0.007	0.007	0.007	0.01	0.01574207568575244	0.019405731593872752	0.0015634689682403637	0.0008380286179009924	0.012048111384355457	1.3677813213084151	2.52718689604843	2.178242601380431	0.4529647633896152	0.2651939058049362	34.87435270387337	0.028556684850960763
5.952452263874869	0.01	0.007	0.007	0.007	0.01	0.015509616279584148	0.01911917791237252	0.0015310365088369107	0.000820453315919554	0.011883734006188824	1.3733480979871675	2.5284961769960272	2.1771629312755008	0.4519044080568661	0.26754823765082747	34.36542918240722	0.02847571977024917
6.036214840070387	0.01	0.007	0.007	0.007	0.01	0.015275495590424425	0.018830576256456618	0.00149886959910549	0.0008030324822376482	0.011716284091450726	1.3788663298232697	2.5294474617841343	2.1759886926659124	0.45080651631826396	0.26987943591821795	33.85276165631504	0.02839317492112235
6.121993610963989	0.01	0.007	0.007	0.007	0.01	0.015039409135430603	0.018539551285512722	0.0014669217526846318	0.0007857405817905184	0.01154556474583874	1.3843410173357364	2.5300294817350752	2.174715668373312	0.4496686073627808	0.2721890634915775	33.3356794766824	0.028308891170633753
6.21001388682359	0.01	0.007	0.007	0.007	0.01	0.01480095354188643	0.01824560575647362	0.0014351358324206107	0.0007685463827881583	0.011371297331550366	1.3897789039168684	2.5302285763324175	2.17333845702614	0.44848749156415485	0.2744793846776682	32.81329462893494	0.028222665059529917
6.300572210043921	0.01	0.007	0.007	0.007	0.01	0.014559575276527771	0.01794805732214479	0.0014034381933474371	0.0007514098049477676	0.011193080344424199	1.3951894083789063	2.530027645517349	2.171849919676037	0.4472589246863368	0.27675373981103896	32.28438909245482	0.02813422673249873
6.394078759735075	0.01	0.007	0.007	0.007	0.01	0.014314476918323073	0.01764592299322535	0.0013717279183202307	0.0007342761270942807	0.011010314451768755	1.4005863509096548	2.5294043428594417	2.170240194301826	0.44597698527663676	0.27901724146492424	31.747208955930642	0.028043199997846522
6.49114237551078	0.01	0.007	0.007	0.007	0.01	0.014064426956678306	0.01733768467603218	0.0013398548541485907	0.0007170641673665792	0.010822050811566343	1.4059914965018596	2.528327617397511	2.1684947461317536	0.4446328295078058	0.28127820916271934	31.19904667429601	0.027949022048800058
6.592771798193421	0.01	0.007	0.007	0.007	0.01	0.013807303731835155	0.01702072698780331	0.0013075665886386964	0.0006996377440719514	0.010626628700381849	1.4114431616280658	2.526749972241517	2.1665898246859223	0.44321175351628694	0.283551667563152	30.635239580394728	0.027850752960452283
6.70098989846754	0.01	0.007	0.007	0.007	0.01	0.01353868686860689	0.016689600923130096	0.00127434363495035	0.0006817169479877165	0.01042056022048332	1.4170231096999566	2.524585106727112	2.164478803593253	0.44168425498234715	0.2858703148974075	30.04607718912336	0.027746492858703634
6.821938017470254	0.01	0.007	0.007	0.007	0.01	0.013244663255407584	0.016327155886404696	0.0012385526210315907	0.0006624221753562482	0.010192853602382191	1.422995362206399	2.5216008108077705	2.1620241006296146	0.43996099306389436	0.2883412947145179	29.401007853847233	0.027630430131048694
6.952053254916372	0.01	0.007	0.007	0.007	0.01	0.01293549408758366	0.015946040709125066	0.0012015406053215842	0.0006424812402149437	0.009951111273203313	1.429122195111583	2.5177579509560517	2.1592775259240455	0.43808980650499224	0.29086302764062083	28.722501344858983	0.02750611258667571
7.057035187505426	0.01	0.007	0.007	0.007	0.01	0.012691323265710715	0.015645047922058182	0.0011727441536434292	0.0006269749763546579	0.009758552828022298	1.4338498016302168	2.5142034659443877	2.156986151276897	0.4365681317791616	0.2927984349061403	28.186487080325914	0.027406216283491838
7.159380490732204	0.01	0.007	0.007	0.007	0.01	0.012457730930948693	0.015357095946294185	0.0011455418045167602	0.0006123336863350109	0.00957305637019136	1.4382805708359332	2.510366633000638	2.15469109674167	0.43507529647618276	0.29460303948771915	27.673565686498545	0.027309178142999557
7.260761204069841	0.01	0.007	0.007	0.007	0.01	0.012230587453073906	0.0150770935810201	0.0011194054212498273	0.0005982720733554556	0.009391522871536467	1.4425025443758572	2.5062201676771476	2.1523610497569305	0.43358814029671877	0.2963133250637429	27.174681338423195	0.027213393321107417
7.360580977396794	0.01	0.007	0.007	0.007	0.01	0.012010995828268041	0.014806400374242959	0.0010944245394830926	0.0005848374866167234	0.009214974149305166	1.4465029147358954	2.501815959282453	2.1500145149917906	0.4321163894909967	0.29792460985711705	26.69226601517521	0.027119411524865324
7.45900506605777	0.01	0.007	0.007	0.007	0.01	0.011798342608033432	0.014544260117499876	0.0010704938068261751	0.0005719725000388463	0.00904305188654757	1.4503006012617166	2.4971744486691203	2.1476523736107023	0.43065854401875914	0.2994451087061071	26.224981786517585	0.027027061583413597
7.556236308934995	0.01	0.007	0.007	0.007	0.01	0.011591970821449813	0.01428986296072917	0.0010475085737738851	0.0005596201953774132	0.008875341604603498	1.4539141821277293	2.4923103403123363	2.1452739009355235	0.429212413776011	0.3008828220255193	25.771393685822893	0.02693613966275414
7.652443360956244	0.01	0.007	0.007	0.007	0.01	0.011391332822005374	0.014042533819222752	0.00102538128812862	0.000547732954810477	0.008711499171055443	1.457359284815945	2.4872363791071064	2.142878566117728	0.42777620008683753	0.3022444928506987	25.330305703498507	0.026846476532055474
7.7477688837312595	0.01	0.007	0.007	0.007	0.01	0.011195965089863166	0.01380170131174007	0.0010040376499598723	0.0005362703705458867	0.008551234239130014	1.4606492448556851	2.481963713954401	2.1404659672610302	0.426348398529647	0.3035358864212971	24.90070568599053	0.02675792934742895
7.842332849251115	0.01	0.007	0.007	0.007	0.01	0.011005475233537183	0.013566881737302035	0.0009834143829829192	0.0005251980291364082	0.008394302623638487	1.463795498375653	2.4765023199587177	2.1380358532959467	0.4249277683525143	0.30476195983972915	24.48173698068686	0.02667037813319267
7.936236707004985	0.01	0.007	0.007	0.007	0.01	0.010819528488850632	0.013337662432375172	0.0009634571351917083	0.0005144863695890667	0.008240497572408426	1.466807945330556	2.4708612425208227	2.135588100994478	0.42351328464520466	0.3059270171030075	24.072668926962777	0.026583721548713465
8.029566557071934	0.01	0.007	0.007	0.007	0.01	0.010637837371545196	0.013113689015583227	0.0009441188693698584	0.0005041098079495534	0.00808964307738867	1.4696952283337643	2.465048787458743	2.1331226981691014	0.422104101987839	0.30703482819489064	23.672874240922813	0.02649787365878687
8.122395797325556	0.01	0.007	0.007	0.007	0.01	0.010460153251397613	0.01289465500107447	0.0009253585710485223	0.0004940460348650207	0.007941588357634944	1.472464955744673	2.459072658622047	2.1306397260132823	0.42069952344766925	0.30808872415833577	23.281810594659664	0.026412761253452762
8.21478724897178	0.01	0.007	0.007	0.007	0.01	0.010286259638890969	0.012680293522965687	0.0009071402239620336	0.0004842754586634465	0.0077962034446965225	1.4751238782706793	2.452940062686212	2.128139343961567	0.41929897549678335	0.3090916722842493	22.899005938013048	0.026328321699114823
8.306794932858482	0.01	0.007	0.007	0.007	0.01	0.01011596669067828	0.012470370562198416	0.0008894319797853804	0.00047478075417650657	0.007653375538104331	1.4776780314744382	2.4466577857091107	2.125621775174745	0.4179019867225997	0.3100463366341013	22.524046482352414	0.026244501150938373
8.398466011130411	0.01	0.007	0.007	0.007	0.01	0.009949105882871685	0.012264678380267499	0.0008722053982488635	0.0004655464505190268	0.00751300530488473	1.480132863099468	2.440232216557554	2.1230872803614136	0.41650816285597253	0.3109551313058807	22.15656503640751	0.026161252651055206
8.489840749388293	0.01	0.007	0.007	0.007	0.01	0.00978552865744066	0.012063033850645478	0.00085543513839087	0.0004565587616485096	0.0073750063677380994	1.4824932920558753	2.4336694767350306	2.1205361808126555	0.4151171910002706	0.3118202471152655	21.796238078446333	0.02607853605303959
8.580954299194861	0.01	0.007	0.007	0.007	0.01	0.009625101968189725	0.011865272968281583	0.0008390983582737555	0.0004478052613255797	0.007239302079810589	1.4847638066089952	2.426975401830386	2.117968827506021	0.41372881553418284	0.3126436920305559	21.442775991769643	0.025996316308443523
8.671837289792464	0.01	0.007	0.007	0.007	0.01	0.009467706255496217	0.011671248353051594	0.0008231743919755127	0.0004392747073123199	0.007105824242963175	1.4869485202058705	2.4201555846409204	2.115385599443313	0.4123428315502896	0.313427315028365	21.095918639744212	0.025914562855551448
8.762516547902198	0.01	0.007	0.007	0.007	0.01	0.0093132333610092	0.011480826679197021	0.0008076444397466187	0.00043095687307718165	0.006974511703911936	1.4890512235530486	2.4132153941634598	2.1127868958558502	0.4109590759235437	0.3141728279644278	20.755430802186567	0.025833248905198825
8.853015637268943	0.01	0.007	0.007	0.007	0.01	0.009161584908522832	0.011293886679420358	0.0007924913217137037	0.0004228424139223947	0.006845309285004183	1.4910754261569317	2.4061599951799053	2.1101731313320546	0.4095774207853323	0.3148818230697344	20.42109863330545	0.02575235090098659
8.943355330968528	0.01	0.007	0.007	0.007	0.01	0.009012670920971909	0.011110317440049155	0.0007776992684468014	0.00041492275316186455	0.006718166867211821	1.493024391403218	2.398994362770777	2.107544731128376	0.4081977677510575	0.3155557876681337	20.09272663549694	0.025671848049461227
9.03355396600536	0.01	0.007	0.007	0.007	0.01	0.008866408733967239	0.0109300170617468	0.0007632537518802284	0.00040718999015949	0.006593038686133162	1.4949011650196353	2.3917232977205622	2.1049021284642238	0.40682004372510405	0.31619611616378374	19.770135283120826	0.025591721963459508
9.123627790333506	0.01	0.007	0.007	0.007	0.01	0.00872272200327336	0.010752891436025916	0.000749141334383664	0.00039963681829238414	0.006469882675724364	1.4967086001209902	2.3843514357712685	2.102245760881384	0.40544419664323866	0.3168041204963496	19.453158850302245	0.02551195631875466
9.2135912442774	0.01	0.007	0.007	0.007	0.01	0.008581539890068978	0.010578853240915254	0.0007353495428403124	0.0003922564564752308	0.006348659936751683	1.4984493780954482	2.3768832564261904	2.0995760675438713	0.4040701920710806	0.31738103886258356	19.141643628130137	0.02543253657484821
9.303457160084665	0.01	0.007	0.007	0.007	0.01	0.008442796432704253	0.010407821166523017	0.0007218667671353899	0.00038504259389368243	0.006229334342654841	1.5001260256340738	2.3693230938818406	2.09689348816578	0.40269801093340485	0.31792804288329257	18.835446551098215	0.025353449772809216
9.393237017530618	0.01	0.007	0.007	0.007	0.01	0.008306429879310098	0.0102397190923407	0.0007086821600035555	0.0003779893355876124	0.006111872092895229	1.5017409309447383	2.3616751394176143	2.0941984596063374	0.4013276462886124	0.3184462442697243	18.534433735281176	0.025274684287681523
9.48294106598255	0.01	0.007	0.007	0.007	0.01	0.008172382269164526	0.010074475571192594	0.0006957855654773148	0.00037109116344187905	0.005996241464000852	1.5032963558419972	2.353943451706098	2.0914914158800517	0.3999591020604314	0.3189366999384481	18.238479563862935	0.02519622970200956
9.57257850387065	0.01	0.007	0.007	0.007	0.01	0.00804059895903275	0.009912023245352999	0.0006831674456572611	0.00036434289636669975	0.005882412499953429	1.504794447599396	2.346131959618706	2.0887727859888603	0.3985923908244258	0.3194004168856452	17.94746564991767	0.025118076631647102
9.662157585262255	0.01	0.007	0.007	0.007	0.01	0.007911028289263985	0.009752298434942842	0.0006708188241502385	0.00035773965947008676	0.0057703568113822495	1.5062372483694617	2.338244468960727	2.08604299354557	0.39722753264943417	0.31983835613571515	17.66128010655511	0.025040216617970408
9.75168574299277	0.01	0.007	0.007	0.007	0.01	0.007783621249577017	0.009595240725942315	0.0006587312321785675	0.0003512768547237652	0.005660047364691208	1.507626703947391	2.3302846658624463	2.083302455562334	0.39586455363764195	0.32025143635646397	17.379816815418444	0.024962642007682424
9.841169675216461	0.01	0.007	0.007	0.007	0.01	0.0076583312196964225	0.009440792650472417	0.0006468966641956195	0.00034495013676938256	0.005551458327314347	1.5089646711138074	2.3222561217191307	2.080551582060729	0.3945034849809626	0.32064053692184746	17.102974859641577	0.02488534586631419
9.930615425265886	0.01	0.007	0.007	0.007	0.01	0.007535113736943323	0.009288899400303557	0.0006353075380800552	0.00033875539122168026	0.005444564928983484	1.51025292419666	2.314162297349451	2.0777907756433893	0.39314436208354964	0.3210065006410766	16.830658015645856	0.024808321899008293
10.0	0.01	0.007	0.007	0.007	0.01	0.00744090136168886	0.009172761390569776	0.0006264792239819193	0.0003340368834304351	0.005362765366358861	1.5112194017791842	2.3078388782266264	2.075641875303175	0.39209108636575773	0.32127505272820206	16.622407062751183	0.024748737341529138
