0.0	0.01	0.007	0.007	0.007	0.01	0.0	0.0	0.0	0.0	0.0	0.0	0.0	0.0	0.0	0.0	100.0	0.035
0.0069759673297447485	0.01	0.007	0.007	0.007	0.01	0.002739345010211471	0.005742833724729009	0.003584313898295022	0.0012325865455174185	8.593997858375458e-5	0.00011065449163279451	0.00034603819308304994	0.00025282567931296453	6.463538292704495e-5	2.6177824346132406e-6	99.85790106459692	0.03499153912167758
0.012138678599162157	0.01	0.007	0.007	0.007	0.01	0.0046647062703927605	0.009561332747315415	0.006121645169541141	0.002121040081094946	0.00013570177361205862	0.00033000482795162345	0.0010164772465406917	0.0007554813964386771	0.00019410410384559744	7.423524137600648e-6	99.7528677908688	0.03498527878780215
0.01952698138099841	0.01	0.007	0.007	0.007	0.01	0.007277130122891929	0.01445554235172875	0.009589830683858045	0.003358280141476608	0.0001911183745877518	0.0008358033419592842	0.002520711743345722	0.0019186899950989504	0.0004964463508067679	1.7557673216332993e-5	99.60274790892211	0.03497632163695658
0.026820842597369512	0.01	0.007	0.007	0.007	0.01	0.009699871787531587	0.018699761011850707	0.01283403779328657	0.004541233073491416	0.0002317913267697507	0.0015439832143807378	0.004563610697940075	0.003553863137360793	0.0009258554043178872	3.043686802934283e-5	99.45476855251619	0.03496748123108616
0.03531615074569942	0.01	0.007	0.007	0.007	0.01	0.012338052992219921	0.022999584467675856	0.0163994524431808	0.005872314544884772	0.00026623612286494136	0.0026128385855221092	0.0075498015055307	0.006032367179779633	0.0015839537604669868	4.805955381957376e-5	99.28269112711185	0.03495718744781128
0.044223833771409676	0.01	0.007	0.007	0.007	0.01	0.014906036505307089	0.02686331144372005	0.019905232388559655	0.007215709398268861	0.00029157851355434956	0.003995400749086516	0.011283861095509492	0.009252948806425845	0.002449359658401059	6.869309893711726e-5	99.10258055775057	0.03494639724350272
0.05393661243574986	0.01	0.007	0.007	0.007	0.01	0.01749148649712539	0.030433112964011903	0.02347271134964911	0.00862156420677574	0.00031043684302016304	0.005784338593320876	0.015950527841332315	0.013439910612954754	0.0035886826491599985	9.291070139072254e-5	98.90656355955512	0.03493463559292637
0.06419521557050932	0.01	0.007	0.007	0.007	0.01	0.019997703142525775	0.0335869682249882	0.026969859289233997	0.010041952586462542	0.00032357550124871164	0.007965820298018508	0.021442780913690004	0.018570591719363764	0.005003397049336256	0.00011977572176713113	98.69995207015504	0.03492221727682397
0.07511635742237613	0.01	0.007	0.007	0.007	0.01	0.022432998063438587	0.036362277999954194	0.030407405457700373	0.01148389073482715	0.0003324811721641364	0.010588155867789545	0.027813403741517834	0.024768720872581466	0.006736113102646183	0.00014929147579968239	98.48047113576582	0.034909001790903386
0.08662187605586312	0.01	0.007	0.007	0.007	0.01	0.024761316487312144	0.038748431202372806	0.03373236468200467	0.012927530955070883	0.0003381885486193045	0.013653392197475666	0.03499903851843021	0.03204972540257951	0.008800760806490537	0.0001809932412548163	98.24977396343355	0.034895084570303776
0.09875512102041636	0.01	0.007	0.007	0.007	0.01	0.02697689651462932	0.040775388700463204	0.036932582943479675	0.014369132376352787	0.0003416252846443729	0.01718797929397836	0.04299755257737295	0.040486833426457744	0.011228611025257192	0.00021478743358119986	98.00707567980218	0.03488041405469113
0.11150592622999057	0.01	0.007	0.007	0.007	0.01	0.029065339376135934	0.042466871779166214	0.03998177995342738	0.015798001473494094	0.0003434764060353011	0.021200652480737735	0.051768297841619786	0.05011085881526991	0.01404007297166785	0.00025047715319067063	97.75267053055266	0.03486500348292085
0.12490680069471671	0.01	0.007	0.007	0.007	0.01	0.03102184279983307	0.043856333985884705	0.042865708861045	0.017208105656491203	0.00034425688159856474	0.025709594993611567	0.06129573595574953	0.06097430539756768	0.017262989995440244	0.0002880212005196344	97.48600685367455	0.03484881457811038
0.13897972979450318	0.01	0.007	0.007	0.007	0.01	0.03284107549084409	0.04497605677610498	0.04556754971037522	0.018591574716038846	0.00034433350374497493	0.030727434932370498	0.07155617716302444	0.07311487771150652	0.020922124947021996	0.0003273783795018304	97.2067530220941	0.03483182189065008
0.15376554757821004	0.01	0.007	0.007	0.007	0.01	0.03452128703206592	0.045859158683594144	0.04807392377339113	0.01994165980090974	0.00034396704545384873	0.036271292997983366	0.08253950632123275	0.0865788728351877	0.025046110063482535	0.0003685822669666628	96.91421480767518	0.03481397733506085
0.16930796403185683	0.01	0.007	0.007	0.007	0.01	0.036061557376626065	0.04653682385409811	0.050370823945707285	0.02125081034782547	0.00034334691875763097	0.042357837221013224	0.09423862686986802	0.10140833927741744	0.029663720786106327	0.00041169071040750256	96.60765630226923	0.034795229518905846
0.18566288940685158	0.01	0.007	0.007	0.007	0.01	0.037462559061464874	0.04703822892178118	0.052444720520172114	0.02251130387021668	0.0003426232665358404	0.04900701852827554	0.10665668203930449	0.1176489921164531	0.03480640365323173	0.0004568083256962343	96.28611888809128	0.034775512526892115
0.20289392641006082	0.01	0.007	0.007	0.007	0.01	0.03872572602481516	0.047389817895135786	0.05428130706549135	0.023714585319573052	0.00034193621030690453	0.05624060174346867	0.1198037534582875	0.1353452286016427	0.04050688536774224	0.0005040733684018719	95.94851476629856	0.034754751408271264
0.22107557950800052	0.01	0.007	0.007	0.007	0.01	0.039853295830546	0.04761519787871852	0.05586557989708822	0.02485129377729867	0.00034144347575033374	0.06408354079408099	0.1336990498439732	0.15454171934740102	0.046799819006758045	0.0005536698109734563	95.59356882474786	0.03473285836196147
0.24029187299990884	0.01	0.007	0.007	0.007	0.01	0.04084800834612345	0.047735038892618244	0.057181485039930695	0.025910965535786132	0.00034134861693283907	0.07256337815510301	0.14836940352536418	0.1752797689543041	0.0537207519640738	0.0006058317513106486	95.21985159433156	0.03470973446610198
0.2606365088865203	0.01	0.007	0.007	0.007	0.01	0.04171303081987745	0.04776715397131831	0.05821203529069948	0.02688193912425779	0.0003419313876775672	0.08171011452578482	0.16384876458728806	0.19759437148469608	0.061305231245414704	0.0006608589523735556	94.82578253828443	0.03468526955857255
0.2822094815309067	0.01	0.007	0.007	0.007	0.01	0.042451824588443404	0.04772665377419344	0.05893959596951934	0.027751220744219977	0.0003435816417431019	0.09155434683701044	0.18017489879174484	0.22150661442898822	0.0695861940302217	0.0007191322615550548	94.40970237842079	0.03465934638370412
0.3051091916357664	0.01	0.007	0.007	0.007	0.01	0.04306808684114509	0.047626207811658994	0.05934674132541266	0.028504490587147432	0.00034683620418595764	0.10212313713946271	0.1973827374549406	0.24701039802441233	0.07858903673849833	0.0007811296285728458	93.97003068070796	0.03463185013216146
0.3294118142240405	0.01	0.007	0.007	0.007	0.01	0.04356573101595747	0.047476452275637335	0.05941809480131857	0.029126313403362712	0.0003524127911436954	0.11342979668114068	0.21548856719657383	0.274045122362526	0.08832099269877967	0.0008474227768948077	93.5056626000521	0.0346026932273725
0.3551275202805595	0.01	0.007	0.007	0.007	0.01	0.0439490872620203	0.04728664527150152	0.059144239790616324	0.02960100125125357	0.00036122124699492224	0.12545281872565806	0.23445825555151514	0.3024453606759963	0.09875066033444825	0.0009186221211934479	93.01679222724846	0.034571867714918096
0.3821335184838272	0.01	0.007	0.007	0.007	0.01	0.044223692103443554	0.04706556473882836	0.058528804467853725	0.029915044577434484	0.0003743118693085549	0.13810445962222737	0.25416113769282633	0.3318736967805362	0.10977860860621376	0.000995246138503461	92.5061439348276	0.034539525086007314
0.4101490606823522	0.01	0.007	0.007	0.007	0.01	0.044397914162605065	0.04682200290461395	0.057596055295756586	0.03006171163794268	0.00039274500874819033	0.1512205926172861	0.2743580973240383	0.36181534555989936	0.12122831358959897	0.0010776498979681252	91.97936881248305	0.03450600539255247
0.43883781054761933	0.01	0.007	0.007	0.007	0.01	0.04448391688190249	0.04656394245491005	0.05638991781174959	0.030044763166973666	0.00041748017322299836	0.16461217535121417	0.2947817466895673	0.3917198874432931	0.1328945029953498	0.0011662463629029233	91.44304395567538	0.034471713939454585
0.4679302095792107	0.01	0.007	0.007	0.007	0.01	0.044496084285780405	0.0462974454337508	0.05496357855933552	0.02987706719393489	0.00044936436554996785	0.1781258240965257	0.3152249576217352	0.42115118957283393	0.14460154991373475	0.0012617879628141252	90.90236653021276	0.034436974808121606
0.4972334405795005	0.01	0.007	0.007	0.007	0.01	0.0444485930914751	0.04602671147817597	0.053370880031227017	0.02957659125346936	0.0004891342574225613	0.19164978654418743	0.3355446679488928	0.4498003582040083	0.15621308724896008	0.001365351622269941	90.36100249279298	0.03440201931309298
0.5266172157883187	0.01	0.007	0.007	0.007	0.01	0.04435404979633409	0.045754491134210304	0.051661289482345926	0.02916316529986339	0.000537428539283259	0.20510710742529875	0.35564836334305994	0.477465365173437	0.1676284678469007	0.0014782688056805176	89.82138778819194	0.034367003365996934
0.5559916869540957	0.01	0.007	0.007	0.007	0.01	0.04422304258145323	0.045482565045005086	0.049877958084967755	0.028656513741991185	0.000594792398965837	0.21844452219575863	0.3754760235930813	0.5040207670384865	0.17877407386665356	0.0016020346296995221	89.28516487060365	0.03433203413021658
0.5852971006084845	0.01	0.007	0.007	0.007	0.01	0.04406416465125071	0.045212050801815805	0.048056957633135444	0.02807510124747327	0.0006616917514318632	0.2316266538058557	0.39499113328828467	0.5293992552326446	0.18959829744467702	0.0017382602839871237	88.75339250060303	0.03429718256155445
0.6144944368008316	0.01	0.007	0.007	0.007	0.01	0.04388424265320586	0.044943634445403	0.04622752160449443	0.027435571607625258	0.0007385229759130971	0.2446307419579672	0.41417299804061253	0.5535751476540127	0.20006647855625498	0.0018886316417970716	88.22673099091769	0.03426249470793788
0.6435602168676442	0.01	0.007	0.007	0.007	0.01	0.043688617925603995	0.04467771238700559	0.04441263051039515	0.02675251348044895	0.0008256242657537899	0.25744343044132517	0.4330123341135394	0.5765530206357653	0.21015734580720277	0.0020548868887977985	87.70554663050606	0.0342279979956593
0.6724820311974364	0.01	0.007	0.007	0.007	0.01	0.043481426836225995	0.04441449161553338	0.04262984800907469	0.02603845945209237	0.0009232827836354856	0.2700580551231813	0.45150765594856973	0.5983583381640979	0.21985982218045041	0.0022387983618004665	87.18999974957634	0.03419370662403589
0.7012557348834834	0.01	0.007	0.007	0.007	0.01	0.04326584569910296	0.04415405181408594	0.04089216680006557	0.025303997679172675	0.0010317409441800002	0.2824728396475509	0.4696629891229671	0.619030746125816	0.22917062166718602	0.002442162853322713	86.68010027654299	0.03415962495240738
0.7298832143667099	0.01	0.007	0.007	0.007	0.01	0.04304429697721256	0.04389638797441102	0.03920882707891661	0.02455795194613476	0.0011512001654390024	0.29468948088570945	0.48748611278473697	0.6386189102330168	0.23809226292420965	0.002666794697041356	86.1757513473163	0.0341257501909339
0.7583708965281317	0.01	0.007	0.007	0.007	0.01	0.042818615239237356	0.04364143745400752	0.037586041193790685	0.023807582879567815	0.0012818237269893317	0.30671216999972484	0.5049873899144415	0.6571768183379039	0.24663154924940753	0.002914522743746949	85.67677844416097	0.034092074197636914
0.7867286328057084	0.01	0.007	0.007	0.007	0.01	0.04259017907404856	0.04338909828029566	0.03602762197325494	0.02305879253691629	0.001423738495637479	0.31854686198183485	0.5221789121755568	0.6747610699914758	0.2547983659770026	0.0031871891831384094	85.182951022967	0.03405858482175909
0.8149689479061346	0.01	0.007	0.007	0.007	0.01	0.042360013947633904	0.04313924092655615	0.03453550824866536	0.022316316964086588	0.0015770363030596247	0.3302007668701889	0.5390739256743495	0.6914289753480762	0.26260476145696676	0.0034866505252306927	84.6939971095591	0.03402526680902378
0.8431064837681082	0.01	0.007	0.007	0.007	0.01	0.04212887222294897	0.0428917163773869	0.033110200036841494	0.02158390257789365	0.001741774876574309	0.34168197304221276	0.555686413709816	0.7072372107071281	0.2700642297319505	0.003814779737251054	84.20961405324553	0.03399210247142197
0.8711576347970647	0.01	0.007	0.007	0.007	0.01	0.041897294730836476	0.042646361305940475	0.03175111109337244	0.020864462384451905	0.0019179787833084679	0.3529991872336053	0.5720308206310339	0.7222409175118576	0.27719116654730125	0.004173469875191087	83.72947565942773	0.03395907212791328
0.899140306414648	0.01	0.007	0.007	0.007	0.01	0.04166565808345696	0.04240300144727649	0.03045685206663911	0.02016021245352122	0.002105640416315513	0.36416155225907115	0.5881218656988316	0.7364931148298827	0.2840004550081341	0.004564638953055205	83.25323699926733	0.033926154397574855
0.9270737642912397	0.01	0.007	0.007	0.007	0.01	0.04143421095041483	0.04216145374662319	0.029225455619152466	0.019472789708363462	0.002304721086192955	0.37517852110401484	0.6039744207131678	0.7500443397286841	0.2905071521173207	0.004990236014202356	82.78053754027113	0.033893326384585434
0.9549785687030845	0.01	0.007	0.007	0.007	0.01	0.04120310168150014	0.04192152751307844	0.028054553015855185	0.018803352267802637	0.0025151523779582234	0.3860597788327534	0.6196034427061434	0.7629424597885837	0.2967262575526291	0.00545224870865222	82.3110027589164	0.03386056376234466
0.9828765727949226	0.01	0.007	0.007	0.007	0.01	0.040972399281698775	0.041683024879303594	0.02694151147934893	0.018152664414718196	0.002736837776785366	0.39681519883257066	0.635023945092236	0.7752326058286987	0.3026725449616507	0.005952712483017278	81.84424465114904	0.0338278407823259
1.0107909700267863	0.01	0.007	0.007	0.007	0.01	0.04074210928211678	0.04144574076796428	0.025883540081408588	0.017521168229230846	0.0029696545376934956	0.4074548238132696	0.6502509956957768	0.7869571872309519	0.30836044076087604	0.006493721508275483	81.37986143099893	0.03379513022545175
1.038746412035359	0.01	0.007	0.007	0.007	0.01	0.040512185431095	0.041209462235386025	0.024877769467579903	0.0169090431041721	0.0032134560312458687	0.4179888764863409	0.6652997503203392	0.7981559749261736	0.31380394494445213	0.007077442160195743	80.91743610250366	0.033762403271579706
1.0667691859306223	0.01	0.007	0.007	0.007	0.01	0.04028253814807224	0.04097396732824156	0.02392131115874047	0.01631625509221033	0.0034680745403064903	0.428427792581498	0.6801855124336014	0.8088662269444847	0.3190165824980963	0.007706129445308385	80.45653413396099	0.03372962930053531
1.094887463494683	0.01	0.007	0.007	0.007	0.01	0.040053040297922816	0.040739023381971357	0.023011300384905564	0.015742597386641938	0.0037333246433703476	0.4387822781291486	0.6949238224733031	0.8191228458429547	0.3240113802591778	0.00838214728316009	79.99670007282003	0.03369677561065862
1.1231316289582327	0.01	0.007	0.007	0.007	0.01	0.039823530746332304	0.04050438473817127	0.022144925969321005	0.01518772327755289	0.004009007257069307	0.4490633906396195	0.7095305766569753	0.828958557158824	0.328800863509684	0.009107993616783503	79.53745304321872	0.03366380704771761
1.151534728061812	0.01	0.007	0.007	0.007	0.01	0.03959381575573689	0.04026978956183933	0.021319449151502228	0.0146511721393015	0.004294914742895949	0.45928265663195583	0.7240221930896547	0.8384041119226601	0.33339707301573124	0.0098863324820042	79.07828049336231	0.03363068549513192
1.1801330530656324	0.01	0.007	0.007	0.007	0.01	0.03936366843476123	0.04003495568468504	0.020532213898594564	0.014132389596278652	0.00459083721788563	0.46945222671805875	0.738415826569245	0.8474885050865296	0.3378115975278095	0.010720034964609363	78.61863004312289	0.033597369209535585
1.208966928933709	0.01	0.007	0.007	0.007	0.01	0.039132825991779155	0.039799574995343534	0.019780649550845256	0.013630742071155267	0.004896570677155276	0.47958508667133093	0.7527296575593103	0.8562392178688528	0.3420556243912054	0.011612232858334955	78.15789849063816	0.033563811927088336
1.2380817810162312	0.01	0.007	0.007	0.007	0.01	0.03890098439825187	0.03956330580218992	0.019062266476088552	0.013145525883529413	0.005211927686705042	0.489695345919929	0.7669832844189953	0.8646824918208693	0.3461400105568134	0.0125663903512674	77.695416851389	0.03352996164909781
1.2675296221036196	0.01	0.007	0.007	0.007	0.01	0.03866778960810746	0.03932576216639636	0.018374644388882883	0.012675970445195948	0.00553675196995326	0.4997986417366315	0.7811982709002084	0.8728436528420029	0.35007538096029267	0.013586402390772702	77.2304294657625	0.03349575894960664
1.297371162175372	0.01	0.007	0.007	0.007	0.01	0.038432823994164346	0.0390864987399608	0.017715412359961033	0.012221234690477189	0.005870938834538784	0.509912714573113	0.7953989237914704	0.880747510483691	0.3538722640598987	0.014676733024643661	76.76206430491091	0.033461134573241395
1.3276789202219528	0.01	0.007	0.007	0.007	0.01	0.03819558535482488	0.038844988336276295	0.01708221717985535	0.011780394245825427	0.006214465148229069	0.5200582612012475	0.8096134454502802	0.8884188871838742	0.3575412873785823	0.015842617247377927	76.28928904540547	0.03342600589001752
1.3585420209265147	0.01	0.007	0.007	0.007	0.01	0.03795545363993183	0.038600587237136386	0.016472673449778572	0.01135241446102619	0.006567435634340146	0.5302602581424112	0.8238757223964658	0.8958833760754435	0.36109347493436017	0.017090368624339707	75.81084312889863	0.03339027142707692
1.390073970932707	0.01	0.007	0.007	0.007	0.01	0.037711636120881874	0.03835247875498985	0.015884282309637496	0.010936099704683976	0.006930158440675977	0.5405501209307941	0.8382282459773471	0.903168514437852	0.36454072660011083	0.018427872831144755	75.32512724031626	0.03335380199803345
1.422426200403077	0.01	0.007	0.007	0.007	0.01	0.037463070898005414	0.03809957456320661	0.015314289014376368	0.010529997145147964	0.007303278247343125	0.5509694926686873	0.852727243575452	0.9103057870365104	0.367896658702263	0.0198654368128785	74.8300100864879	0.03331642524474366
1.4558139728207495	0.01	0.007	0.007	0.007	0.01	0.0372082409071683	0.03784032511229827	0.014759407154566159	0.010132202182199821	0.007688034700868732	0.5615775519589934	0.8674525918435698	0.9173344539429239	0.37117823861922056	0.02141739244926318	74.32245714712688	0.0332778960384283
1.490573010801054	0.01	0.007	0.007	0.007	0.01	0.03694476508668725	0.03757230349949926	0.014215204726602213	0.009739915613203845	0.008086836636452236	0.5724671200749136	0.8825297028696379	0.924310008027939	0.37440943949245475	0.02310555261012936	73.79771580835467	0.03323783174273335
1.5273142165813591	0.01	0.007	0.007	0.007	0.01	0.03666827510436189	0.037291062797622954	0.013674377351049854	0.00934818560404329	0.00850486116687157	0.583809106457426	0.8981900357556931	0.9313278081355387	0.37763155269967136	0.02496849086454335	73.24707782693315	0.03319553517960342
1.5675434172431686	0.01	0.007	0.007	0.007	0.01	0.036367894921917485	0.03698553839622191	0.013119633309012776	0.00894470482563581	0.008956573214927734	0.5960321307337869	0.9150160852047972	0.9386199596652992	0.380945766709331	0.027098106231498276	72.64887652186039	0.03314928495737762
1.6222724836802542	0.01	0.007	0.007	0.007	0.01	0.03596317915073337	0.03657391146512247	0.012422131875852433	0.00843548155809161	0.009557673307200767	0.6123380736614087	0.9373777769225708	0.9479317521673837	0.38512159908921195	0.030139903383520777	71.84290108359285	0.0330864681502427
1.659509235503022	0.01	0.007	0.007	0.007	0.01	0.035690388112364343	0.036296471172482615	0.01198187887144114	0.008113270796479461	0.009955871225277727	0.6232235496361809	0.9522500534102427	0.9538957889048073	0.3877592182235795	0.03230025291445714	71.29964626884532	0.03304379669424484
1.7016368123468617	0.01	0.007	0.007	0.007	0.01	0.035384257455729845	0.035985129147259695	0.011514295093451789	0.0077706515184459805	0.010394085552555034	0.6353385776671313	0.9687477250105079	0.9603069878003857	0.3905589921767341	0.03482811843530503	70.68998923016055	0.032995586943814714
1.7388702486428504	0.01	0.007	0.007	0.007	0.01	0.0351158758287234	0.035712182669085435	0.011125894393521591	0.0074859227003484215	0.010769431835091341	0.6458720076310228	0.9830435665707415	0.9656948701104955	0.39288087621940554	0.03713238278406706	70.1554998088755	0.03295303648341147
1.7768785295752398	0.01	0.007	0.007	0.007	0.01	0.034844007455028664	0.03543569286239326	0.010751616932671747	0.007211599849190713	0.011140070432238284	0.6564587713322984	0.997365320954061	0.970942031650091	0.3951126284758075	0.03954841213438559	69.61405552168823	0.03290965712518415
1.812916472396135	0.01	0.007	0.007	0.007	0.01	0.034588176508426015	0.03517551496270744	0.010415963150460028	0.006965760539006178	0.011479136687879605	0.6663442707286452	1.0106951026596056	0.9756948750902233	0.3971071177639818	0.041895096022630654	69.10453948509738	0.03286857928220336
1.848722251780596	0.01	0.007	0.007	0.007	0.01	0.0343358540209814	0.034918906456467905	0.01009969312393987	0.006734381112129507	0.011803573268284701	0.6760213030538927	1.0237020958121814	0.9802148041886038	0.39897832271313255	0.04427702953943968	68.60199917549818	0.032827816849781345
1.8835509169212776	0.01	0.007	0.007	0.007	0.01	0.03409218376630619	0.034671098087417584	0.009807407662144838	0.006520868046613387	0.012106872149810186	0.6852977891081373	1.036130896234097	0.9844282799533792	0.4006987071232369	0.04663883281066554	68.11667939211416	0.032788215297317694
1.9179908863939987	0.01	0.007	0.007	0.007	0.01	0.03385293395009958	0.034427785900143504	0.009532291528670883	0.006320256639826927	0.012394599212695694	0.6943402906952502	1.0482076426316163	0.9884263798581404	0.402308386105002	0.04901463745980209	67.64015207197119	0.0327491026834485
1.9518720832672551	0.01	0.007	0.007	0.007	0.01	0.03361920496909671	0.034190088776541776	0.009274270970727583	0.006132495126951827	0.01266565330320462	0.703111260700482	1.0598843803188498	0.992204443196366	0.40380782277690486	0.05138806840274236	67.17460928521307	0.032710670181533286
1.985423481956862	0.01	0.007	0.007	0.007	0.01	0.03338934216364201	0.033956323821183916	0.009030338477216926	0.005955384959898083	0.012922232229473652	0.7116765347015412	1.0712508055203216	0.9958014594904483	0.40521465962259534	0.05377089399338507	66.71675567473308	0.03267265622600906
2.0186350955470425	0.01	0.007	0.007	0.007	0.01	0.03316335597274862	0.03372650154854843	0.008799531705166723	0.005788211927276209	0.013164573983553881	0.720038750279701	1.082312068941902	0.9992273560683154	0.40653463426998715	0.056158709657308	66.26661238237537	0.03263507075763054
2.0516146072873553	0.01	0.007	0.007	0.007	0.01	0.032940463548239964	0.03349982574767833	0.008580203755271958	0.005629762602336967	0.013393779955622607	0.7282295559683777	1.0931115001413685	1.0025028392014583	0.40777740691644904	0.058555895213542875	65.8226203864073	0.032597790743030604
2.0843911373822324	0.01	0.007	0.007	0.007	0.01	0.03272042818748917	0.03327605564431195	0.008371398332331	0.00547932311828474	0.013610341023850003	0.7362599038724155	1.1036647643361093	1.0056389403988577	0.4089486501927996	0.06096154834568084	65.38430848130565	0.03256078237254203
2.117026493008074	0.01	0.007	0.007	0.007	0.01	0.03250280181955451	0.0330547355225496	0.008172057541871915	0.005336106331887629	0.013814944493135983	0.7441481149692948	1.1139970041274208	1.0086486750888641	0.4100545727225372	0.06337743457288705	64.95078437572727	0.03252397514854663
2.1495547267728754	0.01	0.007	0.007	0.007	0.01	0.03228733107909911	0.032835607687350235	0.007981397420898964	0.0051995232173242725	0.01400806591145969	0.7519050584326471	1.1241233594296218	1.0115413359914638	0.4110998032492575	0.06580352738123031	64.52154358584097	0.03248733014298451
2.182017770842513	0.01	0.007	0.007	0.007	0.01	0.032073717254987616	0.03261836833579611	0.0077986662652348914	0.005069009016405614	0.014190205724097632	0.7595429536969127	1.1340605584282475	1.0143260547412278	0.41208874816970725	0.06824058487245999	64.09599125337776	0.03245079974171936
2.214445925344803	0.01	0.007	0.007	0.007	0.01	0.03186174497421528	0.03240279842311489	0.007623248195517409	0.004944097594078559	0.014361773752044575	0.7670707670412117	1.1438209247737081	1.0170101775839013	0.41302502606556835	0.07068866593235572	63.673698499224955	0.032414349611857705
2.2468700415136724	0.01	0.007	0.007	0.007	0.01	0.031651200699736384	0.032188680775745	0.0074545811053196515	0.00482436265556373	0.014523164393780182	0.7744971823135064	1.1534162776075159	1.0196004641697594	0.4139119227066014	0.07314801097851999	63.25424006651276	0.03237794495589618
2.279315637816266	0.01	0.007	0.007	0.007	0.01	0.031441910581286994	0.03197583858351507	0.007292180209578364	0.004709434469100421	0.014674727542641021	0.7818292852800445	1.1628562429813654	1.0221026900505334	0.41475227052021596	0.0756185760632844	62.83726973068688	0.032341557109606026
2.3118069330419457	0.01	0.007	0.007	0.007	0.01	0.031233713478737626	0.03176410796437047	0.007135608915414056	0.004598979036539233	0.014816792427524502	0.7890735493198868	1.1721495488137552	1.0245220613946708	0.41554860948681416	0.0781003184794972	62.422466560265285	0.03230515899259645
2.344365208705079	0.01	0.007	0.007	0.007	0.01	0.03102647101504556	0.03155334818737572	0.00698448104894312	0.004492699559552607	0.014949662030618604	0.7962355064558151	1.1813036157900632	1.026863154975197	0.41630318115131004	0.08059305680916	62.009554948799824	0.032268726931490424
2.3770102569471145	0.01	0.007	0.007	0.007	0.01	0.030820057781693232	0.03134343171149774	0.00683844854708954	0.0043903276201581925	0.01507362175984449	0.8033201109603816	1.1903250382818396	1.0291300865669846	0.41701799727076805	0.08309656843175288	61.598285104255645	0.0322322390241193
2.409760017705205	0.01	0.007	0.007	0.007	0.01	0.030614363258338495	0.03113424613752236	0.006697198912976116	0.0042916212719395185	0.015188939595352684	0.8103316906935994	1.1992195333761968	1.0313265325018357	0.4176948575566031	0.08561055126053034	61.18843687657736	0.032195675535273076
2.4426311562677747	0.01	0.007	0.007	0.007	0.01	0.03040928780229313	0.030925690129231225	0.00656044897753033	0.004196360544662192	0.01529586982580214	0.8172741008575618	1.2079921470267465	1.0334558114447665	0.4183353851527629	0.08813465925209522	60.77981176959809	0.032159018241674116
2.475639062312901	0.01	0.007	0.007	0.007	0.01	0.030204742363475562	0.030717673123340054	0.006427941884309749	0.004104345225209902	0.01539465423454279	0.8241507470238878	1.2166472918658862	1.0355209186678038	0.41894104546082794	0.09066849508637113	60.37223237534717	0.03212225042545
2.5087981225170353	0.01	0.007	0.007	0.007	0.01	0.03000064652630337	0.030510113338024676	0.006299443366222455	0.004015392156049082	0.015485524031924488	0.8309646632139549	1.2251888535613007	1.037524573338852	0.4195131677062609	0.09321162503346499	59.965538474465845	0.03208535656342357
2.5421218014693445	0.01	0.007	0.007	0.007	0.01	0.02979692779204615	0.030302937042993004	0.006174739232569694	0.003929333389878541	0.015568700940654398	0.8377185460950333	1.2336202404585914	1.039469248622615	0.42005296017507304	0.09576358007611246	59.559585608000596	0.03204832223142567
2.5756227962530045	0.01	0.007	0.007	0.007	0.01	0.02959352043892443	0.030096077400160987	0.006053632888452035	0.003846014377725516	0.015644398337968744	0.8444148019002657	1.2419444482516455	1.0413572026254234	0.42056152475123776	0.09832386346924725	59.1542428075637	0.03201113392750976
2.6093131222828414	0.01	0.007	0.007	0.007	0.01	0.029390364836483704	0.029889473766331824	0.005935943400313421	0.003765292545507251	0.01571282206095745	0.8510555768643688	1.2501641030923227	1.043190501938362	0.4210398685030449	0.10089195366202112	58.74939123048225	0.03197377897253679
2.643204205612385	0.01	0.007	0.007	0.007	0.01	0.0291874067447627	0.029683070980425337	0.005821503763661325	0.0036870360190216825	0.015774171117979536	0.8576427871205283	1.258281503314032	1.044971042948505	0.4214889139533489	0.10346730823715856	58.344922764465224	0.03193624540426113
2.677306959855143	0.01	0.007	0.007	0.007	0.01	0.02898459672920299	0.029476818768423615	0.005710159421026159	0.003611122529422398	0.015828638265839117	0.864178143847043	1.2662986545971346	1.0467005700145164	0.42190950788395787	0.10604936709700676	57.9407388627474	0.03189852188913778
2.711631856811537	0.01	0.007	0.007	0.007	0.01	0.02878188963296357	0.029270671206703774	0.0056017669665655734	0.0035374384542222795	0.015876410490852796	0.870663175725135	1.274217301234839	1.0483806913720755	0.4223024290044065	0.10863755551302852	57.536749493482304	0.03186059764167378
2.7461889702411515	0.01	0.007	0.007	0.007	0.01	0.028579244224669086	0.029064586363788215	0.005496193075123742	0.003465878018216542	0.01591766938348497	0.8770992450769048	1.2820389491704374	1.0500128920852905	0.4226683944237981	0.11123128543184978	57.13287243863784	0.03182246237394433
2.7809880430423197	0.01	0.007	0.007	0.007	0.01	0.028376622721958056	0.02885852581579142	0.00539331347487418	0.0033963425303062834	0.015952591491208038	0.8834875673887187	1.28976489274295	1.0515985467682387	0.42300806564341265	0.1138299587830245	56.72903234525498	0.031784106219662045
2.816038513664368	0.01	0.007	0.007	0.007	0.01	0.028173990567122373	0.028652454418240197	0.005293012147147063	0.003328739780116685	0.015981348573888485	0.8898292222919284	1.2973962306568894	1.0531389291669377	0.4233220534596716	0.11643296791730826	56.32516027902807	0.031745519703625706
2.8513495731972105	0.01	0.007	0.007	0.007	0.01	0.027971316034274156	0.02844633990656468	0.0051951805205956055	0.003262983435843501	0.016004107855625106	0.8961251694310455	1.3049338875497287	1.054635222146293	0.423610922626379	0.11903969850333204	55.921192942025705	0.0317066936776628
2.8869301834935563	0.01	0.007	0.007	0.007	0.01	0.02776857007224034	0.02824015273632002	0.005099716853892982	0.0031989925739917837	0.016021032209515368	0.9023762565341373	1.3123786258583177	1.0560885250446932	0.42387519567030063	0.1216495296562422	55.517072360165095	0.0316676192997935
2.922789119270778	0.01	0.007	0.007	0.007	0.01	0.027565726017011485	0.028033865790749794	0.005006525614121359	0.0031366912103354913	0.016032280337643562	0.9085832312338936	1.3197310619491738	1.0574998613250652	0.4241153565100507	0.12426183596148908	55.11274531062676	0.031628287987251556
2.958934982377855	0.01	0.007	0.007	0.007	0.01	0.027362759470511908	0.02782745425749504	0.004915516986930498	0.003076007923166797	0.016038006915604152	0.9147467474520877	1.3269916755361424	1.0588701844099462	0.4243318535000975	0.12687598754902205	54.708163080725974	0.03158869140031882
2.9953762453576567	0.01	0.007	0.007	0.007	0.01	0.02715964802030286	0.02762089534353735	0.00482660635979087	0.0030168754621468425	0.016038362729043566	0.9208673763875257	1.334160824345178	1.0602003840856087	0.4245251023539951	0.1294913523798404	54.303280909665276	0.0315488213942434
3.0321212473405	0.01	0.007	0.007	0.007	0.01	0.026956371232865765	0.02741416826836615	0.00473971396847244	0.0029592304693101357	0.01603349478846776	0.9269456089632715	1.3412387485343094	1.0614912905859124	0.42469548850347866	0.13210729515225808	53.89805797557994	0.03150867002357308
3.0691782611758565	0.01	0.007	0.007	0.007	0.01	0.02675291025616621	0.02720725385979565	0.004654764409279747	0.0029030131139128786	0.016023546430103036	0.9329818698114839	1.3482255884355179	1.0627436807943038	0.42484336957542185	0.13472318136086667	53.492456603675635	0.031468229468762876
3.1065554508172757	0.01	0.007	0.007	0.007	0.01	0.026549248034616158	0.027000134772574687	0.004571686445073194	0.0028481669250500913	0.01600865742044884	0.9389765127492775	1.3551213805817939	1.0639582801765686	0.42496907713613813	0.13733837358254197	53.086442695113476	0.03142749208288605
3.144260924796039	0.01	0.007	0.007	0.007	0.01	0.026345368995710203	0.026792795169703603	0.0044904126117643805	0.0027946384943845345	0.01598896404383672	0.9449298319239882	1.3619260718783863	1.0651357677710982	0.4250729187063354	0.13995223465879594	52.67998510267693	0.03138645033346709
3.182302738467077	0.01	0.007	0.007	0.007	0.01	0.026141259023686768	0.026585220695647963	0.00441087897177087	0.0027423772787105996	0.015964599191327665	0.9508420642415113	1.3686395235136777	1.0662767790741672	0.4251551793721128	0.1425641272701704	52.27305557858306	0.03134509680042574
3.2206889192326043	0.01	0.007	0.007	0.007	0.01	0.025936905311745886	0.026377398326047765	0.004333024839905409	0.0026913353865594724	0.015935692435074637	0.9567133952361789	1.3752615187162383	1.067381909388766	0.4252161233197587	0.14517341514338525	51.86562848016116	0.031303424149120074
3.2594274694398653	0.01	0.007	0.007	0.007	0.01	0.025732296337864186	0.026169316343121845	0.0042567925775419384	0.0026414674118310716	0.015902370111454556	0.9625439612289478	1.381791766182277	1.0684517162391345	0.42525599517949647	0.14777946274122544	51.45768072191733	0.03126142512780624
3.2985263823124686	0.01	0.007	0.007	0.007	0.01	0.025527421773114817	0.02596096424243167	0.00418212737723818	0.002592730263069652	0.015864755394123898	0.9683338533552238	1.3882299055527862	1.0694867219700295	0.42527502128430994	0.1503816358771257	51.04919159301868	0.031219092551032997
3.337993669036503	0.01	0.007	0.007	0.007	0.01	0.02532227233602371	0.02575233258476558	0.004108977045081156	0.00254508299325115	0.01582296834952374	0.9740831229735821	1.3945755142923946	1.070487416394524	0.4252734108034022	0.15297930306023166	50.64014246715114	0.031176419271136107
3.377837347050125	0.01	0.007	0.007	0.007	0.01	0.025116839852735717	0.025543413057326294	0.004037291871856607	0.002498486689276983	0.01577712602808379	0.979791781177802	1.4008281079377296	1.0714542582383881	0.4252513567608741	0.15557183427305887	50.2305169227148	0.031133398191850088
3.418065473363312	0.01	0.007	0.007	0.007	0.01	0.024911117084649465	0.025334198298440254	0.003967024432885283	0.0024529043165725643	0.015727342508405327	0.9854598047778492	1.4069871474422415	1.0723876775895607	0.4252090369767765	0.1581586027393032	49.82030039936474	0.031090022233312534
3.458686146797398	0.01	0.007	0.007	0.007	0.01	0.024705097721182193	0.025124681890199792	0.0038981294591449995	0.0024083006117047493	0.01567372897055422	0.9910871375495744	1.413052041198903	1.0732880773812334	0.42514661491517286	0.1607389846313645	49.40948018378339	0.03104628433082898
3.499707515709791	0.01	0.007	0.007	0.007	0.01	0.02449877634536227	0.0249148583234718	0.00383056370800412	0.002364641976107105	0.015616393764602539	0.996673692210849	1.4190221478313703	1.0741558349044056	0.42506424047116176	0.16331235916002748	48.998045341267805	0.031002177427786583
3.541137797082531	0.01	0.007	0.007	0.007	0.01	0.024292148344658676	0.02470472290721391	0.0037642858254595363	0.0023218963657014174	0.015555442462093684	1.002219353816211	1.4248967804352004	1.074991303433765	0.42496205066704074	0.1658781093755818	48.58598653809799	0.030957694456469127
3.5829852824777078	0.01	0.007	0.007	0.007	0.01	0.024085209891024525	0.024494271748179457	0.0036992562402290005	0.002280033202433595	0.015490977923484351	1.0077239811953265	1.4306752086426682	1.0757948134402013	0.42484017030386384	0.16843562212552643	48.17329600190996	0.030912828333144196
3.625258361163733	0.01	0.007	0.007	0.007	0.01	0.023877957838331004	0.0242835016466105	0.003635437039562321	0.0022390232752618274	0.015423100338555916	1.0131874105345795	1.436356662877862	1.0765666740274613	0.4246987125069296	0.17098428905490107	47.75996731731169	0.030867571934864953
3.6679655129045834	0.01	0.007	0.007	0.007	0.01	0.023670389772175622	0.024072410146891918	0.003572791899977061	0.0021988386776505193	0.01535190731298991	1.0186094548530478	1.4419403342433357	1.0773071736871114	0.4245377793073333	0.17352350574227057	47.34599552536291	0.030821918108926843
3.7111153406918014	0.01	0.007	0.007	0.007	0.01	0.02346250386594356	0.02386099539116952	0.0035112859645087644	0.0021594527117630817	0.015277493890810167	1.0239899085448096	1.447425379626992	1.0780165816976957	0.42435746204489666	0.17605267323648652	46.931376836651246	0.030775859639686168
3.7547165700851672	0.01	0.007	0.007	0.007	0.01	0.023254298903625053	0.02364925614255495	0.0034508857775910357	0.002120839830726843	0.015199952629218645	1.029328547461303	1.4528109220961705	1.0786951488147811	0.4241578418320527	0.17857119755198714	46.51610867692001	0.030729389251289877
3.798778060205997	0.01	0.007	0.007	0.007	0.01	0.02304577424722502	0.02343719175198232	0.0033915592077107862	0.002082975573968613	0.015119373655410029	1.0346251304300988	1.4580960527532612	1.0793431081091311	0.42393898994459744	0.18107848986295888	46.10018962218996	0.030682499598048498
3.8433088330941603	0.01	0.007	0.007	0.007	0.01	0.02283692972089418	0.02322480204037255	0.0033332753520219074	0.0020458364919956015	0.015035844688187085	1.0398794028144016	1.4632798345347515	1.0799606759767801	0.42370096807250457	0.18357396769940265	45.683619167757506	0.030635183235460984
3.8883180774242105	0.01	0.007	0.007	0.007	0.01	0.022627765620828088	0.02301208730870057	0.0032760044822851713	0.0020094000984682467	0.014949451104483	1.0450910967882647	1.4683613026201017	1.0805480526660438	0.4234438286466498	0.18605705462344724	45.266397748024616	0.030587432618756714
3.9338151583934744	0.01	0.007	0.007	0.007	0.01	0.022418282697461746	0.022799048319887907	0.0032197179862505036	0.0019736448201297177	0.014860275996073594	1.0502599323081747	1.4733394655171426	1.0811054228528694	0.42316761511284173	0.188527180254307	44.8485267010689	0.030539240094993998
3.979809649583452	0.01	0.007	0.007	0.007	0.01	0.02220848204005413	0.022585686181427946	0.003164388287005615	0.0019385499335320038	0.014768400182643181	1.0553856204332528	1.4782133083256976	1.0816329564081204	0.4228723620353202	0.1909837814414245	44.430008038488886	0.030490597872092434
4.026311325979666	0.01	0.007	0.007	0.007	0.01	0.021998365143745754	0.022372002413582046	0.0031099888151590945	0.0019040955360655211	0.014673902300707248	1.0604678620868366	1.4829817915291925	1.0821308086164116	0.422558095401685	0.1934263012821287	44.010844579226976	0.03044149802922619
4.07333021942603	0.01	0.007	0.007	0.007	0.01	0.02178793369631779	0.022157998732518756	0.0030564939108850787	0.0018702624732108391	0.01457685876726958	1.065506353594067	1.487643856124357	1.0825991210302168	0.4222248324897981	0.19585419140928273	43.59103952422292	0.030391932461448508
4.12087659108881	0.01	0.007	0.007	0.007	0.01	0.021577189744903576	0.021943677219855445	0.0030038788280497553	0.0018370323311271359	0.014477343911548965	1.070500782949251	1.4921984199348837	1.0830380213511626	0.4218725822573568	0.19826690984577156	43.17059678901484	0.030341892912228875
4.168960995576394	0.01	0.007	0.007	0.007	0.01	0.021366135454811974	0.0217290400773875	0.002952119636617493	0.0018043873654745158	0.014375429919313149	1.0754508358444521	1.4966443829307154	1.083447624193112	0.4215013450679395	0.200663923572761	42.74952052261282	0.03029137090955952
4.217594280165104	0.01	0.007	0.007	0.007	0.01	0.021154773165124416	0.021514089683629188	0.0029011932040650507	0.0017723104808248296	0.014271186910600085	1.08035619449159	1.5009806257267977	1.0838280311042041	0.4211111128357441	0.20304470764556942	42.32781521839935	0.03024035777082978
4.266787613443561	0.01	0.007	0.007	0.007	0.01	0.02094310531767745	0.02129882852159055	0.0028510771471570604	0.0017407851918703318	0.014164682957453602	1.0852165394168989	1.505206010729503	1.0841793308159626	0.420701868933965	0.20540874575503493	41.90548557242032	0.03018884457700633
4.3165525154298505	0.01	0.007	0.007	0.007	0.01	0.020731134386748784	0.021083259107269738	0.0028017497870645317	0.0017097955872928318	0.014055984098557387	1.09003155113299	1.509319383002813	1.0845015994106617	0.42027358805231796	0.20775553074627845	41.48253634304794	0.030136822145680912
4.366900885872953	0.01	0.007	0.007	0.007	0.01	0.02051886282368276	0.020867383933338306	0.0027531901107932803	0.0016793262981135077	0.013945154358541835	1.094800911370681	1.513319570585299	1.0847949003899766	0.41982623603480623	0.21008456493692979	41.0589722404228	0.030084281006446213
4.417845047657176	0.01	0.007	0.007	0.007	0.01	0.020306292945669203	0.02065120535603178	0.002705377722515448	0.0016493624601929774	0.013832255735183869	1.0995243054596873	1.5172053855831733	1.0850592847431675	0.41935976954822296	0.2123953610086068	40.63479770442727	0.030031211360981743
4.469397744190777	0.01	0.007	0.007	0.007	0.01	0.02009342702430422	0.02043472568521373	0.0026582928421451744	0.0016198897067864128	0.013717348290396586	1.1042014201752517	1.5209756213545718	1.0852947906960593	0.4188741361412818	0.21468744068972226	40.210017081285685	0.029977603091559352
4.521572230774619	0.01	0.007	0.007	0.007	0.01	0.019880266990983102	0.02021794688476706	0.0026119162200838254	0.001590894108989405	0.01360049003489421	1.108831949988566	1.5246290563997558	1.0855014438577204	0.41836927340939856	0.21696033755844207	39.78463403553295	0.029923445672199424
4.574382279244022	0.01	0.007	0.007	0.007	0.01	0.019666814514249793	0.020000870651256233	0.002566229137940651	0.0015623621704673658	0.013481737007658624	1.1134155949309212	1.5281644511210948	1.085679256820001	0.41784510891788346	0.21921359575032287	39.35865170416782	0.029868728170790886
4.627842247080248	0.01	0.007	0.007	0.007	0.01	0.019453070821402692	0.019783498232504224	0.002521213354652272	0.0015342807883743192	0.013361143215017782	1.117952063963127	1.5315805487893266	1.0858282289598513	0.41730155948571007	0.22144677136820354	38.93207234042262	0.029813439184829302
4.6819671142163495	0.01	0.007	0.007	0.007	0.01	0.019239036664635584	0.019565830393158207	0.0024768510863507802	0.0015066372357366619	0.013238760645794632	1.1224410750567884	1.5348760736213765	1.0859483460019643	0.41673853074256095	0.22365943228312543	38.50489724591807	0.029757566811460565
4.73677257324999	0.01	0.007	0.007	0.007	0.01	0.019024712088503433	0.019347867178207	0.0024331249469191434	0.0014794191196690044	0.013114639170445908	1.126882359308226	1.5380497315268713	1.0860395796007594	0.41615591609782193	0.2258511599245272	38.077126306249184	0.029701098563193924
4.792275054309206	0.01	0.007	0.007	0.007	0.01	0.01881009647169178	0.01912960795545917	0.0023900179477822276	0.0014526143768342412	0.012988826593452338	1.1312756591112154	1.5411002061026469	1.0861018866461043	0.41555359634520034	0.22802154814401512	37.64875807396864	0.029644021352052994
4.8484918491365905	0.01	0.007	0.007	0.007	0.01	0.018595188197520495	0.01891105108045202	0.002347513423999879	0.0014262112233291882	0.012861368487592865	1.135620733840877	1.5440261595941418	1.086135208606764	0.41493143817203804	0.23017020578437072	37.219789110494446	0.029586321372555707
4.905441158809356	0.01	0.007	0.007	0.007	0.01	0.01837998464334817	0.0186921938856753	0.002305595027858241	0.0014001981468847093	0.012732308209035342	1.1399173586985685	1.5468262284732612	1.0861394705898573	0.41428929342990484	0.23229675587145546	36.790213964429626	0.029527984064632837
4.963142217698717	0.01	0.007	0.007	0.007	0.01	0.018164481898797994	0.018473032394012323	0.0022642466706445145	0.0013745638671357314	0.012601686748866114	1.14416532883603	1.5494990220901856	1.086114580306432	0.4136269975207648	0.23440083740994455	36.36002460851767	0.02946899399960465
5.021615413498397	0.01	0.007	0.007	0.007	0.01	0.017948674530451087	0.018253561079437302	0.002223452477554287	0.001349297304375206	0.012469542604829555	1.1483644621344349	1.552043119568578	1.0860604267826428	0.41294436774327303	0.23648210651036167	35.92920996920688	0.02940933477206863
5.080882399006294	0.01	0.007	0.007	0.007	0.01	0.01773255540750094	0.01803377268970843	0.002183196757134474	0.0013243875575862686	0.012335911685077318	1.1525146004398676	1.554457064942989	1.0859768788609963	0.41224120166943085	0.238540236741281	35.4977555777799	0.029348988902106802
5.140966263543786	0.01	0.007	0.007	0.007	0.01	0.01751611534283653	0.017813657881355804	0.0021434639390916035	0.0012998238631486522	0.012200827093006609	1.1566156139804569	1.556739363273104	1.0858637833971123	0.41151727475045463	0.24057492104523914	35.065642852872266	0.029287937678863892
5.201891707719751	0.01	0.007	0.007	0.007	0.01	0.01729934276716125	0.017593204888265917	0.002104238522730461	0.0012755955604228735	0.012064318924103824	1.1606674045899235	1.5588884747857361	1.0857209631251405	0.4107723377826842	0.2425858730469879	34.63284844873827	0.029226161003489053
5.2636852633806654	0.01	0.007	0.007	0.007	0.01	0.01708222329124561	0.01737239907650007	0.0020655050093544686	0.0012516920477020897	0.011926413984553791	1.1646699104418756	1.5609028084200083	1.0855482140861838	0.410006113724804	0.24457282908919545	34.19934337995348	0.029163637189319077
5.326375545959039	0.01	0.007	0.007	0.007	0.01	0.0168647392146281	0.017151222444651382	0.002027247830402757	0.0012281027358319262	0.011787135465874858	1.1686231110322352	1.5627807137114216	1.0853453025560797	0.4092182939934493	0.24653555036308408	33.76509203891793	0.029100342733021936
5.38999357648337	0.01	0.007	0.007	0.007	0.01	0.01664686886434565	0.01692965295134513	0.0019894512517122766	0.0012048169874173678	0.011646502499340732	1.1725270343726761	1.5645204715638745	1.0851119612692888	0.4084085337457922	0.2484738261000678	33.330050873646464	0.029036252019869768
5.454573119106244	0.01	0.007	0.007	0.007	0.01	0.016428585967619702	0.016707663877270462	0.0019520992908633674	0.001181824064423063	0.011504529718782245	1.1763817624977952	1.5661202815800952	1.084847885010974	0.40757644680072636	0.25038747587889953	32.89416713295275	0.02897133701879872
5.520151172709532	0.01	0.007	0.007	0.007	0.01	0.016209858604846934	0.016485222760390415	0.0019151755703598699	0.001159113036603789	0.011361226536095417	1.1801874431631065	1.5675782488232402	1.0845527249355724	0.40672159839778455	0.25227635494552136	32.45737677308315	0.028905566828952952
5.5867685065188555	0.01	0.007	0.007	0.007	0.01	0.015990648151642924	0.016262290320017577	0.001878663180259509	0.0011366726961879322	0.01121659638821624	1.1839442999924896	1.5688923655416485	1.084226081798544	0.40584349713036033	0.2541403586837498	32.019602341828026	0.02883890719050529
5.654470404556716	0.01	0.007	0.007	0.007	0.01	0.015770907693628933	0.01603881884467992	0.0018425444651505418	0.0011144914265075175	0.011070635613449746	1.1876526496663977	1.5700604901037833	1.0838674971572269	0.4049415838514058	0.25597943047616695	31.580749808902503	0.028771319796540264
5.723307558270119	0.01	0.007	0.007	0.007	0.01	0.01555058017411528	0.015814750308346233	0.0018068007843341969	0.0010925570547627894	0.010923332118284288	1.1913129208492463	1.5710803191672573	1.0834764424255123	0.4040152182284829	0.2577935702883339	31.140704861820698	0.028702761470316338
5.7933372339261515	0.01	0.007	0.007	0.007	0.01	0.015329595927305166	0.015590013861736573	0.0017714121924660771	0.0010708566566329247	0.010774663595937284	1.1949256799314842	1.5719493525577592	1.0830523047238494	0.4030636611582871	0.25958284644666163	30.699327973194087	0.028633183085489792
5.864624887981855	0.01	0.007	0.007	0.007	0.01	0.01510786915280646	0.01536452224696248	0.0017363569780912199	0.0010493762746124878	0.010624594981663427	1.198491669442854	1.5726648484894137	1.0825943678178596	0.40208605050196805	0.261347413438381	30.25644735168012	0.0285625280634605
5.93724626824416	0.01	0.007	0.007	0.007	0.01	0.014885293364324727	0.015138167168926613	0.0017016110779042532	0.0010281005613646582	0.010473075143566539	1.2020118565153253	1.5732237628875434	1.0821017869423668	0.4010813693538643	0.2630875343262838	29.811849841438313	0.02849073041955629
6.011290449699466	0.01	0.007	0.007	0.007	0.01	0.014661734631323628	0.014910812422210632	0.0016671471970097532	0.0010070122445681399	0.01032003197780964	1.2054875074772593	1.573622667998688	1.0815735532847388	0.40004840032010924	0.26480361557353316	29.365267409588416	0.028417711926395955
6.086864145833479	0.01	0.007	0.007	0.007	0.01	0.014437021921782115	0.0146822840698302	0.0016329335565027049	0.000986091365931049	0.010165365382909353	1.2089202945806106	1.5738576375014948	1.0810084435908915	0.3989856604755387	0.26649625697538687	28.916357837746226	0.028343378079074798
6.164098321870191	0.01	0.007	0.007	0.007	0.01	0.014210932000132162	0.014452355084708098	0.0015989319209006514	0.0009653140830571132	0.01000893628713723	1.212312466694726	1.573924079751417	1.0804049441407004	0.3978913017453237	0.2681663319724121	28.46467452889236	0.02826761188403854
6.243158645184148	0.01	0.007	0.007	0.007	0.01	0.013983165282000878	0.014220720794383192	0.0015650944373648966	0.0009446507502888929	0.009850549105572433	1.2156671251695292	1.573816482228992	1.07976113163422	0.3967629534977787	0.2698151178628704	28.00961823574098	0.028190264021122808
6.324263383393936	0.01	0.007	0.007	0.007	0.01	0.013753303831876177	0.013986956165404038	0.0015313581054260006	0.0009240625609140239	0.009689921264407403	1.2189887119178529	1.5735279950861405	1.0790744720328846	0.3955974533027883	0.2714445271105553	27.55035309239677	0.02811113594538317
6.40771662076346	0.01	0.007	0.007	0.007	0.01	0.013520732376381713	0.013750435475290116	0.0014976343283448462	0.0009034952028743652	0.009526625957998046	1.2222839399205687	1.5730496917462846	1.0783414516978742	0.3943903477731761	0.273057549730913	27.085648714649224	0.02802994844831559
6.493978132259651	0.01	0.007	0.007	0.007	0.01	0.013284469887533158	0.013510161035862462	0.0014637865114154548	0.0008828652545810996	0.009359970288949698	1.2255638062504168	1.5723690899904412	1.0775568117536494	0.39313484404735344	0.2746592133182448	26.613543536028008	0.02794627535836599
6.5838389606270695	0.01	0.007	0.007	0.007	0.01	0.013042741130076462	0.013264327465064623	0.0014295727694592928	0.0008620253852777356	0.009188685769239674	1.2288487818958715	1.571466618096519	1.0767116488693724	0.3918191791067029	0.27625906487310814	26.13048836283777	0.027859376569735878
6.679022687898842	0.01	0.007	0.007	0.007	0.01	0.012791491745933336	0.013008811556916394	0.0013944462522304287	0.0008406430427043553	0.009009857695415579	1.2321870384578142	1.5703041487897262	1.0757869979033992	0.39041762685767784	0.2778799092704621	25.628378238827555	0.027767625014554195
6.786098436049171	0.01	0.007	0.007	0.007	0.01	0.012514635300898547	0.012727253729859538	0.001356237871330121	0.0008173999815195628	0.008811905951683215	1.235775391278493	1.5687536551618975	1.0747125158624848	0.3888320604844918	0.27961590372854894	25.075058187607926	0.027664771356410735
6.8898977248687325	0.01	0.007	0.007	0.007	0.01	0.01225197503514062	0.012460133033763175	0.0013204570874908877	0.0007956478933784862	0.008623286245494431	1.2390920641238568	1.5670165765308983	1.0736381117085696	0.38728687897576186	0.28121392768789666	24.55007547481648	0.027565428648201575
6.973456258840004	0.01	0.007	0.007	0.007	0.01	0.012044546142737516	0.01224918155060481	0.0012925134181272062	0.0007786695983567329	0.008473737688139164	1.2416507619276815	1.5654583471966879	1.0727509748578592	0.3860377544485564	0.2824419428897363	24.13546010109258	0.027485716899178943
7.0512419502695955	0.01	0.007	0.007	0.007	0.01	0.011854607274480289	0.012056017111979235	0.0012671623709204927	0.000763273578643779	0.008336371662515302	1.2439466832080184	1.5638848156923528	1.0719081339647492	0.3848711042747961	0.2835399027334517	23.755785203063063	0.027411719409519558
7.12892939928625	0.01	0.007	0.007	0.007	0.01	0.011667899617369474	0.011866138742162918	0.0012424580986896124	0.0007482766971279373	0.008200973579098653	1.2461595867228101	1.5621993040255837	1.0710506933198405	0.3837025651254385	0.2845943068812266	23.382551224683436	0.027338014218023027
7.207534841726354	0.01	0.007	0.007	0.007	0.01	0.011481980167335308	0.011677061940604652	0.0012180659749880351	0.0007334753711119426	0.008065791645561801	1.248319702709457	1.560382160314808	1.070167846170777	0.3825171003197365	0.28561958229044954	23.01087489124179	0.027263639793846745
7.286344577323779	0.01	0.007	0.007	0.007	0.01	0.01129855319899423	0.011490519921091543	0.0011941999283611839	0.0007189990285198903	0.007932081594748414	1.2504082338160405	1.5584516148319127	1.0692679198906214	0.3813256994834773	0.28660681291843215	22.644163517296317	0.027189275201127357
7.364870406022309	0.01	0.007	0.007	0.007	0.01	0.011118703171104234	0.011307615559485945	0.0011709873687729966	0.0007049244590657667	0.007800659226520336	1.2524147895365199	1.5564237876491556	1.0683571240474479	0.38013602721589745	0.2875511943208038	22.28458584023105	0.027115380245535753
7.443038860394234	0.01	0.007	0.007	0.007	0.01	0.010942516637896036	0.011128436881444525	0.001148424637760431	0.000691248930006103	0.0076716156673487116	1.2543407317738546	1.5543056781030715	1.0674370640431352	0.3789494926475592	0.2884535248581505	21.932315742116952	0.027042021052443955
7.520881685777852	0.01	0.007	0.007	0.007	0.01	0.01076984007938649	0.010952827761223983	0.0011264780798792052	0.0006779515628448975	0.007544864814577334	1.2561900049920618	1.5521013863652422	1.066508091389105	0.3777658936238175	0.2893158176778136	21.587047094208035	0.026969164685869972
7.598435469317728	0.01	0.007	0.007	0.007	0.01	0.010600515984788093	0.010780628014305297	0.0011051148062822449	0.0006650119927489488	0.007420315202469267	1.2579664221672406	1.5498145002009387	1.0655704412555322	0.3765849338078306	0.29014001408568263	21.248465727749146	0.026896774043374292
7.675731956486179	0.01	0.007	0.007	0.007	0.01	0.010434404048109289	0.010611694953031015	0.0010843052668511582	0.000652411921632931	0.007297885790619505	1.2596734505190572	1.547448394924246	1.0646243525403323	0.3754063719630612	0.2909278839571458	20.91629181872462	0.026824816913401887
7.7527989010060985	0.01	0.007	0.007	0.007	0.01	0.010271378289854742	0.010445900459461512	0.0010640227357132537	0.0006401348006242095	0.007177504137687361	1.2613142636334906	1.5450062568224043	1.0636700649867974	0.3742300113005754	0.2916810514711448	20.59027414049652	0.02675326512137522
7.829660944817242	0.01	0.007	0.007	0.007	0.01	0.010111324344494774	0.010283128226793944	0.0010442428461432684	0.0006281655435171055	0.007059104643350257	1.2628917873326295	1.5424910955264337	1.0627078144355937	0.37305568794488725	0.2924010175817148	20.270184646182212	0.026682093662009805
7.906339899560005	0.01	0.007	0.007	0.007	0.01	0.009954138183327044	0.01012327246054382	0.001024943325952394	0.0006164903624277282	0.006942627808143266	1.2644087276689961	1.5399057678092665	1.0617378343662993	0.3718832682128875	0.29308917399697654	19.95581592020601	0.02661128039765364
7.982855143696258	0.01	0.007	0.007	0.007	0.01	0.009799724696319494	0.009966236436310685	0.0010061037311689274	0.0006050966030458137	0.00682801935899913	1.2658675980277947	1.5372529927122514	1.0607603552444407	0.37071264388539854	0.2937468165725242	19.646978346982944	0.02654080565520724
8.059223903600193	0.01	0.007	0.007	0.007	0.01	0.009647996608735328	0.009811931398009977	0.0009877052345769234	0.0005939726136156381	0.0067152295965378795	1.2672707409096358	1.5345353661102898	1.0597756046623379	0.3695437290495792	0.2943751561117954	19.343497948367602	0.026470651935972454
8.13546157777456	0.01	0.007	0.007	0.007	0.01	0.009498873392178888	0.009660275450429906	0.0009697304250014194	0.0005831076208676219	0.006604212716511969	1.268620348017577	1.531755370066342	1.0587838063698316	0.36837645611517295	0.29497532824485334	19.045214209278793	0.026400803590682177
8.211581944016134	0.01	0.007	0.007	0.007	0.01	0.009352280480334811	0.009511192761655627	0.0009521631532542255	0.0005724916345435263	0.006494926339197108	1.2699184760120983	1.528915383151612	1.057785180335032	0.36721077348472714	0.2955484012232272	18.751978512176905	0.026331246606498163
8.287597362173077	0.01	0.007	0.007	0.007	0.01	0.009208148548446609	0.00936461283031466	0.0009349883936383285	0.0005621153616398467	0.006387331071236369	1.271167060487257	1.526017688418693	1.0567799424834885	0.3660466431787201	0.2960953828082995	18.46365269857731	0.026261968401378
8.36351893309811	0.01	0.007	0.007	0.007	0.01	0.009066412925329812	0.009220469887607198	0.0009181921280602553	0.0005519701345806653	0.006281390153466344	1.2723679277350708	1.5230644808581502	1.0557683046877433	0.36488403903736594	0.2966172260787613	18.180107895279097	0.026192957661428033
8.439356674897496	0.01	0.007	0.007	0.007	0.01	0.008927013014753737	0.009078702308863719	0.0009017612370144242	0.0005420478437707783	0.006177069104855508	1.2735228055314392	1.520057872350173	1.054750474250324	0.3637229445789458	0.29711483471487055	17.901223358987828	0.02612420416512845
8.515119641664114	0.01	0.007	0.007	0.007	0.01	0.008789891861604381	0.008939252172342222	0.0008856834126873046	0.0005323408837061434	0.006074335465233888	1.2746333319124914	1.516999897254715	1.053726653912936	0.36256335167316567	0.29758906732297896	17.626885610270623	0.026055698662225863
8.590815990405437	0.01	0.007	0.007	0.007	0.01	0.008654995839295975	0.008802064941333178	0.0008699470903605744	0.0005228421102972959	0.005973158621065596	1.275701062347865	1.5138925188514765	1.0526970423764312	0.36140525995151485	0.2980407410046179	17.356987809854225	0.025987432801150477
8.666453126810842	0.01	0.007	0.007	0.007	0.01	0.008522274219480392	0.008667089026562819	0.0008545413695784393	0.0005135447921560907	0.00587350953637214	1.2767274773188633	1.510737631500243	1.0516618335885288	0.3602486749633829	0.2984706350351128	17.091428899225047	0.025919398986712635
8.74203775466918	0.01	0.007	0.007	0.007	0.01	0.008391678938093517	0.008534275548267868	0.0008394559614242615	0.0005044425777697208	0.005775360624795977	1.2777139878313812	1.5075370657387928	1.0506212171888465	0.3590936077663512	0.29887949360524974	16.830113133855427	0.02585159032631479
8.817575959494606	0.01	0.007	0.007	0.007	0.01	0.008263164317921772	0.008403578054051716	0.0008246811333502661	0.0004955294613040492	0.0056786855841197085	1.278661940878682	1.5042925911953848	1.0495753783686186	0.357940073958075	0.29926802849546685	16.572949529284898	0.025784000546399965
8.893073276404026	0.01	0.007	0.007	0.007	0.01	0.008136686836183047	0.008274952282519328	0.0008102076616075338	0.0004867997530887314	0.005583459260098773	1.2795726241864185	1.501005919429995	1.0485244978351442	0.35678809291942454	0.29963692140291065	16.319851397125056	0.025716623924206577
8.968534742419484	0.01	0.007	0.007	0.007	0.01	0.008012204933043337	0.008148355968542985	0.0007960267904438421	0.00047824805426825674	0.00548965753719974	1.2804472703384684	1.4976787068306288	1.0474687518977646	0.35563768726978945	0.29998682597224996	16.070735962854954	0.025649455234400667
9.043964943318189	0.01	0.007	0.007	0.007	0.01	0.00788967884122157	0.008023748669974184	0.0007821301955060109	0.00046986923406161995	0.005397257241841024	1.2812870604800322	1.4943125572274796	1.0464083125494592	0.35448888238297316	0.30031836961817404	15.825524025712006	0.025582489701343077
9.11936806010842	0.01	0.007	0.007	0.007	0.01	0.007769070427054459	0.007901091606010132	0.0007685099501432524	0.0004616584088359925	0.0053062360512782115	1.2820931276972827	1.4909090240615157	1.0453433474822715	0.3533417058892405	0.30063215518376313	15.58413964142255	0.025515722952401298
9.19474791020375	0.01	0.007	0.007	0.007	0.01	0.007650343050111129	0.007780347514425014	0.0007551584952412677	0.0004536109233667747	0.005216572413810838	1.2828665600507503	1.4874696123764533	1.0442740201134277	0.35219618724127594	0.30092876242938754	15.346509841970573	0.025449150976636453
9.270107963398663	0.01	0.007	0.007	0.007	0.01	0.007533461470577606	0.007661480557382295	0.0007420686156798408	0.0004457223361408281	0.005128245502702585	1.283608403109365	1.4839957816111062	1.0432004899143688	0.3510523576478442	0.30120874930027514	15.11256445090385	0.025382770106274367
9.345451402559464	0.01	0.007	0.007	0.007	0.01	0.007418391693857403	0.007544456163396671	0.0007292334108593835	0.0004379884011304297	0.005041235120635485	1.2843196627217657	1.4804889460331512	1.0421229120558748	0.34991024931484854	0.3014726532575473	14.882235772912892	0.02531657695920558
9.420781139231343	0.01	0.007	0.007	0.007	0.01	0.007305100893418773	0.007429240948871655	0.0007166462750461857	0.0004304050555262907	0.004955521661318045	1.2850013071212296	1.4769504769402642	1.0410414376476942	0.3487698953603907	0.3017209923283533	14.655458439957412	0.02525056842181135
9.496099829124686	0.01	0.007	0.007	0.007	0.01	0.0071935573380605385	0.007315802644130739	0.0007043008790630057	0.00042296840831657605	0.004871086072828297	1.285654268886092	1.4733817046519335	1.0399562139451293	0.3476313297200547	0.30195426608356657	14.43216926619404	0.02518474163214074
9.57140990744616	0.01	0.007	0.007	0.007	0.01	0.007083730294487771	0.00720410999433891	0.0006921911500466804	0.0004156747277341628	0.004787909800798689	1.286279446928101	1.4697839193510354	1.0388673842362468	0.34649458674252076	0.30217295660422533	14.212307053434873	0.025119093946052492
9.646713609175777	0.01	0.007	0.007	0.007	0.01	0.006975589957813329	0.007094132688824354	0.0006803112550556063	0.0004085204310531752	0.004705974751344777	1.2868777081980305	1.4661583724263116	1.0377750879128598	0.345359701005505	0.30237752932410766	13.995812452461161	0.02505362291693626
9.722012979301224	0.01	0.007	0.007	0.007	0.01	0.006869107400340701	0.006985841308991916	0.0006686555873402753	0.00040150207601587207	0.004625263266631638	1.2874498891947517	1.4625062781296136	1.0366794606601284	0.3442267072754997	0.3025684337862098	13.782627860899648	0.02498832628442948
9.797309887983054	0.01	0.007	0.007	0.007	0.01	0.006764254516231573	0.006879207272051341	0.000657218752742977	0.0003946163523611155	0.004545758096247	1.2879967974161253	1.4588288148517843	1.0355806345512184	0.3430956403858172	0.3027461043637771	13.572697312830618	0.02492320195903421
9.872606055645997	0.01	0.007	0.007	0.007	0.01	0.006661003955868615	0.006774202764265667	0.0006459955555264387	0.00038786007303118973	0.004467442359765252	1.2885192127806333	1.455127125769982	1.0344787379741465	0.3419665349597836	0.3029109609536336	13.365966347732368	0.024858247998406243
9.947903063073221	0.01	0.007	0.007	0.007	0.01	0.006559329084604446	0.006670800698999956	0.0006349809873723529	0.00038123016730735117	0.004390299526871153	1.289017888843678	1.451402320093226	1.0333738957561214	0.3408394253544896	0.30306340958545436	13.162381928220292	0.02479346259688612
10.0	0.01	0.007	0.007	0.007	0.01	0.0064898919296521775	0.006600183975249693	0.0006274799085288582	0.0003767155441724708	0.004337596874650303	1.289349396876814	1.4488122788459283	1.032607829347427	0.34006079895468855	0.3031618289978248	13.023342542890799	0.02474873734152917
