0.0	0.01	0.007	0.007	0.007	0.01	0.0	0.0	0.0	0.0	0.0	0.0	0.0	0.0	0.0	0.0	100.0	0.035
0.007098683661738229	0.01	0.007	0.007	0.007	0.01	0.0027718881276078957	0.005306754369704192	0.0030732205322351177	0.0011551642426503269	0.00012887441688605447	0.00015232362351840384	0.00035345097031220396	0.00021108266314701887	7.342754714317028e-5	3.942734757797909e-6	99.87996038064635	0.034991390302139186
0.012143326081920872	0.01	0.007	0.007	0.007	0.01	0.004643900184678654	0.008722318798721129	0.005150455788375233	0.0019554413904825253	0.00019727153448640143	0.0004393189925427883	0.0010063764879682424	0.0006089276007541341	0.0002132320015972888	1.0706084171777904e-5	99.79474244844992	0.034985273152742
0.019578526120413893	0.01	0.007	0.007	0.007	0.01	0.007262578724385042	0.013271393934278994	0.008058643669762163	0.003104503702688957	0.000272306258770856	0.0011180076776302038	0.0025142509495292664	0.0015501521195274313	0.0005480904490360937	2.505746179154777e-5	99.66927393752385	0.034976259155152636
0.02684317318813209	0.01	0.007	0.007	0.007	0.01	0.009668037647003554	0.017213793422019296	0.010732653092867812	0.004193072161101339	0.0003238544878133293	0.002058878221093366	0.004549862572061734	0.0028555916074633355	0.0010190781801071526	4.275880854244054e-5	99.54683585922483	0.034967454169087996
0.035446187862176105	0.01	0.007	0.007	0.007	0.01	0.012332955219647794	0.02131567773649262	0.013698163939715019	0.00543988283188051	0.00036562417059114575	0.0035046610300244786	0.007591247731822255	0.004862577603984617	0.0017541902442699746	6.69487780673394e-5	99.40203549619926	0.034957029905105325
0.04448266288498938	0.01	0.007	0.007	0.007	0.01	0.014931745652126266	0.025044911178363112	0.016593369168019102	0.006701722160836819	0.00039427859930281123	0.005383096589123507	0.011426049974930708	0.007471518287077576	0.0027256160460182536	9.486992561750233e-5	99.25016621595525	0.034946083764070275
0.054432519463256925	0.01	0.007	0.007	0.007	0.01	0.017572954693209217	0.0285587495351563	0.0195393325369632	0.008036499768432258	0.0004141451063185565	0.00784443954251258	0.0162974151469199	0.010891876117512493	0.0040215080332003	0.00012749721934154576	99.08321479588194	0.0349340351825164
0.06498248472695717	0.01	0.007	0.007	0.007	0.01	0.02014084762012973	0.031705525712759516	0.022407082660349277	0.009391666531934004	0.00042680375846387543	0.010866442060492768	0.022090359789299737	0.015093614082083784	0.005642959345841311	0.00016339518722437637	98.90650072567736	0.03492126444865552
0.07627219320707189	0.01	0.007	0.007	0.007	0.01	0.02264566018517488	0.034516137887654216	0.025207932715250833	0.01077614044009007	0.00043453967787639646	0.014527768023383016	0.02888549873623625	0.020186985536913248	0.007646457353821936	0.00020264857219080503	98.71774488241465	0.034907603426585596
0.08819793411949424	0.01	0.007	0.007	0.007	0.01	0.02504263342166498	0.036963233746595825	0.027891603070710883	0.012168038674115573	0.00043887689905906086	0.018829063730119958	0.03661320399864053	0.026173774598051786	0.010048550532347116	0.00024459461698809565	98.5187462579664	0.03489317858269475
0.10080435029107256	0.01	0.007	0.007	0.007	0.01	0.027324257429171085	0.03906878701140043	0.030449289050023656	0.013564182690000927	0.0004410252171649278	0.023810606078836366	0.04527879153964355	0.033110856433405694	0.0128892883574306	0.00028915736334099223	98.308825689083	0.034877936905145526
0.11406860634124456	0.01	0.007	0.007	0.007	0.01	0.029472605161217778	0.040848075028599384	0.03286037726906353	0.014953788002902058	0.0004417954300802862	0.02948200236894135	0.05483539203369027	0.041012332292634984	0.01619325529909715	0.0003360864451864764	98.08843374201005	0.03486190705987777
0.1280198185036418	0.01	0.007	0.007	0.007	0.01	0.0314818029982535	0.042329599586086356	0.035117632944968	0.016331988689412165	0.00044172614901634297	0.03586791705459363	0.06526626213794702	0.04991313758221377	0.019995213583970606	0.00038536143550506167	97.85716079778486	0.0348450549780088
0.14267278410350098	0.01	0.007	0.007	0.007	0.01	0.03334552459653266	0.04354166596780146	0.037213198213922126	0.017692392009002588	0.00044115374972651737	0.04298277012156175	0.07654179595576467	0.059833752228013945	0.024325511923185793	0.0004369431594962777	97.61484180572714	0.03482736399849396
0.15806412818915025	0.01	0.007	0.007	0.007	0.01	0.03506197929714889	0.04451496565006127	0.03914420580425284	0.019030602802132045	0.00044028128848471186	0.05084761359916423	0.08864785654109662	0.07080366112720027	0.029219999727057862	0.0004908892533712786	97.36095823555011	0.034808791223755776
0.1742321156732152	0.01	0.007	0.007	0.007	0.01	0.0366305012332952	0.045279064445769415	0.04090895694487225	0.020342071327039586	0.0004392285334815803	0.05948166808722062	0.10157198989379018	0.08284949260155565	0.034714991774069955	0.0005472738881597682	97.09497487057484	0.03478929193811083
0.191227751239768	0.01	0.007	0.007	0.007	0.01	0.0380524407154567	0.045862292242395485	0.04250792944154179	0.021622929354132042	0.00043806692109364193	0.06890845874707854	0.1153128041928378	0.0960034987407878	0.04085110118998578	0.000606220505220962	96.81615903217488	0.034768806249524296
0.20910876762377095	0.01	0.007	0.007	0.007	0.01	0.03933013333197208	0.04629075337188245	0.04394262064635303	0.022869314525943915	0.00043684451065956247	0.07915318124040513	0.12987558954061879	0.11029978855938549	0.04767166857953075	0.0006678768710391554	96.52368264300313	0.034747266389075764
0.2279431965107967	0.01	0.007	0.007	0.007	0.01	0.04046693816805453	0.04658812658310282	0.04521559039529817	0.02407750736408009	0.00043560349306598817	0.09024490432189254	0.14527518899011124	0.1257772870136883	0.05522424830202108	0.000732425657633347	96.21656689311669	0.0347245924576219
0.24780757169611256	0.01	0.007	0.007	0.007	0.01	0.04146687440502019	0.046775443176761765	0.046330051118185785	0.025243671322362892	0.0004343944685052775	0.10221566469136112	0.1615342902352429	0.14247833164633486	0.06356005617849467	0.0008000784065543429	95.89371547769187	0.03470069465079311
0.2687878302739354	0.01	0.007	0.007	0.007	0.01	0.04233454024440696	0.046871087035929564	0.047289775437075715	0.026363814595360375	0.0004332895671695575	0.115100913457405	0.17868369953519736	0.16044912391571173	0.07273424202431679	0.0008710812165856432	95.55390408502247	0.034675472240388736
0.2909779484168928	0.01	0.007	0.007	0.007	0.01	0.04307497043824741	0.04689085949728227	0.04809893782110672	0.027433648122778008	0.0004323967028094352	0.12893846647934576	0.1967606186254949	0.17973805810124743	0.0828050209863722	0.0009457158992824804	95.19580717176751	0.03464881528914403
0.31447810139567567	0.01	0.007	0.007	0.007	0.01	0.04369358019352873	0.04684812837371934	0.048762059769835886	0.028448496212011582	0.00043187619906068583	0.14376698007699806	0.2158064502653279	0.20039335435461075	0.09383224692354546	0.0010243041817844091	94.81803241473017	0.034620606938055076
0.33938854516610834	0.01	0.007	0.007	0.007	0.01	0.04419610645786715	0.04675404065274052	0.04928396877259931	0.029403136001957805	0.0004319605091170374	0.1596215912568272	0.23586115687906514	0.22245671925324148	0.10587354506253224	0.0011072041956246238	94.41922332631975	0.03459073082110769
0.36579287233475977	0.01	0.007	0.007	0.007	0.01	0.04458856964825472	0.0466178421072351	0.04966982389303918	0.03029149721277908	0.00043297569602557164	0.1765226611575199	0.2569493731602358	0.24594743942381497	0.11897450631333178	0.0011947807721915018	93.99832875520183	0.034559091175436124
0.39371230744039915	0.01	0.007	0.007	0.007	0.01	0.04487730797530112	0.04644743524291825	0.049925344409161604	0.031106023269586353	0.00043535701061630177	0.19444599463626333	0.2790445050557247	0.2708209391973766	0.13314296183555047	0.0012872905251515422	93.5553234483323	0.03452566749213421
0.42300960040090463	0.01	0.007	0.007	0.007	0.01	0.04506944460120223	0.04625035330774556	0.05005778519587913	0.03183694569249101	0.000439634308255118	0.213261409546806	0.30199602019726046	0.2968841241490052	0.1482949561446053	0.0013846052516293152	93.09270006137902	0.034490629067028454
0.45331450372253357	0.01	0.007	0.007	0.007	0.01	0.045174368105330154	0.046034608015989645	0.0500781761249901	0.03247389959428535	0.00044635749334714404	0.23268762778182603	0.32547894159649476	0.3237347906475612	0.16420969759598575	0.0014859862555093397	92.61657271642788	0.03445442299287736
0.48417553407455743	0.01	0.007	0.007	0.007	0.01	0.045204891889858746	0.04580772235531839	0.05000244586674715	0.03301184353071595	0.00045601411432892694	0.25239536352094327	0.3491204494061303	0.35090685515256115	0.180607304991366	0.0015905620455841493	92.13421047234837	0.034417591558156164
0.5152735794219871	0.01	0.007	0.007	0.007	0.01	0.04517537434618776	0.045575111489938286	0.04984847198422109	0.03345368537591201	0.00046901913111276294	0.27214850654088346	0.37266491940566454	0.37806631971716953	0.1972691482140673	0.0016979948044575607	91.6506848531785	0.03438051708235601
0.5464127182603451	0.01	0.007	0.007	0.007	0.01	0.04509908873679758	0.04534025459342715	0.04963282535340979	0.03380680172372372	0.0004857161746889836	0.29179860982629596	0.39596107678169334	0.4050029356360947	0.21404187816121334	0.0018084176668603732	91.16906289124186	0.034343433631341735
0.5774795910754111	0.01	0.007	0.007	0.007	0.01	0.04498715002920541	0.04510526122489838	0.04936947561296119	0.03408025272546641	0.0005063807297102928	0.31125742059345374	0.4189261852394229	0.4315914758901234	0.2308203808417468	0.0019222770542253898	90.69108076896124	0.03430647610137265
0.6084100629070023	0.01	0.007	0.007	0.007	0.01	0.044848415346732576	0.04487137308942771	0.049069673640422015	0.03428324919146676	0.0005312226174054763	0.3304737961256075	0.4415177542750967	0.4577592957124033	0.24753156272507698	0.0020402040989029873	90.21768676515242	0.034269720344797895
0.639173748011731	0.01	0.007	0.007	0.007	0.01	0.04468974007317208	0.044639265367900006	0.048742229586507306	0.03442447485220082	0.000560394191841689	0.3494221687038516	0.46371997647634156	0.4834699529686211	0.2641262195981544	0.002162952033329582	89.7492965676207	0.03423320184872365
0.6697621202209492	0.01	0.007	0.007	0.007	0.01	0.04451633784922936	0.044409258716634405	0.048393932671844164	0.03451178122552281	0.000593998077674346	0.3680936410646315	0.4855336527853328	0.5087105902496204	0.28057215686630516	0.0022913492729028724	89.28598663778237	0.03419693004336485
0.700181781355037	0.01	0.007	0.007	0.007	0.01	0.04433212295670764	0.04418144707970073	0.04802995176644107	0.034552102941935156	0.0006320960309576276	0.3864906705244115	0.5069704440628358	0.5334843423481842	0.2968498321236402	0.002426273863927098	88.82760410911894	0.0341608964107353
0.7304490814204158	0.01	0.007	0.007	0.007	0.01	0.04414000831793838	0.043955785466004815	0.04765419362745263	0.03455147587611465	0.0006747161255241783	0.4046229124976852	0.5280484670001938	0.5578044276650219	0.31294867942588805	0.002568634250715535	88.37385309777952	0.03412508094179202
0.7605867917781213	0.01	0.007	0.007	0.007	0.01	0.043942144052083645	0.04373214349256054	0.0472695918532392	0.03451510875217188	0.000721859328586732	0.4225045802804891	0.5487896050807853	0.5816903789853448	0.3288645930465294	0.002719358798100129	87.92434783781252	0.03408945612651264
0.7906215954745737	0.01	0.007	0.007	0.007	0.01	0.043740105275756176	0.04351034126745771	0.04687833843375888	0.03444747451658947	0.0007735045953848185	0.44015249774957454	0.5692175601224015	0.605165276110199	0.3445979455653212	0.0028793886511038432	87.47865211738961	0.034053989954116154
0.8205824913014089	0.01	0.007	0.007	0.007	0.01	0.04353503516659642	0.043290171464164265	0.04648206177150129	0.0343524051934118	0.0008296131091509259	0.45758484653353626	0.5893566491692986	0.628253962536199	0.36015219875238297	0.0030496742949902927	87.03630408376263	0.03401864781721491
0.8504996895167691	0.01	0.007	0.007	0.007	0.01	0.04332775343431889	0.04307141354422326	0.046081963431443496	0.03423318149631777	0.0008901315685857971	0.47482030966644795	0.6092310084227853	0.6509818302509878	0.3755328739510986	0.003231173913677853	86.5968331185358	0.03398339382522519
0.8804039361851218	0.01	0.007	0.007	0.007	0.01	0.043118837474235616	0.04285384229926046	0.045678921418583054	0.03409261324901129	0.0009549948522666851	0.4918775405268299	0.6288641308805175	0.673374065064702	0.3907468337379119	0.003424853384551625	86.15976998036105	0.033948191605631214
0.9103260879967406	0.01	0.007	0.007	0.007	0.01	0.042908683114575456	0.04263723305369671	0.045273568390719325	0.03393310958704366	0.0010241281036180642	0.5087748277613303	0.6482785965163073	0.6954551711315194	0.40580176554426295	0.003631687134518662	85.72465303301725	0.033913004806244824
0.940296920024023	0.01	0.007	0.007	0.007	0.01	0.04269754960397925	0.042421364279752294	0.044866350007875554	0.03375673886309691	0.0010974485019832488	0.5255299274625544	0.6674959687837435	0.7172487292013249	0.42070584239416237	0.0038526599997623775	85.29103094674079	0.03387779732123761
0.9703470480389031	0.01	0.007	0.007	0.007	0.01	0.04248559315863736	0.04220601886379568	0.044457568943157964	0.033565279369807396	0.0011748666981467558	0.5421599816125269	0.6865367697474299	0.7387772766139933	0.4354674866348633	0.004088769567414183	84.85846369400886	0.03384253338178361
1.0005069806602187	0.01	0.007	0.007	0.007	0.01	0.04227289161756615	0.04199098414298521	0.04404741740265174	0.033360261690850566	0.0012562881247282526	0.5586815218414306	0.705420537076507	0.7600623036579722	0.4500952326839288	0.0043410293302801805	84.42652168015107	0.03380717749439431
1.0308072390788539	0.01	0.007	0.007	0.007	0.01	0.0420594626422832	0.04177605130404604	0.043636001342840375	0.03314300399003756	0.0013416141674238865	0.5751105164086998	0.7241659178534438	0.7811243082418075	0.464597647757245	0.004610472439540183	83.9947839589504	0.03377169430091217
1.0612785510084128	0.01	0.007	0.007	0.007	0.01	0.04184527691283733	0.041561014185506624	0.04322335808858808	0.032914641142595	0.0014307433097755127	0.591462458868817	0.7427907999040936	0.8019829044927816	0.4789833056483889	0.004898156325512169	83.56283547265758	0.03373604835297119
1.091952092445703	0.01	0.007	0.007	0.007	0.01	0.04163026762855072	0.04134566773010106	0.042809469081103085	0.03267614874294323	0.0015235722499241438	0.6077524798149379	0.761312461176474	0.822656959351119	0.49326079370143233	0.005205168192595219	83.1302637252199	0.03370020383243227
1.1228598042799116	0.01	0.007	0.007	0.007	0.01	0.041414336965987494	0.04112980593740678	0.04239426844349143	0.032428362539556124	0.0016199971170709228	0.6239954926999826	0.7797477509520649	0.8431647694625763	0.5074387594719381	0.005532631891052986	82.69665453488446	0.03366412418669592
1.1540347509239095	0.01	0.007	0.007	0.007	0.01	0.0411973603603766	0.040913219579838046	0.04197764862632696	0.032171994193932275	0.0017199147227310782	0.640206352902873	0.798113279995505	0.8635242502074468	0.521525975785606	0.005881716129992819	82.26158736258053	0.03362777171786386
1.185511571216102	0.01	0.007	0.007	0.007	0.01	0.040979188742163226	0.040695693357454314	0.04155946310261817	0.03190764352898578	0.001823224016478629	0.6564000533869682	0.8164256466403985	0.883753164822362	0.5355314417884267	0.006253644862198931	81.82462954447917	0.03359110706771299
1.217327021212746	0.01	0.007	0.007	0.007	0.01	0.04075964910679227	0.04047700252607659	0.041139526649436736	0.03163580772856446	0.0019298277565538483	0.6725919525672248	0.8347016938599252	0.9038693859153284	0.5494645131274256	0.006649710283361294	81.38532948588444	0.03355408859987519
1.2495206446708698	0.01	0.007	0.007	0.007	0.01	0.04053854346499246	0.04025690878544849	0.04071761319103448	0.03135688759876518	0.002039634505029394	0.688798048172283	0.8529588126432603	0.9238912042054193	0.563335070063137	0.007071289385654873	80.9432083805462	0.033516671638650374
1.2821356407724709	0.01	0.007	0.007	0.007	0.01	0.04031564593881589	0.0400351549963823	0.04029345070474713	0.031071190647359512	0.0021525611643649343	0.7050353259651184	0.8712153234674882	0.9438377168942033	0.5771537445512451	0.007519865675165827	80.49774958478635	0.03347880748517602
1.3152199511205007	0.01	0.007	0.007	0.007	0.01	0.040090698066033825	0.03981145863891543	0.03986671332090738	0.0307789311149395	0.0022685360945506328	0.7213221856853768	0.8894909371937925	0.9637292939624867	0.5909322036510498	0.007997057342165544	80.04838546672184	0.03344044218760587
1.3488277536844524	0.01	0.007	0.007	0.007	0.01	0.03986340123380389	0.03958550282307867	0.03943700864365873	0.030480225635571855	0.0023875033968670445	0.7376790254577745	0.9078073846286809	0.9835882157016791	0.6046835522632373	0.008504655865027197	79.59447934135746	0.03340151485061689
1.3830214990551846	0.01	0.007	0.007	0.007	0.01	0.039633405548358966	0.039356924075781	0.03900385915845383	0.03017508366189778	0.002509428743724557	0.7541290319657563	0.9261892642176227	1.0034395287183948	0.6184228858719395	0.009044679227366187	79.13530093029175	0.03336195533236059
1.4178748121420395	0.01	0.007	0.007	0.007	0.01	0.03940029322766719	0.0391252949350951	0.03856667442216612	0.02986339020707519	0.0026343077259586996	0.7706993053915976	0.9446652468568199	1.0233122616343404	0.6321680882723625	0.009619447878266808	78.66999139006795	0.033321680962083496
1.4534768165972276	0.01	0.007	0.007	0.007	0.01	0.039163553154184134	0.03889009795929375	0.038124708249696125	0.029544876518744507	0.002762178412789513	0.7874225411222964	0.9632698767299892	1.0432412429558036	0.6459410378350282	0.010231697540252289	78.19751109267298	0.033280591645941104
1.4899388723913842	0.01	0.007	0.007	0.007	0.01	0.038922540567262166	0.03865068513098276	0.03767699057097602	0.029219070768625118	0.0028931411459817593	0.8043396612846374	0.9820463906795978	1.0632699491948583	0.6597695113137956	0.010884754149264774	77.71655806398363	0.033238562237286315
1.5274057551435056	0.01	0.007	0.007	0.007	0.01	0.03867640944826285	0.03840621026392887	0.03722221250010939	0.02888521229143215	0.0030273918462181623	0.8215042096615315	1.0010514325423543	1.083455274493442	0.6736903883692362	0.011582821830778394	77.22543218289017	0.033195429867439265
1.5660757170847717	0.01	0.007	0.007	0.007	0.01	0.03842399025203729	0.03815550723187528	0.03675851736065288	0.028542093047048574	0.0031652827013978566	0.8389902980814321	1.020363590416165	1.1038761846072416	0.6877554866429842	0.01233149466226725	76.72179053340099	0.03315097119205776
1.6062405702205609	0.01	0.007	0.007	0.007	0.01	0.03816354412456653	0.03789684561977159	0.036283078278311044	0.02818773455012263	0.0033074453961988086	0.8569086170704586	1.0401006287666739	1.1246512240961277	0.7020433975341199	0.013138767584491586	76.20215649148537	0.03310485688690227
1.6483803885355441	0.01	0.007	0.007	0.007	0.01	0.0378921788953094	0.037627350567626616	0.03579108842575372	0.027818613271662202	0.003455087442027653	0.8754446339744915	1.0604606881404828	1.1459804913531855	0.7166879275194799	0.01401739051698142	75.66075415922477	0.03305654402729897
1.6934525487419505	0.01	0.007	0.007	0.007	0.01	0.037604057858611276	0.03734122386906453	0.03527264686618899	0.027427270595959924	0.0036109116077827495	0.8949762526380032	1.0818494438526345	1.1682755358913561	0.7319662717897621	0.014991951814480773	75.08593447285863	0.033004947303270686
1.7444364283032983	0.01	0.007	0.007	0.007	0.01	0.03728077980533869	0.03702019093275829	0.03469593880648459	0.0269894184901597	0.0037841100567627293	0.9167087303585457	1.1055677188983934	1.192863829690308	0.7487780103113614	0.016136128272500584	74.44098283485395	0.03294668015634901
1.8003920554730979	0.01	0.007	0.007	0.007	0.01	0.036929170061296826	0.036671029065213114	0.034074897118040036	0.026515307651988434	0.0039699133867352274	0.9401269489278183	1.1310275751327121	1.219098600043638	0.7666670896934786	0.017440713558646292	73.73951275663235	0.032882849420210455
1.846358620078428	0.01	0.007	0.007	0.007	0.01	0.036642808973566275	0.03638666468495242	0.03357402800301772	0.02613122208200338	0.004118854988667714	0.9590309787484931	1.1515029037732063	1.2400770462399655	0.780932787106248	0.018548800393723478	73.16821557042853	0.03283050612383454
1.8943326452383655	0.01	0.007	0.007	0.007	0.01	0.03634630851229839	0.03609223359401021	0.03306020174660176	0.02573580308294038	0.004270432651287071	0.9784450382082536	1.1724569180451232	1.2614346177884463	0.7954176359129066	0.019738499776544394	72.57668834772167	0.03277596573731043
1.9392446639312135	0.01	0.007	0.007	0.007	0.01	0.03607090677125444	0.035818755209519625	0.03258738051559351	0.02537082983537706	0.004408561856318746	0.9963324110989191	1.191695002045175	1.2809437391484517	0.8086123787120083	0.02088144325136226	72.02725097817655	0.0327249885833117
1.984032478000943	0.01	0.007	0.007	0.007	0.01	0.035798344609921	0.03554809739065246	0.032123718272988745	0.02501200729974737	0.004542501064031203	1.013897654669253	1.2105211159978457	1.2999426735106945	0.8214263909815841	0.022047807193703594	71.48347535516163	0.032674231364492115
2.027410592320738	0.01	0.007	0.007	0.007	0.01	0.03553632492272018	0.03528790892553019	0.03168206455840956	0.024669460151787406	0.004668479019141337	1.030654332066493	1.2284183548162824	1.3179193069706194	0.8335165266584982	0.02320135645379947	70.96072891169503	0.03262514678187991
2.0702852936570664	0.01	0.007	0.007	0.007	0.01	0.035279230850326984	0.035032612011841456	0.03125264168562343	0.024335764743524686	0.0047892755429999575	1.0469729226967552	1.2457875746157971	1.3352863757244313	0.8451631321024807	0.024363284291769878	70.4478056342101	0.03257670429580464
2.1123539777092124	0.01	0.007	0.007	0.007	0.01	0.035028778241682566	0.03478391037967652	0.03083809053683148	0.02401309244030111	0.00490413785088895	1.0627527024321013	1.2625252977968755	1.3519481853460835	0.8563040851850412	0.02552313575661183	69.94812880719813	0.03252924241129119
2.153947835176721	0.01	0.007	0.007	0.007	0.01	0.03478290089460373	0.034539752187888274	0.030434769576649368	0.023698708567674212	0.005014085136764285	1.0781316237557919	1.2787814401204303	1.3680612381028554	0.8670460691385685	0.026687939169149008	69.45757625684142	0.03248238420864857
2.195028110521536	0.01	0.007	0.007	0.007	0.01	0.034541754024829216	0.03430029151116353	0.030042751282607288	0.02339274913668302	0.005119109525778631	1.0931062857418883	1.2945553166739228	1.3836309842271282	0.8773944195767589	0.02785482113404753	68.97645775788362	0.03243617084424215
2.2357422307144312	0.01	0.007	0.007	0.007	0.01	0.03430440655025392	0.034064603739829474	0.029660354112124483	0.02309396802364299	0.0052196814617611895	1.1077401839743148	1.309916448319773	1.3987316062210846	0.8874000265339298	0.029026343550092596	68.5029158000638	0.03239043425960078
2.276117477335199	0.01	0.007	0.007	0.007	0.01	0.03407064561997829	0.0338324774854669	0.0292870897298974	0.02280203834173198	0.005315950767701327	1.1220512735116683	1.3248859244614488	1.4133887280613302	0.8970812570640434	0.030201848500725305	68.03652582639967	0.032345142039871884
2.316234118117011	0.01	0.007	0.007	0.007	0.01	0.033839960046512185	0.03360340511737448	0.028922009960752917	0.022516264546790156	0.005408186680183489	1.136075142174293	1.3395029663511866	1.4276451898188445	0.9064676788670074	0.031382356131488216	67.5762680452475	0.032300202645548996
2.3561303378507934	0.01	0.007	0.007	0.007	0.01	0.03361209150689198	0.03337713010664071	0.028564588645383276	0.02223627358049798	0.005496547745988642	1.1498312373162853	1.3537895813764913	1.4415264554889298	0.9155771982184766	0.03256779105077904	67.12162715718662	0.03225557209489904
2.395857418217584	0.01	0.007	0.007	0.007	0.01	0.03338671411901874	0.03315332884144054	0.028214207993555066	0.0219616145778635	0.005581213738880387	1.1633425617475788	1.3677712029831905	1.455060896761007	0.9244294780902084	0.03375856958908682	66.67195305841895	0.03221119203115973
2.4354501891154547	0.01	0.007	0.007	0.007	0.01	0.03316360268900447	0.032931777696634267	0.02787042136925131	0.021691965773988645	0.005662320201816648	1.176625565073828	1.3814662149792778	1.4682696649157212	0.9330393040090059	0.034954708772274905	66.22679652536812	0.03216702276050866
2.4749454541860314	0.01	0.007	0.007	0.007	0.01	0.03294252662947755	0.03271224769312629	0.027532785087622268	0.02142700362928346	0.005740000089210222	1.1896966136772587	1.3948927038614634	1.4811733078297682	0.9414209450449104	0.03615635981111515	65.78569756232406	0.03212302260949142
2.514371763726671	0.01	0.007	0.007	0.007	0.01	0.03272330687093641	0.03249456101067603	0.02720094455464257	0.021166471091987462	0.005814363641275053	1.2025686583805497	1.4080650515286492	1.4937885304013658	0.9495860586527265	0.0373634878611322	65.34829895303128	0.03207915930796402
2.5537566535826253	0.01	0.007	0.007	0.007	0.01	0.03250577436975458	0.03227854978569214	0.02687456882951377	0.020910126840868307	0.005885514105056887	1.2152537573042907	1.4209965634099242	1.5061307711111829	0.9575453859014306	0.038576080833011686	64.9142634761226	0.03203540188752489
2.593123346553109	0.01	0.007	0.007	0.007	0.01	0.032289787873137785	0.03206407375169178	0.02655337626866512	0.020657765873229556	0.0059535422697052165	1.2277620763203692	1.4336984683601066	1.5182132786927107	0.9653081673884761	0.03979404045724657	64.48330935171268	0.03199172432994753
2.632493328461213	0.01	0.007	0.007	0.007	0.01	0.03207521906648972	0.03185100549035246	0.026237110905608877	0.020409201332001217	0.006018532053690873	1.2401028003811427	1.446180871872025	1.5300480549442328	0.972882765732876	0.041017254391749525	64.05518060769666	0.031948102681387924
2.671885489159288	0.01	0.007	0.007	0.007	0.01	0.031861956836008364	0.03163923466416993	0.025925547816822297	0.020164269024864952	0.006080559650816241	1.2522839201514706	1.4584525573374296	1.5416456910228218	0.9802765712462685	0.04224556409603691	63.629655585784896	0.03190451598853751
2.711317128256115	0.01	0.007	0.007	0.007	0.01	0.03164990136233426	0.0314286621513204	0.0256184835042638	0.019922820117087695	0.006139695812816491	1.264312602747093	1.4705213779185218	1.5530157615487215	0.9874962644423052	0.04347879132993082	63.20653515751744	0.03186094516815287
2.7508038083979995	0.01	0.007	0.007	0.007	0.01	0.03143896457751361	0.031219200499363536	0.025315735835977845	0.019684721291477778	0.0061960060954719285	1.2761951906109266	1.482394269069579	1.5641668548196026	0.9945478436820891	0.04471672973953227	62.7856436368264	0.03181737315667471
2.7903598118402386	0.01	0.007	0.007	0.007	0.01	0.031229067407784975	0.031010771187265303	0.025017139406097684	0.019449851272539533	0.006249551974880477	1.2879373801126421	1.49407744001159	1.5751067691724263	1.0014367574409297	0.04595915590352037	62.36682327920681	0.031773784394293576
2.829998188161636	0.01	0.007	0.007	0.007	0.01	0.031020139268209058	0.030803304123529236	0.024722544271259344	0.01921809997702154	0.0063003912647114435	1.299544268603525	1.5055764311020123	1.5858425802700247	1.0081679533015802	0.04720582815230759	61.949933273941966	0.031730164762850885
2.869730995951777	0.01	0.007	0.007	0.007	0.01	0.0308121165604123	0.030596736154422304	0.024431813342696024	0.018989366584364308	0.006348578748009692	1.3110204547555167	1.51689622283999	1.5963807547634	1.0147459552690714	0.048456491904580574	61.53484674711172	0.03168650131121635
2.909569403858796	0.01	0.007	0.007	0.007	0.01	0.030604941954593956	0.030391010350986545	0.02414482097605203	0.018763558530470913	0.006394166557118572	1.3223700923251775	1.5280412969935957	1.6067272172361482	1.0211749107045711	0.049710880950660515	61.12144932940211	0.03164278213713284
2.9495238088440416	0.01	0.007	0.007	0.007	0.01	0.030398563607605622	0.03018607523257462	0.023861451530161445	0.01854059046177308	0.006437204534404255	1.3335969455008403	1.5390156981767404	1.616887416116131	1.0274586359000852	0.05096871956678648	60.709637596293454	0.031598996251163296
2.9896039513043284	0.01	0.007	0.007	0.007	0.01	0.03019293442464379	0.02998188403369722	0.023581598045062754	0.018320383270411755	0.0064777405457244926	1.3447044399187564	1.5498230900359244	1.6268663832527168	1.0336006569913443	0.05222972477090207	60.29931759520873	0.03155513344515719
3.0298189875024732	0.01	0.007	0.007	0.007	0.01	0.029988011564081013	0.029778394212310776	0.023305161302478457	0.018102863419830962	0.006515820712497924	1.3556956988411264	1.5604667959803735	1.6366687780800169	1.039604240725905	0.05349360742992286	59.890403857771354	0.03151118420840091
3.070177572501124	0.01	0.007	0.007	0.007	0.01	0.029783755906272996	0.029575566922335036	0.023032048875937017	0.017887962253443915	0.0065514896273050904	1.366573579989852	1.5709498397838446	1.6462989307584155	1.0454724241047222	0.054760073858279835	59.482818340134756	0.031467139632981325
3.1106879245549104	0.01	0.007	0.007	0.007	0.01	0.029580131634012574	0.02937336659703796	0.022762174367740744	0.017675615442952104	0.006584790525742916	1.3773407051842272	1.581274978487673	1.655760877425199	1.051208038718144	0.056028826964679604	59.07648958605537	0.03142299134010365
3.1513578789338386	0.01	0.007	0.007	0.007	0.01	0.029377105880165393	0.029171760599133296	0.022495456764809067	0.017465762523989563	0.006615765428833881	1.3879994854252624	1.591444730322527	1.6650583902086273	1.0568137315029607	0.057299567175981	58.67135202399013	0.03137873141849418
3.1921949311441074	0.01	0.007	0.007	0.007	0.01	0.029174648439858373	0.02897071893498031	0.02223181990403699	0.01725834651266645	0.006644455260734596	1.39855214175705	1.6014613980849157	1.6741950025207883	1.0622919823101622	0.05857199312052532	58.267345392979074	0.031334352374811095
3.233206291273734	0.01	0.007	0.007	0.007	0.01	0.028972731437871237	0.028770213924300188	0.021971191901060727	0.0170533134888402	0.006670899959693933	1.4090007277263903	1.6113270935692794	1.6831740348231317	1.0676451214486862	0.059845802733111596	57.86441407910839	0.031289847072387696
3.274398911548957	0.01	0.007	0.007	0.007	0.01	0.02877132913844855	0.028570220011317416	0.02171350478410013	0.016850612336903284	0.0066951385569138065	1.419347143751409	1.621043753898872	1.6919986125755424	1.072875342264598	0.06112069358593918	57.46250673615102	0.031245208699485272
3.3157795305451683	0.01	0.007	0.007	0.007	0.01	0.028570417680792812	0.028370713502102053	0.021458694047609164	0.0166501944201941	0.006717209256085398	1.4295931547948746	1.6306131606339023	1.7006716863564963	1.077984714785473	0.06239636378880077	57.06157575788188	0.031200430719790156
3.357354695890741	0.01	0.007	0.007	0.007	0.01	0.02836997492743082	0.02817167241399625	0.021206698365589208	0.0164520133781778	0.006737149490181488	1.4397404017135025	1.6400369526004666	1.709196045958309	1.0829751955686038	0.06367251226389627	56.66157697561716	0.031155506846542603
3.399130792730239	0.01	0.007	0.007	0.007	0.01	0.028169980290160955	0.027973076302778427	0.020957459287686303	0.0162560249076269	0.006754995974748931	1.4497904133581678	1.6493166391675425	1.7175743346258672	1.0878486374617888	0.06494883923574697	56.26246931100042	0.03111043101066608
3.4411140670051674	0.01	0.007	0.007	0.007	0.01	0.027970414586695674	0.027774906120308224	0.020710920984947194	0.016062186580732347	0.006770784751885009	1.4597446167321189	1.6584536114642954	1.725809061193114	1.092606797961413	0.0662250465906561	55.864214490028765	0.03106519733474137
3.483310640644492	0.01	0.007	0.007	0.007	0.01	0.02777125994037329	0.0275771441149395	0.02046703005780116	0.01587045771028315	0.006784551226055933	1.4696043446812475	1.66744915111816	1.7339026097802674	1.09725134601407	0.06750083801600865	55.466776843016504	0.031019800115896272
3.5257265523410926	0.01	0.007	0.007	0.007	0.01	0.02757249956373052	0.0273797736166064	0.02022573521047009	0.015680799108229657	0.006796330203151334	1.4793708490254431	1.6763044437461398	1.7418572535835475	1.1017838710230903	0.06877591993224189	55.07012287277684	0.030974233781372207
3.568367750963631	0.01	0.007	0.007	0.007	0.01	0.027374117770075573	0.027182779048315474	0.019986987212594228	0.015493173068627065	0.00680615590938809	1.4890453021141725	1.6850205816862212	1.7496751588214678	1.1062058860729473	0.07005000100658905	54.67422127779573	0.030928492895248016
3.6112401257393802	0.01	0.007	0.007	0.007	0.01	0.027176099814671974	0.02698614576844017	0.019750738657930027	0.015307543189795802	0.006814062019309051	1.4986288066071158	1.693598574089351	1.7573583951697493	1.1105188347786774	0.07132279279395189	54.27904263536484	0.030882572125746768
3.6543495227743783	0.01	0.007	0.007	0.007	0.01	0.026978431804550448	0.026789859981163417	0.019516943813964877	0.015123874266871517	0.0068200816751683765	1.5081224016054295	1.7020393535049099	1.7649089429138645	1.114724096135901	0.07259400997045788	53.88455922166072	0.030836466227434134
3.6977017503702636	0.01	0.007	0.007	0.007	0.01	0.026781100662545815	0.02659390870076607	0.01928555854050425	0.014942132237566574	0.0068242475024415175	1.5175270659971147	1.7103437798584469	1.772328697663043	1.1188229879220897	0.07386337024542863	53.490744940032876	0.030790170035534033
3.7413025989066835	0.01	0.007	0.007	0.007	0.01	0.02658409402690388	0.026398279651935877	0.019056540135973753	0.01476228407027377	0.006826591625700711	1.526843724747389	1.7185126469403442	1.7796194772185274	1.1228167712225345	0.07513059471155194	53.09757512070402	0.030743678444780296
3.785157858288302	0.01	0.007	0.007	0.007	0.01	0.026387400165805257	0.026202961184889084	0.01882984720697165	0.014584297669696608	0.006827145680766862	1.5360732542607287	1.7265466879103797	1.7867830274718866	1.1267066543129067	0.07639540812017216	52.70502635023148	0.030696986391056707
3.829273324074219	0.01	0.007	0.007	0.007	0.01	0.026191007945600628	0.026007942243827825	0.018605439604037318	0.014408141833800894	0.006825940824486592	1.5452164850554606	1.7344465783341436	1.7938210260274878	1.130493795219676	0.07765753882896763	52.313076408155524	0.030650088845235374
3.8736548125921555	0.01	0.007	0.007	0.007	0.01	0.025994906760728523	0.025813212297348082	0.01838327831605419	0.01423378617767134	0.006823007743618466	1.554274206123894	1.7422129406006344	1.8007350869944758	1.1341793048561144	0.07891671901169814	51.92170412717185	0.030602980797553456
3.9183081794281778	0.01	0.007	0.007	0.007	0.01	0.02579908645189303	0.025618761257189523	0.018163325355582585	0.014061201049730318	0.00681837666114822	1.5632471696674577	1.7498463485265459	1.8075267658854377	1.1377642501269145	0.08017268495618396	51.530889229866666	0.030555657238572242
3.963239314485733	0.01	0.007	0.007	0.007	0.01	0.025603537329484446	0.025424579501492493	0.017945543765536358	0.013890357542689231	0.006812077343616544	1.5721360908814872	1.7573473276445177	1.8141975606256708	1.1412496549103626	0.08142517669838972	51.140612375488764	0.030508113165102893
4.00845416395786	0.01	0.007	0.007	0.007	0.01	0.02540825008018536	0.02523065778205714	0.017729897495995572	0.013721227402140717	0.006804139105649444	1.5809416530320457	1.764716359944199	1.8207489164839468	1.1446365030749721	0.08267393841666555	50.75085497358245	0.03046034355768351
4.053958743860237	0.01	0.007	0.007	0.007	0.01	0.025213215713922703	0.02503698717166652	0.017516351330199846	0.013553782973376218	0.00679459081313205	1.5896645105258391	1.771953886772499	1.8271822293261797	1.1479257405271368	0.08391871857423591	50.361599078135754	0.03041234336718197
4.099759150914239	0.01	0.007	0.007	0.007	0.01	0.025018425524665506	0.02484355902515838	0.017304870828323642	0.013387997161801406	0.0067834608857718645	1.598305291247894	1.7790603110267662	1.8334988482099734	1.1511182768577273	0.0851592699793761	49.972827309357484	0.03036410750433738
4.14586157068281	0.01	0.007	0.007	0.007	0.01	0.024823871064849203	0.0246503649540284	0.017095422287848966	0.013223843406037307	0.0067707772998159945	1.6068645982124665	1.7860359987084768	1.839700077385677	1.1542149866401488	0.0863953497644179	49.584522802647264	0.030315630832313673
4.192272295230784	0.01	0.007	0.007	0.007	0.01	0.02462954408159912	0.02445739676309967	0.016887972664542176	0.0130612956198512	0.0067565675876465	1.6153430128140924	1.7928812817059063	1.8457871793693015	1.157216711215442	0.08762671961190338	49.196669081318404	0.03026690814936246
4.238997741358955	0.01	0.007	0.007	0.007	0.01	0.024435436453970633	0.024264646388201635	0.016682489497735133	0.012900328137229277	0.006740858835476765	1.6237410978919853	1.799596460291988	1.851761377747899	1.160124260262944	0.08885314597454344	48.809249931343544	0.030217934171083923
4.286044441211154	0.01	0.007	0.007	0.007	0.01	0.02424154024708324	0.0240721059499257	0.01647894096088828	0.012740915755348163	0.006723677689989555	1.6320593956606395	1.806181801441018	1.857623856254277	1.1629384115081998	0.090074399558478	48.42224950940542	0.03016870354178208
4.3334190925579765	0.01	0.007	0.007	0.007	0.01	0.024047847521273584	0.023879767564112645	0.01627729565507678	0.012583033575959897	0.0067050503438599385	1.6402984361319137	1.8126375454273802	1.863375765204719	1.165659913950139	0.09129025635348487	48.03565196198512	0.03011921078345449
4.381128540844408	0.01	0.007	0.007	0.007	0.01	0.023854350426649233	0.023687623435745337	0.016077522705564826	0.012426657083992864	0.006685002544358972	1.648458733133308	1.818963902445475	1.8690182190555624	1.168289486730519	0.09250049686063282	47.64944161407879	0.030069450316437065
4.429179811860624	0.01	0.007	0.007	0.007	0.01	0.023661041091140478	0.02349566574778324	0.015879591642589213	0.01227176205696059	0.00666355958339842	1.6565407891261803	1.8251610561301146	1.874552300104079	1.170827820915058	0.09370490661993033	47.26360274575109	0.030019416427225762
4.4775801229903305	0.01	0.007	0.007	0.007	0.01	0.02346791159995498	0.023303886640760687	0.015683472379961913	0.012118324550824192	0.006640746294766409	1.6645450960054267	1.831229163791319	1.8799790592720969	1.1732755798151007	0.09490327615843028	46.87811955111621	0.02996910325892051
4.52633690462619	0.01	0.007	0.007	0.007	0.01	0.023274953937008697	0.0231122781546273	0.015489135156177716	0.011966320856363363	0.006616587046522093	1.6724721374069744	1.8371683577111	1.885299517849865	1.1756333996965576	0.09609540117107816	46.49297602142078	0.029918504791280887
4.575457825661546	0.01	0.007	0.007	0.007	0.01	0.023082159914454257	0.02292083215876912	0.015296550466181473	0.011815727448136719	0.0065911057302527375	1.6803223913674554	1.8429787465506577	1.8905146693624422	1.1779018904545153	0.09728108276589453	46.108155804362674	0.02986761481682717
4.62495080013805	0.01	0.007	0.007	0.007	0.01	0.02288952118006179	0.02272954035933778	0.015105689072946916	0.011666520995744134	0.006564325759503021	1.6880963297000107	1.8486604141926564	1.8956254791604608	1.1800816352220396	0.09846012722149498	45.72364221879883	0.029816426936728188
4.674824020780684	0.01	0.007	0.007	0.007	0.01	0.022697029122373705	0.022538394205068292	0.014916521918149484	0.01151867829606729	0.006536270054214316	1.6957944214530445	1.8542134215035946	1.9006328866577562	1.1821731910755464	0.09963234636609013	45.339418065403876	0.02976493452907203
4.725085983790274	0.01	0.007	0.007	0.007	0.01	0.0225046748155379	0.02234738483249804	0.014729020075401267	0.011372176238727527	0.006506961028545339	1.7034171345941014	1.8596378065951158	1.9055378062653372	1.1841770890687973	0.10079755769765691	44.95546551651966	0.02971313072655146
4.775745514638311	0.01	0.007	0.007	0.007	0.01	0.022312448964991606	0.022156503012030315	0.014543154706332074	0.011226991773690192	0.006476420577708152	1.7109649375370775	1.8649335848163202	1.9103411281279756	1.1860938340996179	0.10195558448562744	44.57176600769605	0.02966100839344549
4.8268117949262805	0.01	0.007	0.007	0.007	0.01	0.022120341853979614	0.021965739094826332	0.014358897019381379	0.011083101880914563	0.006444670063926935	1.7184383005152248	1.8701007484768806	1.9150437186684126	1.1879239046122743	0.10310625585317677	44.18830013089077	0.0296085601018538
4.87829439725132	0.01	0.007	0.007	0.007	0.01	0.021928343265362915	0.021775082935160558	0.014176218206979561	0.010940483523067852	0.006411730297157554	1.7258376977814502	1.8751392669618623	1.9196464215492428	1.189667752364224	0.10424940699078065	43.80504747833893	0.029555778100095402
4.930203331962957	0.01	0.007	0.007	0.007	0.01	0.0217364423662317	0.021584523775840317	0.01399508935061946	0.010799113573149402	0.006377621507320097	1.733163611046935	1.8800490874344091	1.9241500592561969	1.1913258022853521	0.10538487956708019	43.42198641216533	0.02950265426941185
4.9825490784757	0.01	0.007	0.007	0.007	0.01	0.02154462765774071	0.021394050198391794	0.013815481391170226	0.010658968793031137	0.006342363325758953	1.7404165302087569	1.8848301334281274	1.9285554328474948	1.1928984514974044	0.1065125217251779	43.03909396417764	0.029449180097040086
5.035342635633753	0.01	0.007	0.007	0.007	0.01	0.02135288686191822	0.02120365001066026	0.013637365042229897	0.010520025767509213	0.006305974754067511	1.7475969563109954	1.889482304691449	1.932863322949064	1.1943860686611132	0.1076321884263858	42.65634560984046	0.029395346630325142
5.088595563698592	0.01	0.007	0.007	0.007	0.01	0.021161206848061262	0.021013310173719796	0.013460710743878541	0.0103822608698748	0.006268474138187718	1.7547054027911895	1.8940054755956839	1.937074489546877	1.1957889927267498	0.10874374152948277	42.273715121257716	0.029341144440027948
5.142320067806082	0.01	0.007	0.007	0.007	0.01	0.020969573419817568	0.020823016590443708	0.013285488491741356	0.010245650130254599	0.0062298791129593925	1.761742401648489	1.8983994963229047	1.9411896745123034	1.197107532399763	0.10984705064100543	41.891174142045045	0.029286563542141437
5.196529045512181	0.01	0.007	0.007	0.007	0.01	0.02077797124462889	0.0206327540354409	0.013111667802759306	0.0101101692106246	0.006190206570965874	1.7687085039873798	1.9026641899927779	1.9452096005385842	1.1983419641388149	0.1109419930894149	41.50869204636387	0.0292315933571789
5.251236162325934	0.01	0.007	0.007	0.007	0.01	0.02058638369464305	0.020442505997080092	0.012939217603315008	0.009975793319293064	0.006149472611728763	1.7756042835660897	1.906799351286905	1.9491349716551043	1.1994925304559028	0.11202845436700126	41.126235621214114	0.029176222641869816
5.306455956878529	0.01	0.007	0.007	0.007	0.01	0.020394792599776824	0.020252254432278814	0.01276810604457372	0.009842497068757254	0.006107692468176639	1.7824303430973878	1.9108047461230069	1.952966474999607	1.2005594382395381	0.11310632900630177	40.74376857333503	0.029120439391999535
5.362203914187626	0.01	0.007	0.007	0.007	0.01	0.020203178130218182	0.020061979649826856	0.0125983004408807	0.00971025442954364	0.006064880456574164	1.7891873154515683	1.914680107618207	1.9567047793609003	1.2015428557598549	0.11417552065180828	40.36125129447412	0.02906423077881792
5.418496618203104	0.01	0.007	0.007	0.007	0.01	0.020011518424409652	0.019871659940970395	0.012429766988388167	0.009579038512970253	0.006021049866138515	1.7958758734176323	1.9184251363047302	1.9603505381432498	1.2024429104639465	0.11523594348015856	39.978640118539566	0.029007583006843578
5.4753518668849726	0.01	0.007	0.007	0.007	0.01	0.019819789372406013	0.01968127136428376	0.012262470632078935	0.009448821469689258	0.005976212876460293	1.802496733287093	1.9220394957600924	1.9639043883834095	1.2032596851191397	0.11628752264175428	39.59588688888452	0.02895048121133829
5.532788851500264	0.01	0.007	0.007	0.007	0.01	0.01962796420822615	0.019490787340870966	0.012096374774679666	0.009319574265313945	0.0059303804250866775	1.8090506644225441	1.9255228105302544	1.9673669525143134	1.2039932140169074	0.11733019564414637	39.21293814424657	0.028892909293170177
5.590828330682575	0.01	0.007	0.007	0.007	0.01	0.019436013154518244	0.019300178301514776	0.011931441044313398	0.009191266502038968	0.005883562079076707	1.8155384961337189	1.9288746612094	1.970738838005047	1.2046434778691089	0.11836391330076912	38.82973440907053	0.028834849761439154
5.649492866064288	0.01	0.007	0.007	0.007	0.01	0.019243902900836055	0.01910941116859976	0.011767628932238105	0.009063866139466383	0.005835765857978181	1.8219611292560782	1.932094580461744	1.974020638729218	1.205210398136015	0.11938864141624245	38.446209151605565	0.02877628351724723
5.708807132030123	0.01	0.007	0.007	0.007	0.01	0.019051595889327803	0.018918448646794657	0.011604895285716425	0.008937339103204756	0.0057869979965970144	1.8283195528516716	1.9351820495083625	1.9772129379146821	1.205693830314263	0.12040436327683517	38.06228735744837	0.028717189567100516
5.768798217036297	0.01	0.007	0.007	0.007	0.01	0.018859049688741244	0.01872724860143299	0.011443193899051286	0.00881164897033993	0.005737262715444451	1.8346148563842644	1.9381364898180657	1.9803163075473549	1.2060935550420153	0.12141108140102545	37.67788427930881	0.028657544749136413
5.829496079559862	0.01	0.007	0.007	0.007	0.01	0.018666215939958947	0.01853576301141953	0.011282474769010552	0.008686756394593846	0.0056865618656653715	1.840848254181809	1.940957257696818	1.983331312458515	1.2064092679835163	0.12240882122793247	37.29290333126903	0.02859732331060938
5.890934068409039	0.01	0.007	0.007	0.007	0.01	0.01847303919150083	0.018343936812872882	0.01112268329521867	0.008562618489610993	0.005634894522025486	1.8470211109271781	1.9436436351589106	1.986258512865603	1.2066405668099909	0.12339763494044216	36.907233763222585	0.028536496428379687
5.953149601940261	0.01	0.007	0.007	0.007	0.01	0.01827945534818836	0.018151706358634015	0.01096375920284861	0.00843918799753706	0.0055822564463160924	1.8531349765350233	1.946194819858293	1.9890984689394682	1.2067869350089895	0.12437760674796179	36.52074756283366	0.02847503158034001
6.016185055467835	0.01	0.007	0.007	0.007	0.01	0.018085389620059362	0.017958997381518703	0.010805635111534978	0.00831641218423321	0.005528639379900257	1.8591916328453886	1.9486099131932417	1.9918517475936552	1.2068477212314586	0.12534886000522494	36.13329535952556	0.02841289172198883
6.080088929939349	0.01	0.007	0.007	0.007	0.01	0.017890753800375237	0.017765722291352565	0.010648234632578489	0.008194231370115351	0.0054740301046061045	1.8651931559799133	1.950887905565537	1.994518932002959	1.2068221124148786	0.12631156676296718	35.74470098869504	0.028350034200003257
6.144917424511854	0.01	0.007	0.007	0.007	0.01	0.01769544257365968	0.017571776508817822	0.010491469782035672	0.008072576932500485	0.005418409169765646	1.8711420015154792	1.9530276579272738	1.9971006352982572	1.206709098133172	0.12726596086644296	35.35475411895103	0.028286409287588913
6.210736615645253	0.01	0.007	0.007	0.007	0.01	0.017499328352298952	0.01737703333814775	0.010335237350456756	0.007951368501803956	0.0053617491158031655	1.877041124701839	1.9550278786625652	1.9995975211590202	1.2065074221818892	0.12821235651504645	34.96319994099521	0.028221958150674246
6.27762566607378	0.01	0.007	0.007	0.007	0.01	0.01730225355093072	0.017181336295520978	0.010179413429087328	0.007830509732586774	0.005304011836569643	1.882894163692769	1.9568870966971332	2.002010338987002	1.2062155144014917	0.12915117669362683	34.5697237400666	0.028156609842787245
6.345681509456516	0.01	0.007	0.007	0.007	0.01	0.017104019262282822	0.016984487864061138	0.010023845385809273	0.0077098821042772	0.005245144707270262	1.8887057086228998	1.9586036238132418	2.004339976171004	1.2058313915625027	0.1300829950095127	34.173928282352044	0.028090276913222665
6.4150263765528415	0.01	0.007	0.007	0.007	0.01	0.01690436679628679	0.01678623116200131	0.009868338690872535	0.007589334740217086	0.0051850743191158045	1.8944817476642442	1.960175510067868	2.0065875529055734	1.2053525051575464	0.13100860532557185	33.7752969502895	0.02802284832940702
6.485820281179137	0.01	0.007	0.007	0.007	0.01	0.016702946808942513	0.016586219287353852	0.009712634822388938	0.007468667331511829	0.005123696027694672	1.900230418631963	1.961600482956173	2.008754588228167	1.2047754943250486	0.13192913937327894	33.37313209610847	0.027954177713949386
6.55828387194794	0.01	0.007	0.007	0.007	0.01	0.016499262191276003	0.016383958606106426	0.00955637019234485	0.007347598386801771	0.005060854717808017	1.905963415621319	1.9628758719877932	2.010843328227346	1.2040957493410405	0.13284628746950095	32.96644099799676	0.027884061766129797
6.632745109610671	0.01	0.007	0.007	0.007	0.01	0.01629255028360459	0.016178691789879737	0.009398991068433352	0.007225699456957812	0.004996305321202555	1.9116989198589633	1.9639985213904143	2.0128574616550177	1.2033065492143926	0.13376275948059954	32.55370065810323	0.027812196093304372
6.70975108420085	0.01	0.007	0.007	0.007	0.01	0.01608149824632886	0.015969115176457663	0.009239547161846122	0.007102235532693311	0.004929617847720317	1.917468748062317	1.9649647291222065	2.014803934684118	1.2023970610438808	0.13468341138581202	32.132289441023474	0.027738069204777217
6.790414147522964	0.01	0.007	0.007	0.007	0.01	0.015863355002294882	0.015752496920272988	0.00907604519753738	0.006975665146858458	0.004859882460597754	1.9233408464934516	1.965770485880851	2.0166988595581543	1.20134633739072	0.13561879642113456	31.696713768598816	0.02766063381384851
6.878203645066898	0.01	0.007	0.007	0.007	0.01	0.0156293014003491	0.01552007952194723	0.008902066883037634	0.006841024658419028	0.004784179598445769	1.9295374867024617	1.9664147760041548	2.0185995089666475	1.2000931729001243	0.1366038522673425	31.229363153342767	0.027576602792580708
6.970327325235936	0.01	0.007	0.007	0.007	0.01	0.01538740572887511	0.015279874863821282	0.008723812946828296	0.006703117919322206	0.004705035704911987	1.9358286577122876	1.9668385302717575	2.020419347296392	1.1986603146370811	0.13760146442932397	30.746347081209134	0.027488697627744828
7.039192805250287	0.01	0.007	0.007	0.007	0.01	0.015209029875657623	0.01510274596493855	0.008593365111487105	0.00660222387683151	0.0046460523085284505	1.940394026709087	1.966991724529549	2.021666954298838	1.1975134802877443	0.1383236387295212	30.39016268430656	0.02742316870217408
7.104640654893448	0.01	0.007	0.007	0.007	0.01	0.015041423605046279	0.014936311358765289	0.008471556019312723	0.006508032229241525	0.004590185441109515	1.9446265661598	1.967011283234827	2.0227660341925153	1.1963656669799834	0.13899167792684944	30.055479782584282	0.027361036602307265
7.170656920997139	0.01	0.007	0.007	0.007	0.01	0.01487423321629435	0.014770289722154807	0.008350777846540572	0.006414657589328548	0.004534049231780714	1.9487933006705302	1.966909703744046	2.0237915264463098	1.1951525421297462	0.13964780005598212	29.721624006205346	0.027298507493040417
7.237292933358181	0.01	0.007	0.007	0.007	0.01	0.014707358266960208	0.014604581314215442	0.008230945866334079	0.006322033945780385	0.004477620031201858	1.9528969980778768	1.9666866909528447	2.02474429704371	1.193873434432136	0.14029237874350117	29.388394783061514	0.027235536291614938
7.303895296725705	0.01	0.007	0.007	0.007	0.01	0.014542438770018064	0.01444081468322308	0.008113216034726143	0.0062310540247367775	0.0044214690635357755	1.956898350842609	1.9663458740373247	2.0256161930185526	1.1925419017330816	0.14091920392657864	29.059067065507048	0.02717274203829263
7.370187968119017	0.01	0.007	0.007	0.007	0.01	0.014380122998822078	0.01427963357092864	0.00799801563042882	0.006142046888138049	0.004365842530614325	1.9607837658418372	1.965892524366889	2.0264064191508337	1.1911655478640089	0.14152615100989124	28.73493550247455	0.02711038354045976
7.436148886048659	0.01	0.007	0.007	0.007	0.01	0.014220418065287871	0.014121045039759616	0.007885311262022519	0.006054985534124854	0.004310770037199599	1.9645554984778535	1.9653312891925847	2.0271179419816647	1.1897471737831986	0.14211359455377762	28.416014426922196	0.027048479142101626
7.501803531758176	0.01	0.007	0.007	0.007	0.01	0.014063216441740103	0.013964942313931125	0.007774990400785717	0.005969781893246285	0.004256240277937128	1.9682184321107894	1.964666287018707	2.027754134256884	1.1882884745277258	0.1426823225974316	28.102089240033504	0.026987002551846426
7.567177417102153	0.01	0.007	0.007	0.007	0.01	0.013908414148208672	0.013811222140547764	0.007666945782020595	0.005886352051831003	0.004202241215086113	1.9717772016567856	1.9639013268513414	2.028318139108606	1.186790981407372	0.1432330850043555	27.79295241873072	0.02692592768653586
7.632293483351584	0.01	0.007	0.007	0.007	0.01	0.013755916690925752	0.013659790686589611	0.007561079314683777	0.005804619262930715	0.0041487623225687515	1.975236069825392	1.9630399613004923	2.028812865173314	1.1852561344393604	0.14376657405958462	27.488415375378885	0.026865231089669164
7.69717207911464	0.01	0.007	0.007	0.007	0.01	0.013605638668775809	0.013510563148115164	0.007457301514252874	0.005724513499067661	0.00409579464831388	1.9785989544340128	1.9620855216553765	2.0292410118744746	1.1836853006437944	0.1442834287524168	27.188307672889437	0.02680489192148651
7.761831832395955	0.01	0.007	0.007	0.007	0.01	0.013457501359265203	0.013363461353107368	0.007355529578697951	0.005645969958842039	0.004043330138473331	1.9818694986033738	1.9610411355151125	2.0296050974348128	1.182079768439099	0.14478424564865938	26.892472204763546	0.026744891120682516
7.826289669650267	0.01	0.007	0.007	0.007	0.01	0.013311432375135263	0.01321841342048843	0.0072556869433067625	0.00556892871654673	0.003991361659513813	1.9850510912427461	1.9599097503927458	2.029907476602313	1.180440759527879	0.14526958206216867	26.6007645100484	0.02668521136645995
7.890561038778189	0.01	0.007	0.007	0.007	0.01	0.013167364882037364	0.013075352983264552	0.007157702557695232	0.00549333415816256	0.003939882848202694	1.9881468958267379	1.9586941515001475	2.0301503576338207	1.178769434363998	0.14573996050168922	26.313051211643685	0.026625836853051064
7.954660058125584	0.01	0.007	0.007	0.007	0.01	0.013025237023549189	0.012934218617562544	0.007061510329904716	0.005419134547092403	0.003888888018280039	1.9911598730273863	1.9573969777978628	2.0303358167288437	1.1770668979695462	0.14619587216539992	26.02920886858782	0.02656675313549532
8.018599682086252	0.01	0.007	0.007	0.007	0.01	0.01288499134129502	0.012794953266804436	0.006967048588252366	0.0053462816042700164	0.00383837205125211	1.9940928021031814	1.9560207352414403	2.030465810714741	1.1753342040585737	0.14663778023425317	25.74912281849094	0.026507946962305535
8.082391807799022	0.01	0.007	0.007	0.007	0.01	0.012746574354238562	0.012657503823941874	0.006874259669212027	0.005274730186073967	0.0037883303320242704	1.9969482977336879	1.954567809048875	2.0305421879850942	1.173572359630703	0.1470661224633738	25.472686337783287	0.026449406164419115
8.146047391506881	0.01	0.007	0.007	0.007	0.01	0.01260993613963171	0.012521820715334803	0.006783089521608985	0.005204437975317413	0.0037387586749442893	1.999728825848876	1.953040473993868	2.0305666981700927	1.1717823284053783	0.1474813136121831	25.19979980521611	0.02639111953683347
8.209576549639785	0.01	0.007	0.007	0.007	0.01	0.012475029968738728	0.012387857539022606	0.006693487361215762	0.005135365211545375	0.0036896532606000847	2.002436717438599	1.9514409034268996	2.030541000613748	1.1699650338647323	0.14788374755981656	24.930369974705638	0.026333076735784507
8.27298863254913	0.01	0.007	0.007	0.007	0.01	0.012341812019076111	0.012255570778975926	0.006605405387973278	0.005067474469993121	0.003641010592672347	2.0050741800572958	1.9497711776037576	2.0304666718595836	1.1681213623847304	0.14827379906675384	24.66430940094763	0.02627526820221229
8.336292317474237	0.01	0.007	0.007	0.007	0.01	0.012210241061702683	0.01212491949457319	0.006518798496809889	0.005000730435940612	0.0035928274390418574	2.0076433091681025	1.9480332903415618	2.0303452122653414	1.1662521652187878	0.1486518255030818	24.40153581516559	0.02621768506877842
8.39949564972731	0.01	0.007	0.007	0.007	0.01	0.01208027827108047	0.011995865131790913	0.006433624078359303	0.0049350997486477975	0.0035451008117694683	2.01014609648384	1.9462291560090696	2.030178051930282	1.1643582614693513	0.1490181681239276	24.141971745622357	0.026160319115065177
8.462606124554966	0.01	0.007	0.007	0.007	0.01	0.011951886961787587	0.011868371261757422	0.006349841779094539	0.004870550814263203	0.0034978279153441883	2.012584439248174	1.9443606145370023	2.0299665559145867	1.1624404394211727	0.14937315347610838	23.885543992012803	0.026103162686571865
8.525630709440643	0.01	0.007	0.007	0.007	0.01	0.011825032458463633	0.011742403451607649	0.006267413355648947	0.0048070536915335044	0.003451006139306288	2.0149601465013953	1.9424294373343136	2.0297120290390254	1.1604994592609494	0.14971709435569666	23.63218336592521	0.026046208668539378
8.588575928169444	0.01	0.007	0.007	0.007	0.01	0.01169968184921616	0.011617929019613645	0.006186302459034469	0.004744579923700089	0.0034046330041620824	2.0172749471726497	1.940437330698139	2.0294157199835903	1.1585360535785125	0.15005029102490344	23.38182419852484	0.025989450404487576
8.651447869071198	0.01	0.007	0.007	0.007	0.01	0.011575803900946922	0.011494916951102947	0.006106474529665496	0.004683102455935341	0.0033587061634166937	2.019530494765757	1.9383859408897268	2.029078825216716	1.1565509298783039	0.15037303192786375	23.134404171610694	0.025932881683960955
8.71425225099205	0.01	0.007	0.007	0.007	0.01	0.011453368866067463	0.0113733377065255	0.006027896626563433	0.004622595502233298	0.0033132233625521586	2.0217283737662815	1.936276856894102	2.0287024922930597	1.154544771039502	0.150685594649676	22.88986393173129	0.02587649667866031
8.776994418023767	0.01	0.007	0.007	0.007	0.01	0.01133234843618885	0.0112531631754673	0.005950537355504774	0.0045630344886398175	0.003268182449678684	2.0238701030944677	1.9341116150242437	2.0282878231831485	1.1525182377849112	0.15098824644705597	22.648146997834164	0.025820289943154218
8.839679408617744	0.01	0.007	0.007	0.007	0.01	0.011212715555809888	0.0111343664916412	0.005874366710870564	0.004504395930151027	0.0032235813319312252	2.0259571418448097	1.9318917006419274	2.0278358768734774	1.1504719685760145	0.1512812451002293	22.409199389276687	0.02576425634915689
8.90231195369097	0.01	0.007	0.007	0.007	0.01	0.011094444379477104	0.011016921990346443	0.0057993560128893114	0.004446657381178232	0.0031794179829173416	2.0279908922343086	1.9296185518935092	2.027347672121488	1.1484065815897262	0.1515648393635683	22.172969540381583	0.025708391083921374
8.964896515936157	0.01	0.007	0.007	0.007	0.01	0.01097751015362161	0.010900805091131742	0.005725477799613424	0.004389797351258616	0.0031356904203139165	2.0299727036990807	1.9272935617106612	2.026824189707604	1.1463226752042917	0.15183926957505287	21.939408064537226	0.025652689612015063
9.027437308101513	0.01	0.007	0.007	0.007	0.01	0.010861889143116437	0.010785992224866094	0.005652705750168756	0.0043337952449342045	0.003092396698352812	2.031903876024129	1.92491808023758	2.026266374606921	1.1442208290138942	0.1521047681254425	21.708467607609172	0.02559714765624116
9.089938302771175	0.01	0.007	0.007	0.007	0.01	0.0107475585766668	0.010672460779510928	0.00558101462216535	0.004278631312608187	0.003049534905835575	2.0337856620121815	1.922493417339122	2.0256751380573914	1.142101605003728	0.15236155986099892	21.480102738960053	0.025541761186324653
9.152403270908618	0.01	0.007	0.007	0.007	0.01	0.010634496542675329	0.010560188996713347	0.005510380160209017	0.004224286579238084	0.0030071031442291166	2.0356192708285015	1.9200208437633175	2.0250513591862997	1.139965547632481	0.152609862575087	21.254269743539815	0.025486526382331825
9.214835774710906	0.01	0.007	0.007	0.007	0.01	0.010522681971946522	0.010449155954631608	0.005440779060916579	0.004170742816575873	0.0029650995369827535	2.0374058697801996	1.9175015938498203	2.024395886902912	1.137813185351033	0.15284988728241458	21.030926587421444	0.025431439638826388
9.277239197544423	0.01	0.007	0.007	0.007	0.01	0.010412094555126964	0.010339341485952568	0.005372188898777612	0.004117982485341498	0.002923522213302632	2.039146587055687	1.9149368666113398	2.023709541300933	1.1356450307676835	0.1530818386215966	20.810032752970766	0.025376497536352738
9.339616753067995	0.01	0.007	0.007	0.007	0.01	0.01030271470067024	0.010230726136150496	0.00530458807906073	0.004065988698262051	0.0028823693060490542	2.0408425136911013	1.9123278274468507	2.0229931151281098	1.1334615814301339	0.1533059151496431	20.591549154954553	0.025321696831545944
9.40197150250746	0.01	0.007	0.007	0.007	0.01	0.010194523480509116	0.010123291109539075	0.005237955784575332	0.004014745178435542	0.0028416389440914535	2.042494705634543	1.9096756093640974	2.022247375050725	1.131263320244912	0.15352230964689842	20.375438032088898	0.025267034440225086
9.464306351189746	0.01	0.007	0.007	0.007	0.01	0.010087502613746985	0.010017018253077015	0.005172271947223741	0.003964236236807146	0.0028013292580958706	2.0441041851400072	1.9069813149396815	2.0214730630589828	1.129050716554638	0.15373120933147738	20.16166291452556	0.02521250743882182
9.526624069767152	0.01	0.007	0.007	0.007	0.01	0.009981634408897558	0.009911889999011509	0.005107517195188022	0.00391444673094861	0.0027614383699686054	2.045671942722741	1.9042460171147897	2.0206708974911356	1.126824226284103	0.1539327961455736	19.950188508534712	0.025158113044256518
9.588927307101944	0.01	0.007	0.007	0.007	0.01	0.009876901722961942	0.009807889324241427	0.005043672811771758	0.003865362032843738	0.002721964387891126	2.0471989387681497	1.9014707602000058	2.0198415740509357	1.1245842923103346	0.1541272469930759	19.740980614814955	0.025103848601323815
9.651218590710432	0.01	0.007	0.007	0.007	0.01	0.00977328794299917	0.009704999732016793	0.004980720709019125	0.0038169680080719095	0.002682905409168042	2.048686104743185	1.8986565613239015	2.018985766908521	1.1223313452239472	0.1543147339242326	19.53400609173088	0.02504971158103573
9.713500343654214	0.01	0.007	0.007	0.007	0.01	0.009670776941313696	0.009603205207439508	0.004918643386193708	0.0037692509833846858	0.0026442595125584574	2.0501343447326974	1.8958044110546712	2.0181041295115527	1.1200658034501836	0.15449542435991145	19.329232765845983	0.024995699564732674
9.775774880758364	0.01	0.007	0.007	0.007	0.01	0.009569353066357717	0.009502490208429427	0.004857423910860838	0.003722197731690225	0.0026060247634898006	2.0515445364043656	1.8929152748629638	2.017197295611116	1.1177880740704722	0.1546694812418104	19.12662941379462	0.02494181024626435
9.838044429533488	0.01	0.007	0.007	0.007	0.01	0.009469001094066539	0.009402839617399832	0.00479704587681815	0.0036757954392701666	0.002568199203883861	2.0529175324812674	1.8899900933730833	2.0162658798774666	1.11549855270369	0.15483706324433194	18.926165665113174	0.024888041412828934
9.900311122192361	0.01	0.007	0.007	0.007	0.01	0.009369706227575344	0.009304238740976339	0.0047374933920350925	0.003630031696089124	0.0025307808597138082	2.054254161487832	1.8870297838708057	2.0153104788738805	1.113197624402725	0.15499832489462909	18.727812001714096	0.024834390950933274
9.9625770000069	0.01	0.007	0.007	0.007	0.01	0.009271454077119701	0.009206673290037881	0.00467875105520943	0.003584894477377298	0.0024937677406799623	2.0555552287407837	1.8840352411921322	2.0143316718140767	1.1108856640712705	0.15515341672255412	18.531539717773796	0.02478085684167324
10.0	0.01	0.007	0.007	0.007	0.01	0.00921289911230381	0.009148527573482524	0.004643829699493894	0.003558062995625063	0.0024717087264375342	2.056320404734344	1.882219378546624	2.0137323708494854	1.1094909919642737	0.15524372205022433	18.414567313537457	0.024748737341529197
