0.0	0.01	0.007	0.007	0.007	0.01	0.0	0.0	0.0	0.0	0.0	0.0	0.0	0.0	0.0	0.0	100.0	0.035
0.0065469600811828964	0.01	0.007	0.007	0.007	0.01	0.002552111665653869	0.0061560182207509384	0.0032185020956616048	0.0011363196248644835	0.00016697007054609664	9.503611415652584e-5	0.00041429708398572993	0.0004499735988996645	7.31375094031511e-5	3.7536250900961413e-6	99.88546543072702	0.03499205938878514
0.011690626586455493	0.01	0.007	0.007	0.007	0.01	0.004454095579084492	0.01055544950697549	0.005632340101778118	0.002002839704155972	0.0002773959101587356	0.00029825020031246444	0.0012847077497392802	0.0014146268560710678	0.00023103104219161292	1.1399418506852736e-5	99.79557254446121	0.034985822053906115
0.018899810282182697	0.01	0.007	0.007	0.007	0.01	0.006975425915858818	0.016136169990248164	0.008853569929047499	0.003179650671727854	0.00040657788934459523	0.000762478122269603	0.00323111169147938	0.003625255915315902	0.0005959868698547064	2.7882151014576713e-5	99.66971794443094	0.03497708189383197
0.0261514918879249	0.01	0.007	0.007	0.007	0.01	0.009351081312200521	0.0211286527629728	0.011912517174844097	0.004320436336065357	0.0005115939689354705	0.0014280853393896357	0.005956009392764937	0.006806120994206314	0.0011262598861549106	5.005304945056394e-5	99.54328155959838	0.0349682924136018
0.03455726422351573	0.01	0.007	0.007	0.007	0.01	0.011916445971179794	0.026225379236269816	0.015243815759105892	0.005590834610061575	0.000608256355453432	0.0024315894233534964	0.009961678893826736	0.011620028596155829	0.0019372366940569145	8.133747521285253e-5	99.39692377312517	0.03495810686898216
0.04342185954111154	0.01	0.007	0.007	0.007	0.01	0.014417974827523775	0.03089546310361839	0.01852275950300279	0.00687253227186961	0.0006871987102562915	0.0037395637456738027	0.015044654066738342	0.017920160764573097	0.003010687629260577	0.00011940936239683834	99.24281027514917	0.03494736856795881
0.053074133925779005	0.01	0.007	0.007	0.007	0.01	0.016921912458542993	0.035267418847582124	0.021837995207150337	0.008203271646621841	0.0007524738090298239	0.0054313800035848256	0.02144032297538863	0.026103942374753896	0.004421819899574164	0.00016537929509718855	99.07527448387907	0.034935679847669064
0.06328097067353457	0.01	0.007	0.007	0.007	0.01	0.019340570835551563	0.039196388380338676	0.025075086740718913	0.009540297778069903	0.0008037418857630683	0.0074973357286744185	0.029032774765605084	0.03614189536865073	0.006174457841923962	0.00021780524922098462	98.89842073585419	0.03492332381576161
0.0741343959335742	0.01	0.007	0.007	0.007	0.01	0.021676390271194095	0.04270943432071543	0.028237395532383032	0.010886767102590629	0.0008433898443476146	0.00997716575451984	0.03789022451250002	0.0482455957121876	0.008315340919234733	0.0002766750268161715	98.71070986587068	0.03491018984096615
0.08556024227053924	0.01	0.007	0.007	0.007	0.01	0.023896488426366658	0.045784862156637546	0.03127986527790266	0.012224770561373867	0.0008730465562096456	0.012871584454078336	0.047937837682319615	0.06243838198869295	0.010859496647697892	0.00034110658723205696	98.51348387375073	0.03489636850353987
0.09758931787500606	0.01	0.007	0.007	0.007	0.01	0.025994436626595733	0.04844744035952871	0.03419216895128712	0.013550119879473245	0.0008946745097413862	0.016200163719453847	0.0591705083833659	0.07883663192837247	0.013839480163589813	0.0004108004065028033	98.30627110838805	0.034881823379488044
0.11020772052692018	0.01	0.007	0.007	0.007	0.01	0.027957901561276532	0.05071710843214759	0.0369550532867019	0.014853830660692456	0.0009099250950484517	0.019967351507854048	0.07153439460272623	0.09748322403578819	0.0172756501316833	0.00048525135507613914	98.08937498670608	0.034866572177735505
0.12343821380520634	0.01	0.007	0.007	0.007	0.01	0.02978324466010971	0.05262642404076313	0.03956062031723527	0.016131289508947388	0.0009202880399362348	0.024184523230340527	0.08500376307935614	0.11845554856754428	0.021195559782591574	0.0005642223875502055	97.86247162581479	0.03485058833532174
0.13729506353704451	0.01	0.007	0.007	0.007	0.01	0.031467143633410896	0.05420813788064915	0.04200086438477932	0.0173771607295395	0.0009270075325349504	0.028858079619796573	0.09954172001276594	0.14180653497732573	0.02562314531324075	0.0006474866946045856	97.62538895343012	0.034833855643676276
0.15180831723386767	0.01	0.007	0.007	0.007	0.01	0.03300967811108345	0.055497314087381545	0.044272190382747455	0.018587673514734414	0.0009311341973502147	0.03399747635972109	0.11512650814494449	0.1676042679540946	0.030586050951687455	0.0007349704844696798	97.37769138068354	0.03481633893200215
0.16701019200063524	0.01	0.007	0.007	0.007	0.01	0.03441201916124242	0.05652795861948981	0.0463722453525309	0.019759172120027164	0.00093355494486734	0.03961134892820243	0.1317391358684087	0.19591252454029018	0.03611198184777446	0.0008266698648592549	97.11891499187078	0.03479800053725984
0.18294238761630932	0.01	0.007	0.007	0.007	0.01	0.035676900208225185	0.057332796954970754	0.04830071685515023	0.02088862174183488	0.0009350428665179267	0.045710395980046815	0.14937201858811988	0.2268050523993602	0.0422314472289063	0.000922694095583391	96.84844460121893	0.03477879150483193
0.19965203431868414	0.01	0.007	0.007	0.007	0.01	0.03680788902720883	0.05794226338680977	0.05005835244492696	0.021973157145407058	0.0009363015986413778	0.05230620287554867	0.16802507240723127	0.2603595013189019	0.0489766156012956	0.0010232434834356909	96.56558517422445	0.03475865651227382
0.21719394889600052	0.01	0.007	0.007	0.007	0.01	0.03780934874174441	0.0583842478115069	0.051646979450466625	0.02301015268800424	0.0009380049940747751	0.05941224989937038	0.18770826516283104	0.29666233663068364	0.056382302934168724	0.001128629382521843	96.26952602349743	0.03473753118578507
0.23562936959577072	0.01	0.007	0.007	0.007	0.01	0.0386861626563042	0.05868383540539215	0.05306915024013754	0.02399705640996504	0.0009408264309362333	0.06704349945007328	0.2084400077917278	0.33580652656885435	0.06448552083585782	0.0012392776599292688	95.9593651133647	0.03471534366716754
0.25502644253402074	0.01	0.007	0.007	0.007	0.01	0.03944364433692042	0.05886327091487973	0.05432805910156933	0.024931368820961253	0.000945456123698595	0.07521657882449154	0.2302472694393878	0.37789219299258203	0.0733255845902506	0.0013557474744388504	95.63410395193449	0.03469201407408481
0.27545927186886704	0.01	0.007	0.007	0.007	0.01	0.040087418606731234	0.0589419926911026	0.05542740395968293	0.02581056995535222	0.0009526049008422303	0.08394930524071954	0.25316392351426803	0.4230238180209124	0.08294346324539284	0.0014787457504835825	95.29266693936164	0.0346674556936037
0.297006938306712	0.01	0.007	0.007	0.007	0.01	0.04062336484408745	0.05893675430150306	0.05637134225626932	0.026632095142595687	0.0009629943730763834	0.09326012096660158	0.2772289572922498	0.47130687261953386	0.09338091696191683	0.0016091447206920597	94.93392126466391	0.03464157621476449
0.3197512158291981	0.01	0.007	0.007	0.007	0.01	0.04105757534446614	0.05886179893231152	0.057164469969550664	0.02739331506267067	0.0009773338223540225	0.10316691978540048	0.3024831977519746	0.5228411703405395	0.10467880995989627	0.0017479929681111384	94.55671833275436	0.03461428052337606
0.3437733202333688	0.01	0.007	0.007	0.007	0.01	0.04139635103418386	0.05872907840349704	0.05781186745067715	0.028091560931875575	0.00099628530927698	0.11368542758190116	0.3289650347203473	0.577711763524468	0.1168747121858271	0.0018965188554342582	94.15995055224293	0.034585474649640124
0.36914933302199004	0.01	0.007	0.007	0.007	0.01	0.04164622041490626	0.05854850245486675	0.05831919645394903	0.028724198120107947	0.0010204194269114767	0.12482703115361232	0.3567048753292344	0.6359768480038147	0.12999962534219406	0.0020561196582317325	93.74262868903409	0.03455507128622881
0.3959461713350779	0.01	0.007	0.007	0.007	0.01	0.0418139804405351	0.05832819286670463	0.05869285915989885	0.029288795732510173	0.0010501677891253409	0.13659694235785796	0.38572050482612014	0.6976573812995857	0.14407487449847584	0.002228342581933938	93.30394826949765	0.034522994624535196
0.42421992337121633	0.01	0.007	0.007	0.007	0.01	0.041906710608808274	0.05807471122628449	0.05894014207972141	0.02978337527509624	0.0010857818123478531	0.14899356020988894	0.4160153179172724	0.7627330946285084	0.15911032901029104	0.0024148652087282165	92.84331538312517	0.03448918233282879
0.4540196280776084	0.01	0.007	0.007	0.007	0.01	0.041931706307535614	0.05779322640244911	0.05906924503608595	0.030206695499988223	0.0011273110064001512	0.1620103762201687	0.4475825036737317	0.8311521466568538	0.17510583428943988	0.0026174962200027317	92.36028313901028	0.03445358101466113
0.4853970778665465	0.01	0.007	0.007	0.007	0.01	0.0418962843530363	0.05748761740155804	0.059089081158816975	0.03055845684919714	0.0011746099573860882	0.1756405485981682	0.4804152914768375	0.9028552022237467	0.19205633668826358	0.002838209310595216	91.85439266295796	0.03441613450367903
0.5184207019612391	0.01	0.007	0.007	0.007	0.01	0.04180747759507925	0.05716053788156799	0.059008833005765454	0.030839326577184155	0.001227373016603688	0.18988306693698448	0.5145206238934105	0.9778081920053083	0.20995957239617802	0.003079211968030468	91.32495387696409	0.03437676737099473
0.5531909236280506	0.01	0.007	0.007	0.007	0.01	0.04167169039920065	0.056813470546370023	0.05883736131071986	0.03105076741172182	0.001285186352252016	0.20474913342092366	0.5499330902852703	1.05603625795052	0.22882457763139943	0.00334304568577565	90.77081108309821	0.03433536680158201
0.5898567888341135	0.01	0.007	0.007	0.007	0.01	0.04149438391346237	0.056446766658996	0.05858258875778621	0.031194728326163237	0.0013475860540621552	0.22026847829324522	0.5867286062543157	1.1376570459724187	0.24868046631960475	0.0036327273887694664	90.1900988912626	0.03429176311741507
0.6286371900037332	0.01	0.007	0.007	0.007	0.01	0.04127980767529333	0.056059627238025954	0.058250909584644614	0.03127326162898063	0.0014141168549353053	0.23649682589169727	0.6250407615439738	1.2229193716195021	0.2695868032488316	0.003951967817852304	89.57993898676182	0.034245705044935265
0.6698512232127759	0.01	0.007	0.007	0.007	0.01	0.041030748444117464	0.05564997590512601	0.05784659430029951	0.0312880808995898	0.0014843893546827515	0.25352608563009693	0.6650834059800015	1.3122550742376926	0.2916474202235244	0.004305518535183099	88.93601294533062	0.0341968244408644
0.713953151469672	0.01	0.007	0.007	0.007	0.01	0.040748311088858714	0.055214272755443314	0.05737122444564201	0.03124005072233521	0.0015581176413367892	0.2714948923798174	0.7071736242319077	1.4063309623820168	0.3150243770031361	0.004699626217978378	88.25209230374641	0.034144596011612564
0.7614620079658859	0.01	0.007	0.007	0.007	0.01	0.04043247337471071	0.05474835320930739	0.05682448066937835	0.03112897576922969	0.0016349528220234839	0.2905552277598679	0.7516517573568342	1.5058692745358666	0.3398938528622913	0.0051415555471959	87.52122128657838	0.03408842211757464
0.8120716444163938	0.01	0.007	0.007	0.007	0.01	0.04008838800781735	0.05425615409891733	0.056215381845621755	0.030957247601999284	0.0017130949841363996	0.31052060476001875	0.7980640226763628	1.6098144304551023	0.3659843200276139	0.00563085760846299	86.74930528010302	0.034028683555843584
0.8635240705219804	0.01	0.007	0.007	0.007	0.01	0.03973454588030781	0.0537602087830664	0.055577983088097735	0.030738803472965103	0.001788083813305476	0.33046177043453495	0.8442427957385925	1.7132693587658507	0.3920472797047837	0.0061463047520384385	85.97151352363937	0.033968057500641406
0.9151997031363467	0.01	0.007	0.007	0.007	0.01	0.03937778097509025	0.05326664402054723	0.05492668805168365	0.030485264615570228	0.0018585684307963867	0.35013098936320786	0.889619295363504	1.8149239359452076	0.41772718660011404	0.006680502245549206	85.19736662912946	0.033907277158633856
0.9670301540291546	0.01	0.007	0.007	0.007	0.01	0.03902027873088251	0.052776146229722425	0.05426738327706451	0.030204826914243105	0.0019242761423392035	0.3695029199096207	0.93414112144415	1.9146357231926363	0.44296574639885167	0.007231130779328767	84.42790266788843	0.03384642396660131
1.0189861892727006	0.01	0.007	0.007	0.007	0.01	0.038663336094500456	0.05228899794985071	0.05360402555636347	0.02990393925925723	0.001985136966338314	0.38856903752991667	0.9777936159779027	2.0123552094507025	0.4677324086260633	0.007796220217593627	83.66354898422327	0.033785532938222104
1.0710981840280962	0.01	0.007	0.007	0.007	0.01	0.03830744150091014	0.051804913881685226	0.05293880007779466	0.029587402711806276	0.0020412476974910297	0.40734331449372374	1.020612673378364	2.108151994356732	0.4920304879210648	0.008374474366134603	82.90385196717969	0.0337245691684905
1.1233986517345795	0.01	0.007	0.007	0.007	0.01	0.037952819796826895	0.05132359666446215	0.05227316904261008	0.02925894081531385	0.0020927610458550475	0.4258399335457488	1.0626336062378314	2.2020984734412394	0.5158670455479002	0.00896470093559131	82.14834309340054	0.033663495514047216
1.1759385856890665	0.01	0.007	0.007	0.007	0.01	0.037599417123474706	0.05084459091758191	0.051607888243892924	0.028921330759436117	0.0021398778996412245	0.44407876102765015	1.1039037295445708	2.2942967454616174	0.5392590828479512	0.009566006807388429	81.39630726805997	0.03360225358594654
1.22876860253525	0.01	0.007	0.007	0.007	0.01	0.03724709093613093	0.050367461163569424	0.050943402335091266	0.028576704854476765	0.0021828104853614952	0.46207835428656296	1.144466509065406	2.384842309808439	0.5622238044705645	0.01017758975223124	80.64706090809703	0.03354078586730309
1.281943487312003	0.01	0.007	0.007	0.007	0.01	0.03689561791113111	0.049891751310932285	0.05027989263817668	0.02822666975385611	0.0022217761175613773	0.47985747942568935	1.1843650885032255	2.473831392238264	0.5847800489138554	0.010798783959570952	79.89988784934873	0.03347903043909034
1.3355155688004248	0.01	0.007	0.007	0.007	0.01	0.036544762326867875	0.04941704482318452	0.04961743200886078	0.02787246423307167	0.0022569851960754293	0.49743284125299286	1.2236372457105218	2.5613493204206055	0.6069450035358356	0.01142897451913757	79.15413363168798	0.03341692870166028
1.3895360979451412	0.01	0.007	0.007	0.007	0.01	0.036194281563211875	0.04894295156966917	0.04895601533789016	0.027515038854132912	0.0022886388946262246	0.5148196211871264	1.2623166894492108	2.647473192154072	0.62873462100737	0.012067602849385769	78.40918480140701	0.033354423760631684
1.4440530818671806	0.01	0.007	0.007	0.007	0.01	0.035843949204589484	0.048469126038935446	0.048295618372413994	0.027155138132670464	0.0023169260297748835	0.5320308573033159	1.3004317538993189	2.7322688274356306	0.65016264795512	0.012714131075397447	77.66449753438698	0.03329146292086951
1.4991118822164389	0.01	0.007	0.007	0.007	0.01	0.03549355632341995	0.0479952607914398	0.04763621147445859	0.02679334850459576	0.0023420229485990574	0.5490777512148817	1.3380061632462181	2.815792392913267	0.6712408848002424	0.013368039733173737	76.91958739083199	0.033227996969190425
1.5547546691146261	0.01	0.007	0.007	0.007	0.01	0.035142917942175424	0.047521089937858904	0.04697778014461887	0.02643014162726635	0.0023640933814890693	0.5659696071920703	1.3750589712680568	2.8980902256084864	0.691979026459917	0.014028813170698068	76.17403483235448	0.03316398078038911
1.6110208593234208	0.01	0.007	0.007	0.007	0.01	0.03479187177506757	0.047046384090553485	0.04632032870745838	0.02606590188955001	0.0023832891793473757	0.582714078787534	1.4116051755979406	2.9792001804343258	0.7123849159668069	0.014695937835951686	75.427477339893	0.03309937278686761
1.667947142824469	0.01	0.007	0.007	0.007	0.01	0.03444027876948721	0.04657094896648616	0.04566388566958373	0.025700949561257083	0.002399751025097999	0.5993172786334894	1.4476560223242545	3.059152302241617	0.7324646485382056	0.015368896833825026	74.6796072685656	0.03303413492506944
1.7255678570288142	0.01	0.007	0.007	0.007	0.01	0.03408802097314302	0.046094621148372684	0.04500850278189922	0.025335556299925538	0.002413609345091935	0.6157839835676503	1.4832195121286182	3.137969952469099	0.7522228060246662	0.016047169619712986	73.93016522990976	0.03296823218470544
1.7839152227440604	0.01	0.007	0.007	0.007	0.01	0.033735000009515397	0.04561726516210585	0.04435425431087496	0.02496995746697748	0.002424985158970834	0.6321177864589038	1.5183007819965997	3.215670662366266	0.7716626343498937	0.01673023090663868	73.17893553842565	0.032901632320297254
1.8430196729259771	0.01	0.007	0.007	0.007	0.01	0.033381134855408924	0.04513876992508467	0.04370123433198245	0.02460436072835614	0.0024339909122535032	0.648321263449951	1.5529025129147729	3.2922670441813158	0.7907862443665039	0.017417551366839295	72.42574066285833	0.03283430545995886
1.902910119922113	0.01	0.007	0.007	0.007	0.01	0.033026359954056124	0.04465904584876	0.04304955416750097	0.024238952659482164	0.0024407312319696304	0.6643961122327516	1.587025267834064	3.367767546585683	0.8095947802585819	0.018108598166780322	71.67043670117582	0.03276622378819265
1.9636142889263715	0.01	0.007	0.007	0.007	0.01	0.03267062294544532	0.04417802155118556	0.04239933878764933	0.023873903119696997	0.002445303622403984	0.6803432973622	1.6206678375962027	3.442177225621288	0.8280885966309409	0.018802836698524745	70.91290823607184	0.032697361157044955
2.0251589720580774	0.01	0.007	0.007	0.007	0.01	0.03231388291690392	0.043695641354106446	0.04175072395228339	0.023509368727060168	0.0024477990788981524	0.6961631632728149	1.65382751132743	3.5154983460112788	0.846267396780932	0.01949973170408208	70.15306442012871	0.03262769279145817
2.087570310697293	0.01	0.007	0.007	0.007	0.01	0.03195610854714335	0.043211862687332125	0.04110385301808509	0.02314549509799263	0.002448302640183033	0.7118555452022219	1.6865003363337756	3.587730956792011	0.8641303671365519	0.020198748951663275	69.39083491014722	0.03255719496616354
2.150874075322538	0.01	0.007	0.007	0.007	0.01	0.03159727634411444	0.04272665365237629	0.0404588738466081	0.022782418306716054	0.002446893876975209	0.7274198696982297	1.7186813498883804	3.6588734024618677	0.8816762973772173	0.020899357016529476	68.626166047371	0.03248584468934502
2.2150959388146174	0.01	0.007	0.007	0.007	0.01	0.031237369007532264	0.04223999077505372	0.03981593591577487	0.022420265791089956	0.0024436473225834345	0.7428552441168373	1.7503647820370978	3.728922768104734	0.8989036852864116	0.02160102904795515	67.85901733063903	0.03241361939771195
2.280261716615945	0.01	0.007	0.007	0.007	0.01	0.030876374066017457	0.041751857142163486	0.039175187932947865	0.022059157008043614	0.0024386328546099722	0.758160529448933	1.781544218370985	3.7978752345466997	0.9158108200683246	0.022303244177888103	67.08935849048112	0.03234049669284985
2.3463976686120804	0.01	0.007	0.007	0.007	0.01	0.030514282261814876	0.04126224020478615	0.038536775033725205	0.021699203430854748	0.0024319160279397613	0.7733344195020171	1.8122127702581656	3.865726449115313	0.9323958697491951	0.023005489551799728	66.31716603332619	0.032266454012334134
2.413530750991449	0.01	0.007	0.007	0.007	0.01	0.03015108631497884	0.040771130099601566	0.037900836715255154	0.021340508622150277	0.002423558368982515	0.7883754996152704	1.8423631975808739	3.932471791153505	0.9486569426612881	0.023707261706854773	65.54242059799451	0.032191468361555294
2.4816889232731265	0.01	0.007	0.007	0.007	0.01	0.02978677948771308	0.04027851770299612	0.03726750448801027	0.02098316787990278	0.0024136176281502747	0.8032823097955488	1.8719880348841473	3.9981066455940226	0.9645921506030226	0.024408068385703977	64.76510388651296	0.03211551598846295
2.550901478252825	0.01	0.007	0.007	0.007	0.01	0.029421354144920458	0.03978439268188664	0.0366368996152888	0.02062726772026519	0.0024021479931716156	0.8180534036983844	1.9010797028791113	4.062626645572196	0.9801996638040313	0.02510743036202278	63.98519558491021	0.032038572038254956
2.621199377896494	0.01	0.007	0.007	0.007	0.01	0.029054800410897596	0.039288741675665255	0.03600913112317234	0.020272885345391435	0.002389200269305986	0.8326873994469499	1.9296305972260015	4.126027867136596	0.9954777534276199	0.025804883049428906	63.20267048596859	0.0319606102074823
2.6926156387691917	0.01	0.007	0.007	0.007	0.01	0.02868710470329017	0.03879154631284706	0.0353842937103021	0.019920087923130565	0.0023748220223841483	0.8471830311596552	1.957633171862806	4.188307015392341	1.010424830987689	0.02649997827838146	62.417495345899525	0.031881602349794834
2.7651857619036813	0.01	0.007	0.007	0.007	0.01	0.028318248194175184	0.03829278112957652	0.03476246565876659	0.01956893176443849	0.002359057685918498	0.8615391987804747	1.9850800113023137	4.249461591032548	1.0250394817628392	0.027192286103655015	61.629625580280326	0.03180151804020168
2.8389482809406257	0.01	0.007	0.007	0.007	0.01	0.02794820485231429	0.037792410922030416	0.03414370618131113	0.019219461102438475	0.0023419486162939724	0.8757550291006662	2.011963915338941	4.30949009114404	1.0393205047862846	0.027881397242891112	60.83900105912388	0.031720324017911514
2.913945314336498	0.01	0.007	0.007	0.007	0.01	0.02757693968472358	0.03729038836846749	0.033528053269103394	0.018871707092322568	0.002323533120594705	0.8898299231414243	2.03827794712125	4.36839213704802	1.053266933427941	0.028566924928706244	60.045542320079534	0.0316379836357586
2.990223307257491	0.01	0.007	0.007	0.007	0.01	0.027204406281305393	0.03678665070895929	0.03291552055522386	0.01852568620803309	0.0023038464160401485	0.9037636238097673	2.0640155074545214	4.426168671733134	1.0668780702174148	0.029248507789246876	59.249145283801425	0.03155445611386252
3.067833879256773	0.01	0.007	0.007	0.007	0.01	0.02683054415509396	0.03628111614878958	0.032306094062413415	0.018181398537597194	0.0022829205372236335	0.9175562831936703	2.089170393016161	4.482822135860106	1.0801535135645528	0.02992581274423661	58.44967552134855	0.03146969569354009
3.1468349501462995	0.01	0.007	0.007	0.007	0.01	0.02645527511823749	0.03577367895799983	0.03169972763319553	0.017838825307255852	0.002260784145103605	0.9312085560699724	2.1137368837878996	4.538356728403667	1.093093200590637	0.030598539194198277	57.64696044636913	0.03138365050699448
3.2272920252821473	0.01	0.007	0.007	0.007	0.01	0.026078499381888297	0.03526420419760692	0.03109633823547541	0.017497926315602593	0.0022374622665614053	0.9447216914646794	2.137709802727595	4.592778629703134	1.10569743627301	0.031266423099408	56.84078089959935	0.031296261298549434
3.309280016242469	0.01	0.007	0.007	0.007	0.01	0.025700089740043227	0.03475251985494433	0.03049579857971822	0.017158635835085735	0.002212975856807272	0.9580976785493956	2.1610846418909033	4.646096407916408	1.1179669589535706	0.03192924369015695	56.03085861269774	0.031207459595652593
3.3928854917842175	0.01	0.007	0.007	0.007	0.01	0.025319884576081572	0.03423840738704528	0.029897928396704677	0.016820857747833685	0.002187341206213008	0.9713394140174042	2.1838576837655967	4.69832146050287	1.1299030051369259	0.032586831159976924	55.21684112301255	0.031117165456521798
3.478209780395691	0.01	0.007	0.007	0.007	0.01	0.024937678040318538	0.033721588438666954	0.029302481933684118	0.016484458540372827	0.0021605690620325976	0.9844509423194651	2.206026192612522	4.749468678331305	1.1415074136501926	0.03323907782968864	54.39828059371458	0.031025284353645925
3.565373241520797	0.01	0.007	0.007	0.007	0.01	0.02455320644313009	0.03320170644299881	0.028709130489987793	0.01614925749542409	0.0021326633564913897	0.9974377895827347	2.2275886852020914	4.799557382624799	1.1527827750660506	0.03388595374812501	53.5746044756068	0.030931702876133716
3.6545213077791385	0.01	0.007	0.007	0.007	0.01	0.024166128871550247	0.03267830041133874	0.0281174373515124	0.01581501259377902	0.002103619341194561	1.0103074416478586	2.248545327326963	4.848612685359413	1.1637326523243279	0.03452752911977064	52.74507371789226	0.030836282639545527
3.7458334932906525	0.01	0.007	0.007	0.007	0.01	0.02377599788868378	0.03215076531275027	0.027526819487158054	0.01548139894819099	0.0020734207294313112	1.0230700769848045	2.2688985758538025	4.896667624149858	1.1743619378525967	0.035164008881646266	51.90871961434346	0.03073885117984
3.8395372742246736	0.01	0.007	0.007	0.007	0.01	0.02338221393459263	0.031618290414871665	0.026936487530091844	0.015147974990437206	0.002042035203511796	1.0357397172898317	2.2886542208837297	4.943766561155331	1.1846774325769542	0.0357957872033134	51.064245536553926	0.030639187891521636
3.9359307754199575	0.01	0.007	0.007	0.007	0.01	0.02298394992437343	0.031079757325467267	0.02634534583458572	0.014814126142850178	0.0020094069601092604	1.0483361509563451	2.307823196908035	4.989970950783404	1.194688848120845	0.036423538978840375	50.20986447593314	0.030537000988117124
4.0354224482587995	0.01	0.007	0.007	0.007	0.01	0.02258001790207361	0.03053355968222864	0.025751814684931883	0.014478964587171109	0.0019754435212030823	1.0608883693006514	2.3264249319661925	5.035369775716161	1.2044106510962238	0.03704838390609963	49.34301179909848	0.030431887112933285
4.138606833969773	0.01	0.007	0.007	0.007	0.01	0.0221686117759312	0.029977255280924497	0.025153485571383215	0.014141134888113424	0.0019399903280839495	1.073441257915764	2.3444940703203865	5.080100091536383	1.2138657466391534	0.037672207113606145	48.459791170198564	0.030323254050138783
4.246425107186333	0.01	0.007	0.007	0.007	0.01	0.02174675809336827	0.029406823419279176	0.02454638293288271	0.013798397674077523	0.001902776573047533	1.0860699704592824	2.362095205796525	5.124391467644348	1.2230935208690656	0.03829834963399482	47.55379182433987	0.030210156686552345
4.360541816420163	0.01	0.007	0.007	0.007	0.01	0.02130902643836307	0.028814921120961155	0.023923231584560507	0.013446652581910695	0.0018632877645981668	1.0989136444605228	2.3793573909447687	5.168670132035843	1.2321686705426032	0.03893322854140532	46.613311453113575	0.030090911968275756
4.483578823178122	0.01	0.007	0.007	0.007	0.01	0.020846970885013763	0.02819012793530291	0.023272880693075326	0.01307961507663626	0.0018206933821693953	1.1121829668916279	2.396461026843641	5.21355932065578	1.241195879219216	0.03958660593914872	45.62014242283549	0.02996287335676005
4.60618801832592	0.01	0.007	0.007	0.007	0.01	0.020396516212237824	0.027581020407115006	0.022646107304914367	0.01272594669563139	0.00177832148331546	1.1248339622396202	2.4120181078829384	5.255497735196814	1.2494503231335121	0.04020660684214088	44.651478029303945	0.02983582192421375
4.717849916684112	0.01	0.007	0.007	0.007	0.01	0.019994777945978762	0.02703778634007648	0.0220930763439433	0.012413942885692095	0.0017398570566995687	1.1358789144145065	2.4249519503851986	5.2913850696313744	1.2563568037420716	0.040745123471364705	43.787208521733305	0.02972058320832962
4.824930494959028	0.01	0.007	0.007	0.007	0.01	0.019616977161958593	0.026526920855012414	0.021578055158951455	0.012123430533432546	0.0017031410217394696	1.146060878809714	2.4362971135070506	5.323832610222597	1.262459595455946	0.04123890847960603	42.974116137921314	0.029610490669213476
4.930096133664706	0.01	0.007	0.007	0.007	0.01	0.019252900530133555	0.026034613215807075	0.02108632170846915	0.01184609862072786	0.0016672931340099336	1.1556848290945367	2.446472065587123	5.353909199267439	1.2679803677272363	0.04170297141205377	42.19026191089411	0.029502763878168956
5.033918563555876	0.01	0.007	0.007	0.007	0.01	0.01890012060947469	0.025557580891572805	0.020614078213507664	0.011579800928964254	0.001632148344039925	1.1648337818480687	2.455614108636894	5.38193697682462	1.2729916940519128	0.042141439063127895	41.430445274842036	0.029396797461034484
5.136553826664241	0.01	0.007	0.007	0.007	0.01	0.018557745938118597	0.02509461841465802	0.020159695468147398	0.011323614970212273	0.0015976790791605794	1.1735466722114216	2.4638044459618413	5.408088361859254	1.2775361018086082	0.04255629478849275	40.69276770702626	0.029292416832614923
5.23816302724214	0.01	0.007	0.007	0.007	0.01	0.018224920330148373	0.024644568050260898	0.019721650492480855	0.011076678564165715	0.0015638525790738	1.1818594071648607	2.471115522772127	5.432518965949332	1.2816514998673993	0.042949370748448866	39.975403795771314	0.029189444809759976
5.3388945229084275	0.01	0.007	0.007	0.007	0.01	0.0179008778512744	0.024206394106502407	0.019298591712093294	0.010838226558300175	0.0015306377557651556	1.1898037280365963	2.477610625953995	5.4553651792905455	1.2853709645730622	0.043322292202421946	39.27672000829585	0.029087719569799202
5.438876127458871	0.01	0.007	0.007	0.007	0.01	0.017584960633041092	0.023779207018469854	0.01888935347075582	0.010607598952892863	0.0014980083230620984	1.1974070892851973	2.483344695141555	5.47674500908079	1.2887231505442174	0.04367647271966954	38.59531352846257	0.028987102185515572
5.538217062838899	0.01	0.007	0.007	0.007	0.01	0.017276604683474923	0.023362244160921294	0.018492929352489095	0.01038422580527626	0.0014659424785299674	1.2046933100272568	2.4883657589847163	5.49676107486165	1.2917330440325856	0.044013146596630366	37.92998209281529	0.02888747425452184
5.637010770056981	0.01	0.007	0.007	0.007	0.01	0.016975324369595556	0.022954848865505313	0.018108445425733987	0.010167612100573781	0.0014344222047966582	1.2116831975258562	2.4927161724560634	5.5155032973881974	1.2944226137643553	0.044333399718014255	37.27969087980821	0.028788734729264402
5.735337561754529	0.01	0.007	0.007	0.007	0.01	0.016680698775042573	0.02255645197354785	0.017735137344555077	0.009957324806317409	0.0014034325657541129	1.2183950719314816	2.496433616602626	5.5330511094820025	1.2968113379127504	0.044638195449937135	36.64354336727205	0.02869079697542112
5.833266840659138	0.01	0.007	0.007	0.007	0.01	0.01639236054864475	0.022166556757089374	0.017372331793065247	0.0097529823830375	0.0013729611079686492	1.22484518878404	2.4995518914961594	5.549475222095875	1.2989166226760749	0.04492839544499495	36.02075750178643	0.02859358632443306
5.930859590397824	0.01	0.007	0.007	0.007	0.01	0.016109984956807422	0.02178472411550699	0.01701942914178572	0.00955424498537477	0.0013429971629384748	1.2310481197982155	2.5021015621104077	5.564839137268833	1.3007541472638755	0.04520477815029778	35.41064225293463	0.028497037409296037
6.028168539073726	0.01	0.007	0.007	0.007	0.01	0.015833286479481404	0.021410567972609606	0.01667589628339768	0.009360810402146794	0.00131353185544013	1.2370169384482603	2.5041104202762883	5.579200059139405	1.3023381024963205	0.04546804825460943	34.812590422161165	0.028401093846561858
6.125240062140114	0.01	0.007	0.007	0.007	0.01	0.015562010818252918	0.0210437444699836	0.016341254227273474	0.009172407048779582	0.0012845575601143327	1.2427634877494245	2.5056039172116398	5.592609933242181	1.3036814232724654	0.04571884961799457	34.22606151215633	0.02830570621953739
6.222115219744178	0.01	0.007	0.007	0.007	0.01	0.01529592996640678	0.020683945300728486	0.016015070005631706	0.008988789392115256	0.0012560676249299203	1.2482985614717936	2.5066054916955793	5.605116194063382	1.304795963536052	0.04595777408720897	33.65057118242403	0.028210830948825597
6.318830538083489	0.01	0.007	0.007	0.007	0.01	0.01503483837641499	0.020330892527138753	0.01569695028980767	0.008809734341156762	0.001228056168945795	1.2536320480659067	2.5071368367436397	5.6167623670707405	1.3056926384530676	0.046185368495519574	33.085683056251725	0.02811642943526384
6.415418665429644	0.01	0.007	0.007	0.007	0.01	0.014778549769741361	0.019984334266927483	0.015386536075712953	0.008635038242197284	0.0012005179150939955	1.258773050129742	2.5072181199930323	5.627588568340993	1.3063815422540423	0.046402140453944946	32.53100190000705	0.028022467341857465
6.51190894707598	0.01	0.007	0.007	0.007	0.01	0.014526894413370026	0.019644041010552914	0.015083498168876856	0.00846451432609208	0.0011734480459642438	1.263729985195299	2.5068681667607122	5.63763192381726	1.3068720465936647	0.04660856321237779	31.98616779816308	0.027928913968536365
6.608327866116188	0.01	0.007	0.007	0.007	0.01	0.014279716955597212	0.019309802694781632	0.014787533535601652	0.0082979906447013	0.0011468420978295833	1.268510667799789	2.5061046129848745	5.646926916076297	1.3071728827198286	0.04680507961822235	31.450851527136113	0.027835741768744187
6.704699455547889	0.01	0.007	0.007	0.007	0.01	0.014036874502515602	0.018981426101714924	0.014498362098530978	0.008135308258849215	0.0011206958629330524	1.2731223806706162	2.504944033886971	5.655505681375331	1.3072922111078402	0.04699210552591043	30.92475044068231	0.0277429259031078
6.801045594709503	0.01	0.007	0.007	0.007	0.01	0.013798235129413708	0.01865873284590818	0.014215724181443005	0.007976319792780637	0.00109500532408491	1.2775719323795616	2.5034020533842263	5.663398256877493	1.307237680488022	0.047170032567536255	30.40758528920214	0.02765044391268502
6.897386313088662	0.01	0.007	0.007	0.007	0.01	0.01356367648678075	0.01834155748941399	0.013939378172964575	0.007820888112791432	0.0010697665876115878	1.2818657089731074	2.5014934369206303	5.670632796844967	1.3070164784864524	0.04733923060945957	29.89909723738632	0.027558275391506744
6.993739968815022	0.01	0.007	0.007	0.007	0.01	0.013333084810962854	0.01802974620399731	0.01366909875867149	0.007668885326446783	0.0010449758499188624	1.2860097145147518	2.499232172600161	5.677235752198883	1.3066353753513007	0.04750004970553423	29.39904575323786	0.027466401784750665
7.090123526147622	0.01	0.007	0.007	0.007	0.01	0.013106353774412051	0.01772315521644328	0.013404675039877308	0.007520191718808085	0.0010206293386711123	1.290009611549735	2.496631538775084	5.683232035203423	1.3061007615459965	0.04765282199452602	28.907206144591637	0.02737480609683298
7.186552645529591	0.01	0.007	0.007	0.007	0.01	0.012883383855551302	0.017421649956494385	0.013145909326827451	0.007374695068590846	0.0009967233027743682	1.2938707496151713	2.4937041660205215	5.688645152023717	1.3054186809860413	0.04779786308581212	28.423368218272213	0.02728347278237113
7.283041848385676	0.01	0.007	0.007	0.007	0.01	0.012664081580961788	0.01712510403213949	0.012892615834638634	0.0072322899101458695	0.0009732539828221505	1.2975981940059502	2.490462089670371	5.693497325475399	1.3045948600163197	0.04793547342096294	27.947334659211933	0.02719238756871103
7.379604661428553	0.01	0.007	0.007	0.007	0.01	0.012448358868646255	0.016833398341576492	0.01264461954531843	0.00709287688932297	0.0009502175873835077	1.3011967508316566	2.486916795576917	5.697809602347254	1.3036347327645827	0.04806593945783681	27.478919625729013	0.027101537301072936
7.476253721604078	0.01	0.007	0.007	0.007	0.01	0.012236132504898403	0.01654642036583793	0.012401755265467024	0.006956362229778632	0.0009276102793112523	1.3046709881560383	2.4830792610444856	5.701601946829209	1.3025434636831636	0.048189534677828244	27.017947632164883	0.027010909827479182
7.573000809724166	0.01	0.007	0.007	0.007	0.01	0.012027323810238303	0.016264063717074086	0.01216386693472298	0.006822657340588215	0.0009054281784241033	1.3080252527060945	2.478959993752871	5.704893321679915	1.301325968384598	0.04830652040928971	26.564252840084542	0.02692049395236919
7.669857018034534	0.01	0.007	0.007	0.007	0.01	0.011821858042491517	0.015986227331395944	0.01193080666431633	0.006691678272479232	0.0008836673330898686	1.3112636896708425	2.474569060924971	5.707701765995953	1.2999869306755447	0.048417146736438293	26.11767777658446	0.02683027926645729
7.766832763550455	0.01	0.007	0.007	0.007	0.01	0.011619664165491836	0.01571281515611903	0.011702434220921269	0.006563345424657486	0.0008623237278064105	1.3143902554667057	2.469916120787303	5.7100444594381745	1.2985308193501903	0.048521653137398056	25.678072845085023	0.026740256122798282
7.863937839351527	0.01	0.007	0.007	0.007	0.01	0.011420674552130075	0.015443735748229366	0.011478616457357389	0.006437583221992615	0.0008413932812846071	1.3174087307627602	2.4650104496160057	5.711937782191216	1.2969619030180917	0.04862026911738699	25.24529569228433	0.026650415578151492
7.961181497802095	0.01	0.007	0.007	0.007	0.01	0.011224824642518469	0.01517890181215414	0.01125922671406817	0.006314319776020964	0.0008208718376599783	1.3203227333597771	2.4598609642392817	5.71339736979354	1.2952842628937962	0.04871321481848515	24.819210476156197	0.026560749306012252
8.05857248214125	0.01	0.007	0.007	0.007	0.01	0.011032052727948952	0.014918229907632623	0.011044144381378181	0.006193486636507228	0.0008007551690131352	1.3231357284032845	2.4544762444428083	5.714438161654774	1.2935018050215235	0.04880070152491183	24.39968740628384	0.026471249558646198
8.156119057832361	0.01	0.007	0.007	0.007	0.01	0.01084229974805028	0.01466164017543455	0.010833254492413921	0.0060750185604154005	0.000781038977507663	1.3258510378106967	2.4488645533452003	5.71507444551201	1.291618271421844	0.04888293213075387	23.98660231199611	0.026381909130003576
8.253829082631437	0.01	0.007	0.007	0.007	0.01	0.010655509026633763	0.014409055980170898	0.010626447262910484	0.0059588532512176995	0.0007617188896624436	1.3284718499989647	2.443033853546197	5.715319898185897	1.2896372494443895	0.04896010160275164	23.579836076093333	0.0262927212839981
8.351709992477952	0.01	0.007	0.007	0.007	0.01	0.010471626183397306	0.01416040379090386	0.010423617839822078	0.005844931215656973	0.000742790467452884	1.3310012265888396	2.4369918263631187	5.715187622310314	1.2875621818245104	0.04903239733941732	23.179274450590917	0.026203679760586882
8.449768858499626	0.01	0.007	0.007	0.007	0.01	0.010290598917313409	0.013915612888244553	0.010224665919139527	0.005733195547176034	0.0007242492048825026	1.3334421105051601	2.430745885460208	5.714690180510111	1.2853963745652783	0.0490999995622331	22.784807592425654	0.02611477871727492
8.548012405150445	0.01	0.007	0.007	0.007	0.01	0.010112376875256941	0.013674615186713252	0.010029495469255011	0.005623591768768436	0.0007060905322336855	1.335797332452652	2.424303191313734	5.713839626540721	1.2831430048318189	0.04916308164815513	22.396329784073806	0.026026012706775323
8.646447008681918	0.01	0.007	0.007	0.007	0.01	0.009936911562669385	0.013437345113942156	0.009838014509747466	0.00551606770706807	0.000688309823514154	1.3380696164992691	2.417670665845957	5.7126475343526915	1.2808051286943734	0.04922181042968393	22.01373924528275	0.025937376672721484
8.745078754280271	0.01	0.007	0.007	0.007	0.01	0.009764156155687903	0.013203739356636024	0.009650134791294784	0.005410573311025678	0.000670902392982427	1.3402615866231433	2.410855002069586	5.711125024372634	1.278385686922548	0.049276346511496746	21.636937729468194	0.02584886589282999
8.84391342800373	0.01	0.007	0.007	0.007	0.01	0.009594065438365537	0.01297373677568356	0.009465771620706488	0.005307060552184164	0.0006538635034998004	1.3423757713057358	2.4038626769952987	5.7092827883266475	1.2758875117380455	0.04932684452666397	21.265830392291903	0.025760475981356137
8.942956547904133	0.01	0.007	0.007	0.007	0.01	0.009426595675719886	0.012747278234494584	0.009284843623240734	0.00520548328982948	0.0006371883676201584	1.3444146086902484	2.3966999610122253	5.707131111813033	1.273313332163479	0.04937345340021548	20.900325519894384	0.02567220285656494
9.042213349216688	0.01	0.007	0.007	0.007	0.01	0.009261704570795516	0.012524306540942068	0.009107272602706372	0.005105797191130874	0.0006208721563163525	1.3463804504523942	2.38937292971522	5.704679896125533	1.2706657801032848	0.049416316574799043	20.54033444004323	0.02558404274952491
9.141688828671189	0.01	0.007	0.007	0.007	0.01	0.009099351126094769	0.012304766259988702	0.008932983304380332	0.005007959596799358	0.0006049099975435222	1.3482755666154653	2.381887470735223	5.701938677348213	1.2679473945015765	0.04945557225126075	20.185771224216452	0.025495992160411814
9.241387736236884	0.01	0.007	0.007	0.007	0.01	0.008939495598707688	0.012088603653015246	0.008761903284954681	0.0049119294469114096	0.0005892969834718208	1.3501021490114267	2.3742492936678063	5.698916645185371	1.2651606264927793	0.04949135359155939	19.83655259383411	0.025408047861933042
9.341314573299742	0.01	0.007	0.007	0.007	0.01	0.008782099446216177	0.01187576660467387	0.008593962777344415	0.004817667203912203	0.0005740281761542623	1.3518623146966573	2.3664639390266364	5.695622660632377	1.2623078441043536	0.04952378891635173	19.492597806137425	0.025320206896974454
9.44147364390849	0.01	0.007	0.007	0.007	0.01	0.008627125193098287	0.011666204442238813	0.00842909447565484	0.004725134730872717	0.0005590986049965859	1.3535581100727465	2.3585367824676915	5.692065270708648	1.2593913351289343	0.049553001908823814	19.15382836602997	0.025232466529823163
9.541869006571922	0.01	0.007	0.007	0.007	0.01	0.008474536457416838	0.011459867971698097	0.008267233495740519	0.004634295268365468	0.0005445032792093515	1.3551915130479473	2.350473046222115	5.688252725389977	1.256413312548727	0.04957911177631142	18.82016808790747	0.025144824285005488
9.642504505572846	0.01	0.007	0.007	0.007	0.01	0.008324297853845237	0.011256709346624904	0.00810831720774214	0.004545113339537883	0.0005302371878164917	1.356764436451017	2.342277803913171	5.684192991085584	1.2533759174608827	0.049602233430601717	18.491542887060614	0.02505727791620656
9.743383789195581	0.01	0.007	0.007	0.007	0.01	0.008176374922633815	0.011056681972125965	0.007952285100599914	0.004457554673191481	0.0005162953018052597	1.3582787309837172	2.3339559858357064	5.679893763426404	1.2502812220872195	0.04962247765286758	18.167880627444106	0.02496982538709879
9.8445102811218	0.01	0.007	0.007	0.007	0.01	0.008030734129970376	0.010859740505331327	0.007799078725507496	0.004371586171209864	0.0005026725825729942	1.3597361873110896	2.325512387681279	5.675362481215992	1.2471312339982596	0.04963995124149501	17.849111125439446	0.024882464892899525
9.945887232184797	0.01	0.007	0.007	0.007	0.01	0.007887342752868641	0.01066584069973891	0.007648641520910541	0.004287175809561431	0.0004893639791669019	1.36113853921444	2.316951672253922	5.670606336199653	1.2439278976692842	0.049654757169039734	17.5351659007623	0.0247951948123656
10.0	0.01	0.007	0.007	0.007	0.01	0.007811857147466623	0.010563765765229204	0.007569606488676314	0.004242830921298017	0.00048239294706043534	1.3618637362598407	2.312344627798391	5.6679830557262845	1.242200162856093	0.04966159061578326	17.369855516357518	0.024748737341529162
