0.0	0.01	0.007	0.007	0.007	0.01	0.0	0.0	0.0	0.0	0.0	0.0	0.0	0.0	0.0	0.0	100.0	0.035
0.006991174539510365	0.01	0.007	0.007	0.007	0.01	0.0027045821183472258	0.005500660326323748	0.003733547122363006	0.0013532311745582213	0.00010125298682301625	0.0001288212401182786	0.0003556713974316837	0.0002661320814559499	7.554715768429042e-5	3.273611684126104e-6	99.86069642099622	0.03499152067968117
0.012194008470577732	0.01	0.007	0.007	0.007	0.01	0.004609069753433013	0.009202079193488547	0.006384510700309684	0.0023338856076870456	0.00015861099402170848	0.0003855992607494408	0.0010514415340928574	0.0007984332963743018	0.0002279335700171114	9.263085542829489e-6	99.75715262076822	0.03498521170054303
0.01967947960753153	0.01	0.007	0.007	0.007	0.01	0.007196174859194967	0.013999672108520232	0.010016723698692878	0.003706289264760786	0.00022096569425484404	0.000981354577745271	0.0026296410748118206	0.002038592851327299	0.0005866499082727468	2.1841325632244767e-5	99.6083694131386	0.03497613678108705
0.027090801860035763	0.01	0.007	0.007	0.007	0.01	0.0095900923329049	0.018199406576224687	0.013411926816559878	0.005021576706632338	0.0002652247881805306	0.0018180299742479352	0.004790775871084212	0.0037884697049250953	0.0010987673887670295	3.770409967353531e-5	99.46127862649759	0.03496715407423654
0.035768432460480774	0.01	0.007	0.007	0.007	0.01	0.012195370190138761	0.022504124998839	0.017147511333594635	0.006508321476733307	0.0003014059612449522	0.0030871928738150675	0.007982785468811067	0.0064562378026247706	0.0018894305672965256	5.929553842183924e-5	99.28933173653832	0.03495663950204585
0.044893707477309364	0.01	0.007	0.007	0.007	0.01	0.014721504282275312	0.02640894188562957	0.020813812880040375	0.008011889496809683	0.00032687184103520633	0.004732632455897015	0.012005691998971814	0.009933651027750586	0.002934256887284963	8.439111798433005e-5	99.1088354373609	0.03494558593549141
0.05487791739261046	0.01	0.007	0.007	0.007	0.01	0.01725435053604875	0.03005281596034312	0.02453808571371655	0.009589312069060135	0.00034490345774169766	0.006866792676156451	0.017073692742427118	0.014469411618202192	0.0043169098489959	0.00011367039606105345	98.91172544099742	0.034933495933874
0.0654450660152125	0.01	0.007	0.007	0.007	0.01	0.019694098292900083	0.03330016673011748	0.028176246200859838	0.01118489448413508	0.00035674433280861735	0.009470815376528462	0.0230757566348353	0.0200363639667538	0.006039924139744245	0.00014594743831542823	98.70353396916717	0.034920704600816914
0.0767147303746676	0.01	0.007	0.007	0.007	0.01	0.02204741746123859	0.036182193199709	0.03173847101882968	0.012806359984931721	0.00036422535393270923	0.012600745249882266	0.030076428758080878	0.02676805528208222	0.008156652649263331	0.00018122270583783193	98.48198454807117	0.0349070680468606
0.0885995411836294	0.01	0.007	0.007	0.007	0.01	0.024277482370124594	0.03868001615650624	0.035168355929555604	0.014430728174366492	0.00036860512372484524	0.016254760331293	0.038007398694288534	0.03467539433631298	0.010684094598743593	0.00021893228498901722	98.24888073628064	0.034892692920476163
0.10114056554012116	0.01	0.007	0.007	0.007	0.01	0.026378479407501584	0.04081885910214082	0.038454763611608135	0.01605406386237705	0.00037091352916868506	0.02045998374751603	0.046867383038668435	0.043832355721034826	0.01366062650434619	0.0002589763314030109	98.00350448203501	0.034877530498192214
0.11432204660577584	0.01	0.007	0.007	0.007	0.01	0.028336922585669444	0.042618229031813865	0.04157346637397911	0.017664948753230422	0.00037186734283441934	0.025221103058965418	0.056609893849658435	0.054264918755653355	0.01711074637084009	0.0003011315724392009	97.746257666761	0.03486160084921323
0.128173214046496	0.01	0.007	0.007	0.007	0.01	0.03014934261826017	0.044109056094558535	0.044514786253641164	0.019257950683909727	0.00037196450430932126	0.03055364256124662	0.06721557802424309	0.06602301233361572	0.021068173309050815	0.00034536199240454854	97.4766689409901	0.03484486973227895
0.14271184630515413	0.01	0.007	0.007	0.007	0.01	0.03181230248786063	0.045321846857521775	0.04726822944287726	0.020826191707007922	0.00037153416306629584	0.036465775269209307	0.07865466838152607	0.07914064917958422	0.025562801656673528	0.00039162669285463684	97.1944996888055	0.034827316849493105
0.1579750675476284	0.01	0.007	0.007	0.007	0.01	0.03332617390634185	0.04628880134763233	0.049828777338288145	0.022364828526712646	0.0003707924666285459	0.04297049071984361	0.09091173877063764	0.09366251151553764	0.030629587229476635	0.0004399679973796028	96.8991462810366	0.03480889866496732
0.17400224768224834	0.01	0.007	0.007	0.007	0.01	0.034692417124021005	0.047040709176080275	0.0521926717529348	0.023868910704482306	0.000369886481278055	0.050079597862131814	0.1039737275048095	0.109630590112457	0.03630409222885305	0.000490449557121323	96.58997573983005	0.03478956909219652
0.19084447432372925	0.01	0.007	0.007	0.007	0.01	0.03591418490654343	0.04760680420418823	0.05435859611166952	0.02533419261577706	0.0003689292566417197	0.05780810595267601	0.11783805631674045	0.12709382310686498	0.04262590315468642	0.0005431822528382957	96.26614555268708	0.03476926809935965
0.20855948099232818	0.01	0.007	0.007	0.007	0.01	0.036995484018820295	0.048013896940083824	0.05632639842406979	0.026756457442506463	0.00036802899069688527	0.06617236302084653	0.13250877595532057	0.14610382518482182	0.04963723830733789	0.0005983074249779737	95.92670564399293	0.03474792787296659
0.22721464996390192	0.01	0.007	0.007	0.007	0.01	0.03794115218102139	0.04828619838250842	0.058097172445713045	0.02813163951802206	0.00036731404371057687	0.07519156491995947	0.14799891817975563	0.16671815416904082	0.0573842202536572	0.0006560094935289681	95.57054491386715	0.03472546924726213
0.2468853391084601	0.01	0.007	0.007	0.007	0.01	0.038756548855616156	0.04844514498606419	0.05967280848675515	0.0294555559774051	0.0003669567928170215	0.08488700565141609	0.16432877024081338	0.18899844293649234	0.06591627381654482	0.000716518686478044	95.19642828587298	0.03470180377718323
0.2676551460167209	0.01	0.007	0.007	0.007	0.01	0.03944745917571702	0.048509423899207635	0.06105590308935703	0.030723845866578642	0.00036719770813414674	0.09528208504728632	0.18152555886901908	0.21301017802312933	0.07528605759162951	0.0007801259847806048	94.80299696652727	0.03467683348206936
0.28961309578058975	0.01	0.007	0.007	0.007	0.01	0.040019953193431504	0.048495071814423564	0.06224956362917079	0.031931770957473474	0.00036837064185752137	0.10640067685353025	0.19962047288786264	0.23881861200477447	0.08554778713697257	0.0008471966855648409	94.38882732506745	0.03465045429267708
0.3128470743711774	0.01	0.007	0.007	0.007	0.01	0.04048030448894366	0.04841568099175899	0.06325729449075876	0.03307397331448919	0.0003709282675138286	0.11826344725204573	0.21864261714281902	0.2664797344174498	0.096753295154538	0.0009181829094641956	93.95255930857556	0.03462256399550353
0.33742441118620276	0.01	0.007	0.007	0.007	0.01	0.04083492584892603	0.048282754874410895	0.06408285328013393	0.034143950669260716	0.00037546187372083207	0.13087750549658478	0.23860281453111223	0.29601536585832483	0.10894099820842415	0.0009936086351727792	93.49326134749955	0.0345930855509829
0.3633451433378529	0.01	0.007	0.007	0.007	0.01	0.041090473668758926	0.048106357292822755	0.06473032736738535	0.03513317042877277	0.0003826967472040182	0.14421209842611715	0.2594565331384043	0.32735492085391726	0.12210952743535336	0.0010739782889947137	93.01129075821181	0.03456202301048433
0.3904658007228639	0.01	0.007	0.007	0.007	0.01	0.04125449853229634	0.04789609672818607	0.06520528515760862	0.036030574675307354	0.0003934254480765597	0.15815989785701565	0.28104621993719026	0.36024235820594364	0.13617370970612336	0.001159578523445641	92.50966833883022	0.03452955237820853
0.41847956381103457	0.01	0.007	0.007	0.007	0.01	0.041336785148799716	0.04766162530730571	0.06551794428894449	0.03682529879630826	0.00040837475712176283	0.17252923879683293	0.3030926270003502	0.3942158115149299	0.15094861719675914	0.0012503961704555908	91.99436732612804	0.03449604449000296
0.4470557620261344	0.01	0.007	0.007	0.007	0.01	0.04134971591619653	0.047411491629277165	0.0656854161100022	0.03751253127818483	0.00042812234015925424	0.18711973884848	0.3253111199352402	0.4287863892454515	0.1662224100168526	0.0013464814172076925	91.4716778240348	0.03446189736261344
0.47596198734893413	0.01	0.007	0.007	0.007	0.01	0.04130638730664723	0.04715195943279533	0.06572887662168321	0.03809489124256189	0.00045310849625959963	0.20178737170594377	0.3475065681867443	0.4635951221198126	0.18182772977804396	0.0014482747058938844	90.94597314315136	0.034427390258767405
0.5050531954083674	0.01	0.007	0.007	0.007	0.01	0.04121871376883365	0.04688721841234283	0.06566942599181869	0.03857926739490465	0.0004836486572202222	0.21643892057408462	0.3695602739206756	0.4984028804224027	0.19764284807891014	0.0015565393737163233	90.41995461203275	0.03439269721455123
0.5342456707222496	0.01	0.007	0.007	0.007	0.01	0.04109668192308259	0.04661991806557015	0.0655259683594067	0.03897434924960946	0.0005199484112808675	0.23101762366358022	0.39140594922971805	0.5330580793405034	0.21358151522995877	0.0016722578745497405	89.89516329677693	0.03435791854641043
0.5634937704238113	0.01	0.007	0.007	0.007	0.01	0.04094830358811826	0.04635167895899368	0.06531454118985201	0.03928916572318017	0.0005621157999447994	0.24549008049550125	0.41300926158823414	0.5674663629088578	0.22958197876673894	0.0017965408451735834	89.37242657851127	0.03432310887928026
0.5927785071395538	0.01	0.007	0.007	0.007	0.01	0.04077983434691944	0.04608342996625655	0.06504833328048185	0.03953239386243365	0.0006101792892704005	0.25983929409859313	0.4343574200716055	0.6015742895167713	0.24560117837571868	0.0019305818963439676	88.85208046428465	0.034288290942189485
0.6220986494038399	0.01	0.007	0.007	0.007	0.01	0.04059607520188953	0.045815652286058856	0.06473798799253835	0.039712016377485074	0.0006641029939296615	0.2740592156431273	0.4554513355875366	0.6353562943423572	0.26160970124942556	0.0020756243179695325	88.33414030612684	0.03425346629381753
0.6514656509135701	0.01	0.007	0.007	0.007	0.01	0.040400661506051934	0.045548533570581466	0.06439198361141182	0.03983519902967309	0.0007238017023447889	0.2881514307044437	0.4763010802908839	0.6688066056450005	0.2775885536721268	0.0022329451380510086	87.81839880979845	0.03421862144314961
0.680899630419294	0.01	0.007	0.007	0.007	0.01	0.04019631727167107	0.04528207403604176	0.06401701517040974	0.03990827339990559	0.0007891524952583747	0.3021225724182282	0.4969224275325637	0.7019328401679948	0.29352641206340463	0.0024038443866876754	87.30450251786067	0.03418373268880432
0.7104269200668288	0.01	0.007	0.007	0.007	0.01	0.03998506140163286	0.045016152770474306	0.06361833139570193	0.03993677990054479	0.0008600047177643694	0.3159826674675497	0.5173347347442181	0.7347518132240242	0.3094177282815938	0.002589641797591945	86.7919986155554	0.0341487690731648
0.7400782396424734	0.01	0.007	0.007	0.007	0.01	0.03976837216712316	0.044750571947723	0.06320002154255844	0.03992553615216675	0.0009361874834787468	0.32974391348723875	0.5375594113456041	0.767286394132401	0.3252612170271621	0.002791676260506286	86.28036944225302	0.03411369457908804
0.7698876320716148	0.01	0.007	0.007	0.007	0.01	0.039547313745736584	0.044485083785943846	0.06276524831235708	0.03987871448307499	0.0010175158557242485	0.34341991433137103	0.5576190103725083	0.7995634771540178	0.3410588124830399	0.0030113090122295292	85.76905287071189	0.03407846941474856
0.7998917725976228	0.01	0.007	0.007	0.007	0.01	0.03932263330288019	0.04421940767795372	0.062316435317666834	0.03979991834235178	0.0011037955799420849	0.35702515856876255	0.5775366322088186	0.8316125590115365	0.35681488344665063	0.003249928664821254	85.2574557058202	0.03404305085045092
0.8301296949348159	0.01	0.007	0.007	0.007	0.01	0.03909483380868993	0.04395323960474638	0.061855414089151746	0.039692252765751064	0.0011948270893550304	0.3705747366629173	0.597335640306028	0.8634649081735896	0.3725357212048134	0.0035089588754137163	84.74495965031954	0.03400739355964371
0.8606427825980739	0.01	0.007	0.007	0.007	0.01	0.03886422841133056	0.04368625677914363	0.061383538635238155	0.03955838662878654	0.0012904088827742082	0.38408420652592473	0.6170395624137519	0.8951531065993981	0.3882292063464288	0.0037898682580569843	84.23092269369383	0.03397144964651752
0.891475032302844	0.01	0.007	0.007	0.007	0.01	0.03863098015453608	0.043418118471796635	0.06090177286739192	0.03940060584230947	0.0013903406628084803	0.3975695943408485	0.6366721633224853	0.9267109265352464	0.40390464364067447	0.004094183331351442	83.71467600697575	0.03393516835448679
0.9226735470660592	0.01	0.007	0.007	0.007	0.01	0.03839513039308975	0.04314846405427702	0.060410756191628216	0.039220857558571666	0.00149442637803492	0.411047497481155	0.656257644524588	0.958173457548013	0.41957272720153216	0.00442350502165897	83.1955172515344	0.03389849550788221
0.9542893338359811	0.01	0.007	0.007	0.007	0.01	0.03815661771202505	0.042876908060714466	0.05991084999195834	0.03902078530639151	0.0016024775925465734	0.42453530886126917	0.6758210014639766	0.9895775218424714	0.435245656706634	0.004779530535646425	82.67269924812872	0.033861372601331506
0.9863784194396997	0.01	0.007	0.007	0.007	0.01	0.037915289097018225	0.04260303249296154	0.05940216799438427	0.0388017553333242	0.0017143173393191914	0.43805155391377454	0.6953885266035433	1.0209623491545667	0.45093739095394203	0.00516408219977447	82.14541402311369	0.033823735523790734
1.0190034120414044	0.01	0.007	0.007	0.007	0.01	0.03767090385954541	0.0423263755669387	0.05888459118410965	0.03856487378823926	0.0018297849060977195	0.45161637789466363	0.714988512697827	1.0523705898367877	0.46666407740394983	0.005579146516827477	81.61277042840545	0.03378551277178953
1.0522357523812842	0.01	0.007	0.007	0.007	0.01	0.03742312968055544	0.04204641513092092	0.058357765697574955	0.03831099327838721	0.001948742339778281	0.4652522632549012	0.734652269282046	1.0838498388310165	0.4824447429314627	0.006026929117843473	81.07376176768614	0.033746622871223673
1.086158938855271	0.01	0.007	0.007	0.007	0.01	0.037171529703183236	0.041762544750278276	0.05782108129913796	0.038040706696164606	0.0020710834795336173	0.4789850613775337	0.7544155689350217	1.115454847871288	0.49830233271957663	0.006509933392880323	80.52721946655878	0.033706970683753744
1.1208734152065434	0.01	0.007	0.007	0.007	0.01	0.0369155365876243	0.04147403724117617	0.05727362172581076	0.03775432271686657	0.0021967475698885376	0.4928455692075221	0.774320846166114	1.1472509308739582	0.5142653473664927	0.007031078603497161	79.97174267714415	0.03366644180574823
1.156504302411967	0.01	0.007	0.007	0.007	0.01	0.03665440601962212	0.041179986742901444	0.056714070934718454	0.03745181258270826	0.0023257409178724254	0.5068720397598099	0.7944206907637157	1.1793194110607153	0.5303704989676364	0.007593885585482615	79.4055866196294	0.03362489370284409
1.1932144616486944	0.01	0.007	0.007	0.007	0.01	0.03638713316603844	0.0408792104171377	0.056140540154362345	0.03713270578228006	0.002458173992935313	0.5211144575972675	0.8147837950966438	1.2117669312630155	0.546667291246012	0.0082027878591744	78.82647321892969	0.03358214072087635
1.2312284887788054	0.01	0.007	0.007	0.007	0.01	0.03611229430346528	0.04057006705332814	0.0555502353230076	0.03679588344643807	0.0025943308082151595	0.5356424611398979	0.8355059822582581	1.244742758417045	0.5632265787921827	0.00886369745657116	78.23124175578069	0.03353792653118063
1.270882367418447	0.01	0.007	0.007	0.007	0.01	0.035827713432927066	0.040250079799675924	0.05493875135051658	0.03643913403540702	0.002734815493562606	0.5505618985642138	0.8567332845956133	1.278475052249978	0.5801585682262888	0.009585161561679134	77.61512234857462	0.03349186705903668
1.3127497060696678	0.01	0.007	0.007	0.007	0.01	0.03552960487992595	0.03991497072337254	0.0542982480603912	0.03605800168757611	0.0028809347060705618	0.5660574670709447	0.878721511086912	1.3133646074680538	0.5976594621722718	0.010381249348974308	76.96987684791904	0.0334433052189678
1.358060070767435	0.01	0.007	0.007	0.007	0.01	0.03520971479260105	0.039555447511078506	0.053611352771047185	0.035641933272242736	0.0030359885073552996	0.5825352226161002	0.9020356258341355	1.350298860194621	0.6161679239037826	0.011281006429404142	76.2776112148637	0.033390829153435164
1.4118483312375323	0.01	0.007	0.007	0.007	0.01	0.034833654418849065	0.03913285801195079	0.052804845736658286	0.035145152294003223	0.003215223805763909	0.6017091738286479	0.9290733509641682	1.3930541165280743	0.6375637968791318	0.012398164267249786	75.46389581921636	0.03332864131894446
1.461371854964568	0.01	0.007	0.007	0.007	0.01	0.03449093081929301	0.03874776920515322	0.052071188547632846	0.03468667890300702	0.0033750622789791487	0.6189987316219401	0.9533665130888367	1.4313965996945128	0.6567185843507032	0.013471157989131859	74.72237551347476	0.03327148661693043
1.5085383238492094	0.01	0.007	0.007	0.007	0.01	0.03416763642238504	0.03838453370102435	0.05138063583377274	0.03425030399003916	0.0035222694198168043	0.6351472354019025	0.9759786944978441	1.4670231686319013	0.6744840457426335	0.014530176473812379	74.02292303347251	0.03321714330273231
1.554695725739604	0.01	0.007	0.007	0.007	0.01	0.03385418159312993	0.03803236724673751	0.05071276488302785	0.03382444300919016	0.003661299955262946	0.6506553898801645	0.9976209444187865	1.501064303149355	0.6914257775785329	0.01559929145953722	73.34477362233118	0.03316404852855826
1.5996390934004363	0.01	0.007	0.007	0.007	0.01	0.03355172813662173	0.03769256958766935	0.05007010468436872	0.03341160226368137	0.0037917006947067356	0.6654804705028	1.0182404097476578	1.5334442707826779	0.7075074368204464	0.016669298683965487	72.69043120672018	0.033112431805407176
1.6437716929255601	0.01	0.007	0.007	0.007	0.01	0.03325735656506203	0.03736185732524334	0.04944647113054745	0.03300850286140178	0.003914839997496911	0.6797786063537747	1.0380603289609482	1.5645202951223696	0.7229080442891194	0.01774586917167814	72.05357395824574	0.0330618244127076
1.6871055464490226	0.01	0.007	0.007	0.007	0.01	0.032970823679623465	0.03703995511906562	0.048841359033078215	0.03261534177982298	0.0040309321978748945	0.693572123884472	1.057116600285115	1.594354271628829	0.7376597440958735	0.01882602918508281	71.43367242007845	0.033012208211221736
1.7298329460058892	0.01	0.007	0.007	0.007	0.01	0.03269071678371544	0.03672527454059832	0.04825178184316697	0.03223059051145202	0.004140676200104364	0.706938188232105	1.0755201914964554	1.6231249403626247	0.7518523967106119	0.019911702262442522	70.82766835666547	0.03296335928891748
1.7720217342812343	0.01	0.007	0.007	0.007	0.01	0.03241647527602579	0.03641718492839108	0.04767655322273295	0.03185379758593138	0.004244415448738524	0.7199112433194722	1.093322211440793	1.6509165873149902	0.7655289386992004	0.021002132622241324	70.23434781920096	0.03291519706661759
1.8137876092734313	0.01	0.007	0.007	0.007	0.01	0.03214724894729841	0.03611473057217553	0.047113879730963086	0.03148404624460253	0.004342595001823003	0.7325381690297136	1.1105901983317752	1.6778385849530195	0.7787444728039403	0.022098116965288305	69.6518707826531	0.03286758695192998
1.8552005149145991	0.01	0.007	0.007	0.007	0.01	0.03188250585070261	0.035817313500625184	0.046562639385532574	0.031120806417043317	0.004435526601296969	0.7448496133128931	1.1273688158622306	1.7039640925365558	0.7915360763500185	0.023199547822834374	69.07908606716292	0.03282044719238816
1.896339227034936	0.01	0.007	0.007	0.007	0.01	0.03162167466173592	0.035524291630385375	0.046021632161443234	0.030763455931653142	0.004523523796159044	0.7568770933673424	1.1437034089884552	1.7293669195241261	0.8039409586049101	0.02430677494013973	68.51475746482521	0.03277368648329042
1.9372626541230833	0.01	0.007	0.007	0.007	0.01	0.03136432610633198	0.03523518254221573	0.04548995821338513	0.03041153853607431	0.0046068383453225425	0.7686446936484085	1.1596287565715426	1.7541040803988892	0.8159879333685595	0.02541980513965672	67.95795619466669	0.03272723658009048
1.9780279131892902	0.01	0.007	0.007	0.007	0.01	0.031110055058269637	0.03494953099913737	0.04496677196427646	0.03006460877664945	0.004685702973597951	0.780174690563142	1.175176809502286	1.7782279089845068	0.8277033741080883	0.026538748795195365	67.40780577141349	0.03268103165665461
2.0186820411487494	0.01	0.007	0.007	0.007	0.01	0.030858530779530973	0.034666965369092584	0.04445138543270142	0.029722305596512233	0.004760316440757493	0.7914853691560502	1.1903737956501506	1.8017816142477703	0.8391090711096962	0.02766356757037242	66.86359067976646	0.03263501766006857
2.0592682974764256	0.01	0.007	0.007	0.007	0.01	0.030609455562911815	0.034387151151578185	0.0439431821451071	0.02938429939942908	0.00483085841398029	0.8025930153699706	1.2052429695411149	1.8248035965263723	0.850224354726425	0.02879422331529059	66.32466687816267	0.032589145107703846
2.0998232566821504	0.01	0.007	0.007	0.007	0.01	0.03036258118660984	0.03410980945508224	0.04344165010854594	0.02905031709687722	0.004897486126235942	0.8135112648799967	1.2198037857808615	1.8473262047684051	0.861065514617123	0.029930579238611605	65.7904973928235	0.032543372333865735
2.140380089085359	0.01	0.007	0.007	0.007	0.01	0.030117687351010444	0.03383469276744029	0.042946336969076564	0.028720114775106952	0.0049603420773499576	0.8242521454166155	1.234073339182469	1.869377999492884	0.8716469132666379	0.03107247595059452	65.26060565768414	0.032497661739991024
2.1809677029829326	0.01	0.007	0.007	0.007	0.01	0.029874585818697046	0.0335615896032389	0.04245685778929525	0.028393484805749342	0.005019554112025134	0.8348259556642449	1.2480662379440697	1.8909835824167271	0.8819809202916248	0.032219695540565224	64.73458447033065	0.032451980731496036
2.221612144018538	0.01	0.007	0.007	0.007	0.01	0.029633110983555276	0.03329031390663337	0.04197287532635063	0.02807024424462112	0.00507523899004302	0.8452417341462314	1.2617952580361997	1.9121646296979404	0.8920784237218222	0.03337199117047334	64.21207558556418	0.03240630011187782
2.262336559696436	0.01	0.007	0.007	0.007	0.01	0.029393119296013234	0.03302070440401892	0.04149409834604495	0.02775023493587631	0.005127503450696176	0.855507328888354	1.275271461067709	1.9329400915636228	0.9019489383008337	0.03452907826295198	63.6927684721415	0.032360594099702135
2.3031618832717067	0.01	0.007	0.007	0.007	0.01	0.029154484511905266	0.03275261926542416	0.04102027160808354	0.027433317817373012	0.005176446136518035	0.8656296410898155	1.288504538062063	1.9533267374296865	0.9116008769461182	0.03569064751025847	63.176390033093334	0.032314839539826716
2.3441070021757446	0.01	0.007	0.007	0.007	0.01	0.02891709613084992	0.032485934349391996	0.040551172335142154	0.027119371365214015	0.005222158619569745	0.875614724115717	1.3015029583870554	1.9733393975316074	0.9210416754223453	0.03685636449628781	62.66270122769363	0.032269015697758835
2.38518915068525	0.01	0.007	0.007	0.007	0.01	0.028680856611690654	0.03222054007423698	0.04008660431377635	0.026808288306241955	0.005264726567756831	0.8854679292550311	1.3142741768077837	1.9929912918998474	0.9302779568355485	0.038025876643023995	62.15149104718779	0.03222310380528606
2.4264240794483527	0.01	0.007	0.007	0.007	0.01	0.028445679977224622	0.03195633985020894	0.0396263948196462	0.026499974100692682	0.005304230515370107	0.8951939878133834	1.3268247544760439	2.012294224874089	0.9393156309752568	0.039198814574774796	61.64257349671721	0.0321770868587529
2.467826329353986	0.01	0.007	0.007	0.007	0.01	0.028211489887254287	0.03169324791447787	0.039170390551821456	0.026194344666630745	0.005340746639293475	0.9047971115397871	1.3391605013362038	2.031258811062356	0.9481600071726	0.040374797058350835	61.135783426630844	0.032130949302793074
2.509409362454658	0.01	0.007	0.007	0.007	0.01	0.027978218593723264	0.03143118815714059	0.0387184553518024	0.0258913252230322	0.005374347297318235	0.9142810529537925	1.3512865645208663	2.049894616947535	0.956815866404556	0.041553432358374075	60.630974272464215	0.032084676875649594
2.5511857503459607	0.01	0.007	0.007	0.007	0.01	0.02774580561936468	0.031170092636672787	0.038270467425525055	0.025590848737988368	0.005405101545685732	0.9236491743116986	1.3632075261496075	2.068210315942578	0.9652875387304986	0.04273432161080813	60.128015196482636	0.03203825639195372
2.5931672885880825	0.01	0.007	0.007	0.007	0.01	0.027514196899339063	0.030909900615546864	0.037826317506564504	0.0252928549571577	0.005433075526237294	0.9329044951775959	1.3749274721165259	2.0862137980098807	0.9735789586815609	0.04391706040151906	59.626789231014605	0.03199167560931152
2.6353651172265753	0.01	0.007	0.007	0.007	0.01	0.027283343924736858	0.030650557597971053	0.03738590705507827	0.024997289414839363	0.0054583328070301465	0.9420497379623818	1.3864500570265286	2.103912272686973	0.98169371687952	0.045101240763371186	59.12719142571101	0.03194492308923155
2.677789822805795	0.01	0.007	0.007	0.007	0.01	0.027053203022083774	0.03039201452043424	0.03694914674939176	0.02470410260713069	0.00548093466302282	0.9510873662286884	1.3977785587820182	2.1213123556537914	0.989635103386382	0.046286452842457554	58.62912728901524	0.03189798807966713
2.7204515274579313	0.01	0.007	0.007	0.007	0.01	0.026823734732349423	0.030134227054046833	0.03651595519462433	0.024413249282398613	0.005500940309756925	0.9600196175358442	1.4089159252726153	2.1384201427172926	0.99740614469019	0.047472286352373806	58.132511444870765	0.031850860412804535
2.7633599593078926	0.01	0.007	0.007	0.007	0.01	0.026594903315386043	0.0298771550478005	0.036086257892063524	0.024124687883232215	0.005518407095336767	0.9688485300932633	1.4198648124443523	2.155241270188127	1.005009633974853	0.04865833162756235	57.637266560792305	0.03180353042430335
2.806524532595075	0.01	0.007	0.007	0.007	0.01	0.026366676223889825	0.029620761937595483	0.035659986171796554	0.02383837994402464	0.005533390669133598	0.9775759694781765	1.4306276216727623	2.171780973892776	1.012448160309414	0.049844181038957665	57.14332220989568	0.031755988862522316
2.8499543889291754	0.01	0.007	0.007	0.007	0.01	0.02613902380321073	0.029365014408993285	0.03523707656704252	0.023554289768666442	0.0055459451119132435	0.9862036456899639	1.4412065244857053	2.18804412851282	1.0197241285469745	0.05102942940867067	56.65061422164489	0.03170822684123761
2.893658465398115	0.01	0.007	0.007	0.007	0.01	0.025911918864346604	0.029109881917506138	0.03481746996563349	0.023272383944696228	0.005556123057588343	0.9947331342788127	1.451603491760243	2.204035293608135	1.0268397819002069	0.052213675223067274	56.15908375807686	0.03166023576329985
2.937645543814102	0.01	0.007	0.007	0.007	0.01	0.025685336372882027	0.02885533633914231	0.03440111099339425	0.022992631001453396	0.005563975790060446	1.0031658922625029	1.4618203159278287	2.219758748752621	1.0337972192809917	0.053396521362915096	55.66867664089846	0.03161200726563096
2.981924289348499	0.01	0.007	0.007	0.007	0.01	0.025459253205740634	0.028601351697135537	0.033987947534328045	0.022715001150232138	0.005569553324294142	1.011503270883278	1.4718586288736029	2.23521852193536	1.0405984093685057	0.05457757557717019	55.17934282530434	0.03156353317632275
3.026503296060664	0.01	0.007	0.007	0.007	0.01	0.025233647884041185	0.028347903861829955	0.03357793021726476	0.022439465993489265	0.005572904477092945	1.0197465287081184	1.481719919838468	2.250418417884412	1.047245204391904	0.05575645116287592	54.69103582202935	0.031514805464598825
3.071391127720734	0.01	0.007	0.007	0.007	0.01	0.025008500342020946	0.028094970291084338	0.03317101197926854	0.022165998278462547	0.005574076925821122	1.0278968428607882	1.4914055506521233	2.2653620422330096	1.053739351827275	0.05693276752477546	54.20371219741848	0.03146581619637733
3.1165963417450264	0.01	0.007	0.007	0.007	0.01	0.024783791790696015	0.027842529877105435	0.03276714780885808	0.021894571765535303	0.0055731172580260665	1.0359553163819377	1.5009167660095926	2.2800528180097457	1.060082502540273	0.05810615029597387	53.71733127851302	0.03141655750864904
3.1621275471993187	0.01	0.007	0.007	0.007	0.01	0.024559504420985777	0.027590562612933585	0.03236629420779242	0.021625160902256396	0.005570071013417425	1.043922990970408	1.5102547097903394	2.2944940114490318	1.0662762227633829	0.05927623234321419	53.2318545106243	0.031367021547081486
3.2079934219364037	0.01	0.007	0.007	0.007	0.01	0.024335621320990364	0.0273390494995108	0.03196840904702609	0.021357740757815585	0.005564982718106853	1.0518008516087891	1.5194204314304067	2.308688742464896	1.072321999225122	0.060442653690423224	52.747245278401	0.031317200448596226
3.254202742576723	0.01	0.007	0.007	0.007	0.01	0.024112126335958994	0.02708797238836716	0.031573451323672196	0.02109228688719222	0.005557895914960103	1.0595898329963798	1.5284148942167255	2.3226399981007564	1.0782212454385247	0.0616050617726342	52.26346860282861	0.03126708631023342
3.3007644341628017	0.01	0.007	0.007	0.007	0.01	0.023889003842326516	0.026837313727770394	0.031181380773056325	0.020828775094643596	0.005548853185035403	1.06729082863943	1.5372389863456806	2.3363506503207807	1.083975309638479	0.06276311215993433	51.78049065218931	0.031216671137074777
3.3476875903422534	0.01	0.007	0.007	0.007	0.01	0.023666238674103404	0.02658705648003138	0.030792157757169935	0.020567181380165694	0.005537896167725842	1.0749046942943394	1.5458935251492036	2.349823463280912	1.0895854780809942	0.06391646850501191	51.298278582773115	0.031165946822557005
3.394981506910182	0.01	0.007	0.007	0.007	0.01	0.02344381599188245	0.02633718397434446	0.030405743055683932	0.020307481818061128	0.005525065575863402	1.0824322531866517	1.554379263157225	2.3630611035107996	1.0950529794469157	0.06506480280281539	50.81680025535515	0.03111490511463592
3.4426557357457597	0.01	0.007	0.007	0.007	0.01	0.023221721065952623	0.02608767966313469	0.030022097514521024	0.02004965233771552	0.005510401200336995	1.0898743038227303	1.5626968967702837	2.3760661542850032	1.1003789907857717	0.06620779609878837	50.33602376570909	0.0310635375603999
3.4907201024216	0.01	0.007	0.007	0.007	0.01	0.02299993924026033	0.025838527081571347	0.02964118201479915	0.01979366871791984	0.005493941920356338	1.097231621389938	1.570847067406456	2.388841118385216	1.1055646384863649	0.0673451382638008	49.85591736657069	0.03101183549036136
3.539184763368966	0.01	0.007	0.007	0.007	0.01	0.02277845572078039	0.025589709609821088	0.029262957142759616	0.01953950637871563	0.0054757256989880435	1.1045049648155094	1.5788303687281904	2.4013884304966053	1.1106110030499547	0.06847652867115739	49.37644900947097	0.030959789960561344
3.58806023609632	0.01	0.007	0.007	0.007	0.01	0.022557255500011295	0.025341210388224716	0.02888738310052171	0.019287140333783995	0.005455789583601252	1.111695078993434	1.5866473481720775	2.413710460862352	1.1155191201097239	0.06960167616480285	48.89758618121295	0.030907391724232017
3.63735746037258	0.01	0.007	0.007	0.007	0.01	0.022336323150936935	0.02509301208583103	0.028514419399458812	0.019036544995641932	0.005434169691724688	1.1188027010325128	1.5942985125863969	2.4258095255859513	1.1202899839452578	0.07072029968135046	48.41929545773914	0.030854631170762783
3.6870878256031965	0.01	0.007	0.007	0.007	0.01	0.022115642785974908	0.024845096854278586	0.028144024839652827	0.01878769417211191	0.005410901207795863	1.1258285608614786	1.6017843274014878	2.4376878869609917	1.1249245468310036	0.0718321280149911	47.94154241513646	0.030801498301524215
3.7372632598442483	0.01	0.007	0.007	0.007	0.01	0.02189519775318869	0.024597445986516156	0.02777615705247595	0.0185405607684453	0.005386018349751587	1.132773389980175	1.6091052241954347	2.4493477673416337	1.1294237235064037	0.07293690088797986	47.46429097181513	0.030747982640420925
3.7878962620755683	0.01	0.007	0.007	0.007	0.01	0.021674970601005424	0.024350039877166035	0.027410772502838406	0.018295116797603688	0.005359554357999181	1.139637921272805	1.6162615982601645	2.460791347487066	1.1337883893072338	0.07403436863288816	46.987503311932315	0.03069407320592032
3.8389999805121517	0.01	0.007	0.007	0.007	0.01	0.021454942853648153	0.02410285777024132	0.027047826179947554	0.018051333180675366	0.005331541460736623	1.146422894550162	1.6232538118800086	2.472020774287373	1.1380193817351358	0.07512429279530418	46.51113939899349	0.030639758434700168
3.890588301699689	0.01	0.007	0.007	0.007	0.01	0.021235094760883966	0.02385587747800919	0.026687271256723877	0.01780917952578836	0.005302010828973501	1.153129062415127	1.630082197336892	2.4830381685223917	1.1421175016789504	0.07620644681143375	46.03515643379097	0.030585026094911514
3.9426759302258336	0.01	0.007	0.007	0.007	0.01	0.02101540510997997	0.023609075169739247	0.026329058862291217	0.017568623982599858	0.005270992533223667	1.159757193753357	1.6367470568567863	2.493845628212495	1.1460835126181614	0.0772806163199565	45.559508446967705	0.030529863210572696
3.995278490261198	0.01	0.007	0.007	0.007	0.01	0.020795850967354694	0.023362425081470867	0.02597313774903523	0.017329633025667854	0.005238515485242001	1.166308078924366	1.6432486636647228	2.5044452343029238	1.1499181403346488	0.07834659975753813	45.08414573931131	0.030474255964038115
4.048412636166798	0.01	0.007	0.007	0.007	0.01	0.02057640740904493	0.02311589921321521	0.025619453953687026	0.017092171233592385	0.005204607371320087	1.1727825347522969	1.649587262079283	2.514839055459135	1.153622071855581	0.07940420893147249	44.609014297764496	0.03041818959033086
4.102096208817213	0.01	0.007	0.007	0.007	0.01	0.02035704709381528	0.02286946684938012	0.02526795021937869	0.016856200907544198	0.005169294553176688	1.1791814135268293	1.6557630706190547	2.5250291586264026	1.1571959559103704	0.08045327025607421	44.134054870650424	0.03036164822494636
4.156348350010682	0.01	0.007	0.007	0.007	0.01	0.020137740045264065	0.022623094313984113	0.024918565770569313	0.01662168192664826	0.0051326019926641086	1.185505605139331	1.6617762773630562	2.535017607832131	1.1606403985964602	0.0814936248720982	43.65920249531936	0.030304614797848496
4.21118973035622	0.01	0.007	0.007	0.007	0.01	0.019918453012189	0.022376744252081457	0.024571235430844537	0.01638857116225032	0.005094553098734244	1.1917560507096987	1.6676270451889124	2.5448064804250508	1.1639559644465534	0.0825251306514862	43.18438511253659	0.03024707081025581
4.266642735225097	0.01	0.007	0.007	0.007	0.01	0.019699149053333	0.022130375163258793	0.024225889124927777	0.016156822150260687	0.00505516959753857	1.1979337486183625	1.6733155081289985	2.5543978701028647	1.1671431719434335	0.0835476629596249	42.70952266656291	0.03018899615848671
4.322731741632385	0.01	0.007	0.007	0.007	0.01	0.01947978681709585	0.021883940592452036	0.023882450923546315	0.01592638445690037	0.005014471336482923	1.2040397681058919	1.6788417730715794	2.5637939005757704	1.1702024916027465	0.08456111666073267	42.234525544602604	0.030130368865641275
4.379483420875351	0.01	0.007	0.007	0.007	0.01	0.019260319794976805	0.021637388291251863	0.023540838082760446	0.015697203041134686	0.004972476065125609	1.2100752620937631	1.6842059184115774	2.5729967363548374	1.1731343416902407	0.0855654079914615	41.759292959172186	0.03007116479046022
4.436927135162122	0.01	0.007	0.007	0.007	0.01	0.019040695297682625	0.02139065906764753	0.023200959691362936	0.015469217354679	0.004929199143316628	1.2160414859248843	1.6894079952414514	2.5820086006599174	1.1759390845467792	0.08656047740734114	41.28371072970437	0.03001135724292683
4.4950953741486375	0.01	0.007	0.007	0.007	0.01	0.018820853386593638	0.02114368558561873	0.022862715300073735	0.015242360430522737	0.004884653215452923	1.221939815144431	1.694448024211196	2.5908317894218738	1.178617019544354	0.08754629225308383	40.807648967194744	0.029950916564320456
4.554024390353327	0.01	0.007	0.007	0.007	0.01	0.018600725183434197	0.020896390466193036	0.02252599265421563	0.015016557371093272	0.004838847729743096	1.2277717773760926	1.6993260001851658	2.599468703418176	1.1811683789157374	0.08852285176082837	40.33095841202143	0.029889809507895878
4.613754899743158	0.01	0.007	0.007	0.007	0.01	0.01838023111135947	0.02064868431145504	0.022190665406526793	0.01479172382449134	0.004791788401635952	1.233539082404614	1.704041889466309	2.607921873573251	1.1835933178371583	0.08949019171743637	39.85346662276655	0.029827998561702405
4.674333068108658	0.01	0.007	0.007	0.007	0.01	0.01815927828980693	0.020400462777881753	0.021856589640839492	0.014567763665088359	0.004743476450538277	1.239243670180474	1.7085956345685958	2.616194007611756	1.185891906159484	0.09044839208203168	39.37497233190384	0.02976544098740345
4.735811760092593	0.01	0.007	0.007	0.007	0.01	0.01793775725733149	0.020151602894724282	0.021523599518755213	0.014344566088635909	0.0046939076233696395	1.2448877702359262	1.7129871580337406	2.6242880462326124	1.1880641163559906	0.09139758645084356	38.895238345376896	0.029702087603865012
4.79825221784791	0.01	0.007	0.007	0.007	0.01	0.017715537518030358	0.019901958060792042	0.021191501337600015	0.014122001645722332	0.004643070870743292	1.2504739833629375	1.7172163702696244	2.632207241981619	1.190109808998899	0.09233797516048105	38.41398189346406	0.02963788114891195
4.861726386633751	0.01	0.007	0.007	0.007	0.01	0.017492461293609658	0.019651351025427262	0.02086006515485609	0.013899916648900402	0.0045909464971541835	1.256005397743725	1.721283184857065	2.6399552740584067	1.1920287154040146	0.09326984403884	37.930861094206556	0.029572754004445048
4.9263202109269715	0.01	0.007	0.007	0.007	0.01	0.017268334579332353	0.01939956384061823	0.020529012759279704	0.013678125138431516	0.004537503518025449	1.2614857567834108	1.725187545042762	2.6475364169574136	1.1938204159535843	0.09419359164044272	37.445455575755204	0.029506624966036538
4.992138427554535	0.01	0.007	0.007	0.007	0.01	0.017042914036452216	0.01914632313575684	0.020198000003905384	0.013456397080420845	0.0044826957889525605	1.2669197067064946	1.7289294674552966	2.654955792059853	1.1954843116665057	0.09510976957905315	36.957238078551995	0.029439394538108222
5.059311977774271	0.01	0.007	0.007	0.007	0.01	0.016815886460673397	0.018891277052189858	0.019866589010083556	0.013234439794897548	0.004426455977667797	1.2723131897644693	1.7325091252736975	2.6622197760531825	1.1970195899810114	0.09601914685745963	36.46552997410066	0.029370937641365103
5.128009989743653	0.01	0.007	0.007	0.007	0.01	0.016586835257708987	0.018633957581346835	0.019534202643023073	0.013011867534487579	0.004368685755977106	1.2776740925818548	1.735927001675284	2.6693366846550624	1.1984251811515771	0.09692281629327673	35.96942863578482	0.029301091801415144
5.198460626837013	0.01	0.007	0.007	0.007	0.01	0.016355181483660105	0.01837371432860047	0.019200044175162117	0.01278814779317004	0.004309238632183336	1.283013398919541	1.7391841940579225	2.676318008361719	1.199699705585712	0.09782238433533368	35.467679707369406	0.029229636557289003
5.270991031978492	0.01	0.007	0.007	0.007	0.01	0.016120069649514766	0.01810958622430209	0.018862941147151334	0.012562496941489866	0.004247886876993605	1.2883474473427776	1.7422830710757635	2.68318087204965	1.200841419383774	0.0987203438767845	34.958429710854006	0.029156253930646605
5.346114834432184	0.01	0.007	0.007	0.007	0.01	0.01588011491177997	0.017840017513907323	0.01852099853416847	0.012333648373805012	0.004184248710267977	1.2937029834951517	1.7452288733277461	2.6899536234495995	1.2018481964332857	0.09962091067704265	34.43867837032872	0.029080441658828095
5.4247675121170085	0.01	0.007	0.007	0.007	0.01	0.01563271625968669	0.017562086182135037	0.01817065340020876	0.012099220493949491	0.004117591637522754	1.2991310288490154	1.7480344444620084	2.6966913932138477	1.202717749205844	0.10053232458660111	33.90279074876339	0.029001279397791364
5.509238322292563	0.01	0.007	0.007	0.007	0.01	0.015371309062238358	0.01726841742327453	0.01780288003666401	0.011853179371716304	0.0040460510593688355	1.304762963984183	1.75074075020034	2.7035399298608005	1.2034496393372545	0.10147617525432616	33.33654544423135	0.02891650128763535
5.6138655962182415	0.01	0.007	0.007	0.007	0.01	0.01505357876694169	0.01691147444789206	0.01735916384777368	0.011556399190006481	0.003957653227672665	1.3114649383857737	1.7536688489781487	2.7114887432710586	1.2040788720325426	0.1025963934913885	32.648276754636385	0.028811836894555316
5.692005150103422	0.01	0.007	0.007	0.007	0.01	0.014820578810440684	0.016649718742157975	0.01703605045942953	0.011340330920576678	0.0038918264538444197	1.3162794498162078	1.7555611190854612	2.717055464706531	1.2043574206047283	0.10339874133065888	32.14353749483087	0.02873391681014886
5.76272883557935	0.01	0.007	0.007	0.007	0.01	0.01461280352445773	0.0164163008137059	0.016749525299330825	0.011148762442917959	0.0038324359137508037	1.3205010684731704	1.7570644414292216	2.7218317980321416	1.2044743318627398	0.10410036414351366	31.69343154956574	0.028663573461387027
5.8324167095029935	0.01	0.007	0.007	0.007	0.01	0.014410921558289993	0.01618950352259199	0.016472566694791472	0.010963619709581447	0.003774151799258224	1.3245381081368124	1.7583571952350376	2.7263026911192636	1.2044684065561821	0.10476941394760483	31.256083274371232	0.028594428798276006
5.902370055535139	0.01	0.007	0.007	0.007	0.01	0.014211076378285342	0.015964994377071058	0.01619978843863343	0.01078130006915166	0.0037159149173347215	1.328471367047793	1.759472272684215	2.7305630343252423	1.2043457445707275	0.10541927499684704	30.82313848309661	0.028525188482712047
5.972064270721729	0.01	0.007	0.007	0.007	0.01	0.014014728371370246	0.015744413997256183	0.015933115980605185	0.010603088960534055	0.0036581900631487093	1.3322745926189639	1.7604067134831827	2.7345880396976416	1.2041112779990553	0.10604558368280599	30.397761237871887	0.02845637138949308
6.041178117958067	0.01	0.007	0.007	0.007	0.01	0.013822695393562012	0.015528681175444835	0.015673571297797013	0.010429667408679804	0.0036012655573758635	1.3359354512638073	1.7611645762256352	2.738369944885714	1.2037719361735733	0.1066463329233314	29.981723808723366	0.028388291314623525
6.109720026908618	0.01	0.007	0.007	0.007	0.01	0.01363485113517981	0.015317654014018502	0.015420890996904198	0.010260857393036728	0.0035451525447352914	1.3394601084193196	1.7617550850699835	2.7419208892422646	1.2033339525960076	0.10722258464257652	29.574753019931357	0.028320935485394102
6.177751464026323	0.01	0.007	0.007	0.007	0.01	0.013450930978320983	0.015111035237750729	0.01517463322966393	0.010096361833369987	0.003489816536458016	1.3428570390017913	1.7621872527164584	2.745254871886799	1.2028027427614894	0.10777578156906271	29.176276012564724	0.028254239327239566
6.245327936928263	0.01	0.007	0.007	0.007	0.01	0.013270697669064838	0.014908558312476162	0.014934401836361659	0.00993591436218379	0.0034352265299098534	1.3461338488475305	1.7624691564519597	2.7483844364637426	1.202183153496864	0.10830722270972973	28.785779167626192	0.028188144702537356
6.312498253358988	0.01	0.007	0.007	0.007	0.01	0.013093941671920729	0.014709987843289977	0.014699845504548554	0.009779278735279678	0.003381355798252073	1.3492973212606751	1.7626080647759577	2.7513208049459754	1.2014795587761375	0.10881807115593754	28.40280888078183	0.028122600551455837
6.379305178386981	0.01	0.007	0.007	0.007	0.01	0.01292047786408426	0.014515115860832047	0.014470652189599175	0.009626245080659427	0.0033281814832265876	1.3523535252027146	1.7626105596139245	2.7540740620705644	1.20069593480591	0.10930937205492353	28.026964406321557	0.028057562166078975
6.445786244583711	0.01	0.007	0.007	0.007	0.01	0.012750142070724682	0.014323757928982023	0.014246543525837613	0.009476626145354257	0.0032756840353602022	1.3553079181761474	1.7624826391392316	2.7566533209404964	1.1998359199725483	0.1097820696725294	27.65789035564604	0.02799299032766873
6.511974535700721	0.01	0.007	0.007	0.007	0.01	0.01258278790961145	0.014135749600069511	0.01402726982799762	0.009330253940252373	0.003223846658955766	1.3581654361316775	1.762229802185563	2.7590668638784006	1.1989028626488787	0.11023702227225907	27.295269865014276	0.027928850482597786
6.577899599742983	0.01	0.007	0.007	0.007	0.01	0.012418283534846948	0.013950942756737198	0.013812605120820665	0.009186976407112711	0.003172654649890258	1.3609305783126937	1.7618571155957197	2.7613222668227855	1.1978998561034235	0.11067501605849969	26.938817543769247	0.027865111805457803
6.643587619541195	0.01	0.007	0.007	0.007	0.01	0.0122565104270329	0.013769204252799103	0.013602344972128998	0.00904665595958345	0.0031220953076236835	1.3636074520144637	1.761369271896122	2.7634264806336732	1.1968297754883086	0.11109677264585711	26.588276856061523	0.027801746990999635
6.70906187564625	0.01	0.007	0.007	0.007	0.01	0.012097361550986934	0.013590413843593914	0.01339630358367049	0.008909167530604932	0.0030721576078984805	1.366199824594602	1.7607706374175573	2.76538591217579	1.1956953049513495	0.11150295763911663	26.243416131729926	0.027738731768325423
6.774343390918886	0.01	0.007	0.007	0.007	0.01	0.011940739203420753	0.01341446176803559	0.013194310570342501	0.008774396413795793	0.003022831737303634	1.3687111766668707	1.760065289446179	2.7672064989856935	1.1944989554348626	0.11189418930155917	25.90402390483206	0.02767604424772767
6.8394511162118485	0.01	0.007	0.007	0.007	0.01	0.011786554089289001	0.01324124771097158	0.012996209404618802	0.00864223721759716	0.002974108979411139	1.371144732048378	1.759257049732482	2.768893760238798	1.193243085260652	0.11227104349619058	25.569906914146276	0.027613664715787373
6.904402245540727	0.01	0.007	0.007	0.007	0.01	0.011634724154222243	0.013070679491521693	0.012801855597375341	0.008512592644640712	0.002925981499698923	1.3735034894789104	1.7583495115923042	2.7704528448951407	1.1919299149656672	0.11263405886023606	25.240887574836652	0.027551575309765642
6.969212416183596	0.01	0.007	0.007	0.007	0.01	0.011485173757334745	0.012902672133799035	0.012611115363260803	0.008385372595388532	0.0028784422162858566	1.3757902469387513	1.7573460636359923	2.771888570735157	1.1905615411702686	0.1129837407814349	24.916802187429468	0.027489759806135477
7.033895911739009	0.01	0.007	0.007	0.007	0.01	0.011337832889258544	0.012737146988438718	0.012423864381718561	0.008260493336395456	0.002831484667473178	1.3780076236536503	1.7562499096996693	2.773205458657857	1.1891399478784148	0.11332056497837453	24.59749924457838	0.027428203409232247
7.0984658177569075	0.01	0.007	0.007	0.007	0.01	0.011192636545663614	0.012574031028801804	0.012239986788934107	0.008137876823301507	0.0027851029137737483	1.3801580783216922	1.7550640862525015	2.7744077617622884	1.1876670166123875	0.11364498046528743	24.28283807458725	0.027366892587784127
7.162934160959513	0.01	0.007	0.007	0.007	0.01	0.011049524175677193	0.012413256231321989	0.012059374292079659	0.008017450105975828	0.0027392914513668922	1.3822439250523297	1.7537914774086814	2.7754994906715877	1.1861445351256543	0.1139574121377551	23.972687647089263	0.02730581492920356
7.227312024227696	0.01	0.007	0.007	0.007	0.01	0.01090843921693742	0.012254759053178589	0.011881925416467818	0.007899144822795719	0.002694045142638546	1.3842673470274423	1.7524348281073379	2.7764844354891554	1.18457420515127	0.11425826298651481	23.66692556633942	0.0272449590187375
7.291609663498127	0.01	0.007	0.007	0.007	0.01	0.010769328654597642	0.012098479936875746	0.011707544803037165	0.007782896728925291	0.002649359145356693	1.3862304089474737	1.7509967552818253	2.777366185260715	1.18295764879353	0.11454791610332603	23.365437116293574	0.027184314318447367
7.35583656743839	0.01	0.007	0.007	0.007	0.01	0.010632142728706238	0.011944362981509216	0.011536142709362197	0.007668645360655689	0.0026052288816774136	1.3881350666257255	1.7494797586039414	2.778148144467964	1.1812964152262706	0.11482673624122652	23.068114627151	0.02712387110160189
7.420001562408658	0.01	0.007	0.007	0.007	0.01	0.010496834563008288	0.011792355525756887	0.011367634426657138	0.007556333644063978	0.0025616499753698236	1.3899831770722528	1.7478862288317893	2.7788335483655726	1.1795919853268377	0.11509507142822929	22.774856671513493	0.027063620345469244
7.484112865124859	0.01	0.007	0.007	0.007	0.01	0.010363359924670232	0.011642407877950279	0.011201939873743738	0.0074459076219255006	0.0025186182252691556	1.3917765061782654	1.7462184560878211	2.7794254760097066	1.1778457767993111	0.1153532542097609	22.48556754421232	0.027003553674477286
7.548178147062572	0.01	0.007	0.007	0.007	0.01	0.010231676973414976	0.01149447303424949	0.011038983188686026	0.0073373161793128345	0.002476129570393354	1.3935167360831109	1.744478636829043	2.7799268621029127	1.1760591483035325	0.11560160283038623	22.20015671912117	0.02694366329316023
7.612204572563296	0.01	0.007	0.007	0.007	0.01	0.010101746078257569	0.011348506472761696	0.010878692414037064	0.007230510831798012	0.0024341800724684134	1.3952054712184305	1.7426688805930106	2.780340507426698	1.17423340369227	0.11584042221115835	21.918538452427846	0.026883941944489627
7.676198887099859	0.01	0.007	0.007	0.007	0.01	0.009973529544234711	0.011204465846545074	0.010720999079771212	0.007125445445675291	0.0023927658656294633	1.3968442451463219	1.7407912145105342	2.7806690885483807	1.1723697942741476	0.11607000502527924	21.640631190770236	0.026824382822117094
7.740167390540121	0.01	0.007	0.007	0.007	0.01	0.009846991582168816	0.011062310949641786	0.01056583809349795	0.007022076163100328	0.0023518831810953023	1.3984345239209528	1.7388475903829654	2.780915165899398	1.1704695238950529	0.1162906322709576	21.36635750609325	0.026764979590446006
7.804116045516688	0.01	0.007	0.007	0.007	0.01	0.009722098015261327	0.010922003387460537	0.010413147313306928	0.00692036111592118	0.0023115282840848253	1.3999777125497799	1.7368398872340063	2.781081191819383	1.168533749703271	0.11650257426970174	21.095643460051647	0.026705726279377832
7.868050441375314	0.01	0.007	0.007	0.007	0.01	0.009598816281406733	0.010783506579376566	0.010262867489853932	0.00682026038564766	0.0022716975034197916	1.4014751574451532	1.734769917612225	2.781169517226435	1.166563586787476	0.11670609109554579	20.82841860935196	0.026646617313813768
7.931975880598993	0.01	0.007	0.007	0.007	0.01	0.009477115200930189	0.010646785497804628	0.010114941926308818	0.0067217357755822065	0.0022323871831952343	1.4029281515860945	1.7326394296598333	2.781182398097223	1.1645601088361535	0.11690143337080953	20.564615502611794	0.02658764742989689
7.995897359098313	0.01	0.007	0.007	0.007	0.01	0.009356964957419575	0.010511806646665772	0.009969316403482038	0.006624750759705955	0.0021935937010540466	1.4043379368502682	1.7304501120976048	2.781122001132203	1.1625243517287738	0.11708884266585172	20.30416963908686	0.02652881168993188
8.059819639404605	0.01	0.007	0.007	0.007	0.01	0.009238336906379272	0.010378537846426103	0.009825938899699837	0.0065292702949518965	0.0021553134291270194	1.4057057082335984	1.7282035957649098	2.7809904089853856	1.1604573139772922	0.11726855214625337	20.04701905415587	0.02647010541186707
8.123747213599332	0.01	0.007	0.007	0.007	0.01	0.00912120359684685	0.010246948258381613	0.009684759572863225	0.006435260808182024	0.002117542761919198	1.4070326153943078	1.725901458564559	2.7807896251174538	1.158359960432921	0.11744078685620264	19.793104366413797	0.02641152420062846
8.187684359208843	0.01	0.007	0.007	0.007	0.01	0.009005538622312027	0.010117008217178428	0.009545730538979084	0.006342690047695041	0.0020802780877173695	1.4083197660587812	1.7235452269313851	2.780521578180568	1.156233222833669	0.11760576424369062	19.542368454729353	0.02635306389411872
8.251635156864953	0.01	0.007	0.007	0.007	0.01	0.008891316548784365	0.009988689150002956	0.009408805747649771	0.006251526999385431	0.0020435157834946057	1.4095682283700457	1.7211363782874314	2.7801881260216246	1.1540780013582215	0.11776369453788853	19.294756302513793	0.026294720544761768
8.31560348666678	0.01	0.007	0.007	0.007	0.01	0.008778512883912633	0.009861963541890388	0.009273940909474565	0.006161741837528502	0.002007252221789476	1.4107790326755645	1.7186763440737407	2.779791059501225	1.1518951667426671	0.1179147810505988	19.050214930966714	0.02623649042064756
8.37959306680601	0.01	0.007	0.007	0.007	0.01	0.0086671039737267	0.00973680481972301	0.009141093339243211	0.006073305819560516	0.0019714837532372326	1.411953173998532	1.7161665109719	2.77933210580713	1.1496855608248866	0.11805922055910156	18.808693175406137	0.026178369968305977
8.44360742005763	0.01	0.007	0.007	0.007	0.01	0.008557067028867263	0.009613187381697325	0.009010221956157187	0.0059861912854516424	0.0019362067296057838	1.4130916130286282	1.7136082247188102	2.7788129319784116	1.1474499994249934	0.11819720350019804	18.570141742296606	0.0261203558412642
8.507649941934869	0.01	0.007	0.007	0.007	0.01	0.008448379976011212	0.009491086430412979	0.008881287077658607	0.005900371519733423	0.0019014174699098496	1.4141952788707	1.7110027897660465	2.778235147480231	1.1451892715993621	0.11832891437651312	18.334512887310126	0.02606244483638557
8.571723871273049	0.01	0.007	0.007	0.007	0.01	0.008341021481594562	0.009370477999523699	0.008754250420688935	0.005815820751657985	0.0018671122808582607	1.4152650698943334	1.7083514725989735	2.777600307259575	1.1429041421506065	0.11845453192494913	18.10176046689678	0.026004633918978757
8.635832324381482	0.01	0.007	0.007	0.007	0.01	0.00823497086809964	0.009251338859693066	0.008629074976881139	0.0057325140714822075	0.0018332874421877554	1.41630185562491	1.7056555023767268	2.77690991410288	1.1405953518217218	0.11857422940798562	17.871839756933745	0.02594692019040078
8.699978286716705	0.01	0.007	0.007	0.007	0.01	0.00813020810443409	0.009133646507786254	0.008505724977310256	0.005650427406402139	0.001799939214943183	1.4173064778124993	1.7029160731618316	2.776165421195153	1.1382636188956796	0.11868817480309352	17.644707431992483	0.02588930089419492
8.764164625736498	0.01	0.007	0.007	0.007	0.01	0.008026713762058168	0.009017379117582866	0.008384165818107692	0.005569537470474091	0.0017670638381801136	1.4182797517866634	1.7001343451657338	2.7753682343270913	1.1359096399634503	0.11879653102303789	17.420321470341257	0.025831773403175943
8.828394103739024	0.01	0.007	0.007	0.007	0.01	0.007924468973431945	0.008902515493095932	0.008264363990367741	0.005489821717428652	0.001734657525836562	1.4192224677204652	1.6973114458597134	2.774519713925137	1.1335340906037024	0.11889945612134947	17.19864106396726	0.025774335206691368
8.892669369398357	0.01	0.007	0.007	0.007	0.01	0.007823455425933058	0.00878903506173917	0.008146287052934147	0.005411258322048789	0.0017027164742828141	1.4201353915120607	1.694448471915148	2.773621177222155	1.131137626777688	0.1189971034524695	16.979626605496055	0.025716983917031568
8.956992991853527	0.01	0.007	0.007	0.007	0.01	0.007723655289746171	0.00867691779331686	0.00802990352909555	0.005333826110947588	0.0016712368485107918	1.4210192662203052	1.6915464891672507	2.7726738997259455	1.128720884579342	0.11908962188868182	16.763239531944873	0.02565971723790352
9.021367435156973	0.01	0.007	0.007	0.007	0.01	0.007625051241141814	0.00856614422617581	0.007915182915986101	0.005257504568363933	0.0016402147979653104	1.4218748125862506	1.6886065351348896	2.771679117389144	1.1262844821423486	0.11917715593559197	16.54944237528879	0.02560253298623721
9.085795083826177	0.01	0.007	0.007	0.007	0.01	0.007527626406449826	0.008456695404264298	0.007802095602282413	0.005182273780967134	0.0016096464469351468	1.4227027302308832	1.685629619186779	2.7706380279623644	1.1238290195880096	0.11925984591738704	16.338198641073937	0.025545429068450587
9.150278238549625	0.01	0.007	0.007	0.007	0.01	0.007431364353779248	0.008348552867830143	0.007690612842622134	0.00510811442042457	0.001579527899574672	1.4235036983849898	1.6826167239677674	2.7695517926728415	1.1213550800371235	0.11933782810982169	16.12947279054815	0.025488403483388225
9.214819128956133	0.01	0.007	0.007	0.007	0.01	0.00733624905969189	0.008241698615981296	0.0075807067037940564	0.005035007707211745	0.0015498552367090466	1.4242783767982303	1.6795688059734497	2.7684215375434422	1.1188632299268606	0.11941123488880587	15.923230168479995	0.02543145431017472
9.279419905003756	0.01	0.007	0.007	0.007	0.01	0.007242264908648394	0.008136115106063673	0.007472350049707497	0.004962935400239284	0.001520624522516724	1.4250274063417654	1.676486797060374	2.767248354987893	1.116354020104023	0.11948019484663883	15.719437002034038	0.02537457971502629
9.344082649734341	0.01	0.007	0.007	0.007	0.01	0.0071493966613833	0.008031785218133214	0.007365516491153323	0.004891879763078352	0.0014918318011970487	1.4257514098375963	1.673371604898212	2.766033304966919	1.1138279860573508	0.11954483292791857	15.51806033227016	0.025317777939217634
9.408809383484677	0.01	0.007	0.007	0.007	0.01	0.007057629437108615	0.00792869223496316	0.007260180352362953	0.004821823541379238	0.0014634730976659939	1.426450992739193	1.670224113757746	2.764777416204134	1.1112856484354972	0.11960527054825698	15.319067975622579	0.02526104729468321
9.47360205521177	0.01	0.007	0.007	0.007	0.01	0.00696694871443215	0.007826819843075834	0.007156316659677771	0.004752749955011349	0.001435544423725529	1.4271267436450787	1.6670451858804802	2.763481687592375	1.108727514038611	0.11966162569659977	15.122428525957666	0.025204386170927878
9.538462572452522	0.01	0.007	0.007	0.007	0.01	0.0068773402786301415	0.0077261520735078006	0.00705390106936704	0.004684642649749915	0.0014080417674729058	1.4277792351891208	1.6638356609102947	2.7621470887712682	1.1061540752539416	0.11971401306701186	14.928111240299065	0.0251477930081668
9.603392762550135	0.01	0.007	0.007	0.007	0.01	0.006788790265562713	0.007626673351145408	0.006952909906706811	0.0046174857229704875	0.001380961112131375	1.428409024188254	1.6605963586561676	2.7607745620248454	1.1035658121757383	0.11976254412659633	14.736086134118098	0.025091266330591302
9.668394411223671	0.01	0.007	0.007	0.007	0.01	0.006701285098311808	0.007528368423542759	0.006853320082822176	0.00455126366806649	0.0013542984217476547	1.4290166525614867	1.657328078008811	2.75936502256378	1.1009631916380218	0.11980732724495344	14.546323843990685	0.025034804712075896
9.733469249562063	0.01	0.007	0.007	0.007	0.01	0.006614811496250519	0.007431222371110442	0.006755109094962853	0.004485961374365925	0.0013280496488732732	1.4296026476914614	1.6540315983551543	2.757919359795994	1.098346668259506	0.11984846777569776	14.358795647318125	0.02497840678698941
9.79861895820898	0.01	0.007	0.007	0.007	0.01	0.006529356460596702	0.007335220590886266	0.006658255000348018	0.004421564109483336	0.0013022107348383816	1.4301675229405268	1.650707680111395	2.7564384382029714	1.0957166847836848	0.11988606814893564	14.173473431051756	0.024922071246007645
9.863845171558525	0.01	0.007	0.007	0.007	0.01	0.006444907260627525	0.007240348781048495	0.006562736391269947	0.004358057502521377	0.0012767776100494764	1.4307117781404153	1.6473570652163319	2.754923098163426	1.0930736723924142	0.11992022795946387	13.99032966184766	0.024865796831968205
9.929149477633628	0.01	0.007	0.007	0.007	0.01	0.00636145142602715	0.007146592932319183	0.006468532377597077	0.004295427532203622	0.001251746195960184	1.4312359000228956	1.6439804778118452	2.753374156831	1.0904180511709594	0.11995104404899123	13.809337369519476	0.024809582339488812
9.994533417952379	0.01	0.007	0.007	0.007	0.01	0.006278976739451343	0.007053939319611159	0.006375622569903439	0.004233660515434113	0.0012271124069208068	1.4317403626345981	1.6405786248977077	2.751792408977763	1.087750230554166	0.11997861058581397	13.630470130959942	0.02475342661459664
10.0	0.01	0.007	0.007	0.007	0.01	0.0062721298857730465	0.00704624743528224	0.006367917765325313	0.004228538425485727	0.001225070073677375	1.4317816359739444	1.6402932729422504	2.7516587909159558	1.0875267903914472	0.11998076966949214	13.615620870179377	0.024748737341529187
