0.0	0.01	0.007	0.007	0.007	0.01	0.0	0.0	0.0	0.0	0.0	0.0	0.0	0.0	0.0	0.0	100.0	0.035
0.0064002135741370566	0.01	0.007	0.007	0.007	0.01	0.002678773004568925	0.005753888560089826	0.0037534208238724	0.001306583249824314	0.0004429929262671098	0.00013892111175426545	0.0004824091455208976	0.00039866349374570453	8.453401365112075e-5	1.588258065092436e-5	99.87838672400378	0.03499223735347629
0.010810144289366682	0.01	0.007	0.007	0.007	0.01	0.004434360118237986	0.009307844076895586	0.006243672840314106	0.0021848116307506926	0.0006911578369581384	0.0003907935237292282	0.001336158548932651	0.0011250978032002735	0.00023939605842935392	4.2949513917250456e-5	99.79467776072411	0.03498688966924062
0.017273198614364285	0.01	0.007	0.007	0.007	0.01	0.006881133591734064	0.013976770734284511	0.009757257939383503	0.0034402265915198446	0.0009871956293776745	0.0009776139816485212	0.0032694031863587368	0.0028277322219528523	0.0006047038212998846	0.00010165411290200284	99.67212330272349	0.034979053749685386
0.02350853751034025	0.01	0.007	0.007	0.007	0.01	0.009106694525107694	0.017938361031726437	0.012999553159332405	0.004616581617763735	0.0012112764005605373	0.0017758289657153561	0.0058173040769505125	0.0051593408728540175	0.0011085972158103954	0.0001755151947393023	99.55402950216933	0.034971495579611864
0.030805185412112218	0.01	0.007	0.007	0.007	0.01	0.011552564498987814	0.02198149244014125	0.016617889118081913	0.005950975379250251	0.0014138294174283565	0.002981125850427745	0.009539926776066973	0.008705234823494149	0.001880859854662169	0.0002785372833658836	99.41601276641579	0.03496265301688314
0.038397167484161936	0.01	0.007	0.007	0.007	0.01	0.013927178613919644	0.025598434804362982	0.020190742786985443	0.007292541257667897	0.001572183702732176	0.004525077335086234	0.0141454521543184	0.01328234542899293	0.002886076766998717	0.0004001648306195172	99.27261286813366	0.03495345492199972
0.04668006113710951	0.01	0.007	0.007	0.007	0.01	0.016333212970343906	0.02895623689257727	0.023876814399054452	0.008703510031363491	0.001699397096163553	0.006522166232684967	0.01989417324066889	0.01925036337021451	0.004208343133615964	0.000545250842708207	99.11639872591881	0.03494342251074744
0.05540601362437145	0.01	0.007	0.007	0.007	0.01	0.018674395466518754	0.031929654288256754	0.02753371199844482	0.01013256130909002	0.0017956685794780756	0.00895162349153196	0.026637408732831613	0.026571396058106503	0.005845482532972599	0.0007081807716165008	98.95209444422679	0.03493285657218565
0.06469507324244654	0.01	0.007	0.007	0.007	0.01	0.020965070794152288	0.03456092579229618	0.0311860328204223	0.011591534735680113	0.0018675728772826286	0.011874460604834065	0.03445807223874356	0.035455470957062314	0.00785141079725886	0.000889580897651777	98.77748649064637	0.034921612298414464
0.074473398622459	0.01	0.007	0.007	0.007	0.01	0.023169857214004268	0.03683605454901597	0.034778905009691934	0.013060669698391232	0.0019192410154972247	0.015293306707381807	0.04327635529547932	0.04593968181138088	0.01024246655328429	0.0010865437426147082	98.59401459728288	0.03490977968572308
0.08478470198020084	0.01	0.007	0.007	0.007	0.01	0.02528480439228524	0.03878293928834027	0.03830566527215019	0.014538859805050298	0.0019552830899984175	0.019243106704450223	0.05310013499111568	0.05816217851990699	0.01305894234847663	0.0012985796004174677	98.40091151569492	0.03489730646695925
0.09561807397527372	0.01	0.007	0.007	0.007	0.01	0.027295283853215845	0.04042112586905078	0.041740714326641594	0.016016768908299367	0.0019793404792346255	0.023736391962285046	0.06388204633999346	0.07219497098312373	0.0163272007106976	0.0015242891983187005	98.19843888749527	0.03488420652105468
0.10700291951230069	0.01	0.007	0.007	0.007	0.01	0.029196339422109658	0.04178034685850565	0.04507312890701582	0.017490738689589273	0.0019945238644497386	0.02879817887741749	0.07560932036503264	0.08815115551136135	0.02008428377168515	0.0017632904938548453	97.9861083257186	0.03487044502086782
0.11895667387651475	0.01	0.007	0.007	0.007	0.01	0.03098171194356275	0.04288898090427816	0.048288524979127646	0.018955215424719507	0.002003277994550433	0.034446327258890144	0.08825598150698899	0.10612383845074118	0.024363865467347597	0.0020151318743082333	97.76366153746159	0.03485600169117684
0.13151383011373688	0.01	0.007	0.007	0.007	0.01	0.03264863538035206	0.04377672216023912	0.051377514637643666	0.02040647561064259	0.002007529180921799	0.04070447220077498	0.10181363046169153	0.12622663668678066	0.029205839102408884	0.0022798753810364196	97.53052993055914	0.03484083573374705
0.14471026986562063	0.01	0.007	0.007	0.007	0.01	0.03419488996416363	0.04447169145422575	0.054330696644835016	0.02184044738760769	0.002008770895718208	0.04759550783240945	0.11627633460356458	0.14857309966450077	0.034651600463792384	0.002557743865409997	97.28612870408787	0.0348249047901742
0.15859245110292	0.01	0.007	0.007	0.007	0.01	0.035619789308806285	0.04500049882692323	0.05714059231191036	0.023253637443575784	0.002008179111628095	0.05514642277701483	0.13165099246458914	0.17329221029793487	0.040747934967061465	0.002849293269731477	97.02968836051978	0.0348081538709848
0.17321298165569957	0.01	0.007	0.007	0.007	0.01	0.03692331445832817	0.04538746681734975	0.0598001460051562	0.024642446155049687	0.0020067126680600443	0.06338638313630486	0.14795275535290764	0.200522280734151	0.047545753035280185	0.0031553049678306813	96.76033957760106	0.03479052073477281
0.18863381532130225	0.01	0.007	0.007	0.007	0.01	0.03810623254450531	0.045654519991481984	0.062303035506966746	0.02600332848720534	0.002005202333126796	0.07234860662851515	0.16520841856768687	0.23041709727257056	0.05510183256364744	0.0034768476716664433	96.47705726503867	0.03477193206984129
0.20492507640871982	0.01	0.007	0.007	0.007	0.01	0.039169794526576464	0.045821033253901786	0.06464312272785686	0.027332504942067938	0.002004422993207257	0.08206976587343116	0.18345473418156064	0.26314393127410046	0.06347858106538624	0.0038152582666582595	96.17868595855006	0.03475230495816598
0.22216575088894097	0.01	0.007	0.007	0.007	0.01	0.04011568538475992	0.04590386566724782	0.06681436799607136	0.0286258794571548	0.0020051467869683513	0.09259026224525846	0.20273857883337906	0.29888425216257797	0.07274446072305706	0.004172173677634706	95.86393126251478	0.034731546093887206
0.24044177553032908	0.01	0.007	0.007	0.007	0.01	0.04094588886524463	0.04591745084947363	0.06881051730649479	0.029878790081498522	0.0020081751434845962	0.10395277704225823	0.2231140603661302	0.3378283666214052	0.08297281016774444	0.004549520956040175	95.53139931542474	0.03470955414166184
0.2598420481538429	0.01	0.007	0.007	0.007	0.01	0.041662629502555164	0.04587397359879048	0.0706248935829252	0.031085743630631952	0.002014346172801503	0.11619927042400634	0.24463726154162424	0.38016418215383085	0.09423895823445544	0.004949476188070789	95.17967370718128	0.0346862245928401
0.280448650374482	0.01	0.007	0.007	0.007	0.01	0.04226834608444165	0.045783626333894066	0.07225017999716302	0.032240025285537745	0.0020245113142453963	0.12936405199901393	0.2673547372183313	0.4260514657392146	0.10661311857219778	0.005374312029197028	94.80749558236548	0.034661461561113764
0.3023195093697464	0.01	0.007	0.007	0.007	0.01	0.042765824948595134	0.04565495962340242	0.07367851387527112	0.033333328118464574	0.0020394723628265683	0.14346175946345943	0.2912842928610656	0.47557682176042565	0.12014735209907366	0.005826086939748049	94.41407543396582	0.0346351986058835
0.32546756833876445	0.01	0.007	0.007	0.007	0.01	0.043158654025386885	0.045495277561501235	0.0749024609740515	0.03435582767928439	0.002059876824843607	0.15847310956555286	0.31639315523017847	0.5286989440658529	0.13485873137154947	0.006306238050697177	93.99945880694612	0.03460742364008121
0.3498548825568878	0.01	0.007	0.007	0.007	0.01	0.04345200974243481	0.04531089143161049	0.07591735322397389	0.03529738849551883	0.0020861026316856654	0.17434097559311276	0.3425937501491275	0.5852293209342656	0.15072121832588037	0.006815431292321539	93.56461469768	0.034578185806570225
0.3754200193560143	0.01	0.007	0.007	0.007	0.01	0.043653220816116646	0.04510703950327298	0.07672395873587758	0.03614976498159882	0.002118201902383135	0.19098930479244783	0.3697755349672394	0.6448958773131294	0.16768084082510762	0.007354049363925653	93.11092864413779	0.03454756240654953
0.4021211235283053	0.01	0.007	0.007	0.007	0.01	0.04377137560145643	0.04488764239994886	0.0773291100352418	0.03690813024063366	0.0021559374431194167	0.20835296115527419	0.3978515674837789	0.7074499465569798	0.18568492953337803	0.007922996333621313	92.63943190560953	0.0345156072340567
0.42996223665881345	0.01	0.007	0.007	0.007	0.01	0.043816194388971004	0.04465523966344801	0.07774389471711383	0.03757092203282281	0.0021988676149893483	0.226396186338201	0.4267845843640377	0.7727358780805161	0.2047028325922121	0.008524188117586241	92.15034699289075	0.03448231920588201
0.4590024395296755	0.01	0.007	0.007	0.007	0.01	0.04379695070574885	0.044411126177391916	0.07798117703149007	0.038138808436375134	0.0022464340137535255	0.24511873227891	0.4565933109881125	0.8407169874605862	0.22473516118003856	0.009160729726978345	91.6429487635784	0.03444763170206902
0.4893621989338139	0.01	0.007	0.007	0.007	0.01	0.04372176505282987	0.04415552116595646	0.07805357792764717	0.03861362769304815	0.002298039171347848	0.26455901558883044	0.48735494564249454	0.911489855379569	0.24581994979937205	0.00983707917805444	91.11548178220401	0.034411405341935104
0.5212371265492034	0.01	0.007	0.007	0.007	0.01	0.043597186435775724	0.043887646447107485	0.07797197874352023	0.03899753207709099	0.0023531160004422865	0.2848009196393815	0.5192141656817089	0.9853105230071358	0.2680424736870098	0.010559421305874695	90.56495710941789	0.034373412024056645
0.5549276183616254	0.01	0.007	0.007	0.007	0.01	0.04342787303442043	0.04360563471883478	0.07774420560597255	0.03929225149489212	0.002411195933003341	0.3059892912034093	0.5524060566641571	1.0626507707739057	0.2915544281190893	0.011336458930706011	89.98669057281063	0.03433330024369896
0.5908885279738062	0.01	0.007	0.007	0.007	0.01	0.04321622148550286	0.04330624480802232	0.07737350113271095	0.03949822495640138	0.0024719723412194557	0.32835578197439597	0.587294926956239	1.1442898701464246	0.3166045881984869	0.012180752215947091	89.37352771524102	0.034290536956631534
0.6296941837472793	0.01	0.007	0.007	0.007	0.01	0.042962599884557647	0.04298526784453181	0.0768581054381186	0.03961317984433431	0.0025351736805746586	0.3521895487842789	0.624326864882341	1.2312015597340447	0.3435066996730101	0.013108121973200179	88.71654565794451	0.034244450558299014
0.6708525247047337	0.01	0.007	0.007	0.007	0.01	0.042674157983609955	0.04264732241364732	0.07621146503243961	0.039632541349130954	0.0025986992976334243	0.3771163129538479	0.6629144645982707	1.3219237868030165	0.3718162937483456	0.014108698652144399	88.02500924184142	0.034195637747341516
0.7118086263400825	0.01	0.007	0.007	0.007	0.01	0.04237412413066948	0.04231362799981629	0.07549137971932547	0.0395643363311817	0.002657803702893217	0.401555753553219	0.700618773854086	1.4106240625370672	0.3996918633446732	0.015119901310907107	87.34222167995004	0.034147133854445295
0.7527510766004502	0.01	0.007	0.007	0.007	0.01	0.04206604163550743	0.04198263640724956	0.07471514398594166	0.039423781818987085	0.002712517637695318	0.42562149121204357	0.737629786193456	1.4976650349805387	0.42720971703082544	0.016144314689618897	86.66495526891305	0.03409871489340672
0.7935327643859247	0.01	0.007	0.007	0.007	0.01	0.04175436122682627	0.04165551293321525	0.0739011688541818	0.03922422790329188	0.0027625889157337235	0.44922996018546346	0.7738295112416212	1.5827085133096668	0.45423029458649616	0.017176217180361393	85.99556897765582	0.0340505543037157
0.8342995256374184	0.01	0.007	0.007	0.007	0.01	0.04144025809321715	0.041331056748950275	0.07305853796367968	0.038975736768281	0.002808270742247378	0.47247007117835726	0.8093621510536548	1.6660500971234022	0.4808190796402898	0.0182173156195588	85.33159508857126	0.03400247932538931
0.8750497660263615	0.01	0.007	0.007	0.007	0.01	0.04112529886180896	0.041009260176043914	0.07219637019686367	0.03868711230531636	0.002849697460668872	0.49534451853556816	0.8442373410286751	1.747681767137715	0.5069494748326855	0.019265730121293772	84.67301372512692	0.03395449166401349
0.9158719759480726	0.01	0.007	0.007	0.007	0.01	0.04080986717013026	0.0406894108685939	0.07131978966635542	0.03836503204135306	0.0028871356206990107	0.517906136969418	0.8785396399823133	1.8277801306337793	0.5326574691887285	0.020322020376856223	84.0183655527194	0.033906487155398325
0.9568057691624149	0.01	0.007	0.007	0.007	0.01	0.04049439545145025	0.040371196125394866	0.07043335847209123	0.03801522703528046	0.002920812040983754	0.5401788022333727	0.9123080969333169	1.906421593704315	0.5579501365453514	0.021385622397787876	83.36701010525863	0.03385841957812836
0.9979170776939696	0.01	0.007	0.007	0.007	0.01	0.04017889347998027	0.040054110386097616	0.0695398939737143	0.03764218657396159	0.002950975720830638	0.5621993702009105	0.9456004397920909	1.9837306706871685	0.5828526133126553	0.02245677000117988	82.717912455813	0.03381021213568873
1.0392525948403515	0.01	0.007	0.007	0.007	0.01	0.03986337282025247	0.03973781048533305	0.0686417507955173	0.03724972847880959	0.0029778507620456408	0.5839926734453883	0.9784553196173277	2.059790653161531	0.6073789661542186	0.023535297854937003	82.07037006174349	0.033761810984311635
1.0808643943756011	0.01	0.007	0.007	0.007	0.01	0.039547706400856426	0.039421923620935384	0.06774051148032718	0.03684094919772725	0.003001652797637814	0.6055849703144238	1.0109128592342413	2.1346905714452515	0.6315469221466206	0.02462126462998363	81.4236195766093	0.03371315630944161
1.1227950676422875	0.01	0.007	0.007	0.007	0.01	0.03923177512680844	0.039106160433746866	0.06683747322776337	0.03641848977401651	0.003022577439053456	0.6269961791897222	1.0430030620870436	2.2084977408646003	0.6553687144095708	0.025714550846087432	80.77706831062997	0.03366419971563968
1.1650861384366482	0.01	0.007	0.007	0.007	0.01	0.03891542579329537	0.038790249509571065	0.06593358628422905	0.035984557830176116	0.0030408056936703696	0.6482444599261273	1.0747528248479208	2.281273610256447	0.6788559410809399	0.02681506567129542	80.13016014202384	0.03361489434721499
1.2077733667592863	0.01	0.007	0.007	0.007	0.01	0.03859852137176351	0.03847397170625877	0.06502964441734765	0.035541054874465614	0.0030565021802738987	0.6693439576248622	1.1061826410796054	2.3530659286532303	0.7020168346237852	0.02792261406105878	79.48244581945447	0.0335652003468093
1.2508898537855664	0.01	0.007	0.007	0.007	0.01	0.03828092755037256	0.03815713568989157	0.06412628406448406	0.03508960892729486	0.003069817694352825	0.6903065397303414	1.137309278510022	2.4239147519612416	0.72485803612304	0.02903696930960476	78.8335328922435	0.03351508120400636
1.2944647041386592	0.01	0.007	0.007	0.007	0.01	0.03796252929764531	0.037839586850161436	0.06322406154429669	0.03463163913400629	0.003080889842202587	0.7111412764917283	1.1681450677676282	2.4938507308644375	0.7473839101358679	0.030157831764553132	78.18310399125143	0.033464505288433456
1.3385243269487543	0.01	0.007	0.007	0.007	0.01	0.0376432255883871	0.03752119673947852	0.062323461785029004	0.0341683828600593	0.0030898446626105376	0.7318552162181927	1.1986991104853808	2.562897823056749	0.769597311505599	0.03128485749803913	77.53089522295178	0.033413444312661175
1.3830922040903018	0.01	0.007	0.007	0.007	0.01	0.03732293395677952	0.037201863922805556	0.06142493004349553	0.03370093078317395	0.003096797657401154	0.7524533953740785	1.228977340867836	2.6310734139650847	0.7914995360036174	0.03241764851253685	76.87669793082144	0.033361873580664385
1.4281895126908717	0.01	0.007	0.007	0.007	0.01	0.037001587785953714	0.03688150869592595	0.06052887905939457	0.03323024682230464	0.003101854944703131	0.7729392440011231	1.2589831652874732	2.6983897617659784	0.8130907128323166	0.03355576587798724	76.22034789540362	0.033309771247107794
1.4738352364481768	0.01	0.007	0.007	0.007	0.01	0.036679136638019756	0.036560071611686125	0.05963570164853656	0.03275718857614547	0.0031051141835349333	0.7933147348570155	1.2887177168471058	2.764854576264618	0.8343699303695478	0.034698730492320674	75.56172233214966	0.0332571181720293
1.5200465393874112	0.01	0.007	0.007	0.007	0.01	0.03635554424613306	0.03623751021739007	0.05874577424353964	0.03228252119849015	0.003106665431591765	0.8135806408364831	1.3181802635914517	2.8304719448254745	0.8553354828874117	0.03584603106142588	74.90073322232772	0.033203897474235355
1.5668389472584583	0.01	0.007	0.007	0.007	0.01	0.03603078758704153	0.035913797249177	0.05785946149549864	0.03180693026957132	0.00310659187770494	0.8337366921881413	1.347368464886892	2.895242915253333	0.8759850147025252	0.03699712761420791	74.2373236268242	0.033150094309343424
1.6142265933952042	0.01	0.007	0.007	0.007	0.01	0.035704855306541314	0.03558891844760934	0.05697711754242087	0.031331031597769655	0.0031049704916219505	0.8537817517750309	1.3762786499846775	2.959166124798047	0.8963156851513366	0.038151456928812506	73.57146322195307	0.03309569557547156
1.6622223998193593	0.01	0.007	0.007	0.007	0.01	0.03537774648286942	0.035262870896883174	0.05609908701496154	0.030855379763678487	0.0031018725932547807	0.873713951784655	1.4049060367496853	3.022238291086051	0.9163242942958264	0.03930843654708718	72.90314490652013	0.0330406896954488
1.710838257556582	0.01	0.007	0.007	0.007	0.01	0.03504946932651811	0.03493566143153674	0.05522570494284975	0.030380475113956147	0.0030973643558993157	0.8935308213020223	1.433244933912938	3.0844546614345063	0.9360073993498764	0.04046746890571382	72.23238154569675	0.03298506640162965
1.7600851865726561	0.01	0.007	0.007	0.007	0.01	0.034720039986715426	0.034607305241052495	0.054357296247385355	0.029906769694013128	0.00309150725255002	0.9132293970986529	1.4612889161491762	3.145809396718044	0.9553614135354879	0.04162794504471362	71.55920311908146	0.03292881654572306
1.8099734771394564	0.01	0.007	0.007	0.007	0.01	0.034389481472138654	0.034277824652242224	0.05349417500845065	0.029434672323715425	0.0030843584547091026	0.9328063195059607	1.4890309751211797	3.2062958971288666	0.9743826892096775	0.04278924790524127	70.88365423192691	0.03287193193136036
1.8605128246621618	0.01	0.007	0.007	0.007	0.01	0.034057822619276056	0.033947248003611	0.05263664346640095	0.02896455287896501	0.003075971189714744	0.9522579190164592	1.5164636548754686	3.2659070886295396	0.9930675907902127	0.04395075547211082	70.20579181377401	0.032814405155522405
1.9117124572963884	0.01	0.007	0.007	0.007	0.01	0.03372509712423976	0.033615608613814324	0.051784990913258055	0.028496745935036302	0.00306639506203938	0.9715802937799078	1.5435791720262315	3.3246356714332594	1.0114125575304918	0.04511184371269601	69.52568300891004	0.032756229459553234
1.9635812242381088	0.01	0.007	0.007	0.007	0.01	0.03339134285067918	0.03328294404661724	0.05093949309640386	0.028031554177346478	0.003055676350333238	0.9907693666877372	1.5703695051925188	3.382474297565043	1.0294141456249313	0.046271888574917125	68.84340367389078	0.032697398626109535
2.016127729466103	0.01	0.007	0.007	0.007	0.01	0.03305660086604342	0.032949295119733074	0.050100410796410345	0.02756925089989207	0.003043858268514472	1.0098209545870884	1.5968264995812838	3.4394157775031537	1.0470690806663743	0.047430268955114326	68.15903634893863	0.03263790682563613
2.069360396428356	0.01	0.007	0.007	0.007	0.01	0.03272091495019918	0.03261470539449199	0.049267989526676555	0.02711008271106728	0.003030981216430231	1.0287308070950094	1.6229419273037193	3.4954531879148534	1.0643742803309404	0.048586368039343485	67.47266921464198	0.032577748542356316
2.1232875845449586	0.01	0.007	0.007	0.007	0.01	0.03238433079843175	0.03227922036770435	0.0484424584169582	0.026654271425693352	0.00301708299823279	1.0474946602571382	1.6487075668050908	3.550580017989683	1.0813268899549469	0.04973957571898843	66.78439443711177	0.03251691844260264
2.1779176587722686	0.01	0.007	0.007	0.007	0.01	0.032046895551629116	0.03194288699424937	0.0476240299020403	0.026202016076196103	0.0030021990321194994	1.0661082691944979	1.6741152516129216	3.6047902475791935	1.0979242976917574	0.05088928988115411	66.0943071908053	0.032455411297372595
2.2332590899192533	0.01	0.007	0.007	0.007	0.01	0.031708657161937465	0.03160575304877248	0.0468128990091578	0.025753494414726984	0.0029863625350807594	1.0845674478401115	1.69915692742083	3.6580784415372807	1.1141641552392403	0.05203491826486506	65.40250435062796	0.032393221871236305
2.289320523979935	0.01	0.007	0.007	0.007	0.01	0.03136966398046976	0.031267866710783306	0.04600924320770594	0.025308864471450043	0.0029696046999056506	1.1028680943760676	1.7238246881875294	3.7104397979866355	1.130044384863283	0.05317587955153843	64.70908364173914	0.0323303448472733
2.3461108635129966	0.01	0.007	0.007	0.007	0.01	0.031029964297908812	0.030929276104178293	0.04521322216678798	0.02486826583803726	0.0029519548547662228	1.1210062176029525	1.7481108122809403	3.761870196018354	1.1455631866387084	0.05431160460837503	64.01414269528972	0.0322667747394896
2.403639354108678	0.01	0.007	0.007	0.007	0.01	0.030689605885091162	0.03059002883765284	0.04442497754849173	0.024431820774229156	0.0029334406076353486	1.138977961588856	1.772007794950982	3.812366235207584	1.1607190434196049	0.05544153771210967	63.31777810538025	0.03220250580070577
2.4619156683205494	0.01	0.007	0.007	0.007	0.01	0.03034863558071464	0.03025017159267848	0.04364463295100183	0.02399963522545154	0.0029140879787731716	1.1567796261559764	1.7955083738739297	3.861925260467209	1.1755107214992229	0.056565137588265965	62.62008458304482	0.032137531934528
2.5209499827065147	0.01	0.007	0.007	0.007	0.01	0.030007098950388788	0.029909749782977717	0.04287229405097871	0.023571799801279453	0.0028939215239880333	1.174407682159	1.8186055465268494	3.9105453701046415	1.1899372663147274	0.057681878185574444	61.921154256452276	0.032071846616248886
2.5807530753518537	0.01	0.007	0.007	0.007	0.01	0.029665039858398724	0.029568807127247628	0.04210804858123359	0.023148390533084307	0.002872964440296083	1.1918587898979693	1.841292590414015	3.9582254306971065	1.2039980001845878	0.058791249702400065	61.22107579245892	0.03200544279224986
2.641336408757935	0.01	0.007	0.007	0.007	0.01	0.029322500159115847	0.029227385341300836	0.04135196661446304	0.022729469689319555	0.002851238666426533	1.209129809927886	1.863563071983058	4.004965069280281	1.217692513224833	0.059892759178131416	60.51993376276201	0.03193831279715195
2.702712242078529	0.01	0.007	0.007	0.007	0.01	0.028979519257051174	0.028885523699379658	0.04060410058553958	0.02231508634976543	0.0028287649636542494	1.2262178191936577	1.8854108611005354	4.050764678690578	1.231020658002043	0.06098593146107279	59.81780774084072	0.031870448239949195
2.7648937248421297	0.01	0.007	0.007	0.007	0.01	0.02863613381182035	0.028543258739973928	0.03986448566648131	0.021905277092764002	0.0028055629944707247	1.24312011842203	1.906830132773018	4.0956253979005055	1.2439825366238133	0.06207030965057054	59.11477169502637	0.03180183991241367
2.8278950297312293	0.01	0.007	0.007	0.007	0.01	0.028292377267226602	0.028200623796370967	0.03913313978633844	0.02150006641538407	0.002781651378937489	1.259834246877668	1.9278153767682382	4.139549111014021	1.2565784929807928	0.06314545603400354	58.41089302097281	0.03173247765621326
2.8917314674800196	0.01	0.007	0.007	0.007	0.01	0.02794827952748251	0.027857648673889065	0.038410064000031795	0.02109946728711656	0.002757047750223872	1.2763579883272802	1.9483613943647426	4.182538421688106	1.2688090974856978	0.06421095247863132	57.7062318747134	0.031662350251946365
2.956419638774168	0.01	0.007	0.007	0.007	0.01	0.02760386648182798	0.027514359176016717	0.03769524255967672	0.020703481488013414	0.002731768789578907	1.2926893829043822	1.9684633007718726	4.224596642158346	1.2806751355832517	0.06526640121328936	57.00084019461801	0.03159144526977925
3.021977599698564	0.01	0.007	0.007	0.007	0.01	0.02725915951711371	0.027170776618565946	0.036988642996657765	0.02031209990994938	0.002705830249921368	1.3088267377408342	1.9881165238542673	4.265727777588807	1.2921775943015534	0.0663114255376331	56.29476069785219	0.031519748908028306
3.0884250596254255	0.01	0.007	0.007	0.007	0.01	0.026914174927065146	0.02682691724084777	0.03629021602892271	0.019925302725004406	0.0026792469613675885	1.3247686405002896	2.007316803968924	4.305936516216237	1.303317649670113	0.06734567071948491	55.58802566425815	0.03144724579943868
3.1557835689895986	0.01	0.007	0.007	0.007	0.01	0.026568923449869837	0.02648279174475504	0.03559989576772236	0.01954305968938857	0.0026520328365504894	1.3405139648760258	2.026060181400041	4.345228197435073	1.3140966471358015	0.06836880436398694	54.88065598206196	0.03137391883212333
3.2240768245156612	0.01	0.007	0.007	0.007	0.01	0.026223409288138946	0.026138404317909193	0.03491759892941176	0.019165329871055833	0.0026242008252919595	1.3560618974605885	2.044343006228498	4.3836088313307	1.3245160950836092	0.06938051815634415	54.17265913188655	0.03129974884674718
3.293330902007205	0.01	0.007	0.007	0.007	0.01	0.025877629607532385	0.025793752133908256	0.03424322506757021	0.018792061921214763	0.0025957628961316833	1.3714119398532287	2.062161914832771	4.421085053371581	1.3345776391615043	0.070380527975045	53.46402814997526	0.031224714417734206
3.3635746748264546	0.01	0.007	0.007	0.007	0.01	0.025531573217286132	0.025448824037145483	0.0335766552559252	0.01842319347065757	0.0025667299411162867	1.3865639444061735	2.0795138415728003	4.457664158843289	1.34428305665189	0.07136857616254869	52.754738913375284	0.031148791438738884
3.4348402192725613	0.01	0.007	0.007	0.007	0.01	0.02518521947861333	0.02510359945475589	0.03291775133135608	0.018058650821976118	0.0025371116858600466	1.4015181352628623	2.0963960071885515	4.493354095494951	1.353634237173839	0.0723444328003805	52.04474788976995	0.031071952730120495
3.5071633423204456	0.01	0.007	0.007	0.007	0.01	0.024838536790337724	0.02475804688717211	0.032266354436002294	0.017698348242290673	0.002506916551310127	1.416275143119833	2.1128059161375967	4.528163483393657	1.3626331679496317	0.07330789782480422	51.333989018262784	0.030994167523011575
3.58058426353904	0.01	0.007	0.007	0.007	0.01	0.024491480559914548	0.02441212188574268	0.03162228275003985	0.01734218679926183	0.002476151455616455	1.4308360556851696	2.128741362438592	4.562101663273811	1.3712819227767787	0.07425880409825046	50.62236953185326	0.030915400788596878
3.655148401889089	0.01	0.007	0.007	0.007	0.01	0.024143990960795295	0.024065764817386908	0.03098532903541429	0.016990053085830542	0.00244482157955285	1.4452024692101537	2.1442004251590965	4.595178735999755	1.379582643913972	0.07519702046021952	49.90976533766564	0.030835612468770097
3.7309074988861672	0.01	0.007	0.007	0.007	0.01	0.023795989471073115	0.023718897414499562	0.03035525620285282	0.016641816847479795	0.002412930002115266	1.4593765807037307	2.15918149319541	4.627405681328384	1.3875375377344707	0.07612245731499905	49.19601389276821	0.03075475636415879
3.8079209907990412	0.01	0.007	0.007	0.007	0.01	0.023447374745721776	0.023371418660614905	0.029731792058193075	0.016297328154046057	0.002380477248039814	1.4733612934555032	2.173683283431559	4.658794485240026	1.395148863485722	0.07703507292711766	48.480905705914516	0.030672778779872553
3.886257883039061	0.01	0.007	0.007	0.007	0.01	0.02309801682299669	0.023023199015656113	0.02911462155398076	0.015956413193536127	0.0023474606482911738	1.4871603719309126	2.1877048833845496	4.689358350352243	1.40241893046685	0.07793488271896637	47.76417241290215	0.030589616666837082
3.965999356945343	0.01	0.007	0.007	0.007	0.01	0.022747748904520432	0.022674072222768328	0.02850337545334611	0.015618868088230226	0.002313873427552607	1.5007786678197566	2.2012458279720004	4.719112023475915	1.4093501059985412	0.07882197289948295	47.04546986108271	0.030505195027237447
4.047242421913204	0.01	0.007	0.007	0.007	0.01	0.02239635572307152	0.022323823713964283	0.02789761404327541	0.015284449985813107	0.002279703404172282	1.514222443565533	2.21430621799716	4.748072277178161	1.4159448342146732	0.07969651999582457	46.32435417363044	0.03041942327173437
4.130105399284053	0.01	0.007	0.007	0.007	0.01	0.022043555691347787	0.021972172816999272	0.027296801600840307	0.014952863061394003	0.0022449309993169426	1.5274998823353965	2.2268869376892315	4.7762587050670104	1.4222056885413006	0.08055882184468607	45.60024502399548	0.03033218972738281
4.214736350645079	0.01	0.007	0.007	0.007	0.01	0.021688973114605995	0.021618745058487036	0.026700266235018966	0.014623736475962828	0.0022095261355754214	1.5406218919912738	2.2389900215318823	4.803695002135216	1.4281354715611272	0.0814093466241424	44.872368474323984	0.030243353174881776
4.301327002383456	0.01	0.007	0.007	0.007	0.01	0.021332091512793003	0.021263025638057258	0.026107131646827892	0.014296586888810444	0.002173443041443528	1.5536034792389921	2.2506193349971197	4.830411209426994	1.4337374229656978	0.08224881710097744	44.13966096733838	0.0301527288220315
4.390137481079774	0.01	0.007	0.007	0.007	0.01	0.02097216947960157	0.020904275561538732	0.02551619305512845	0.01397075026001246	0.0021366109113201723	1.5664662621605965	2.2617818998879624	4.856447898531646	1.4390156541006331	0.08307836539251826	43.400596283747234	0.030060063315460798
4.481545221529604	0.01	0.007	0.007	0.007	0.01	0.02060807187471317	0.020541363383386076	0.024925666298450513	0.013645243891413446	0.0020989152333622087	1.5792435820481046	2.272490749278001	4.8818648393952415	1.4439761375310123	0.08389984931402089	42.65283841671319	0.02996498519239463
4.5761563670394105	0.01	0.007	0.007	0.007	0.01	0.020237880413514698	0.020172377066238145	0.024332605346942534	0.013318446058696799	0.0020601548640131412	1.5919924362347593	2.282771901976292	4.90676153031375	1.4486292212666334	0.08471659383812583	41.89244089542653	0.029866891742592248
4.675121847164188	0.01	0.007	0.007	0.007	0.01	0.019857776279526406	0.0197935102399308	0.023731221495400905	0.012987171398506263	0.0020199193108360485	1.6048280828285042	2.2926853739029203	4.931337486097382	1.4529974382200217	0.08553554893550344	41.11154950748186	0.029764627300697195
4.78146642608158	0.01	0.007	0.007	0.007	0.01	0.01945729629189833	0.019394333873547377	0.023105712534676554	0.012642725665847137	0.001977069927541855	1.618072313408222	2.3024180698917993	4.956153327957563	1.4571508689770105	0.08637656304313433	40.28865006249462	0.029655128038398954
4.906737134087285	0.01	0.007	0.007	0.007	0.01	0.01899590665581221	0.018934447085386826	0.022395156298941156	0.012251595374735783	0.0019271856620346538	1.6329747486616533	2.312714329980309	4.983378468727889	1.4613642945417873	0.08731730586065002	39.340403461148306	0.029526657842635525
4.998889693401842	0.01	0.007	0.007	0.007	0.01	0.01866350547536793	0.018603125710138106	0.021889792608230485	0.011973511818436018	0.0018908699425766058	1.6434742653257899	2.319516623621746	5.002089775170296	1.464019760190684	0.0879761080696775	38.65712478026642	0.029432507083627067
5.081226651920711	0.01	0.007	0.007	0.007	0.01	0.0183714405614579	0.018312010523464657	0.02145018800375202	0.011731679040120646	0.0018587046049820474	1.6525357890371755	2.325063233086366	5.017908155011625	1.4660896839492972	0.08854172032539692	38.05667020577452	0.02934863874443638
5.162437747094162	0.01	0.007	0.007	0.007	0.01	0.01808785350613718	0.018029345834086268	0.02102724555681045	0.011499070533659414	0.0018272854080641423	1.6611873679735008	2.330059973737039	5.032711252970149	1.4678632484770042	0.08907894181644348	37.4735631394716	0.02926615131610162
5.2451016259182675	0.01	0.007	0.007	0.007	0.01	0.017803695338892388	0.017746111877315264	0.020607244880327585	0.011268136642262611	0.0017956249258508359	1.6697109737477265	2.3346787926624826	5.046995229820832	1.4694062122199547	0.08960530873899272	36.88919962067329	0.029182426365552624
5.328624398727024	0.01	0.007	0.007	0.007	0.01	0.017521125093782515	0.017464460592989228	0.020193296389638966	0.011040585988729286	0.0017639685032285045	1.678042408735546	2.33888289660672	5.060654923791578	1.4707073320959037	0.09011678449876166	36.308019038892795	0.029098074761127357
5.412089647129267	0.01	0.007	0.007	0.007	0.01	0.017243236262993508	0.017187475397012184	0.01978975166608193	0.010818807543922811	0.0017326750232559268	1.6860950260507646	2.3426353088164427	5.073558996399339	1.4717592139480113	0.09060806762044252	35.73638567010918	0.029014024818018628
5.495225273209328	0.01	0.007	0.007	0.007	0.01	0.016970832724527905	0.01691595756023751	0.01939753121960229	0.01060330306103949	0.0017018517326182602	1.6938529711109334	2.3459421678975194	5.085698879804114	1.4725702641448748	0.09107828256006585	35.17595654275158	0.02893054814965707
5.578033523732253	0.01	0.007	0.007	0.007	0.01	0.01670378620774372	0.01664977923665219	0.019016201411104338	0.010393830115954936	0.001671500925887327	1.7013277094892314	2.348823272421078	5.097110193225223	1.4731528895556087	0.09152823735662895	34.6264714599602	0.028847638955872848
5.660551015503501	0.01	0.007	0.007	0.007	0.01	0.016441863587036212	0.01638870806361905	0.018645197164376553	0.010190074401733959	0.001641611741301494	1.7085331755135837	2.351298506354831	5.107831059428287	1.4735189525468269	0.09195888682120713	34.08745427616476	0.028765257227374896
5.742810869501702	0.01	0.007	0.007	0.007	0.01	0.01618485262824302	0.01613253250092067	0.01828400279747995	0.009991749079612392	0.001612174385671802	1.7154821677806202	2.3533862246306962	5.117896444536007	1.4736793633423158	0.09237111237128307	33.55847157970251	0.028683366874661102
5.824842610037994	0.01	0.007	0.007	0.007	0.01	0.015932561035820206	0.01588106088172103	0.017932148346600747	0.009798592721360121	0.0015831801679441408	1.7221864417187382	2.355103423088728	5.127338472621643	1.473644192746941	0.09276572816468581	33.03913076385285	0.028601935772021754
5.906672837704195	0.01	0.007	0.007	0.007	0.01	0.015684813216471416	0.01563411818688236	0.017589202992603012	0.009610365665847756	0.0015546212520800022	1.7286568554245236	2.356465907104465	5.136186794064335	1.4734227720845245	0.09314349033495663	32.52907339396038	0.028520935036285725
5.988325658672833	0.01	0.007	0.007	0.007	0.01	0.015441448016991936	0.015391543790213763	0.01725477018431934	0.0094268473125368	0.0015264905020201535	1.734903479144276	2.357488427354005	5.144468875008551	1.4730237758383493	0.09350510394192106	32.02797057464747	0.028440338558179287
6.0698229732406475	0.01	0.007	0.007	0.007	0.01	0.01520231704199886	0.015153189781695832	0.016928483820305665	0.009247834000125705	0.0014987813783179271	1.7409356819357327	2.3581847933941256	5.15221023469257	1.4724552919835445	0.09385122849148848	31.53551950705772	0.02836012268010933
6.151184729195875	0.01	0.007	0.007	0.007	0.01	0.014967283193572586	0.014918919511888602	0.016610004941466038	0.0090731371689766	0.0014714878482371206	1.746762206541429	2.3585679713171	5.159434650175681	1.4717248824865317	0.09418248269607025	31.051440500019062	0.028280265913954685
6.232429163183995	0.01	0.007	0.007	0.007	0.01	0.014736219348827023	0.014688606273816174	0.01629901878779054	0.008902581726277886	0.0014446043015902393	1.752391235521304	2.3586501679666094	5.166164335018465	1.470839635320238	0.09449944866174766	30.57547426262513	0.02820074867539099
6.313572982989914	0.01	0.007	0.007	0.007	0.01	0.014509007296124256	0.014462132242652921	0.015995232354945856	0.008736004687939617	0.0014181254879601633	1.7578304464831032	2.3584429035584162	5.172420091605479	1.4698062097537294	0.094802675391147	30.107379727272438	0.028121553080286334
6.3946315402957685	0.01	0.007	0.007	0.007	0.01	0.0142855367709405	0.014239387514735094	0.015698372210628	0.008573253965116497	0.0013920464583071495	1.7630870611215317	2.3579570749017194	5.178221445114338	1.4686308757049424	0.0950926818823489	29.646932076082535	0.028042662753768984
6.475618989313117	0.01	0.007	0.007	0.007	0.01	0.014065704596605196	0.014020269251103291	0.015408182560394529	0.008414187289425414	0.0013663625126340583	1.7681678884338816	2.357203010402986	5.183586761022641	1.4673195479986891	0.09536995985086034	29.19392098170009	0.02796406265616759
6.556548394460732	0.01	0.007	0.007	0.007	0.01	0.013849414019603358	0.013804681014974198	0.015124423664634267	0.008258671332296179	0.0013410691651012075	1.7730793605638264	2.3561905184845764	5.188533346087723	1.4658778169403157	0.0956349759999636	28.748149247562477	0.027885738961081867
6.637431846627116	0.01	0.007	0.007	0.007	0.01	0.01363657406604224	0.013592532130307361	0.014846870362311812	0.008106580884248765	0.0013161621071895839	1.7778275657969909	2.354928930175893	5.193077539100974	1.4643109750381431	0.09588817409726419	28.30943149059392	0.027807678927182146
6.718280572299928	0.01	0.007	0.007	0.007	0.01	0.013427098959666645	0.013383737101719041	0.014575310745922594	0.007957798118296302	0.001291637174198505	1.782418278006253	2.353427136532451	5.197234791403283	1.4626240404961774	0.09612997682143173	27.877592949644505	0.027729870778964445
6.7991049930950185	0.01	0.007	0.007	0.007	0.01	0.013220907704574665	0.013178215198560682	0.014309545111132665	0.00781221200494579	0.0012674903276628045	1.7868569806188797	2.3516936224828724	5.201019736456039	1.4608217788665236	0.09636078728490825	27.452468632500896	0.027652303636987428
6.879914821608236	0.01	0.007	0.007	0.007	0.01	0.013017923602842584	0.01297588997411744	0.014049384874026022	0.007669717710397158	0.0012437176273201738	1.7911488904519521	2.349736496282272	5.204446254276382	1.4589087215371508	0.09658099052150917	27.033902327918184	0.027574967414513017
6.9607191295575275	0.01	0.007	0.007	0.007	0.01	0.01281807387259729	0.012776688884926828	0.013794651665546014	0.007530216092675647	0.0012203152122944386	1.795298977907972	2.347563516003268	5.207527527959915	1.4568891825808676	0.0967909547550045	26.621745823981016	0.02749785274223159
7.041526383056594	0.01	0.007	0.007	0.007	0.01	0.01262128936997607	0.012580543013646972	0.013545176598803247	0.00739361329318157	0.001197279292230244	1.799311983793458	2.345182114053958	5.210276093563733	1.4547672745771916	0.09699103247207992	26.21585834008789	0.027420950925432064
7.1223445147192885	0.01	0.007	0.007	0.007	0.01	0.012427504239326835	0.012387386720397868	0.013300799480330338	0.007259820298202534	0.0011746061281353857	1.8031924365689882	2.342599418231667	5.212703886714199	1.4525469219056288	0.09718156149608718	25.816105810402792	0.02734425386693411
7.20318095243302	0.01	0.007	0.007	0.007	0.01	0.012236655688076964	0.012197157418365691	0.013061368211757738	0.00712875260529569	0.0011522920260667036	1.8069446660664221	2.3398222717308377	5.2148222833837865	1.4502318736878401	0.09736286586327908	25.42236042393019	0.027267754032208807
7.284042685186332	0.01	0.007	0.007	0.007	0.01	0.012048683688743999	0.012009795276785256	0.012826738127914598	0.00700032985539618	0.0011303333208242945	1.8105728178099874	2.336857249984494	5.216642138038245	1.447825714429825	0.09753525671012335	25.03450001385052	0.027191444380115615
7.364936269649663	0.01	0.007	0.007	0.007	0.01	0.011863530835392702	0.011825243077866828	0.01259677155413177	0.006874475585400749	0.0011087263763040953	1.814080863528432	2.333710677758551	5.218173816868478	1.4453318752106654	0.0976990329590674	24.652407765095298	0.027115318350429334
7.445867873945096	0.01	0.007	0.007	0.007	0.01	0.01168114212339711	0.0116434459972769	0.012371337289266196	0.006751116940510302	0.001087467575719785	1.8174726125312	2.3303886435022014	5.219427229193209	1.4427536428397212	0.09785448203247353	24.27597176336395	0.027039369816681036
7.52684332120997	0.01	0.007	0.007	0.007	0.01	0.011501464743517313	0.01146435139888657	0.012150310127853552	0.006630184408390248	0.0010665533124303965	1.820751722141172	2.326897012152975	5.220411855960546	1.4400941680389558	0.0980018805051726	23.905084573317563	0.0269635930399373
7.60786809006408	0.01	0.007	0.007	0.007	0.01	0.011324447982546764	0.011287908735744291	0.011933570531996592	0.006511611635615664	0.0010459799921802937	1.8239217056096058	2.3232414385063347	5.221136775283935	1.4373564742087201	0.0981414946287015	23.53964303644928	0.02688798266347325
7.688947352450529	0.01	0.007	0.007	0.007	0.01	0.011150043048056432	0.011114069375391795	0.011721004225608046	0.006395335201942688	0.0010257440256550153	1.8269859409646065	2.31942737797877	5.221610686506051	1.4345434642976311	0.0982735808869559	23.179547912051028	0.02681253367276555
7.770085984511135	0.01	0.007	0.007	0.007	0.01	0.010978202960900497	0.010942786492721204	0.011512501886838814	0.006281294448589635	0.0010058418280978778	1.8299476781795536	2.3154600975407393	5.221841932042977	1.4316579279093382	0.09839838646516942	22.8247036578217	0.026737241381104976
7.851288598845463	0.01	0.007	0.007	0.007	0.01	0.0108088824087961	0.010774014924032327	0.011307958806497074	0.006169431288178255	0.0009862698137127071	1.8328100466238333	2.31134468475575	5.221838517657281	1.4287025470856425	0.09851614972022747	22.475018129895602	0.026662101395654024
7.932559549805804	0.01	0.007	0.007	0.007	0.01	0.010642037664015546	0.010607711084994254	0.011107274636691493	0.006059690064266971	0.0009670243968155213	1.8355760610300893	2.307086057300912	5.221608131064288	1.4256799025061353	0.09862710057759494	22.130402415059898	0.026587109608885114
8.013902965631168	0.01	0.007	0.007	0.007	0.01	0.010477626450910781	0.010443832838601723	0.010910353089976288	0.005952017384033728	0.0009481019866170451	1.838248627977888	2.302688970402377	5.221158159149006	1.4225924782351036	0.09873146093990884	21.790770559190875	0.02651226216546791
8.095322737426208	0.01	0.007	0.007	0.007	0.01	0.010315607907152259	0.010282339456541698	0.010717101761329425	0.005846362018329602	0.0009294989922213401	1.8408305505230655	2.298158025879835	5.220495704053825	1.4194426676435408	0.0988294450122518	21.45603948909943	0.026437555469222742
8.176822545792433	0.01	0.007	0.007	0.007	0.01	0.010155942471964425	0.0101231915077934	0.010527431871439218	0.005742674758883499	0.0009112118187309427	1.8433245337707915	2.2934976786425376	5.21962759804949	1.416232777547538	0.09892125965754887	21.12612878345248	0.02636298615552356
8.258405871266037	0.01	0.007	0.007	0.007	0.01	0.009998591812372077	0.009966350785115529	0.010341258064319068	0.005640908305386082	0.0008932368672522594	1.8457331895580662	2.2887122434650715	5.218560417367427	1.4129650325790037	0.09900710470828596	20.80096052206721	0.02628855107888861
8.340076010136313	0.01	0.007	0.007	0.007	0.01	0.009843518743121359	0.009811780225228748	0.010158498205283905	0.005541017152928973	0.0008755705337571909	1.848059040997067	2.283805900945504	5.217300494998599	1.4096415790110288	0.09908717326505133	20.480459122008828	0.026214247295863136
8.421836068589242	0.01	0.007	0.007	0.007	0.01	0.00969068719139413	0.009659443873645887	0.00997907323891275	0.005442957512375693	0.0008582092126320191	1.8503045261308892	2.27878270430941	5.215853932950273	1.4062644891647045	0.09916165195675991	20.164551266152674	0.026140072067799745
8.503688978454555	0.01	0.007	0.007	0.007	0.01	0.009540062122715534	0.009509306810821405	0.009802907007573405	0.005346687209306409	0.0008411492954365778	1.8524720019948453	2.2736465845487444	5.214226613450617	1.4028357646838954	0.099230721209017	19.853165751454853	0.026066022844048135
8.58563752384643	0.01	0.007	0.007	0.007	0.01	0.009391609451601064	0.009361335063089492	0.009629926058726439	0.005252165576961283	0.0008243871676306614	1.854563748679149	2.268401354412912	5.2124242090652695	1.3993573390644645	0.09929455550322973	19.54623330554913	0.0259920972355891
8.66768430806613	0.01	0.007	0.007	0.007	0.01	0.009245296063859721	0.009215495624896175	0.00946005958814924	0.005159353423571037	0.0008079192175498669	1.8565819716368583	2.2630507158431437	5.2104521934029755	1.3958310824742444	0.09935332357457281	19.243686634097852	0.02591829304275142
8.749831801957171	0.01	0.007	0.007	0.007	0.01	0.009101089692814153	0.00907175633542206	0.009293239217844647	0.005068212909456465	0.0007917418286435063	1.8585288059151472	2.2575982619164585	5.2083158494856185	1.392258802922397	0.09940718866372429	18.945460166045308	0.025844608209475692
8.832082316160257	0.01	0.007	0.007	0.007	0.01	0.008958958935316662	0.008930085894547567	0.009129398941560264	0.004978707515811837	0.0007758513871237066	1.860406318279978	2.2520474833771287	5.206020279244021	1.388642250468054	0.09945630869898413	18.651490087835995	0.025771040846300407
8.914438038685688	0.01	0.007	0.007	0.007	0.01	0.008818873154160693	0.008790453765581848	0.008968474943049122	0.004890801944049152	0.0007602442766483268	1.8622165107619661	2.246401770604066	5.20357041086407	1.3849831184269477	0.09950083651334553	18.361714142640377	0.025697589194761578
8.9969010070733	0.01	0.007	0.007	0.007	0.01	0.00868080249633538	0.00865283019345918	0.008810405552239504	0.004804462090569121	0.0007449168856591642	1.8639613225318348	2.2406644197029553	5.200971007409218	1.3812830472703417	0.09954092001115188	18.076071669100656	0.025624251650467222
9.079473146046064	0.01	0.007	0.007	0.007	0.01	0.008544717800803918	0.008517186112817274	0.00865513107810947	0.004719654954257267	0.0007298656022218631	1.8656426331048854	2.2348386339090327	5.198226673103293	1.377543625473708	0.09957670236323193	17.794503411503875	0.02555102672775972
9.162156239589242	0.01	0.007	0.007	0.007	0.01	0.008410590618713935	0.008383493168143035	0.00850259377411032	0.004636348616456581	0.0007150868210821213	1.8672622639992305	2.22892752929566	5.195341861194879	1.3737663931465827	0.0996083221599524	17.51695156248363	0.025477913082862586
9.244951957722886	0.01	0.007	0.007	0.007	0.01	0.008278393143577409	0.008251723644179679	0.008352737703848732	0.004554512166528052	0.0007005769405749721	1.8688219814321023	2.2229341364749	5.19232087970824	1.3699528430741035	0.09963591358323501	17.243359619413344	0.025404909488455075
9.327861850445272	0.01	0.007	0.007	0.007	0.01	0.008148098197619594	0.00812185045232073	0.008205508674121245	0.004474115664262883	0.0006863323655252711	1.8703234982175798	2.2168614044017896	5.18916789788164	1.3661044231101724	0.09965960655596012	16.973672356958108	0.025332014837483385
9.410887363640098	0.01	0.007	0.007	0.007	0.01	0.008019679184332478	0.007993847083317952	0.008060854132518402	0.00439513008300534	0.0006723495062713953	1.8717684759772473	2.2107122024164636	5.185886951472656	1.3622225374443124	0.0996795268922116	16.707835729639772	0.025259228127659787
9.494029827508923	0.01	0.007	0.007	0.007	0.01	0.007893110085644837	0.007867687604461384	0.0079187231181998	0.004317527281866495	0.0006586247823667079	1.8731585267515833	2.204489324128564	5.1824819487827645	1.3583085490329083	0.09969579643309809	16.445796866704605	0.0251865484701921
9.577290461472906	0.01	0.007	0.007	0.007	0.01	0.007768365433656173	0.0077433466314056	0.00777906618630747	0.004241279963592961	0.0006451546233293787	1.8744952148399727	2.1981954899655323	5.178956675804952	1.354363781174422	0.09970853318275316	16.187504014313685	0.025113975084010174
9.66067039015654	0.01	0.007	0.007	0.007	0.01	0.007645420267593047	0.0076207992852661294	0.007641835318386632	0.0041663616248470035	0.0006319354676622564	1.8757800587136109	2.1918333487157695	5.175314800584054	1.3503895184550605	0.09971785143918577	15.932906447085198	0.025041507280455236
9.744170631786348	0.01	0.007	0.007	0.007	0.01	0.007524250133394904	0.007500021192207266	0.007506983882818562	0.0040927465338376195	0.0006189637663031908	1.877014532399271	2.185405481014644	5.171559878473129	1.3463870089096732	0.09972386191526561	15.681954467864134	0.02496914447208717
9.827792103134708	0.01	0.007	0.007	0.007	0.01	0.007404831058859966	0.00738098845866919	0.00737446656985472	0.004020409694126256	0.0006062359832909621	1.878200067071386	2.1789144014722277	5.167695356483527	1.342357465323271	0.09972667185842263	15.434599356863755	0.02489688616704675
9.911535624492135	0.01	0.007	0.007	0.007	0.01	0.007287139530052378	0.007263677647852018	0.007244239330108324	0.003949326810361138	0.0005937485964349138	1.8793380525641425	2.172362560668302	5.163724577385478	1.3383020664484964	0.09972638516503421	15.19079332338085	0.024824731963473488
9.99540192467002	0.01	0.007	0.007	0.007	0.01	0.007171152468919357	0.007148065757406138	0.007116259316316595	0.0038794742558355562	0.0005814980979900621	1.8804298388082652	2.1657523470228686	5.159650783574355	1.334221958144414	0.09972310248979166	14.950489459981519	0.02475268154397743
10.0	0.01	0.007	0.007	0.007	0.01	0.007164847052591543	0.007141780730938054	0.007109312181747704	0.0038756825567469607	0.0005808321603491476	1.8804883423250514	2.165388574192173	5.15942469199527	1.3339977425701564	0.09972283810213027	14.937424971669952	0.02474873734152917
