0.0	0.01	0.007	0.007	0.007	0.01	0.0	0.0	0.0	0.0	0.0	0.0	0.0	0.0	0.0	0.0	100.0	0.035
0.0069759673297447485	0.01	0.007	0.007	0.007	0.01	0.002739345010211471	0.005742833724729009	0.003584314176541851	0.0012325866405666498	8.593997858375458e-5	0.00011065449163279451	0.00034603819308304994	0.00025282568616602567	6.463538467266534e-5	2.6177824346132406e-6	99.85790106459692	0.03499153912167758
0.01213868214172175	0.01	0.007	0.007	0.007	0.01	0.004664707562773166	0.009561335250173471	0.006121650672323117	0.002121041983493193	0.000135701804334079	0.00033000501714857967	0.0010164778188578212	0.0007554819921732745	0.00019410425729997853	7.4235281424596864e-6	99.75286771883478	0.03498527878350681
0.019526989293034473	0.01	0.007	0.007	0.007	0.01	0.0072771328334723774	0.014455547258681067	0.009589869401012634	0.0033582935135670344	0.0001911184255298671	0.0008358040001052852	0.002520713672254045	0.0019186939277548588	0.0004964473657020347	1.755768579406934e-5	99.60274774828173	0.03497632162736572
0.026820852438634874	0.01	0.007	0.007	0.007	0.01	0.009699874955846254	0.01869976637704902	0.012834194944382217	0.0045412874053800695	0.0002317913739468076	0.0015439843038203827	0.004563613795934227	0.0035538801841060817	0.0009258598016401305	3.0436886974316204e-5	99.45476835300296	0.03496748121915973
0.035316154970415	0.01	0.007	0.007	0.007	0.01	0.012338054257157439	0.02299958644899018	0.016399994850103513	0.00587250259810807	0.0002662361372049386	0.0026128391793111246	0.007549803137798208	0.00603243659638889	0.0015839716742799396	4.80595631442242e-5	99.28269104161184	0.034957187442692945
0.04422381478706027	0.01	0.007	0.007	0.007	0.01	0.014906031238407136	0.026863303844405717	0.019906726512285478	0.00721622934821633	0.00029157846880726966	0.00399539753163586	0.011283852547383339	0.009253179300601978	0.0024494192431910194	6.8693053133052e-5	99.10258094125979	0.034946397266495614
0.0539365372836504	0.01	0.007	0.007	0.007	0.01	0.01749146731493624	0.030433087669984336	0.023476344545575893	0.008622834244711775	0.00031043672454624335	0.005784323678587344	0.015950489597298147	0.013440587891900285	0.003588858237228767	9.291050873814004e-5	98.90656507472512	0.03493463568391619
0.06419502512358588	0.01	0.007	0.007	0.007	0.01	0.01999765864104536	0.033586914903634676	0.026977714488382855	0.010044712066124667	0.0003235753064742886	0.007965777181102708	0.021442674222760378	0.018572336807519255	0.0050038510624601865	0.00011977521399859365	98.6999559018069	0.03492221750732413
0.07511595106743156	0.01	0.007	0.007	0.007	0.01	0.022432911661336326	0.03636218459883791	0.030423022191596403	0.011489406214321492	0.0003324809136453555	0.010588052906467386	0.027813157943400574	0.024772804293433696	0.006737179718636612	0.00014929036513802081	98.48047929314814	0.03490900228253346
0.08662109534090413	0.01	0.007	0.007	0.007	0.01	0.024761166257888486	0.03874828569055555	0.033761245569363364	0.012937789244307411	0.0003381882552149859	0.013653174384236647	0.03499853669877108	0.032058503687560476	0.008803063740267231	0.00018099107605481514	98.24978959920193	0.03489508551447818
0.09875371673625039	0.01	0.007	0.007	0.007	0.01	0.026976653421769498	0.040775179394732256	0.03698300299033682	0.01438714945442992	0.0003416249974088574	0.01718755355134095	0.04299660553918858	0.040504462253432905	0.011233257371097524	0.00021478350957454163	98.00710373463113	0.03488041575227838
0.11150351879148251	0.01	0.007	0.007	0.007	0.01	0.0290649667159961	0.042466589056101546	0.04006557613833291	0.015828135589059086	0.00034347617666877185	0.02119986822217078	0.05176661219195533	0.050144253658196344	0.014048917845690626	0.00025047040795600413	97.75271850158596	0.03486500639189859
0.12490281294826776	0.01	0.007	0.007	0.007	0.01	0.031021294385872613	0.04385597124132565	0.0429993455211507	0.017256483955729984	0.0003442567706639645	0.02570821239601131	0.06129286187674242	0.061034543684066966	0.017279026345152507	0.00028801003405318736	97.4860860974444	0.034848819394382766
0.13897330744868333	0.01	0.007	0.007	0.007	0.01	0.03284029620775365	0.04497561320463973	0.04577321829216694	0.018666551089284018	0.00034433357848444426	0.030725084621702082	0.0715514465545838	0.07321906167852166	0.020950008548901777	0.0003273604453445552	97.2068802802252	0.034831829643571656
0.15375542867362446	0.01	0.007	0.007	0.007	0.01	0.03452021189201004	0.0458586409778673	0.04838087166167033	0.020054379446792878	0.0003439673691326952	0.03626741251218525	0.08253193406393482	0.08675267057578931	0.02509288353362113	0.0003685541280865108	96.91441470941002	0.03481398954413367
0.16929231210629803	0.01	0.007	0.007	0.007	0.01	0.03606011327660145	0.04653624938626064	0.05081675227885987	0.021415829407792554	0.00034334751485870697	0.04235158746311738	0.09422678639036977	0.10168930637108116	0.029739773304393785	0.00041164740262293386	96.60796453243918	0.03479524839373643
0.18563906960246582	0.01	0.007	0.007	0.007	0.01	0.037460668525541134	0.047037629304322336	0.05307735310713301	0.022747309639621974	0.00034262401424600767	0.04899717159985519	0.10663854187165796	0.11809095895874147	0.03492675569083792	0.000456742768331632	96.28658640579312	0.03477554123518541
0.2028582187744347	0.01	0.007	0.007	0.007	0.01	0.03872331401406182	0.04738924284371707	0.055160009753929866	0.024045181554357992	0.00034193657521056526	0.056225397556132775	0.11977647332465076	0.136023957451553	0.040692871360808326	0.0005039755915689585	95.94921315316628	0.034754794418426986
0.22102288415217444	0.01	0.007	0.007	0.007	0.01	0.039850303702385854	0.04761471964035698	0.05706304664622597	0.02530587021980529	0.00034144187139023975	0.06406053733662669	0.1336587819655023	0.1555622710390275	0.04708131694422267	0.0005535261027717103	95.59459565459154	0.034732921794008775
0.24021551776486938	0.01	0.007	0.007	0.007	0.01	0.04084441675475878	0.047734755255490445	0.058785355589270734	0.026525615686190197	0.000341340998655357	0.07252935070214432	0.14831118783789568	0.1767860400189158	0.05413913184516116	0.0006056239056256452	95.22133365107365	0.034709826317580114
0.26052851299691726	0.01	0.007	0.007	0.007	0.01	0.041708896211754394	0.04776718652068026	0.06032633282054726	0.027700404534108887	0.00034190835876003403	0.08166117462816339	0.16376678689955754	0.19978162536529562	0.06191733250994703	0.0006605643074846104	94.82787007236747	0.034685399380657116
0.2820620732916831	0.01	0.007	0.007	0.007	0.01	0.042447330618137276	0.04772713283179054	0.06168570313250658	0.028825778612938918	0.0003435229293486494	0.09148666701649176	0.18006370065988206	0.22463818656491372	0.07046981136020383	0.0007187261596718772	94.41253925240787	0.03465952345114141
0.3049192690892574	0.01	0.007	0.007	0.007	0.01	0.04306360371028936	0.04762722669143503	0.06286343774692259	0.029896625433646976	0.00034670107410404054	0.10203509014516589	0.1972405891552879	0.2514403862718051	0.07985070179746499	0.0007805940072812523	93.97366873715441	0.034632078087156376
0.3291910480624265	0.01	0.007	0.007	0.007	0.01	0.04356184508983535	0.04747796239279127	0.06385962989117659	0.030906762908080806	0.00035212552953265867	0.11332678677112082	0.21532485820397623	0.28024857631182637	0.09010692236537153	0.0008467673339182741	93.5098705961055	0.034602957979547176
0.35491929639559117	0.01	0.007	0.007	0.007	0.01	0.04394649680956751	0.0472882768495454	0.06467449032622087	0.03184823664182758	0.00036065283752941603	0.12535532500130217	0.23430546144637326	0.3110520363990261	0.10126008139658342	0.0009179217929753377	93.02074040096755	0.03457211720335386
0.38202517327041907	0.01	0.007	0.007	0.007	0.01	0.044222816032717605	0.04706648337722985	0.0653090489650615	0.032710588472498574	0.0003732573663762351	0.13805369760274358	0.2540825476312065	0.3436804060148374	0.11327109219691127	0.0009946663897292152	92.50818699066465	0.03453965478075
0.41025135567577864	0.01	0.007	0.007	0.007	0.01	0.04439837385090029	0.04682109530797122	0.0657680004186563	0.033482134197711795	0.0003908782864556344	0.1512684305351878	0.27443138738400724	0.3777345833683057	0.12600901075901325	0.0010773805112264069	91.97745087075177	0.034505883059514714
0.43925053497544586	0.01	0.007	0.007	0.007	0.01	0.04448457473245516	0.046560188026672826	0.06606367487146139	0.03415509609398094	0.0004142711911568099	0.1648044091180931	0.295073652810767	0.4127008644710175	0.1392880968584673	0.001166380469193841	91.43535109773087	0.03447122086169885
0.46874796680498104	0.01	0.007	0.007	0.007	0.01	0.04449550364241357	0.04628991232081932	0.0662153951009788	0.03472909002949377	0.00044399555218311345	0.17850450782665353	0.31579570515038563	0.4481582638441014	0.152945849957457	0.0012622967442239724	90.88721492952048	0.034435998833118986
0.4985679418899274	0.01	0.007	0.007	0.007	0.01	0.04444522921124692	0.04601435529836932	0.06624476253667828	0.03520898441043051	0.0004804360342621034	0.19226332257600628	0.336463587141206	0.48381726044146445	0.16686196272004775	0.0013661045736672026	90.33642508309057	0.03440042824648134
0.5286073079784065	0.01	0.007	0.007	0.007	0.01	0.044346223041313144	0.045736053789153644	0.06617232553225025	0.035602164378398186	0.0005238202559968431	0.2060144688340024	0.35700015332220036	0.5194892535650953	0.18095058088293065	0.001479020115940456	89.78495771842235	0.03436463310947993
0.5588105117309493	0.01	0.007	0.007	0.007	0.01	0.04420887008187173	0.04545650461408426	0.06601615327706428	0.03591682345543468	0.0005742377332378387	0.2197179806910771	0.37736464096692035	0.5550551401644076	0.1951508047647511	0.0016024079511517025	89.2338766358212	0.034328680293865564
0.5891544788267211	0.01	0.007	0.007	0.007	0.01	0.04404151205215282	0.04517652094240793	0.06579147269787478	0.03616107319510911	0.0006316636140190473	0.2333521970828701	0.39754021471559003	0.5904447951952037	0.20942034020700415	0.0017377252329220186	88.68363328510885	0.03429259779629127
0.6196388531729524	0.01	0.007	0.007	0.007	0.01	0.04385069597837453	0.044896470891962116	0.06551078710162708	0.03634249945912031	0.0006959827377277921	0.24690824345825713	0.4175259397003225	0.6256228767201004	0.22373091998460368	0.0018864887845120913	88.13426037706049	0.03425638652770046
0.6502796558810418	0.01	0.007	0.007	0.007	0.01	0.04364147472657228	0.044616431935044575	0.06518418651988563	0.03646796836472869	0.000767011936854479	0.26038626360898515	0.4373315680137878	0.6605789564701482	0.2380649731695389	0.002050258489282257	87.58549783285072	0.03422002797564488
0.6811049190575346	0.01	0.007	0.007	0.007	0.01	0.04341769464363555	0.044336291182589735	0.06481971065600521	0.036543568085283244	0.0008445189018548955	0.2737927341786361	0.4569739774845901	0.6953203569992018	0.2524130718414022	0.0022306309033635232	87.03687939679156	0.03418348948054577
0.7121518573942804	0.01	0.007	0.007	0.007	0.01	0.04318224383458343	0.04405580844105898	0.06442369684670124	0.03657462416717238	0.0009282378190899446	0.2871386299365727	0.4764748424011672	0.7298671575767068	0.2667720579018263	0.0024292410683946163	86.4877891994391	0.03414672766024939
0.7434650840317059	0.01	0.007	0.007	0.007	0.01	0.0429372556885039	0.04377465538066556	0.06400108629802566	0.03656575029685906	0.0010178819236976381	0.30043817839028114	0.49585911965994045	0.7642487239051383	0.2811436687830608	0.0026477703474793407	85.93749815815231	0.034109690579933204
0.7750957071586005	0.01	0.007	0.007	0.007	0.01	0.04268426954924272	0.043492438022486875	0.06355567936357362	0.03652091300466713	0.001113153766653172	0.31370809046482045	0.515154174875312	0.7985014823999415	0.2955336019654317	0.002887960085337243	85.38518391233283	0.03407231886990711
0.8071011464536927	0.01	0.007	0.007	0.007	0.01	0.042424354127218004	0.043208707629871716	0.06309034068979077	0.03644349764301585	0.0012137538560578003	0.32696715882317023	0.5343893901148995	0.8326676609990804	0.30995093954057706	0.0031516313154112646	84.82993779658098	0.03403454598922978
0.8395456419412056	0.01	0.007	0.007	0.007	0.01	0.04215819928110368	0.042922962553486946	0.06260715795717248	0.036336368480352224	0.0013193884818190505	0.34023617609886364	0.5535961872213606	0.8667948686345617	0.3244079031266725	0.0034407120527488073	84.27075992185704	0.03399629767435492
0.872501497163938	0.01	0.007	0.007	0.007	0.01	0.041886181054184464	0.04263464216923836	0.06210755861673848	0.03620191863028712	0.0014297775253416644	0.3535381549305328	0.5728084437892371	0.9009364570138164	0.33891993072212684	0.003757274914005387	83.70654224001805	0.03395749053045087
0.9060512255715013	0.01	0.007	0.007	0.007	0.01	0.041608403191466616	0.042343112496496485	0.061592387430279415	0.03604210671684669	0.0015446632290564328	0.366898880719323	0.5920633480229744	0.9351527300050829	0.35350611269976634	0.004103589884303386	83.13603737861938	0.033918029574671105
0.9402909955218537	0.01	0.007	0.007	0.007	0.01	0.04132471580445088	0.04204764094847944	0.06106194384841731	0.03585847664214217	0.0016638214137809696	0.3803479090148805	0.611402851916906	0.9695132672591475	0.3681901062509	0.0044822009705927975	82.55780742156855	0.033877804277285074
0.9753360640553896	0.01	0.007	0.007	0.007	0.01	0.04103470886913657	0.04174735520710455	0.06051597328031244	0.035652154832828825	0.0017870773248823673	0.3939202141201126	0.6308760123658815	1.0041008597562129	0.3830017442020271	0.00489604169384916	81.97014233499849	0.033836682306527886
1.0113296952156674	0.01	0.007	0.007	0.007	0.01	0.040737671344594974	0.04144117469517431	0.05995359364907043	0.03542381336567521	0.001914330566427468	0.40765896638343385	0.650542888386429	1.0390182251899869	0.3979798396067763	0.005348619235966746	81.37092517677704	0.033794499249485375
1.0484585696420352	0.01	0.007	0.007	0.007	0.01	0.04043249456034363	0.041127691240359324	0.05937311563453024	0.03517357480155944	0.0020455978602582376	0.4216204034466428	0.670481340600952	1.0743998676457647	0.41317719985303153	0.005844327321991092	80.75739809300629	0.033751040835566494
1.0869819805807126	0.01	0.007	0.007	0.007	0.01	0.04011746479886418	0.04080494155294449	0.05877165053355109	0.03490079979718556	0.0021810950543800613	0.4358831776160364	0.6908000590116701	1.110434940480574	0.42867036246169843	0.006389029611787039	80.12571667025848	0.033706009224579676
1.1272947550176131	0.01	0.007	0.007	0.007	0.01	0.039789791392849605	0.04046991408200013	0.058144210357574555	0.034603594936230796	0.002321417617469417	0.4505687346795144	0.7116669769428513	1.1474172607737476	0.44458098086822945	0.006991297226660231	79.46998437908756	0.03365895028455892
1.1700972839959336	0.01	0.007	0.007	0.007	0.01	0.03944429864805987	0.04011720746952225	0.0574812015603832	0.03427744335227222	0.0024680424319979714	0.4658971271658433	0.7333872240054574	1.1858827437780715	0.4611347361044601	0.007665682862704692	78.77962621955376	0.03360905685221197
1.2170372473395694	0.01	0.007	0.007	0.007	0.01	0.03906843520114251	0.03973394266621213	0.05675883998662053	0.03390997835045009	0.0026252645495137552	0.4823996947638084	0.7567006057217965	1.2271342592683745	0.47888662136139865	0.008444891061474395	78.02942855645662	0.033554425578472956
1.2793420388815289	0.01	0.007	0.007	0.007	0.01	0.0385746185061851	0.03923087784456443	0.05580905591900633	0.03341071948442745	0.0028269638469681745	0.5038170554765212	0.7868438902664167	1.280413672144289	0.501802493208219	0.009539620775648624	77.04469196982416	0.033482049022193705
1.3248068049149029	0.01	0.007	0.007	0.007	0.01	0.03821800665835873	0.03886781088122828	0.05512323817399948	0.0330407045431805	0.0029684594466854977	0.5191022458918316	0.8082753253062825	1.3182538791801905	0.5180627704689578	0.010379178704605597	76.33396642667587	0.033429333277950904
1.3748072222643546	0.01	0.007	0.007	0.007	0.01	0.0378294929729742	0.038472404921488755	0.054376628176487	0.03263032203345053	0.003117975752604355	0.535584810821697	0.8313066595148413	1.3588803732800465	0.5355004475554176	0.011339256524959726	75.55990529707582	0.03337145433733017
1.420246243867554	0.01	0.007	0.007	0.007	0.01	0.037479768981413315	0.03811656318264166	0.053705396961238494	0.03225562706256787	0.003248031977313978	0.5502717756935455	0.8517574320686486	1.3949210273623442	0.550948277195993	0.012242733661129952	74.86326955219558	0.033318942446943556
1.4664725640251917	0.01	0.007	0.007	0.007	0.01	0.03712725096861571	0.03775793557992863	0.05302989199885251	0.03187385995695649	0.0033744368448720176	0.564933373821343	0.8721031435770068	1.4307449230886062	0.5662793764182285	0.013189755977707787	74.16115383210722	0.03326560549967897
1.5108787246977722	0.01	0.007	0.007	0.007	0.01	0.036791702879969294	0.037416609207330524	0.052388149759795034	0.03150742924203091	0.0034901448426866476	0.5787567361813497	0.8912195458873268	1.4643757562083128	0.5806471951828817	0.014123813201589721	73.49288573128655	0.03321444909933628
1.5551544973573248	0.01	0.007	0.007	0.007	0.01	0.036460137690356054	0.03707935930928022	0.05175541295844576	0.031143060765610808	0.0035998720140122554	0.5922895564469722	0.9098697971833142	1.4971602091199319	0.5946275790223119	0.015076791078499107	72.83257517710962	0.03316352123059135
1.5985702369483026	0.01	0.007	0.007	0.007	0.01	0.036137900753072875	0.036751614412831944	0.05114196527523168	0.030787272158866834	0.0037019900388882395	0.6053214566908052	0.9277674198277015	1.5285977168536988	0.6080071741793956	0.01603033864695766	72.1908520801008	0.03311365843650107
1.6417189212474805	0.01	0.007	0.007	0.007	0.01	0.03582045878838818	0.03642875793518278	0.05053922414356059	0.03043558886449949	0.003798130932040856	0.6180437637243972	0.945178862073788	1.5591593504486931	0.6209870020381706	0.01699491799653443	71.5586785166161	0.033064176635080156
1.6844269273218824	0.01	0.007	0.007	0.007	0.01	0.035508999299532024	0.0361119938575407	0.04994949095386377	0.03008973779412076	0.0038880932105864086	0.6304148274413939	0.962049831260631	1.58875241840061	0.6335280759521581	0.017964518597938454	70.93841292472237	0.03301527300435128
1.7269321973005805	0.01	0.007	0.007	0.007	0.01	0.035201703977266095	0.03579947032259784	0.04936935510668456	0.029748035115896233	0.003972570351245566	0.6425123378798132	0.9784888084546159	1.6175696883905	0.6457125902262895	0.018942581547520633	70.32643002035006	0.03296667333747245
1.7692218121492957	0.01	0.007	0.007	0.007	0.01	0.03489860520317623	0.035491218523736615	0.04879890865981413	0.02941078795011351	0.004051703646564929	0.6543394374749757	0.9945020863190156	1.6456244503078077	0.6575465893961596	0.01992707705663021	69.72279159556946	0.03291839124341111
1.81140948141227	0.01	0.007	0.007	0.007	0.01	0.03459883681025172	0.0351863563701628	0.048236546573018235	0.02907725603362845	0.004125866662067715	0.665933834598536	1.0101425114317868	1.673011431143495	0.6690704716035673	0.020919060367201796	69.12577090653895	0.03287029599795942
1.853524209985538	0.01	0.007	0.007	0.007	0.01	0.034302155036607385	0.03488463513312504	0.04768183568535329	0.028747353579845245	0.004195256078184823	0.6773082410449436	1.0254287114411043	1.6997652627564601	0.6802991988335549	0.02191776009352567	68.53488137054316	0.0328223539943809
1.8956311426592967	0.01	0.007	0.007	0.007	0.01	0.034008072077876456	0.034585558148563296	0.04713388566193258	0.028420693547159336	0.004260116666399607	0.6884842301117782	1.0403909564984026	1.725940853232724	0.6912561869866641	0.02292337041431126	67.94915075964224	0.03277449077038587
1.9377647331159191	0.01	0.007	0.007	0.007	0.01	0.03371632752633403	0.03428886018635472	0.04659223226964131	0.02809711802164508	0.004320628907367825	0.6994741622607357	1.055046863171566	1.7515708761226982	0.7019554451846949	0.023935454218085194	67.36805999324895	0.03272666710717506
1.9799685530804885	0.01	0.007	0.007	0.007	0.01	0.033426606903420204	0.03399422114782756	0.046056311430112344	0.02777639000103091	0.004376975528569833	0.7102920383120059	1.0694160111064581	1.7766913719234187	0.7124123240719364	0.024953871279775705	66.79098245511055	0.03267883368760489
2.022273727870561	0.01	0.007	0.007	0.007	0.01	0.033138690351662524	0.033701417245746795	0.04552573562181284	0.027458361976470627	0.004429311026086274	0.7209479398549253	1.083512549608164	1.8013288328183998	0.7226381254507664	0.025978248632222742	66.21748009020519	0.03263095555888901
2.0647123876762388	0.01	0.007	0.007	0.007	0.01	0.032852358484524	0.03341022523031705	0.04500011894311792	0.02714287431201479	0.004477782249707964	0.7314516293195097	1.0973500271050955	1.82550866226056	0.732643640931978	0.02700829289039724	65.64711583838897	0.03258299683991043
2.1073108631295763	0.01	0.007	0.007	0.007	0.01	0.032567437902612094	0.0331204686605592	0.0444791608612086	0.02682980771519151	0.004522520985632273	0.7418109079474249	1.1109392421083977	1.8492514298553357	0.7424376037271418	0.028043617059748113	65.0795442717707	0.032534928402756985
2.1500944031401525	0.01	0.007	0.007	0.007	0.01	0.03228376828159894	0.03283198442136894	0.043962585312800534	0.02651904858842054	0.004563650862261895	0.7520328747040524	1.1242899312537424	1.872575830964688	0.7520279241862641	0.02908384768147322	64.51444602058397	0.03248672251351833
2.1930851152113666	0.01	0.007	0.007	0.007	0.01	0.03200121547444795	0.032544636039615556	0.043450164420532345	0.026210504777339546	0.004601286087684654	0.762123484299074	1.137410209069137	1.8954977153162078	0.7614212956814255	0.030128569090725536	63.951553862929785	0.03243835513988532
2.2363037384490214	0.01	0.007	0.007	0.007	0.01	0.031719659052041306	0.032258301007314256	0.04294169546598797	0.025904092956490106	0.004635534119031074	0.7720880303438852	1.150307219018654	1.9180312305521863	0.7706236724147483	0.031177361842063003	63.39062789916005	0.03238980393573187
2.2797691133832187	0.01	0.007	0.007	0.007	0.01	0.03143899527451434	0.03197287379917845	0.04243700604551586	0.025599742736940042	0.004666495888533894	0.7819310651930642	1.1629870444776649	1.9401886715296748	0.7796402133266774	0.0322297860341473	62.83146146786581	0.0323410488251009
2.3234989042836305	0.01	0.007	0.007	0.007	0.01	0.03115913190752642	0.03168826059793489	0.041935944461279684	0.025297391707710306	0.004694267021532331	0.7916566071578882	1.1754549911075725	1.9619809775256407	0.788475490755894	0.03328539573941069	62.27387081733818	0.03229207117906487
2.3675095519784817	0.01	0.007	0.007	0.007	0.01	0.030879988152023478	0.03140437922078828	0.0414383794015034	0.024996985929407273	0.004718938306884589	0.8012681621903486	1.1877156263134585	1.983417804244805	0.797133524308586	0.0343437352887168	61.71769496513103	0.03224285385976407
2.411816610320979	0.01	0.007	0.007	0.007	0.01	0.030601492161980808	0.031121156593542695	0.04094419531467598	0.024698477715806445	0.00474059635439889	0.8107688270817555	1.1997729218279776	2.004507775431272	0.8056178870815496	0.035404345260817045	61.16279075277875	0.03219338083587267
2.4564348228574313	0.01	0.007	0.007	0.007	0.01	0.030323580291806925	0.030838527984173806	0.040453290918870496	0.02440182521232297	0.004759324000669803	0.8201613295472155	1.2116303134910744	2.0252585892878345	0.8139317522211169	0.03646676251771409	60.60903134690581	0.032143637090894614
2.501378316336754	0.01	0.007	0.007	0.007	0.01	0.03004619565488735	0.03055643553615698	0.0399655765127047	0.024106991173784138	0.0047752007156015505	0.8294480896821224	1.2232907867964915	2.0456771695907334	0.8220779569051666	0.037530523298364496	60.05630336797754	0.03209360840225259
2.5466606874387008	0.01	0.007	0.007	0.007	0.01	0.029769287400159057	0.030274827532230705	0.03948097258842737	0.02381394246500518	0.004788302900789267	0.8386312548641134	1.2347569273988	2.0657697552497845	0.8300590409819169	0.03859516394690214	59.50450544975661	0.032043281240937235
2.5922951459190053	0.01	0.007	0.007	0.007	0.01	0.02949280967955563	0.029993657343939	0.038999407925243805	0.023522649194504825	0.004798704163527803	0.8477127432977867	1.2460309813310901	2.085542006683971	0.837877291813147	0.03966022312287566	58.95354618274541	0.03199264260948283
2.6382946006651697	0.01	0.007	0.007	0.007	0.01	0.029216721006261156	0.029712882778725507	0.0385208183944516	0.023233084234583454	0.004806475529326932	0.8566942728803063	1.2571148957066296	2.104999077914052	0.8455347749474988	0.04072524275839766	58.403342836268536	0.031941679944629445
2.6846717481905644	0.01	0.007	0.007	0.007	0.01	0.028940983628521637	0.029432465442927387	0.03804514581062754	0.022945222732683023	0.004811685624675578	0.8655773882988093	1.2680103563479992	2.1241456831947	0.853033362235	0.041789769151146794	57.85382011146033	0.031890381018194955
2.731439163975412	0.01	0.007	0.007	0.007	0.01	0.02866556291727804	0.02915237011888076	0.037572336827122854	0.022659041618774026	0.004814400831159094	0.8743634864614804	1.2787188224840216	2.142986158499171	0.8603747575028684	0.042853354165540355	57.304908921658416	0.03183873383575155
2.7786093749933305	0.01	0.007	0.007	0.007	0.01	0.028390426894219712	0.028872564284869645	0.03710234209258031	0.022374519244809182	0.0048146854126137496	0.8830538363238885	1.2892415537733548	2.1615245095648925	0.867560516586364	0.04391555602169718	56.75654545249755	0.031786726557023776
2.826194928520347	0.01	0.007	0.007	0.007	0.01	0.028115545805840497	0.02859301768188563	0.03663511550154864	0.022091635059332464	0.004812601623181313	0.8916495963653386	1.2995796337960317	2.179764453787467	0.8745920646443324	0.044975940010406494	56.20867031355786	0.0317343474211857
2.87420849567577	0.01	0.007	0.007	0.007	0.01	0.027840891522997752	0.02831370170294905	0.0361706131656559	0.02181036909440723	0.0048082097947356175	0.9001518366133037	1.3097339982947014	2.19770947063496	0.8814707164031759	0.04603407996231146	55.66122734206069	0.03168158463481001
2.9226628919430464	0.01	0.007	0.007	0.007	0.01	0.027566437443147455	0.028034589293651595	0.035708793253326425	0.021530701962772413	0.004801568413267148	0.9085615441927982	1.3197054429897936	2.2153628161728096	0.8881976822663736	0.04708955784067376	55.114163408329205	0.031628426352009645
2.9715711800957463	0.01	0.007	0.007	0.007	0.01	0.027292157939416157	0.027755654391854328	0.03524961507266196	0.02125261438349517	0.004792734178467197	0.9168796423481329	1.3294946470185336	2.232727565335905	0.8947740848373618	0.04814196512917345	54.567427317897895	0.0315748605646984
3.020946728303506	0.01	0.007	0.007	0.007	0.01	0.027018028091577457	0.02747687165408165	0.03479303864638244	0.020976086994262486	0.004781762053643941	0.925106999995708	1.3391021844283397	2.2498066333397486	0.901200967128269	0.04919090316495791	54.02096927536053	0.03152087504304142
3.0708032975718256	0.01	0.007	0.007	0.007	0.01	0.026744023275768105	0.02719821603826197	0.03433902406309176	0.020701100018621115	0.004768705300119026	0.9332444449305558	1.348528539399598	2.266602803978241	0.9074793030924443	0.050235984032527464	53.47474006649863	0.03146645724466921
3.121155103099944	0.01	0.007	0.007	0.007	0.01	0.026470118924284403	0.02691966255943896	0.03388753112562032	0.02042763310497328	0.004753615507305522	0.9412927712769685	1.3577741141362893	2.2831187452207455	0.9136100030702561	0.05127683081262711	52.92869057930289	0.03141159425339515
3.172016909288127	0.01	0.007	0.007	0.007	0.01	0.026196290125253093	0.026641185882641267	0.033438518746481426	0.020155665005462595	0.004736542605884706	0.9492527511045378	1.3668392410022838	2.2993570327368418	0.9195939219082916	0.05231307843788692	52.382771005643015	0.03135627268220735
3.2234041227453956	0.01	0.007	0.007	0.007	0.01	0.02592251126426035	0.02636275995842443	0.032991944429067686	0.019885173300878432	0.004717534871162362	0.9571251440774377	1.3757241916635248	2.315320168565156	0.9254318649008391	0.053344374367206265	51.836930126402486	0.031300478579688214
3.2753328832696287	0.01	0.007	0.007	0.007	0.01	0.025648755707265353	0.026084357700398613	0.03254776383112902	0.01961613417038664	0.0046966389193041505	0.9649107052470588	1.3844291834237452	2.3310105952745332	0.931124591720829	0.054370379073993565	51.29111467875208	0.03124419733990437
3.3278201738452213	0.01	0.007	0.007	0.007	0.01	0.025374995414810256	0.02580595059288732	0.032105930231093954	0.0193485220981629	0.004673899689489463	0.9726101941530658	1.3929543863056906	2.3464307120571437	0.936672820688623	0.055390766752026165	50.745268586270065	0.031187413593033658
3.3808839510280984	0.01	0.007	0.007	0.007	0.01	0.025101200487958747	0.025527508229156136	0.03166639390209423	0.01908230952053539	0.004649360409426948	0.9802243850666795	1.4012999305183347	2.3615828922637987	0.9420772331097756	0.056405226217007526	50.19933205272723	0.031130111075559682
3.4345432720899303	0.01	0.007	0.007	0.007	0.01	0.024827338773921244	0.025248997910341145	0.031229101601541385	0.01881746654010076	0.004623062554682749	0.987754074723663	1.4094659101832745	2.376469495026711	0.9473384749965493	0.057413461511613424	49.65324077465021	0.031072272505819423
3.4888184806760782	0.01	0.007	0.007	0.007	0.01	0.024553375220176015	0.024970383988604253	0.03079399567969329	0.01855396040656851	0.0045950457725543676	0.9952000960823342	1.4174523925214817	2.3910928878428663	0.952457162114154	0.058415193345979735	49.106924652123936	0.03101387939854758
3.543731352333159	0.01	0.007	0.007	0.007	0.01	0.024279271489796656	0.024691627475928058	0.03036101362985779	0.01829175526300905	0.004565347817890205	1.0025633238520115	1.425259416840478	2.405455451778977	0.9574338782337963	0.059410159461300426	48.560307020150496	0.030954911925152716
3.599305353711456	0.01	0.007	0.007	0.007	0.01	0.024004985067620013	0.024412685135108473	0.029930086857377792	0.01803081141730724	0.0045340044227050085	1.0098446926895759	1.4328870056463283	2.4195596103203645	0.9622691809140292	0.06039811671533016	48.01330286434251	0.030895348654560267
3.6555658696371216	0.01	0.007	0.007	0.007	0.01	0.023730468609530996	0.024133508817990097	0.029501139869864898	0.017771084867429107	0.004501049172619244	1.0170452073118945	1.4403351652443532	2.433407840788784	0.9669636002366198	0.06137884209745595	47.465817520991216	0.03083516633219213
3.712540526044929	0.01	0.007	0.007	0.007	0.01	0.023455668908925486	0.023854044414380885	0.029074088903763434	0.01751252648438197	0.004466513321304656	1.0241659611676028	1.44760389322017	2.447002700634191	0.9715176415674245	0.06235213491053635	46.917744613203624	0.03077433956025363
3.77025955116016	0.01	0.007	0.007	0.007	0.01	0.02318052579166854	0.023574230728247398	0.0286488404895132	0.017255081157377446	0.004430425571678695	1.0312081548788101	1.4546931829369079	2.4603468510115505	0.975931785966422	0.06331781892847359	46.36896384381082	0.030712840442235097
3.8287562261190735	0.01	0.007	0.007	0.007	0.01	0.02290497071579215	0.023293998053636484	0.028225289616110916	0.01699868669614745	0.004392811792587083	1.038173119885306	1.4616030300743184	2.4734430876350717	0.9802064913297474	0.0642757452604122	45.81933819866226	0.03065063813804628
3.888067429865585	0.01	0.007	0.007	0.007	0.01	0.02262892509007152	0.023013266464702045	0.027803317533611604	0.01674327251412675	0.0043536946651056355	1.045062346244328	1.4683334392350442	2.486294376177542	0.9843421928740227	0.06522579577247328	45.26871058830115	0.03058769832628301
3.9482343449741544	0.01	0.007	0.007	0.007	0.01	0.02235229804596778	0.022731943549817227	0.027382788807098508	0.016488757858987454	0.0043130932123834976	1.0518775204041866	1.4748844351709636	2.4989039021699044	0.9883393055660391	0.06616788785883523	44.71689939815787	0.030523982504917672
4.009303341650722	0.01	0.007	0.007	0.007	0.01	0.02207498365141487	0.022449921578053703	0.026963547636359324	0.01623504959969837	0.0042710221967328255	1.0586205719315407	1.4812560758421407	2.5112751320322038	0.9921982264537338	0.06710198041257032	44.16369292388613	0.030459447115160614
4.071327089941252	0.01	0.007	0.007	0.007	0.01	0.021796857418118744	0.022167073947177457	0.026545413251073208	0.01598203945561573	0.0042274913472816955	1.065293731367676	1.4874484672950012	2.5234118875996874	0.9959193365247784	0.06802808127577749	43.608842395498264	0.03039404243921729
4.134366072880423	0.01	0.007	0.007	0.007	0.01	0.021517771439119985	0.021883250238652018	0.026128173433634796	0.015729600094868956	0.004182504293542353	1.0718996130617	1.4934617902015852	2.535318456944829	0.9995030074511568	0.06894625806273089	43.052052266511076	0.030327711094858333
4.198490607578949	0.01	0.007	0.007	0.007	0.01	0.021237547860924622	0.021598269578932884	0.025711575811200805	0.015477579886490195	0.004136057120440183	1.0784413265097865	1.4992963362353753	2.5469997437773153	1.0029496111306042	0.06985665281340006	42.49296717712503	0.030260386022221523
4.263783590245475	0.01	0.007	0.007	0.007	0.01	0.02095596998222241	0.021311911587051653	0.025295315970969432	0.015225795735691949	0.004088136383110056	1.0849226282492548	1.5049525583356642	2.558461471631725	1.0062595331139177	0.0707595020904995	41.93115417753968	0.030191987746832884
4.330344469641079	0.01	0.007	0.007	0.007	0.01	0.020672769160545893	0.021023903058966738	0.024879019873161906	0.014974022477216095	0.004038716204301718	1.091348149309972	1.5104311550171694	2.5697104965058433	1.0094331996295276	0.07165516729739466	41.36607658067314	0.03012242040666633
4.398295040543769	0.01	0.007	0.007	0.007	0.01	0.02038760559491185	0.020733898423919945	0.024462217995093266	0.014721977278730277	0.003987754003339028	1.097723730579075	1.515733198747382	2.5807552706090893	1.0124711203503918	0.07254417956872855	40.79705558587731	0.030051565951619886
4.467788441457961	0.01	0.007	0.007	0.007	0.01	0.020100038101092645	0.020441449006537406	0.024044304497842672	0.014469295004310458	0.003935183809042144	1.1040569571333239	1.5208603558117355	2.591606592598525	1.0153739680888323	0.07342731164650233	40.223209923711075	0.029979275114495406
4.539023781191959	0.01	0.007	0.007	0.007	0.01	0.01980947449116471	0.020145952563904092	0.023624469997650364	0.014215487646642447	0.003880905309569764	1.110358043626211	1.5258152690764837	2.6022788640180536	1.018142724553446	0.07430569742918454	39.64335677258198	0.029905352706778843
4.612271853244899	0.01	0.007	0.007	0.007	0.01	0.0195150833369945	0.01984656355095405	0.02320158160562802	0.013959871929365156	0.0038247644743431303	1.1166414266994777	1.5306022854740493	2.612792377620114	1.020778971772676	0.07518104778111598	39.05583557198451	0.02982953171473967
4.6879248875245585	0.01	0.007	0.007	0.007	0.01	0.019215621380490364	0.01954201760049359	0.02277394752846291	0.013701427224117494	0.0037665158401220624	1.12292891343811	1.5352289664117418	2.6231778942732493	1.0232855222250645	0.07605607861443489	38.458163414382824	0.02975142308287826
4.766607379424769	0.01	0.007	0.007	0.007	0.01	0.018909044815089662	0.01923023620511454	0.022338785135620286	0.013438474451002415	0.0037057380608356894	1.1292568509302967	1.5397096908970112	2.6334871853049275	1.0256679767136256	0.07693548864078327	37.84625892144176	0.02967040363023471
4.849487548863835	0.01	0.007	0.007	0.007	0.01	0.018591404016735938	0.018907202683506284	0.021890702997036687	0.013167759665724688	0.0036415954933056716	1.1356967570837644	1.5440765219669366	2.6438237372894045	1.0279395837150713	0.07782878120131653	37.21223552139411	0.02958530041583931
4.939575408417774	0.01	0.007	0.007	0.007	0.01	0.018252192423058956	0.018562232097655437	0.02141529414436422	0.01288058589556254	0.0035718412028950164	1.1424429877812332	1.5484270828125746	2.6544744855843234	1.030143174300147	0.07876228312030184	36.535115544618165	0.029493073026560918
5.050937087043852	0.01	0.007	0.007	0.007	0.01	0.017841424599368088	0.018144490465542732	0.02084384512787369	0.012535468977995838	0.0034857554988450743	1.1504308752167052	1.5532578505619832	2.6668352084932474	1.0325024208494986	0.07986384922747954	35.715101271221975	0.02937946384016971
5.126772194944466	0.01	0.007	0.007	0.007	0.01	0.017567006941401186	0.017865413588931893	0.020464649030008285	0.012306503341176795	0.003427248848188287	1.1556563206257682	1.5562149500612423	2.6747647662891523	1.0338886314899978	0.0805818291619555	35.167247196347155	0.029302348807087382
5.202446104002865	0.01	0.007	0.007	0.007	0.01	0.01729738260408192	0.017591211471006868	0.02009406008304661	0.012082768663018426	0.003369068105397386	1.1607037891856313	1.5589072807279358	2.6822993307351823	1.0351015220830384	0.08127304701713688	34.62893482458355	0.029225599460026615
5.2791388539822535	0.01	0.007	0.007	0.007	0.01	0.01702835271132797	0.017317613874181185	0.019726232042473375	0.011860734222037086	0.0033103551585053886	1.1656543415061482	1.5613810459163668	2.689563405141498	1.036163563538691	0.08194850700509763	34.0917814843955	0.029148021891912845
5.355044986003242	0.01	0.007	0.007	0.007	0.01	0.016766205069548228	0.01705101534036163	0.019369666493572843	0.011645530305212402	0.0032525348719540568	1.170395685209946	1.5635851495797783	2.6963971600023693	1.0370551707300528	0.0825928405790017	33.5683424294699	0.02907144278652008
5.430029715536185	0.01	0.007	0.007	0.007	0.01	0.016511204759180942	0.01679168544945795	0.01902456320551439	0.011437274717608343	0.0031957416497100017	1.1749294377573642	1.5655317070013057	2.7028124744838595	1.03778590815581	0.08320633965478365	33.059148787775946	0.028995990798606593
5.504219285099794	0.01	0.007	0.007	0.007	0.01	0.01626272796044928	0.01653898979205973	0.018689926790666146	0.0112353641447837	0.0031399062881990636	1.1792727828641898	1.5672392204502323	2.7088428633751414	1.0383675308688987	0.08379142054448015	32.56295665743045	0.028921531651459966
5.577710771191774	0.01	0.007	0.007	0.007	0.01	0.01602027832500819	0.016292423594652872	0.01836495413598972	0.011039311627162035	0.0030849785421295916	1.18343984617956	1.5687233951230837	2.714516271219488	1.0388100988848639	0.08435008037625503	32.078776445102356	0.028847961640174443
5.650587362894608	0.01	0.007	0.007	0.007	0.01	0.015783428828493883	0.01605155258460348	0.01804895169102854	0.010848696582000638	0.0030309160545989593	1.1874428932335115	1.5699979664082733	2.7198570248764224	1.0391224212115278	0.08488406070149443	31.605756804065507	0.028775191985327374
5.722921085722407	0.01	0.007	0.007	0.007	0.01	0.015551808521621925	0.01581599951624822	0.017741314792520963	0.010663152282731722	0.0029776827199684253	1.1912926756145639	1.5710750565981704	2.724886497256753	1.0393122799967016	0.08539489496803347	31.143158210795963	0.028703145921060526
5.794774877673059	0.01	0.007	0.007	0.007	0.01	0.015325092397187582	0.015585433865859437	0.017441511820998894	0.010482356263938298	0.0029252474473905623	1.194998696798271	1.5719654499586322	2.729623618193037	1.039386603706775	0.08588394495256127	30.690332756143462	0.028631756474530375
5.866203980531697	0.01	0.007	0.007	0.007	0.01	0.015102994184949833	0.015359564504218819	0.017149072744715256	0.010306023380595651	0.002873583367799853	1.1985694088627674	1.5726788062714518	2.7340852607181287	1.0393516032936279	0.08635242777068049	30.246709778032773	0.028560964959691626
5.937257046680072	0.01	0.007	0.007	0.007	0.01	0.014885260574471008	0.015138133821391252	0.01686357992226694	0.010133900235508576	0.0028226672000975983	1.202012370715289	1.573223833380883	2.738286552316285	1.0392128822920015	0.0868014376198049	29.811784341736733	0.028490719776785463
6.0079770824341105	0.01	0.007	0.007	0.007	0.01	0.01467166636959203	0.014920912798949092	0.016584660426069337	0.009965760528668089	0.002772478700375923	1.2053343792605773	1.5736084284157708	2.742241131426582	1.0389755266127283	0.08723196379846826	29.38510757739392	0.028420975392347256
6.078402215428752	0.01	0.007	0.007	0.007	0.01	0.014462010527313178	0.014707696981614666	0.016311979762801868	0.009801401252820988	0.0027230002120241206	1.2085415767859837	1.573839793702626	2.7459613576573636	1.038644178273734	0.08764490546213202	28.96627878117986	0.02835169150838775
6.148566821769385	0.01	0.007	0.007	0.007	0.01	0.0142561114407079	0.014498301680095884	0.01604523481599682	0.009640638423682563	0.002674215951091609	1.2116395612903117	1.5739245328532956	2.749458509677304	1.0382230931818486	0.08804108657018324	28.554936003629955	0.028282831892028956
6.218500954542544	0.01	0.007	0.007	0.007	0.01	0.014053807460680615	0.014292562501718105	0.01578415374101183	0.009483307003073453	0.0026261124620970116	1.2146334110238073	1.5738687279496597	2.7527428733252917	1.0377161976862281	0.0884212596997408	28.15075710190896	0.028214364883852542
6.2882317731486	0.01	0.007	0.007	0.007	0.01	0.013854951673982317	0.014090330039783607	0.01552848852530111	0.00932925640336197	0.0025786776649320904	1.2175277911690365	1.573678009287992	2.7558239145536545	1.0371271262378565	0.08878612030336834	27.753449316051405	0.028146261947646887
6.357783595298455	0.01	0.007	0.007	0.007	0.01	0.013659410930415556	0.013891468884268739	0.015278013176234236	0.009178349385658494	0.002531900858750032	1.2203269913135764	1.5733576104341456	2.75871036442543	1.0364592585977723	0.0891363119704379	27.36274733250969	0.028078497581809157
6.427178361264085	0.01	0.007	0.007	0.007	0.01	0.013467063789991528	0.01369585553413251	0.015032520595026314	0.00903046016761734	0.002485772435136079	1.2230349755895895	1.5729124151232396	2.7614103117535347	1.0357157486972441	0.08947243322659859	26.978409188889067	0.028011048832072966
6.496435907383186	0.01	0.007	0.007	0.007	0.01	0.013277799133896031	0.013503376984704158	0.014791820379670478	0.00888547309232054	0.0024402837191883422	1.2256554199325886	1.5723469969545683	2.7639312758246137	1.034899549902703	0.08979504262142297	26.600213503940935	0.027943894996155506
6.565574254085626	0.01	0.007	0.007	0.007	0.01	0.013091514830369425	0.013313929370915942	0.014555736759564964	0.008743281377575102	0.002395426799269261	1.2281917459439295	1.5716656528195947	2.7662802704986196	1.0340134359567614	0.09010466331842139	26.22795681645803	0.027877017318737003
6.63460979565219	0.01	0.007	0.007	0.007	0.01	0.012908116751177678	0.013127416967079404	0.01432410702835531	0.00860378616623273	0.0023511944204525482	1.2306471476590068	1.570872431881808	2.768463856922566	1.033060019541219	0.09040178674264177	25.861451624024195	0.02781039878560441
6.703557503117387	0.01	0.007	0.007	0.007	0.01	0.012727517818188563	0.012943751217276872	0.0140967800578528	0.008466895626098394	0.002307579868330287	1.2330246160749212	1.569971160186852	2.7704881903755756	1.0320417678077147	0.09068687589785482	25.500524481346705	0.02774402390815036
6.7724311137799935	0.01	0.007	0.007	0.007	0.01	0.012549637147758776	0.012762849865224272	0.013873614973893979	0.008332524148044737	0.0022645768619979387	1.2353269607075754	1.5689654615636217	2.7723590609521866	1.0309610155052644	0.09096036826717044	25.14501429352105	0.0276778785238225
6.841243226228948	0.01	0.007	0.007	0.007	0.01	0.012374399491105565	0.012584636385143792	0.013654480236052835	0.008200591787871997	0.002222179506427779	1.237556825909517	1.5678587766832068	2.7740819268894805	1.0298199774304957	0.09122267803977518	24.794771200392912	0.02761194968984738
6.910005479365746	0.01	0.007	0.007	0.007	0.01	0.012201734499187085	0.012409039234164712	0.013439252523907954	0.008071023592167442	0.0021803821923749543	1.2397167083106047	1.5666543782762417	2.7756619462804286	1.0286207577990476	0.09147419843068944	24.449655109817837	0.027546225498276528
6.978728619988866	0.01	0.007	0.007	0.007	0.01	0.01203157631121319	0.012235991433849814	0.01322781605220723	0.007943749182819081	0.0021391795657238286	1.2418089690861769	1.5653553857337243	2.7771040024168556	1.027365359855859	0.09171530335167577	24.109534877409228	0.027480694999789824
7.047422623370538	0.01	0.007	0.007	0.007	0.01	0.01186386303882185	0.012065430045615368	0.013020061775189993	0.007818702275146439	0.002098566464302338	1.2438358467089152	1.5639647769443559	2.7784127276088864	1.026055693320233	0.09194634910874563	23.7742872774848	0.02741534807821621
7.116096748793081	0.01	0.007	0.007	0.007	0.01	0.011698536439369628	0.011897295838476067	0.012815886843488083	0.007695820348387717	0.002058537894031385	1.2457994666124597	1.5624853996501527	2.7795925230897383	1.0246935818718568	0.0921676757136346	23.44379635177463	0.027350175388469088
7.184759634952576	0.01	0.007	0.007	0.007	0.01	0.011535541514178018	0.011731532880471417	0.012615193982766199	0.0075750442693477095	0.002019088981474404	1.2477018511305882	1.5609199805989877	2.7806475775937507	1.0232807689346626	0.09237960820206485	23.11795260791777	0.027285168257640588
7.2534193399241245	0.01	0.007	0.007	0.007	0.01	0.011374826261485886	0.011568088287424894	0.012417891076771607	0.007456318039310435	0.0019802149590100074	1.2495449270194237	1.559271134608998	2.781581883067884	1.0218189237003203	0.09258245765540618	22.796652527029426	0.02722031863977636
7.322083421354263	0.01	0.007	0.007	0.007	0.01	0.011216341351007852	0.011406911891977645	0.012223890665147718	0.007339588489862621	0.0019419111269420382	1.2513305334093998	1.5575413716564148	2.7823992494154446	1.0203096456089644	0.09277652225016955	22.479797914393128	0.027155619033407463
7.390758961522774	0.01	0.007	0.007	0.007	0.01	0.011060039943940399	0.011247956060539669	0.012033109630120196	0.007224805092558521	0.0019041728471045937	1.2530604276413793	1.5557331043088993	2.783103317026393	1.0187544693474877	0.09296208805491649	22.167295540782778	0.02709106245199066
7.459452623777163	0.01	0.007	0.007	0.007	0.01	0.010905877452487821	0.011091175448733597	0.011845468817609789	0.007111919729285302	0.0018669955186956314	1.2547362914253406	1.5538486536016407	2.783697568528451	1.0171548686359824	0.09313942984723515	21.8590566627535	0.02702664236535685
7.528170694961628	0.01	0.007	0.007	0.007	0.01	0.010753811345010345	0.010936526803235239	0.011660892722344012	0.007000886501285691	0.0018303745623248335	1.2563597361301593	1.5518902544929938	2.784185339213342	1.0155122598046062	0.09330881182018867	21.55499663402566	0.026962352655053343
7.596919095677957	0.01	0.007	0.007	0.007	0.01	0.010603801032450969	0.01078396884627297	0.011479309278526086	0.006891661601807598	0.0017943054211259093	1.2579323069101653	1.5498600616136557	2.784569826297334	1.0138280057170028	0.09347048815345642	21.255034679291438	0.026898187600284437
7.665703444936625	0.01	0.007	0.007	0.007	0.01	0.01045580764376907	0.01063346204724889	0.011300649522012726	0.006784203111574699	0.0017587835330011529	1.2594554877492001	1.5477601528997615	2.7848540977162473	1.0121034180110378	0.09362470366750943	20.959093445999844	0.0268341418134442
7.734529051742131	0.01	0.007	0.007	0.007	0.01	0.010309793970018678	0.010484968565868454	0.011124847462424517	0.0066784709206420614	0.0017238043413857563	1.260930704485251	1.5455925348511521	2.785041099711139	1.010339760772234	0.09377169425748325	20.667098893281036	0.026770210244333136
7.803400979434678	0.01	0.007	0.007	0.007	0.01	0.010165724258442102	0.010338452042738346	0.010951839778977377	0.006574426544315579	0.0016893632683356728	1.2623593291773063	1.5433591451513153	2.7851336640837743	1.0085382520976167	0.09391168745333814	20.378979880882618	0.02670638811695072
7.872324004991621	0.01	0.007	0.007	0.007	0.01	0.010023564235488775	0.010193877622777143	0.010781565796338611	0.006472033107569281	0.0016554557407382098	1.2637426819735669	1.541061858212544	2.785134514587878	1.006700068089699	0.09404490272177736	20.094668215844496	0.02664267096415821
7.941302710562259	0.01	0.007	0.007	0.007	0.01	0.009883280857898361	0.010051211702072007	0.010613967137703736	0.00637125513542026	0.001622077150221147	1.265082035520009	1.5387024861159895	2.785046273016907	1.0048263431720894	0.09417155200949368	19.81409815529121	0.026579054540017025
8.010341447095751	0.01	0.007	0.007	0.007	0.01	0.009744842336255945	0.009910421951834683	0.010448987708650145	0.006272058542296611	0.0015892228767301602	1.2663786165168296	1.536282783391671	2.7848714646533343	1.0029181735401618	0.09429183999930334	19.53720645408112	0.026515534850899938
8.079444380115362	0.01	0.007	0.007	0.007	0.01	0.009608217992840692	0.009771477173836739	0.010286573485591763	0.006174410503962812	0.0015568882715181068	1.2676336087611686	1.5338044488060858	2.784612523331622	1.000976618244088	0.09440596450318359	19.263932081012356	0.026452108110830645
8.148615485144916	0.01	0.007	0.007	0.007	0.01	0.009473378226294835	0.009634347264479254	0.010126672434906062	0.006078279408077841	0.0015250686644295147	1.268848155040531	1.5312691286083817	2.78427179616571	0.9990027014603209	0.09451411673944314	18.994216148629043	0.026388770743489862
8.217858584314294	0.01	0.007	0.007	0.007	0.01	0.009340294398443477	0.009499003099691032	0.009969234342199196	0.005983634750778092	0.0014937593518547742	1.2700233596294406	1.5286784180760635	2.7838515477815235	0.996997413452346	0.09461648165836777	18.72800168727826	0.026325519346604695
8.287177327914906	0.01	0.007	0.007	0.007	0.01	0.009208938832047629	0.009365416532644152	0.009814210775665955	0.005890447113926448	0.0014629556099382598	1.2711602896793985	1.5260338648636729	2.783353964493647	0.9949617129559815	0.0947132381627922	18.465233641027687	0.026262350706937877
8.356575217173015	0.01	0.007	0.007	0.007	0.01	0.009079284730376716	0.00923356031196108	0.009661554958839224	0.005798688087929227	0.001432652688554003	1.272259977229053	1.5233369706763513	2.7827811580277952	0.9928965282723328	0.09480455937932522	18.20585870717508	0.02619926177762038
8.426055622466887	0.01	0.007	0.007	0.007	0.01	0.008951306109956007	0.00910340801332042	0.009511221661343838	0.0057083302054228595	0.001402845807713253	1.2733234209907565	1.5205891928968736	2.7821351689406573	0.9908027583494784	0.09489061290276601	17.94982520207446	0.026136249659920577
8.495621778520926	0.01	0.007	0.007	0.007	0.01	0.008824977778758144	0.008974934017278594	0.009363167145062835	0.005619346908306134	0.0013735301638981416	1.2743515876729117	1.5177919469536019	2.7814179699945645	0.9886812744430233	0.09497156099687543	17.69708301784809	0.026073311606065665
8.565276802599968	0.01	0.007	0.007	0.007	0.01	0.008700275273756967	0.00884811344576352	0.009217349064230308	0.005531712487113877	0.0013447009263148465	1.275345413573547	1.5149466076509792	2.7806314691224214	0.9865329209932457	0.09504756081287877	17.447583497778197	0.026010445001275
8.635023703514166	0.01	0.007	0.007	0.007	0.01	0.008577174818305675	0.00872292211872933	0.009073726390590878	0.005445402035491969	0.0013163532372248135	1.2763058059324803	1.512054510712607	2.7797775122469344	0.9843585166779362	0.09511876458293629	17.20127935133268	0.025947647354302803
8.704865367475945	0.01	0.007	0.007	0.007	0.01	0.008455653321701014	0.008599336553713645	0.00893225938918411	0.005360391435124728	0.0012884822214161082	1.2772336438988723	1.5091169551790502	2.778857886222004	0.9821588561120026	0.09518531978123579	16.95812465358106	0.02588491630887125
8.774804585555009	0.01	0.007	0.007	0.007	0.01	0.008335688306607532	0.008477333892029518	0.008792909511282584	0.005276657290902982	0.0012610829785952794	1.2781297800093292	1.5061352039816178	2.7778743211129364	0.979934710179816	0.09524736931924656	16.718074700253876	0.02582224961769804
8.844844058059481	0.01	0.007	0.007	0.007	0.01	0.008217257880033628	0.008356891869248893	0.008655639339657909	0.005194176897568453	0.0012341505853974716	1.2789950412590687	1.5031104853425896	2.776828492558427	0.9776868270010494	0.09530505170530834	16.481085949918125	0.02575964513748712
8.914986384956	0.01	0.007	0.007	0.007	0.01	0.00810034072871418	0.008237988810507257	0.008520412563220189	0.005112928224030704	0.001207680102482808	1.2798302299533777	1.5000439947011803	2.7757220242225293	0.9754159332884511	0.09535850118646558	16.24711601497981	0.025697100836415014
8.985234088797531	0.01	0.007	0.007	0.007	0.01	0.007984916060739138	0.008120603571141015	0.008387193890451127	0.005032889860930516	0.0011816665690485269	1.28063612490764	1.4969368951526865	2.774556489633678	0.9731227346040902	0.09540784790996411	16.01612354510635	0.02563461477261657
9.05558959112857	0.01	0.007	0.007	0.007	0.01	0.007870963625854826	0.008004715557334105	0.008255949054864204	0.004954041023517838	0.0011561050147283693	1.2814134820437695	1.4937903198436535	2.7733334146381505	0.970807917067163	0.09545321804260777	15.788068268072221	0.025572185114204303
9.12605525411247	0.01	0.007	0.007	0.007	0.01	0.007758463629665389	0.007890304638862304	0.008126644698971276	0.0048763614815561865	0.0011309904473135455	1.2821630356887517	1.490605371410213	2.77205427866052	0.9684721468821492	0.09549473392972274	15.562910818260947	0.0255098101013224
9.196633352238807	0.01	0.007	0.007	0.007	0.01	0.007647396763368342	0.007777351179334237	0.007999248392437666	0.0047998315698663955	0.00110631786607767	1.282885499034223	1.4873831244490152	2.770720517032368	0.9661160721060624	0.09553251420004477	15.340612796368873	0.025447488070409786
9.267326095361332	0.01	0.007	0.007	0.007	0.01	0.0075377441510651325	0.007665835982607229	0.007873728556108683	0.00472443214233752	0.0010820822563710995	1.2835815651271192	1.4841246256346716	2.7693335223398394	0.9637403226854578	0.09556667389883941	15.121136664140458	0.02538521743293981
9.338135619022019	0.01	0.007	0.007	0.007	0.01	0.0074294873503186485	0.007555740293354595	0.007750054448056695	0.004650144563213893	0.001058278595786338	1.284251907472032	1.4808308952539186	2.7678946462695784	0.9613455115349693	0.0955973245962765	14.904445745661008	0.02532299668317206
9.409063979379097	0.01	0.007	0.007	0.007	0.01	0.00732260834497737	0.007447045789768109	0.007628196141300831	0.00457695069339317	0.0010349018582604499	1.2848971806678067	1.4775029284994898	2.7664052013242717	0.9589322354362373	0.09562457449644148	14.690504213168614	0.0252608244017511
9.480113190491858	0.01	0.007	0.007	0.007	0.01	0.007217089475343629	0.007339734512540413	0.007508124430864555	0.004504832834297459	0.0010119470042978579	1.2855180213894057	1.4741416947170243	2.764866461556285	0.9565010744554061	0.09564852855715893	14.479276947435133	0.025198699222251358
9.551285176920812	0.01	0.007	0.007	0.007	0.01	0.007112913496620109	0.007233788924304506	0.007389810887747747	0.004433773760002577	0.0009894089989254747	1.2861150485691166	1.4707481405777403	2.7632796650065123	0.9540525942083647	0.09566928857312719	14.270729654915577	0.025136619871980757
9.62258182522789	0.01	0.007	0.007	0.007	0.01	0.007010063490040165	0.00712919181925473	0.007273227745715617	0.00436375664896458	0.0009672827974156472	1.2866888644314554	1.4673231885471347	2.7616460139655397	0.9515873447201528	0.09568695329082907	14.064828689998503	0.02507458512622854
9.694004941146787	0.01	0.007	0.007	0.007	0.01	0.006908522914019026	0.007025926375167085	0.007158347947907534	0.004294765111749515	0.0009455633610887513	1.2872400546877332	1.4638677397852673	2.7599666772324944	0.9491058624878961	0.09570161848930782	13.861541157545748	0.025012593844951466
9.765556291804504	0.01	0.007	0.007	0.007	0.01	0.006808275532007804	0.006923976080027936	0.007045145054057095	0.004226783135059464	0.0009242456464085333	1.2877691894090304	1.4603826729420106	2.758242790399061	0.9466086695850368	0.09571337708098379	13.660834768596246	0.02495064493536394
9.837237581730855	0.01	0.007	0.007	0.007	0.01	0.006709305436644072	0.006823324756595004	0.0069335932574250145	0.0041597950916614605	0.0009033246145424515	1.288276823338613	1.456868846091586	2.7564754575862507	0.9440962750267541	0.09572231919224397	13.462677888843182	0.024888737372187
9.909050457225494	0.01	0.007	0.007	0.007	0.01	0.006611597032973981	0.006723956545334714	0.006823667355756217	0.004093785722714443	0.0008827952319499066	1.2887634964183885	1.4533270972779377	2.7546657524921616	0.9415691751340746	0.09572853224894891	13.267039505170615	0.024826870193190156
9.980996501206594	0.01	0.007	0.007	0.007	0.01	0.006515135035191288	0.006625855901105992	0.006715342737933434	0.00402874012953244	0.0008626524736420837	1.2892297342279622	1.4497582454940519	2.752814719625284	0.9390278542083563	0.0957321010578804	13.073889219247897	0.024765042502960594
10.0	0.01	0.007	0.007	0.007	0.01	0.006489891929638336	0.006600183975635646	0.006687028003812391	0.004011738366179341	0.0008573972406023681	1.289349396876824	1.4488122788458575	2.7523196110158312	0.9383550812248628	0.0957326123039534	13.023342542890685	0.024748737341529187
