0.0	0.01	0.007	0.007	0.007	0.01	0.0	0.0	0.0	0.0	0.0	0.0	0.0	0.0	0.0	0.0	100.0	0.035
0.006525343329176271	0.01	0.007	0.007	0.007	0.01	0.0024559984785972456	0.006337087618967667	0.0034667870534509974	0.0011412731088742128	0.00017240811577644768	9.550704121772085e-5	0.0004031197400352706	0.0004514208294331432	7.043578922476674e-5	4.107837547401621e-6	99.88276026858911	0.03499208560412976
0.011554890639373837	0.01	0.007	0.007	0.007	0.01	0.004257496753934508	0.010765804694150633	0.006016429456247961	0.0019960990562132297	0.00028462588957508134	0.00029506877645068885	0.0012285745609318963	0.00139563831011574	0.00021889811342392808	1.2284794823819743e-5	99.79248905874906	0.034985986636327425
0.018645353445522997	0.01	0.007	0.007	0.007	0.01	0.006668719861239755	0.016401802464167173	0.009438391238359871	0.0031655363221544173	0.0004172881875005569	0.000752542432301684	0.003075226102282208	0.0035628725003427142	0.0005628722444438992	2.9978095117296225e-5	99.66536673296723	0.034977390351149926
0.02573406955231599	0.01	0.007	0.007	0.007	0.01	0.00893693792608509	0.021397866426926933	0.012667696611738014	0.004294194452835751	0.0005250780801537924	0.0014044028061102835	0.005635765897431587	0.006655344350767483	0.0010589396591119027	5.3635418882049514e-5	99.53843760019939	0.034968798295006424
0.03395766603085967	0.01	0.007	0.007	0.007	0.01	0.011400689970543483	0.026487556288408678	0.01618724349591764	0.005554514247856783	0.0006250398154598305	0.002388433337141088	0.009391332605433197	0.011330616529722243	0.0018175241934736484	8.70679134568373e-5	99.39139005503316	0.03495883332311464
0.042611306324808654	0.01	0.007	0.007	0.007	0.01	0.01381146477882711	0.03112648857435879	0.019643485832011903	0.006825845424609152	0.0007071205120313285	0.0036697376142158047	0.014134418339488478	0.017427854340848717	0.002819111577321848	0.0001277180743168774	99.23688738567618	0.03494835031042922
0.052032886932303485	0.01	0.007	0.007	0.007	0.01	0.016239177084628537	0.03545492700004665	0.023136535682979527	0.008148339447490195	0.0007755636701939533	0.0053294525619966455	0.020088208799355294	0.02533840625860628	0.004135553743871617	0.00017687073988290796	99.0689469345135	0.034936940589785165
0.06198807310053942	0.01	0.007	0.007	0.007	0.01	0.018598032056224036	0.03932860712006505	0.026542194497309882	0.00947851265351315	0.0008297856123460365	0.007358525955841844	0.02713645369590051	0.035024728341184405	0.005769624579886466	0.00023297631493990418	98.89180371987119	0.034924888709621335
0.07257307790885942	0.01	0.007	0.007	0.007	0.01	0.020892197370948523	0.04277962359209928	0.029864337665154624	0.010819958962399446	0.0008721498224459243	0.009799185041511718	0.03534358952712914	0.0466935066775974	0.00776613601845714	0.00029607783019501284	98.70380089801859	0.03491207892292097
0.08371472195416549	0.01	0.007	0.007	0.007	0.01	0.023088986473918	0.045788830612374605	0.03305228201614123	0.012153889315223156	0.0009041956090766356	0.012654269851684833	0.04463713367423742	0.06036252990218598	0.01013924757808447	0.00036524064448066086	98.50629755833813	0.034898600576669055
0.09544637149815742	0.01	0.007	0.007	0.007	0.01	0.025181976929658973	0.04838383788793527	0.03609187178349009	0.013475189582931982	0.0009278662263712921	0.015946477812127866	0.05501328115586641	0.07614282901728611	0.012920227158065832	0.00044017220783151286	98.29876256278268	0.03488441410901763
0.10775562427094089	0.01	0.007	0.007	0.007	0.01	0.027157968539731996	0.0505865745724105	0.03895756029171073	0.014773121715056013	0.0009448008349391947	0.01968331982590236	0.06642207833888296	0.09407004105710642	0.016128339163852826	0.0005203395159318864	98.08147970536984	0.03486953537583508
0.12066730708263855	0.01	0.007	0.007	0.007	0.01	0.029012260490447035	0.052431238468945485	0.04163448863321662	0.01604081858523545	0.0009565038361620368	0.02387980058482972	0.07884143031757067	0.11421179923738871	0.019789544941341955	0.0006055016454623971	97.8540788612304	0.034853935278498456
0.13419750592100926	0.01	0.007	0.007	0.007	0.01	0.030740039517887487	0.05395174768128335	0.04410592000419282	0.017269928454262225	0.0009642429798049754	0.02854604484824977	0.09223900443631843	0.13660691951622334	0.023925706072511918	0.0006954213739904594	97.61635039352247	0.034837595369109964
0.14837844809965414	0.01	0.007	0.007	0.007	0.01	0.032339753681831125	0.055183982580077305	0.046358060913935926	0.01845294198151189	0.00096909978667495	0.03369561122499446	0.10659749890932695	0.16130346902446274	0.02856144372498595	0.0007900277903459989	97.36780807860555	0.034820477803372676
0.16324466654175623	0.01	0.007	0.007	0.007	0.01	0.03381074804745739	0.05616244950468384	0.048376631224954024	0.019581640313306066	0.000971993431146101	0.039341426522921566	0.12190260396185335	0.18833706130778838	0.0337201992767626	0.0008893236923055564	97.10793466580195	0.0348025420828982
0.17884050916622776	0.01	0.007	0.007	0.007	0.01	0.03515384891853483	0.056920115828863894	0.05014772043225277	0.020647575558799623	0.0009737300386724662	0.04549877163368058	0.13815123107238086	0.2177425423558946	0.0394264410278087	0.0009934351598003075	96.83605230114043	0.034783736018814716
0.19521589096260497	0.01	0.007	0.007	0.007	0.01	0.036370629944758565	0.05748744684813805	0.05165687232230442	0.021641586689868972	0.0009750490169746241	0.05218396112044033	0.15534752198070725	0.24954454059451925	0.04570391012158094	0.0011025861203726771	96.55139942839274	0.034764000893196305
0.21242828765722452	0.01	0.007	0.007	0.007	0.01	0.03746341449072137	0.057892198326317874	0.05288932202664738	0.022553876123482985	0.0009766690597167588	0.05941522064779562	0.17350487909076054	0.2837580377184318	0.052575729540409934	0.001217119452746183	96.25309869471961	0.03474326909204015
0.2305406208411415	0.01	0.007	0.007	0.007	0.01	0.03843500098921974	0.05815920360050799	0.05383005246934399	0.023373899531950813	0.000979327993308319	0.06721182713446583	0.19264347664906745	0.32038020058863065	0.060062741516058726	0.0013374969585366458	95.94019664527505	0.03472146669510011
0.2496201084515148	0.01	0.007	0.007	0.007	0.01	0.03928859105349325	0.05831039107825046	0.054464373546114	0.02409047709521733	0.0009838148634140878	0.0755934759365712	0.21278859985950466	0.35938306859462915	0.06818185855134411	0.0014643130968279951	95.61168643906431	0.03469851490014416
0.26973430413415295	0.01	0.007	0.007	0.007	0.01	0.04002769375179651	0.05836488592819137	0.054778838990652716	0.024691987333628967	0.000990991832144961	0.08457829917567054	0.23396595899828357	0.40070013219896466	0.07694293302609448	0.0015982978151974578	95.26657859065503	0.034674334824342186
0.29094545861800036	0.01	0.007	0.007	0.007	0.01	0.04065613824107227	0.058339217046220734	0.05476274893502795	0.025166813076664414	0.0010018038794516815	0.09417999143383193	0.25619532951114066	0.44420995035082667	0.08634462181502228	0.0017403153727896894	94.90399907371138	0.03464885430410016
0.3133026459555375	0.01	0.007	0.007	0.007	0.01	0.041178177753130894	0.05824758621537871	0.05441023999265593	0.025504089613080275	0.0010172741232239311	0.10440385928891975	0.2794821419979301	0.4897174533698337	0.09636923542425431	0.0018913527094675299	94.5233231931707	0.034622017347342694
0.33683490601930743	0.01	0.007	0.007	0.007	0.01	0.04159872402397929	0.05810215013959563	0.05372273751918319	0.025694802245200137	0.0010384859316918725	0.11524340204827174	0.3038106137883506	0.5369419374909248	0.106978456434218	0.0020525138954735093	94.12428867751282	0.03459379231888651
0.36155011383887475	0.01	0.007	0.007	0.007	0.01	0.04192362659300189	0.057913231831444804	0.052711006772556905	0.02573303739008513	0.0010665609888522304	0.12667979419339379	0.3291432767714005	0.5855229190654898	0.11811263264722423	0.002225047148164285	93.70700858147475	0.034564173214751685
0.38744322931930697	0.01	0.007	0.007	0.007	0.01	0.042159812672360304	0.05768940610598991	0.051395770302939424	0.025616946924478	0.0011026517566513835	0.1386860896342115	0.3554302332215508	0.6350498521699218	0.12969560098546598	0.0024104299237626002	93.27182537209134	0.0345331696882197
0.4145091886545168	0.01	0.007	0.007	0.007	0.01	0.04231510540081233	0.05743752176649861	0.04980654093120416	0.025349024547524447	0.0011479615507984475	0.15123385595768418	0.38262263716597783	0.6851018845162786	0.141642552136842	0.0026104892195204527	92.81909054832607	0.034500791566057815
0.442751405376349	0.01	0.007	0.007	0.007	0.01	0.04239777902620996	0.05716279753405757	0.04797945245938996	0.024935753848159763	0.0012037864684497344	0.16429777123485925	0.41068096949819993	0.7352763390673005	0.15386615398635115	0.0028275050306881574	92.34902306491706	0.034467038690394136
0.47217864487262634	0.01	0.007	0.007	0.007	0.01	0.04241608740979029	0.05686908611331158	0.04595533951832579	0.02438708296692542	0.0012715532493486742	0.17785465249262378	0.4395712945807818	0.7851930965669991	0.1662774416487911	0.0030642436242120322	91.86176422245194	0.03443190469681109
0.5027872380509967	0.01	0.007	0.007	0.007	0.01	0.0423779855384638	0.05655931601539847	0.043778894836325674	0.023716209112531802	0.0013528140173025345	0.1918756419395551	0.4692475573294055	0.8344755881625239	0.17878088035595494	0.003323871483376082	91.3576720248742	0.03439539825126589
0.5345292511827486	0.01	0.007	0.007	0.007	0.01	0.042291136000497095	0.056236064810556666	0.04149890792135131	0.022939887971701604	0.0014491524009806304	0.20631226565845864	0.4996218971764701	0.8827187849740521	0.19126553167606122	0.003609694984132509	90.83783511627969	0.03435758087329837
0.5672809984880688	0.01	0.007	0.007	0.007	0.01	0.04216311588936728	0.05590208398253335	0.03916810658547227	0.022078823901156445	0.0015619949849799658	0.22108343683467055	0.5305379058347721	0.9294735815847259	0.20359978126835268	0.003924768049199297	90.30456224514414	0.03431860408419237
0.6008464129097484	0.01	0.007	0.007	0.007	0.01	0.04200149803043803	0.05556041053866735	0.03683981875958069	0.021156838700195545	0.0016924442831336092	0.23607898334207805	0.5617788373102642	0.97429049833482	0.21564203151725309	0.004271663163272244	89.7612891293889	0.03427870485431664
0.6350047301555087	0.01	0.007	0.007	0.007	0.01	0.04181353586865592	0.05521398475308173	0.03456157207733611	0.020198278017272087	0.001841272371910532	0.25118278689061513	0.593116082686313	1.0168082181326237	0.2272655515417936	0.004652641819259874	89.21177490867746	0.03423814846380005
0.6695656947475022	0.01	0.007	0.007	0.007	0.01	0.04160564005663319	0.05486517636147805	0.032369697548359035	0.019225039158980932	0.002009054028287701	0.26629779524211616	0.6243605213806559	1.0568168085300322	0.2383791249995936	0.005070058621282633	88.65920692244674	0.034197162842773174
0.7043856974721939	0.01	0.007	0.007	0.007	0.01	0.04138310577779644	0.05451570063791117	0.03028853045874451	0.0182551515509909	0.0021962423949029807	0.2813523494979545	0.6553747416173444	1.0942472257266935	0.2489284141685674	0.005526524452655432	88.10595844669696	0.03415591964580154
0.7393637074127591	0.01	0.007	0.007	0.007	0.01	0.04115010793294506	0.05416672422592063	0.02833210059030056	0.017302564029473222	0.0024031879635337673	0.29629718142876893	0.6860662768002049	1.1291338606070638	0.2588889146336939	0.006024912619980994	87.55367529029326	0.03411453937425875
0.7744312829401857	0.01	0.007	0.007	0.007	0.01	0.0409098421339286	0.05381901215118494	0.02650654312570542	0.016377544017431966	0.0026301263353155236	0.31109991712073976	0.7163760821028579	1.1615770329583124	0.26825753586696843	0.006568297938080371	87.00345316357524	0.034073103468656184
0.8095450390214303	0.01	0.007	0.007	0.007	0.01	0.040664695843292575	0.053473034375450375	0.02481226631184394	0.015487233915405184	0.0028771698532276827	0.3257408752506736	0.7462699148835268	1.1917158919185915	0.27704601440345633	0.007159913583462925	86.45597108690724	0.03403166342398758
0.8446812280999805	0.01	0.007	0.007	0.007	0.01	0.04041641084532377	0.053129040119842215	0.023245734560489978	0.014636231114759065	0.0031443054452560347	0.34020998455953905	0.775732113948234	1.2197096643167873	0.28527595854370075	0.007803126348988199	85.91158765169814	0.03399024735275531
0.879832251872856	0.01	0.007	0.007	0.007	0.01	0.0401662198510517	0.05278710581443079	0.021800843853053243	0.013827118271541905	0.0034314015809147566	0.3545046897543971	0.8047614292173065	1.2457253310635348	0.2929752706670293	0.00850143590760629	85.37040433764756	0.033948864230138966
0.915004208086179	0.01	0.007	0.007	0.007	0.01	0.03991495740836476	0.052447168345865894	0.020469958053025414	0.013060928634206721	0.0037382206097648666	0.3686284216209893	0.8333679961080149	1.269929542565933	0.30017552157530447	0.009258490474498436	84.83231086922063	0.033907506892815985
0.9502151807627447	0.01	0.007	0.007	0.007	0.01	0.03966314703400152	0.05210904824444047	0.019244662934061452	0.01233753756692861	0.004064434915763948	0.3825894750938712	0.8615711217670824	1.2924835263552383	0.30691005242850083	0.010078117685501741	84.29701775529297	0.033866154143912454
0.9854940720181908	0.01	0.007	0.007	0.007	0.01	0.039411068180631545	0.05177246590452358	0.01811629641462336	0.011655982178071844	0.004409645249859942	0.39640018357079315	0.8893976515398379	1.3135400698233048	0.3132126265360579	0.010964369715264988	83.7640795851977	0.03382477220828887
1.020879945616311	0.01	0.007	0.007	0.007	0.01	0.03915880612118082	0.05143705186178228	0.01707630454662086	0.011014714290334147	0.004773400805272791	0.410076351815024	0.9168808383029264	1.3332419738222174	0.31911651012963377	0.011921584823235607	83.23290992714462	0.03378331557883851
1.0564218921875888	0.01	0.007	0.007	0.007	0.01	0.038906287510803696	0.05110235155553723	0.016116466265024113	0.010411795055249726	0.005155221070944344	0.4236369268188204	0.9440596720281256	1.351721530459777	0.3246538831248606	0.012954469252862956	82.70278806090805	0.0337417272477483
1.0921795365656717	0.01	0.007	0.007	0.007	0.01	0.03865330328646692	0.05076782385904542	0.015229020275415504	0.009845039283120362	0.005554620793628856	0.4371039280122133	0.9709787100146455	1.369100737050953	0.329855511033333	0.014068208061836049	82.17285615226115	0.03369993818783044
1.1282243589432228	0.01	0.007	0.007	0.007	0.01	0.03839951983473233	0.0504328321793865	0.014406720665366645	0.009312117668935388	0.005971140154361981	0.4505026733701798	0.997688475550162	1.3854920413058474	0.33475062249025744	0.015268618181901774	81.64210482076727	0.03365786589085829
1.1646421661794575	0.01	0.007	0.007	0.007	0.01	0.03814447788155944	0.05009662546777983	0.01364283960727659	0.008810623150215123	0.006404384177578075	0.4638623919133097	1.0242465960906062	1.4009995194562992	0.33936696108705083	0.01656236704585157	81.10934279541763	0.03361541158041101
1.2015373233042077	0.01	0.007	0.007	0.007	0.01	0.03788757644954149	0.04975830414261097	0.012931128056389872	0.008338105102878858	0.006854078533058074	0.47721739841311245	1.050720014365439	1.4157204918487252	0.343731005478106	0.01795729795610872	80.57314267356169	0.03357245540288894
1.2390398540022098	0.01	0.007	0.007	0.007	0.01	0.037628035760197374	0.049416761730997606	0.012265737636304789	0.007892071563397551	0.007320154496598812	0.4906091580189748	1.077188894161332	1.4297477074343905	0.3478683846044624	0.019462936670748124	80.03174815264944	0.03352884832936486
1.2773178141473231	0.01	0.007	0.007	0.007	0.01	0.0373648243376298	0.049070581993532356	0.011641092004125385	0.007469950671476186	0.007802890680455678	0.5040899744452949	1.1037536203324712	1.4431725378448101	0.3518045995722267	0.021091333402707274	79.48291058519169	0.033484398013743456
1.3166001409936063	0.01	0.007	0.007	0.007	0.01	0.037096517402779874	0.04871784766136647	0.011051672103142155	0.00706898681269631	0.008303171388663644	0.5177298957701537	1.130547934157927	1.4560901898644811	0.355566316706714	0.022858574000113593	78.92358517961446	0.03343884264458027
1.3572234071216795	0.01	0.007	0.007	0.007	0.01	0.03682100029307053	0.04835574700754156	0.010491608624929516	0.006685998626406241	0.008823017419478451	0.5316309928666425	1.1577661478480492	1.468609686494866	0.35918397022556803	0.02478780637764092	78.34930617579661	0.03339179738639858
1.3997431552497706	0.01	0.007	0.007	0.007	0.01	0.036534754160601944	0.047979632821938505	0.009953745381136055	0.006316768556619083	0.009366865498558698	0.5459616543367901	1.1857286369120148	1.4808770911312505	0.3626979683705186	0.026916323070445242	77.75269251692724	0.03334262673163335
1.4452779292672848	0.01	0.007	0.007	0.007	0.01	0.03623063383395954	0.0475801018237292	0.009426737145455132	0.005954077770965198	0.00994558559149591	0.561063467792633	1.2150863688553135	1.4931477920016272	0.3661782546816446	0.029317068534566185	77.11881049706166	0.03329004972905939
1.4968623951746147	0.01	0.007	0.007	0.007	0.01	0.03588913137960867	0.04713151941373512	0.008883992665086715	0.005580138765491215	0.010592291319901415	0.5778706522112089	1.2476230495336453	1.5060648509560237	0.36979952973530295	0.032183807036269864	76.40695269310038	0.03323058756734909
1.5463115282075404	0.01	0.007	0.007	0.007	0.01	0.03556476776571541	0.0467054885410679	0.008411527851502827	0.005254753372650506	0.011199266938559696	0.5936871639124869	1.278106394606107	1.5175574062974797	0.3729804705015459	0.03507276010518416	75.7307314924887	0.03317368654378323
1.5928510207647508	0.01	0.007	0.007	0.007	0.01	0.03526215934850572	0.0463080545901357	0.008004677720544418	0.004975025497068933	0.011755680227073411	0.6083139517550998	1.3061758617330124	1.5276507482598785	0.37573874754195563	0.03791173259446958	75.09976769993989	0.03312022264225122
1.6383836872217705	0.01	0.007	0.007	0.007	0.01	0.03496858612257667	0.04592250150503915	0.00763825481218753	0.00472374748123638	0.01228358395038649	0.6223853154634611	1.3330662247879785	1.5369051287665498	0.37823581315236626	0.04079595426127296	74.48754198075687	0.03306799875748071
1.6824101870122001	0.01	0.007	0.007	0.007	0.01	0.034687048327181454	0.04555276391233198	0.007310641712679081	0.0044998250369995985	0.012776591756741376	0.635770108089863	1.3585382885154798	1.545316366941543	0.380476524710378	0.04367930173974416	73.90031444361651	0.03301758068397116
1.725505576594528	0.01	0.007	0.007	0.007	0.01	0.03441366212211464	0.04519373765888619	0.0070128738073503725	0.004297077710404567	0.01324108292639486	0.6486646401898924	1.3829763813577518	1.5530772416777594	0.38251761656391137	0.04658603663113134	73.32998996989096	0.03296830334589946
1.767617370191426	0.01	0.007	0.007	0.007	0.01	0.034148600348881106	0.04484564750615961	0.006741746512610919	0.00411324419245091	0.01367657228020705	0.6610699359826031	1.4063909518040725	1.5602420890582804	0.384377767445923	0.04950162519517682	72.77693458713578	0.03292022174518219
1.8090008192007823	0.01	0.007	0.007	0.007	0.01	0.033890115784247166	0.044506197483512255	0.006492693237963212	0.003945131810275039	0.014086001012415236	0.673075815962667	1.4289590832144798	1.5669075427960173	0.3860858938066245	0.052433973576126294	72.2375083105134	0.032873040054822215
1.849720497431639	0.01	0.007	0.007	0.007	0.01	0.033637691265811696	0.04417470749963317	0.006262993889328931	0.003790805559390652	0.014470374203116667	0.6847129351821917	1.4507446582071937	1.573126896064789	0.3876588883643665	0.055379293102934365	71.71063690264782	0.032826681139960054
1.8899228719917545	0.01	0.007	0.007	0.007	0.01	0.03339032255825724	0.04384985814558141	0.006049904099816134	0.0036483233388653036	0.014831514928217625	0.6960332852250819	1.4718504159799635	1.5789582589637412	0.38911425672472405	0.05834079558819945	71.19422886765564	0.03278097530683119
1.9296894596847987	0.01	0.007	0.007	0.007	0.01	0.033147429599803664	0.04353088725603343	0.005851419949498029	0.0035162519094676797	0.015170613137668884	0.7070681887230327	1.492339300602765	1.5844430066910389	0.39046474597178255	0.06131800793494516	70.68707725105588	0.03273582752440116
1.9691189515370116	0.01	0.007	0.007	0.007	0.01	0.03290834480678597	0.04321691786625948	0.00566573930547559	0.0033933045129277482	0.015488983401284176	0.7178520478167644	1.5122790685574772	1.5896195943148723	0.3917219400790226	0.0643125437867084	70.18779164474833	0.03269112384532513
2.008284071018116	0.01	0.007	0.007	0.007	0.01	0.03267257494814433	0.04290730206445184	0.005491424456180654	0.0032784481418569366	0.015787681616232424	0.7284105524634811	1.531720494064786	1.594518488742062	0.3928950897435973	0.06732475396338031	69.69534499940583	0.032646780336154896
2.0472572049939224	0.01	0.007	0.007	0.007	0.01	0.03243964230309046	0.042601412367625886	0.005327227174986916	0.003170785721167798	0.01606772273409281	0.738768025573232	1.550711133554614	1.5991665410273788	0.39399225991712744	0.07035552092146317	69.20874204902921	0.03260271390454245
2.0860981016097235	0.01	0.007	0.007	0.007	0.01	0.03220915692051005	0.042298736594053574	0.005172107959586562	0.0030695673019146084	0.016329987179748304	0.7489442888425176	1.5692896566224552	1.6035860859630837	0.39502017266457795	0.07340521523939507	68.72717030880608	0.03255885617035938
2.124862750998268	0.01	0.007	0.007	0.007	0.01	0.031980761477944264	0.04199880543843455	0.00502516759674296	0.002974143597285748	0.016575291990279146	0.7589572243872634	1.5874906560383908	1.6077965858507284	0.39598464897547925	0.07647429485855774	68.2498849767783	0.03251514335640621
2.1635995715388145	0.01	0.007	0.007	0.007	0.01	0.031754152481595944	0.041701220303241485	0.004885639557032318	0.0028839596969588537	0.01680436913293123	0.7688219170997344	1.6053431628828343	1.6118146239817586	0.39689064856854755	0.07956293750431327	67.77625329532498	0.03247152054826317
2.202352523599956	0.01	0.007	0.007	0.007	0.01	0.03152906047994178	0.041405627309104645	0.004752858892927536	0.0027985336239977937	0.017017891682202687	0.7785515982386696	1.6228724420680134	1.6156546160260434	0.39774246942115576	0.08267122796451545	67.30571327304911	0.03242793813545556
2.241160856235074	0.01	0.007	0.007	0.007	0.01	0.03130525045643307	0.04111171780644885	0.004626248315709344	0.002717446286430037	0.017216476942292794	0.7881576869192722	1.6401001295001234	1.619329070541686	0.3985438358030989	0.08579909179992581	66.83777456013533	0.0323843520610198
2.2800602613520664	0.01	0.007	0.007	0.007	0.01	0.031082514167764367	0.0408192183112252	0.004505302128477544	0.00264033021607459	0.017400697351987033	0.7976501724424321	1.6570449757695944	1.62284894115862	0.3992980013546398	0.08894634991808857	66.3720024811923	0.03234072249199156
2.3190830897291073	0.01	0.007	0.007	0.007	0.01	0.0308606681107447	0.04052788783303024	0.0043895758020276255	0.0025668620964517867	0.017571085370292387	0.8070377439118529	1.6737231244100295	1.6262238391637447	0.40000781630439547	0.09211270527736219	65.90801382579167	0.03229701355101067
2.3582589878760425	0.01	0.007	0.007	0.007	0.01	0.030639549197631046	0.04023751219453955	0.004278676025307805	0.002496755725453041	0.017728139885750165	0.8163280110334192	1.690148545906504	1.629462250428524	0.4006757917633425	0.09529776920894487	65.4454678413024	0.032253192579831766
2.3976151757190074	0.01	0.007	0.007	0.007	0.01	0.030419012609561032	0.03994790121164703	0.0041722533700776585	0.002429756758164845	0.01787233027897894	0.8255276257753632	1.7063332877773139	1.6325716904918877	0.4013041474940464	0.09850106333814264	64.9840617743827	0.03220922980982238
2.4371768458971994	0.01	0.007	0.007	0.007	0.01	0.03019892905636931	0.03965888509434271	0.00406999577162584	0.0023656380624823147	0.018004100491419886	0.8346424240668273	1.7222877546041777	1.6355588469712496	0.40189485433912164	0.10172203506074556	64.52352516598258	0.03216509789958448
2.476967415433553	0.01	0.007	0.007	0.007	0.01	0.029979182955495426	0.03937031205474877	0.003971623383680674	0.0023041960243636687	0.018123872015641383	0.8436775244799756	1.7380209070422716	1.6384296906366533	0.4024496679198845	0.10496006399761064	64.06361606454371	0.032120771640668615
2.517008783326774	0.01	0.007	0.007	0.007	0.01	0.029759670646930334	0.03908204596262118	0.0038768841782209048	0.00224524738990887	0.01823204652000534	0.8526374218540473	1.7535404478835115	1.641189571674021	0.4029701574681944	0.1082144713126487	63.60411731101064	0.032076227659071296
2.5573215329224177	0.01	0.007	0.007	0.007	0.01	0.029540298975494393	0.03879396448333433	0.0037855503102741258	0.002188626644998457	0.01832900794788847	0.8615260626516611	1.7688529726189137	1.6438432991362608	0.4034577297378178	0.1114845264572613	63.144833589363905	0.03203144418043591
2.5979251225932014	0.01	0.007	0.007	0.007	0.01	0.02932098398915898	0.038505957368325586	0.0036974150201163902	0.0021341837798510145	0.018415124292001362	0.8703469129512207	1.7839641041482186	1.6463952091269156	0.40391364938079966	0.11476945450932566	62.68558871732123	0.03198640081009455
2.638838036169495	0.01	0.007	0.007	0.007	0.01	0.029101649901564167	0.038217925092535736	0.0036122900470318023	0.002081782413880424	0.018490749020453483	0.8791030134748637	1.7988786024558048	1.6488492216204946	0.4043390560244756	0.11806844149003881	62.22622348777845	0.03194107835943659
2.680077912068411	0.01	0.007	0.007	0.007	0.01	0.028882228206112907	0.037929777690937375	0.003530003431113776	0.0020312981969070085	0.018556222263361965	0.8877970266862226	1.8136004584913759	1.6512088888620093	0.40473497882073584	0.12138063897339099	61.766593825705236	0.03189545869722001
2.72166166795152	0.01	0.007	0.007	0.007	0.01	0.028662656846482146	0.037641433669176744	0.0034503976104075084	0.0019826174237962332	0.018611871822583084	0.8964312800298321	1.8281329795150154	1.6534774375071208	0.4051023490169048	0.124705169154679	61.30656906147256	0.03184952460701791
2.7636056048699817	0.01	0.007	0.007	0.007	0.01	0.028442879525553865	0.03735281909600893	0.003373327800021847	0.0019356358494761476	0.018658014001603797	0.9050078022622557	1.8424788609762865	1.655657804478576	0.4054420106861378	0.1280411289256476	60.846030492582564	0.03180325966843912
2.8059254792982964	0.01	0.007	0.007	0.007	0.01	0.02822284520668698	0.03706386694833046	0.0032986606295445442	0.0018902576853713593	0.01869495428675644	0.9135283510994335	1.8566402423780626	1.6577526669336602	0.40575472983863053	0.13138759193752678	60.38487034715861	0.03175664817466945
2.8486366018408553	0.01	0.007	0.007	0.007	0.01	0.028002507495898298	0.036774516299830286	0.003226272898849172	0.001846394688491576	0.018722987965863486	0.9219944445142843	1.8706187679807624	1.6597644700610195	0.4060412026031189	0.13474361323224227	59.922990496789836	0.031709675021377205
2.891753889699791	0.01	0.007	0.007	0.007	0.01	0.027781824284021515	0.03648471185105365	0.003156050559861137	0.0018039654058562425	0.018742400622593792	0.9304073810475224	1.884415628057775	1.6616954494706613	0.4063020620663281	0.1381082305666048	59.46030171322908	0.031662325647304375
2.9352919346637125	0.01	0.007	0.007	0.007	0.01	0.02756075732322825	0.036194403373274536	0.00308788778988465	0.0017628944899529724	0.018753468586972386	0.9387682619504393	1.8980316022811945	1.663547651817326	0.4065378844096633	0.1414804672735495	58.99672278674129	0.031614585958356374
2.979265055516812	0.01	0.007	0.007	0.007	0.01	0.02733927189822592	0.035903545276702205	0.0030216861946447803	0.0017231121064268634	0.018756459323343123	0.9470780090343752	1.911467095158235	1.6653229524552036	0.4067491942233117	0.14485933414261426	58.532179842184725	0.0315664422694024
3.0236873520160725	0.01	0.007	0.007	0.007	0.01	0.02711733650229049	0.035612096185039466	0.0029573540974590353	0.0016845534058450948	0.01875163177580116	0.955337381759179	1.9247221694501837	1.6670230712322518	0.4069364692101055	0.1482438316184209	58.06660566458072	0.03151788124488472
3.0685727607548388	0.01	0.007	0.007	0.007	0.01	0.026894922516953378	0.03532001851484119	0.0028948059041472773	0.0016471580518421544	0.01873923667146196	0.963546993615497	1.9377965776645165	1.6686495866076265	0.40710014433946456	0.15163295227601392	57.599939031692394	0.03146888983791846
3.1139350646422472	0.01	0.007	0.007	0.007	0.01	0.026672004132074087	0.03502727837055233	0.0028339615986238266	0.001610869837061113	0.018719516807401092	0.9717073191786565	1.9506897780500538	1.6702039466330858	0.4072406153660338	0.15502567991753052	57.132124550457846	0.031419455280478965
3.1597879359781333	0.01	0.007	0.007	0.007	0.01	0.026448558104837205	0.03473384522801953	0.002774746243824477	0.001575636310616933	0.018692707319916235	0.9798187068597817	1.9634009593279764	1.671687480079126	0.4073582421193165	0.1584209913787044	56.66311215519732	0.03136956503717659
3.2061449875243073	0.01	0.007	0.007	0.007	0.01	0.02622456349045087	0.03443969158084131	0.002717089525135533	0.0015414084386594802	0.018659035920252132	0.9878813922515033	1.9759290657196367	1.6731014066034002	0.4074533514288995	0.1618178589767038	56.19285654591176	0.03131920675081526
3.253019772574986	0.01	0.007	0.007	0.007	0.01	0.02600000162827719	0.034144792922155796	0.0026609254023198157	0.0015081403362721519	0.01861872314656062	0.9958955019238517	1.9882728066052366	1.674446844334497	0.4075262396184497	0.16521524926641545	55.72131716241882	0.031268368243779224
3.3004258576080154	0.01	0.007	0.007	0.007	0.01	0.02577485578426389	0.03384912727507755	0.0026061917091458344	0.001475788974417577	0.01857198255022675	1.0038610693240708	2.0004306845896007	1.6757248188212477	0.40757717487750306	0.16861212717076923	55.248457436616484	0.031217037440925428
3.348376812019887	0.01	0.007	0.007	0.007	0.01	0.02554911119953034	0.03355267525650351	0.002552829888483935	0.0014443139726971782	0.01851902093485942	1.0117780358557271	2.0124010002365327	1.676936268745445	0.40760639923548575	0.1720074540980023	54.774244897204	0.03116520238284512
3.396886261899645	0.01	0.007	0.007	0.007	0.01	0.025322754838361324	0.033255419746175685	0.002500784680152185	0.0014136773690038632	0.018460038531288865	1.0196462624716744	2.0241818726648875	1.6780820528057185	0.40761413042302586	0.17540019072905705	54.298650642963324	0.031112851170006863
3.445967900629313	0.01	0.007	0.007	0.007	0.01	0.02509577534780844	0.03295734583363093	0.002450003885519943	0.0013838434389751193	0.018395229205279556	1.027465533562581	2.0357712480377628	1.6791629548118008	0.40760056348946366	0.1787892967171103	53.821649260206904	0.031059971954007004
3.4956355364316782	0.01	0.007	0.007	0.007	0.01	0.024868162850812427	0.032658440546526966	0.00240043811584001	0.0013547785098673084	0.018324780613565954	1.0352355664476889	2.0471669161331127	1.6801796891109182	0.4075658722555978	0.1821737329730838	53.343218390216535	0.03100655288928984
3.5459030852487805	0.01	0.007	0.007	0.007	0.01	0.024639908997760432	0.03235869291835022	0.0023520406179757263	0.0013264508235170467	0.018248874426191643	1.0429560117967507	2.058366513190074	1.6811329043256547	0.4075102106290024	0.18555246017324278	52.86333883958804	0.030952582144105425
3.5967846311188243	0.01	0.007	0.007	0.007	0.01	0.02441100671338836	0.032058093656044465	0.002304767050606185	0.0012988303735059481	0.018167686450135622	1.0506264643291683	2.0693675396098885	1.682023188068825	0.40743371374406384	0.18892444187211344	52.38199405006034	0.030898047839178332
3.6482944278801477	0.01	0.007	0.007	0.007	0.01	0.02418145021853253	0.03175663516857728	0.00225857533611353	0.0012718887896570083	0.018081386830681865	1.0582464639738214	2.0801673633843825	1.6828510700425547	0.4073364990144883	0.19228864358566924	51.8991701458684	0.0308429380498561
3.7004469426698723	0.01	0.007	0.007	0.007	0.01	0.023951234868060715	0.03145431135410903	0.00221342548755132	0.0012455992106119938	0.017990140185221663	1.0658155031016157	2.0907632320628564	1.6836170255548908	0.4072186670240307	0.19564403464287947	51.414855594446934	0.030787240763771147
3.753256880663018	0.01	0.007	0.007	0.007	0.01	0.02372035708080073	0.03115111750797483	0.0021692794681209136	0.0012199361778541785	0.017894105760071003	1.0733330304854949	2.1011522796659032	1.6843214783103369	0.40708030232576553	0.1989895887088497	50.929041060336	0.030730943859082257
3.8067392003500458	0.01	0.007	0.007	0.007	0.01	0.02348881431586465	0.030847050291594194	0.00212610107030494	0.001194875543350024	0.017793437603048603	1.0807984536530033	2.1113315311721492	1.6849648027935717	0.40692147417987184	0.202324283676037	50.441719356586475	0.03067403509317243
3.8609091767425143	0.01	0.007	0.007	0.007	0.01	0.02325660484774995	0.03054210743712986	0.0020838557677214766	0.0011703943633675769	0.017688284642900023	1.0882111475989051	2.121297915404901	1.6855473269370764	0.4067422370612611	0.20564710447784107	49.95288497248139	0.030616502040788474
3.91578238741502	0.01	0.007	0.007	0.007	0.01	0.023023727882762947	0.03023628790037853	0.0020425106401951855	0.0011464708366167285	0.017578790910458338	1.0955704523466587	2.1310482623993994	1.6860693335653492	0.4065426313094386	0.20895704099782184	49.46253431942138	0.03055833211478875
3.9713747942602478	0.01	0.007	0.007	0.007	0.01	0.02279018327110207	0.029929591482672678	0.002002034233108082	0.0011230842059312166	0.01746509557344608	1.1028756833278581	2.140579317785455	1.68653106264151	0.40632268339451943	0.21225309178415047	48.97066512548484	0.030499512485693547
4.027702739631049	0.01	0.007	0.007	0.007	0.01	0.022555971593406665	0.029622018944538905	0.0019623964924892247	0.0011002147053325918	0.017347333135629917	1.110126129683232	2.149887740637081	1.6869327123444335	0.40608240639488224	0.2155342624089158	48.477276618104675	0.030440030092709312
4.084783022269628	0.01	0.007	0.007	0.007	0.01	0.022321093918981183	0.02931357168819254	0.0019235686495644938	0.001077843479231156	0.017225633473102023	1.1173210627436656	2.158970114362112	1.6872744406061573	0.40582180010127833	0.21879956846707418	47.98236901511551	0.03037987157087275
4.142632911974272	0.01	0.007	0.007	0.007	0.01	0.02208555183104407	0.029004251790695153	0.001885523158256985	0.001055952533463952	0.017100121994051226	1.1244597359978454	2.1678229460913045	1.6875563658833785	0.4055408512923007	0.22204803478501067	47.485943577925596	0.03031902324370639
4.201270208103107	0.01	0.007	0.007	0.007	0.01	0.02184934727939145	0.028694061810468616	0.0018482336092879219	0.0010345246739516245	0.01697091970646302	1.1315413902598384	2.1764426723699675	1.687778568010814	0.4052395337601425	0.2252786970242611	46.98800230088383	0.030257471070301706
4.260713293653404	0.01	0.007	0.007	0.007	0.01	0.0216124824650442	0.028383004635810463	0.0018116746560665183	0.0010135434532055523	0.016838143292591617	1.1385652576080143	2.184825662688796	1.6879410887167712	0.4049178082740781	0.22849060277622396	46.488547667628175	0.030195200598009838
4.320981180434866	0.01	0.007	0.007	0.007	0.01	0.0213749597731368	0.028071083396760982	0.0017758219534076737	0.0009929931251469808	0.016701905203381075	1.1455305636911628	2.192968220520964	1.6880439318585982	0.40457562252558793	0.23168281194734255	45.987582508806746	0.030132196925389067
4.382093577352602	0.01	0.007	0.007	0.007	0.01	0.021136781627267433	0.027758301273831096	0.0017406520889695406	0.0009728585966056892	0.01656231370235934	1.152436532165379	2.2008665863478276	1.688087063473361	0.4042129108852405	0.23485439814953782	45.48510969383582	0.030068444641944
4.444070971234935	0.01	0.007	0.007	0.007	0.01	0.020897950312889737	0.027444661266074203	0.0017061425155819317	0.0009531253801443555	0.016419472881243003	1.1592823897215416	2.208516940530138	1.6880704115162493	0.40382959400454144	0.2380044503966467	44.981131756804594	0.030003927756036754
4.506934678985995	0.01	0.007	0.007	0.007	0.01	0.02065846792978158	0.02713016612866513	0.001672271507023732	0.0009337795610248904	0.016273482744021947	1.1660673671199253	2.215915400883923	1.687993865304853	0.40342557852116	0.2411320729899649	44.47565079421822	0.029938629653985867
4.570706949871885	0.01	0.007	0.007	0.007	0.01	0.02041833616977896	0.026814818081011896	0.00163901809248281	0.0009148077526340664	0.016124439180028847	1.1727907049844664	2.223058024814934	1.6878572746832312	0.403000756390724	0.2442363876105379	43.9686679935332	0.029872533008359126
4.63541103970127	0.01	0.007	0.007	0.007	0.01	0.020177556224711825	0.02649861868585193	0.0016063620138676718	0.0008961970655772348	0.015972434007106684	1.1794516555605137	2.2299408060227823	1.6876604488852132	0.4025550043201325	0.24731653356874825	43.46018343584872	0.029805619717136675
4.701071364598279	0.01	0.007	0.007	0.007	0.01	0.01993612842229308	0.026181568371087597	0.0015742836500702568	0.0008779350584912112	0.015817554835120894	1.1860494916616635	2.2365596775700634	1.687403154840724	0.4020881825805954	0.2503716713878885	42.950195323409986	0.029737870762360515
4.767713566791565	0.01	0.007	0.007	0.007	0.01	0.01969405221976308	0.025863666421436025	0.0015427639941245361	0.0008600097195275756	0.015659885144878198	1.1925835052670621	2.2429105028664638	1.6870851153513937	0.40160013433592184	0.2534009816103622	42.438699961733526	0.029669266161968615
4.835364702523441	0.01	0.007	0.007	0.007	0.01	0.019451325778847187	0.025544910420245932	0.0015117845780944269	0.0008424094185342052	0.015499504091019412	1.1990530171707054	2.248989076435108	1.6867060064388304	0.40109068402670595	0.256403668717814	41.925690856479974	0.029599784797911383
4.904053369363983	0.01	0.007	0.007	0.007	0.01	0.01920794580355964	0.025225296036491363	0.0014813274373177401	0.0008251228820919622	0.01533648646176062	1.2054573788672862	2.2547911150497804	1.6862654544442883	0.4005596360777159	0.25937896145318273	41.411158364374714	0.029529404309693627
4.973809921897906	0.01	0.007	0.007	0.007	0.01	0.01896390710426101	0.024904816452271696	0.0014513750437069187	0.0008081391513771619	0.015170902447039442	1.2117959811358006	2.26031225316031	1.6857630321494939	0.40000677283618563	0.26232611623789737	40.89508876429179	0.029458100900357533
5.044666650671958	0.01	0.007	0.007	0.007	0.01	0.018719202345154694	0.0245834620312083	0.0014219102668036603	0.0007914475561750468	0.015002817515599834	1.2180682570186907	2.2655480306559026	1.6851982545338877	0.3994318526654896	0.26524441796769294	40.3774637145196	0.02938584918399322
5.116658066031716	0.01	0.007	0.007	0.007	0.01	0.018473821484377064	0.02426121958314412	0.0013929163016614433	0.0007750376704463084	0.014832292070033433	1.2242736919527435	2.2704938839854565	1.6845705731457876	0.39883460707558127	0.2681331841040284	39.858259058157564	0.029312621930432638
5.189821188788784	0.01	0.007	0.007	0.007	0.01	0.018227751267683046	0.023938071699224187	0.0013643766093632001	0.0007588992754317505	0.01465938111917709	1.2304118313570085	2.275145131192131	1.6838793695760146	0.3982147376192224	0.27099176754581067	39.33744373941318	0.029238389808556576
5.264195888387409	0.01	0.007	0.007	0.007	0.01	0.017980974644355198	0.023613995984835264	0.0013362748538685203	0.0007430223210146263	0.014484133879165952	1.236482288997304	2.279496953333732	1.6831239476667226	0.3975719122199469	0.27381955980795303	38.81497855271861	0.029163121087501076
5.339825324344891	0.01	0.007	0.007	0.007	0.01	0.017733469939712615	0.023288963972902005	0.0013085948173683507	0.0007273968752725643	0.014306593181676408	1.2424847599064612	2.283544373938906	1.6823035236953998	0.39690576041028736	0.27661599625103717	38.29081437336279	0.029086781240710582
5.416756439637535	0.01	0.007	0.007	0.007	0.01	0.017485209982344728	0.022962939977722936	0.0012813203184287778	0.00071201307595541	0.0141267948239625	1.2484190325401607	2.2872822311192964	1.681417214765614	0.3962158678635049	0.27938056086257057	37.76489028813691	0.02900933250673657
5.495040596199725	0.01	0.007	0.007	0.007	0.01	0.017236160918943238	0.02263587953854555	0.0012544351040810662	0.0006968610676047055	0.013944766665399374	1.2542850062676372	2.2907051449911675	1.6804640241779074	0.39550176937687537	0.28211279340211165	37.23713105938257	0.02893073331783417
5.574734336279363	0.01	0.007	0.007	0.007	0.01	0.016986280814297403	0.02230772758100635	0.0012279227292891215	0.0006819309319312313	0.013760527531814665	1.260082711139795	2.293807475843282	1.6794428235140981	0.3947629403590419	0.28481229744830855	36.707444127539674	0.028850937615920065
5.655900344819828	0.01	0.007	0.007	0.007	0.01	0.016735517848438894	0.02197841604952733	0.0012017664059064902	0.0006672126013982504	0.013574085781928273	1.2658123336075895	2.29658327229116	1.6783523300494376	0.3939987860434706	0.28747875100799347	36.17571575204391	0.028769893984154003
5.7386086765763835	0.01	0.007	0.007	0.007	0.01	0.016483807986209555	0.021647860846873174	0.001175948812043814	0.0006526957509673132	0.013385437429789739	1.2714742498962326	2.299026205811982	1.677191077958485	0.39320862769343384	0.2901119204111244	35.64180602352121	0.02868754453575352
5.822938299052974	0.01	0.007	0.007	0.007	0.01	0.01623107205716258	0.021315957999328155	0.0011504518602471882	0.0006383696671876246	0.013194563760587596	1.2770690669738491	2.301129485832677	1.6759573817481581	0.39239168514470624	0.2927116773665764	35.10554261224988	0.02860382351601289
5.908979192017273	0.01	0.007	0.007	0.007	0.01	0.015977211649711907	0.020982578264691076	0.0011252563705651637	0.0006242230644394108	0.013001427968710502	1.282597682357572	2.3028857516580454	1.6746492872799432	0.3915470531385392	0.29527802426791727	34.56671198359514	0.028518655387753084
5.996835099862846	0.01	0.007	0.007	0.007	0.01	0.015722103732937896	0.020647560069368916	0.0011003416508502837	0.0006102438498612892	0.01280597071550082	1.288061361385719	2.304286927594203	1.6732645071079388	0.39067367014462495	0.29781112690218214	34.02504788924368	0.028431952319276765
6.086627340528206	0.01	0.007	0.007	0.007	0.01	0.015465593090340216	0.02031069957202455	0.0010756849074206592	0.0005964187940605522	0.012608103863126984	1.2934618475073287	2.305324028148788	1.6718003315466947	0.38977027523852853	0.30031136147570436	33.48021518049853	0.02834361069545078
6.178500196249226	0.01	0.007	0.007	0.007	0.01	0.015207481472544308	0.019971736418416694	0.0010512604022764294	0.0005827330610335747	0.01240770147051352	1.298801521904888	2.3059868880330847	1.6702535033275248	0.38883534706394324	0.30277938303468277	32.9317866066667	0.028253506165194
6.272628902627822	0.01	0.007	0.007	0.007	0.01	0.014947511246573626	0.01963033226891224	0.001027038179307654	0.000569169498450196	0.012204586216727162	1.3040836479392057	2.30626377600177	1.6686200332473056	0.38786701349411445	0.3052162309148504	32.379207852189005	0.028161486275355276
6.369231783760725	0.01	0.007	0.007	0.007	0.01	0.014685340308290272	0.019286037852463203	0.00100298211213175	0.0005557075508677829	0.011998508546340485	1.309312748659745	2.3061408181409635	1.6668949210245714	0.3868629143836485	0.3076234921665174	31.821743899251715	0.028067359255208646
6.46859005681777	0.01	0.007	0.007	0.007	0.01	0.014420500459982336	0.01893823830644833	0.0009790466480482595	0.0005423214476409001	0.011789112108215016	1.3144952431979104	2.3056010937711156	1.6650717035625386	0.38581997800490475	0.3100035785647395	31.25839006523602	0.027970875650119867
6.571082220265193	0.01	0.007	0.007	0.007	0.01	0.014152324155705226	0.018586056976079898	0.0009551710554145038	0.0005289770019937081	0.011575872981592737	1.3196405804275497	2.3046231173205527	1.663141675807062	0.3847340333862137	0.3123602221575091	30.68771546715841	0.027871696339255056
6.677249726316309	0.01	0.007	0.007	0.007	0.01	0.013879802638466455	0.01822816911581759	0.0009312682266305617	0.0005156253807008196	0.011357982150179602	1.3247634632727288	2.3031780487208375	1.6610924140980494	0.38359907132777027	0.31469945162086593	30.10755995621535	0.027769331281074516
6.787939427535253	0.01	0.007	0.007	0.007	0.01	0.013601274182754095	0.017862392481931253	0.0009071999441017941	0.0005021893402394006	0.011134087634876185	1.3298887975034877	2.301223874637726	1.658904597320916	0.38240564457445075	0.3170317726635192	29.51436826180528	0.02766300629233493
6.904683896001424	0.01	0.007	0.007	0.007	0.01	0.013313580141086039	0.01748457904082748	0.0008827094990907278	0.0004885257240848011	0.010901597856117141	1.3350652722586394	2.298690573921666	1.6565435934376034	0.3811366068829816	0.3193781744288546	28.90138793865591	0.027551306372956885
7.030938961981662	0.01	0.007	0.007	0.007	0.01	0.013009312263041953	0.017085000167235388	0.0008572020221518437	0.00047430320562249947	0.010654409621594661	1.340409686466963	2.2954320375928856	1.6539320961204274	0.37975324489535356	0.32178974528032955	28.252791849994786	0.02743101439745293
7.169980670879816	0.01	0.007	0.007	0.007	0.01	0.012682289870764075	0.01665553956141352	0.0008302209100558656	0.00045926827537523204	0.010387308592916079	1.3460040344241933	2.2912528941541646	1.6509906697320362	0.37821783164852013	0.3243005461682499	27.555336987516565	0.027299147296834855
7.287786202705268	0.01	0.007	0.007	0.007	0.01	0.012411672579397808	0.016300148842567013	0.0008082204756041227	0.00044701573150728063	0.010165181279411418	1.3505158019739585	2.2872536943273594	1.6484482559960185	0.37690805093921653	0.3263140442820095	26.977896987164403	0.027187916779252065
7.3976620384751985	0.01	0.007	0.007	0.007	0.01	0.01216449168762837	0.015975537167357196	0.000788375002598632	0.0004359685511753296	0.009961451575350203	1.3545434471187867	2.2831644700588374	1.6460379982779252	0.3756797830076801	0.3281018074075817	26.450236910395017	0.027084581895991312
7.50533799784973	0.01	0.007	0.007	0.007	0.01	0.01192704865581397	0.015663714073335663	0.0007695287109643887	0.00042548207314591015	0.009765024479423678	1.3583282259824792	2.2788369233301826	1.643641560060602	0.37447043115745327	0.32977253274812063	25.94315529350207	0.02698369697440683
7.612251513712496	0.01	0.007	0.007	0.007	0.01	0.01169588473545347	0.01536013698511702	0.0007513793003465915	0.00041538742711583795	0.009573131104662905	1.3619334389205018	2.2742411243885305	1.6412302095024986	0.3732645774743762	0.33135480468654405	25.449283042591407	0.026883898208215917
7.718337164237989	0.01	0.007	0.007	0.007	0.01	0.011470950934702994	0.015064741458953796	0.0007339015959326205	0.0004056700955516996	0.009385799625157376	1.3653660030443138	2.269400278450326	1.6388078340209005	0.37206352670779697	0.3328521305912979	24.968528243062583	0.026785237047130032
7.823559795833638	0.01	0.007	0.007	0.007	0.01	0.011252131571907529	0.014777375569357246	0.0007170669386088877	0.00039631367493558206	0.009202997647861654	1.3686336078965955	2.264335574771391	1.636377521112904	0.37086820470819737	0.33426836144997135	24.50065617429024	0.02668773617953172
7.928014269793777	0.01	0.007	0.007	0.007	0.01	0.011039049140008174	0.014497543565300544	0.0007008284884872565	0.0003872917119583561	0.009024467982901838	1.3717474348113228	2.259060668541229	1.633939184240161	0.3696780162963255	0.3356088415009243	24.0448715494167	0.026591298137064127
8.031807649895004	0.01	0.007	0.007	0.007	0.01	0.010831322736794902	0.014224745235146727	0.0006851413898292564	0.00037857891399327047	0.008849943313575673	1.374718106304426	2.2535866301821534	1.6314922143341388	0.3684921762212814	0.33687862236903326	23.600370539173767	0.026495815639362694
8.13503380311646	0.01	0.007	0.007	0.007	0.01	0.010628618578837361	0.013958542244409386	0.0006699663298148689	0.0003701531179366982	0.008679189422676745	1.3775550089563455	2.2479234153421204	1.629036097928569	0.3673100050833978	0.338082174704904	23.16644893320752	0.026401194999750858
8.237772911749232	0.01	0.007	0.007	0.007	0.01	0.010430647363503725	0.013698554672332962	0.0006552690065639546	0.0003619949859546009	0.008512004072493834	1.3802664245379144	2.2420801949709026	1.6265704649172883	0.36613094237528915	0.33922345311754953	22.742496701345512	0.026307356321007207
8.340093112873076	0.01	0.007	0.007	0.007	0.01	0.010237157802979052	0.01344445252072876	0.0006410193673768447	0.0003540875752536736	0.008348212478764959	1.3828597013258894	2.2360655272548215	1.624095080387619	0.36495453386310805	0.3403059771738216	22.327984333955857	0.026214231757747827
8.442052920600297	0.01	0.007	0.007	0.007	0.01	0.010047929297343643	0.013195946091993921	0.0006271908404601017	0.0003464159057555077	0.008187661868803356	1.3853414204445746	2.2298874314275556	1.6216098113546882	0.36378040869863204	0.34133290852971343	21.922447300903286	0.026121763109315254
8.543701923737515	0.01	0.007	0.007	0.007	0.01	0.00986276840615776	0.012952781355453686	0.0006137598918578627	0.00033896670943258826	0.008030219102921241	1.387717497648428	2.2235535196499163	1.619114630157995	0.3626082753488995	0.3423070995751315	21.525478616905556	0.026029901020690933
8.645082403291118	0.01	0.007	0.007	0.007	0.01	0.009681503976772572	0.012714733549660859	0.0006007055178746554	0.0003317281447572012	0.007875767045451182	1.3899932928649776	2.2170710423624844	1.616609591800028	0.36143790618048693	0.34323114417693384	21.136718505951784	0.02593860337413804
8.746230892691097	0.01	0.007	0.007	0.007	0.01	0.009503982814004974	0.012481601495614178	0.0005880088075519143	0.00032468955079587437	0.007724201292819447	1.3921737027011292	2.2104469055646474	1.6140948090928697	0.3602691220489216	0.34410742011339407	20.755845202198945	0.02584783376629435
8.847178932683716	0.01	0.007	0.007	0.007	0.01	0.009330067121512324	0.012253204236653867	0.0005756526563338023	0.000317841285748699	0.007575428331548636	1.3942632229878076	2.2036877156708123	1.611570444978671	0.35910178569034173	0.344938118297477	20.38256953212274	0.025757560736188997
8.947953850253654	0.01	0.007	0.007	0.007	0.01	0.009159632119713108	0.012029377910212167	0.0005636215097683301	0.0003111745826003096	0.007429363788942284	1.3962660036997225	2.1967998061425993	1.6090367023241958	0.35793579446677093	0.34572526820044097	20.016629862597696	0.025667756987998783
9.048579386545548	0.01	0.007	0.007	0.007	0.01	0.008992564117597461	0.01180997321563146	0.0005519011539013959	0.00030468143103009465	0.007285931023502929	1.3981858937610787	2.1897892601284363	1.6064938158716773	0.35677107455997675	0.3464707585867255	19.657788011974944	0.02557839876375598
9.149076245279335	0.01	0.007	0.007	0.007	0.01	0.00882875887676272	0.011594853265744802	0.0005404785379787447	0.00029835447753310434	0.00714505992655305	1.4000264786324024	2.182661927205699	1.6039420448871085	0.35560757584894415	0.34717635484755865	19.305825779449908	0.025489465299182005
9.24946247202767	0.01	0.007	0.007	0.007	0.01	0.008668120382141736	0.011383891972544675	0.0005293416351260537	0.00029218694683177336	0.007006686041187249	1.4017911101747027	2.175423442877904	1.6013816690424656	0.3544452685562294	0.34784371286662863	18.96054234057678	0.025400938439534757
9.349753846527	0.01	0.007	0.007	0.007	0.01	0.00851055969233687	0.011176972537392922	0.0005184793162847522	0.0002861725708355171	0.006870749723860531	1.4034829331474958	2.1680792399073776	1.5988129831294782	0.35328413959103216	0.3484743912029255	18.621751807840322	0.02531280225179015
9.449964183323603	0.01	0.007	0.007	0.007	0.01	0.008355994025586148	0.010973986250672975	0.0005078812469887384	0.0002803055304224833	0.006737195487014662	1.4051049069953458	2.1606345601045347	1.5962362934025884	0.3521241898293174	0.3490698611370723	18.289281292488102	0.02522504272479368
9.550105568809602	0.01	0.007	0.007	0.007	0.01	0.008204346015241738	0.010774831514053583	0.0004975378011537639	0.0002745804067840281	0.006605971470038385	1.4066598241071948	2.1530944658802587	1.5936519149825292	0.3509654320287375	0.3496315151110529	17.962969326679445	0.025137647530840117
9.650188601945041	0.01	0.007	0.007	0.007	0.01	0.008055543018768293	0.010579412933036568	0.00048743998303154955	0.00026899213740992986	0.006477028941395239	1.4081503260699542	2.145463847428464	1.5910601686888097	0.34980788861709816	0.35016067417477714	17.642664397203433	0.02505060578879559
9.750222573068408	0.01	0.007	0.007	0.007	0.01	0.007909516572157025	0.01038764060047099	0.0004775793629173885	0.0002635359797891947	0.006350321913660496	1.4095789171900883	2.1377474310911437	1.5884613790655833	0.34865159012806113	0.35065859421524587	17.32822378901767	0.024963907885503917
9.850215594684983	0.01	0.007	0.007	0.007	0.01	0.00776620195518875	0.01019942952563979	0.0004679480235614415	0.0002582074811208217	0.006225806843934547	1.4109479759082395	2.1299497886146175	1.5858558733246209	0.34749657413377866	0.3511264712499907	17.019512664955876	0.024877545342122578
9.95017477071244	0.01	0.007	0.007	0.007	0.01	0.007625537735704521	0.010014699035776961	0.00045853850791779645	0.00025300244883944597	0.006103442306854368	1.4122597655483293	2.122075341047485	1.5832439790075863	0.3463428836841452	0.35156544631681697	16.71640309808011	0.02479151065002167
10.0	0.01	0.007	0.007	0.007	0.01	0.007556379599092132	0.009923875361464201	0.00045392793375831673	0.00025045229728178276	0.006043219613745798	1.412893056233343	2.118122080253251	1.58193950130344	0.345768206570838	0.35177384750170027	16.567338435077396	0.02474873734152918
