0.0	0.01	0.007	0.007	0.007	0.01	0.0	0.0	0.0	0.0	0.0	0.0	0.0	0.0	0.0	0.0	100.0	0.035
0.006396784933037381	0.01	0.007	0.007	0.007	0.01	0.002776211314413926	0.006179775491302778	0.0033071714465367015	0.0011296762362588508	0.00023301030938391326	0.00011381595813067839	0.0004578256714180017	0.00044247218212061	6.968532544468221e-5	5.36621138925297e-6	99.87375369590302	0.03499224151152172
0.011064853847668008	0.01	0.007	0.007	0.007	0.01	0.0047001032798413825	0.01023989872487777	0.005616969540010385	0.0019326308936120672	0.0003757075040539729	0.00033547824474828165	0.0013300503149566204	0.0013069540536691268	0.0002068298774763037	1.531148998174073e-5	99.78172576150405	0.034986580821714706
0.01775751177473465	0.01	0.007	0.007	0.007	0.01	0.007316072827661707	0.015468482404703698	0.00878275691563589	0.003053106867013284	0.0005468489020737977	0.0008458340588410404	0.003286301435941135	0.0033049703246491903	0.0005266133257559284	3.691331807186079e-5	99.64993229622166	0.0349784666306681
0.0243314531452059	0.01	0.007	0.007	0.007	0.01	0.00973102958667349	0.01999645545577696	0.01173252535166131	0.00411935395993715	0.0006831101208374702	0.0015554507074959075	0.005928210427663397	0.006095023436495881	0.0009776363934388553	6.508898742922568e-5	99.52064609870176	0.034970498203891726
0.03197651428018903	0.01	0.007	0.007	0.007	0.01	0.012358621940373519	0.024597048020159686	0.014973710877545609	0.005317723502701144	0.0008096467890583197	0.0026231470265976092	0.009783693770175112	0.010312051184932907	0.0016666454036860735	0.00010478276221920782	99.37050570326626	0.03496123373101913
0.03997052868697208	0.01	0.007	0.007	0.007	0.01	0.014911737591631622	0.028741426493977915	0.018156657699615417	0.006524306296210673	0.0009128140765749601	0.00399880234947456	0.014593600883069522	0.01577166439808647	0.002569005816114574	0.0001525571186204567	99.21375450402974	0.03495154901295573
0.048670666085761254	0.01	0.007	0.007	0.007	0.01	0.01748061837325623	0.032586759455314016	0.021394637184282896	0.007785043289436931	0.0009988123559011857	0.005773895951693313	0.020598393232465997	0.022851555430493827	0.0037534158923108693	0.00021013772373134137	99.04343822148793	0.03494101187826916
0.057841615334005	0.01	0.007	0.007	0.007	0.01	0.019969712687492102	0.03600126882567925	0.02456739799411945	0.00905654880767892	0.0010668052536001687	0.007932914579532008	0.027659626404165742	0.03150633497226961	0.005219821961551228	0.00027557408716931327	98.86422172316072	0.034929907961013286
0.06758833443510498	0.01	0.007	0.007	0.007	0.01	0.022388738273303392	0.03902492964483804	0.02768493268137556	0.010345058357998297	0.0011199448139478966	0.0105228750985152	0.035847673736244375	0.04194100917543063	0.007011303798641535	0.00034903031598129317	98.67410912025238	0.03491811078640723
0.07784007198832574	0.01	0.007	0.007	0.007	0.01	0.024702788186473396	0.04164409363685408	0.030698199571647097	0.011632357576529258	0.0011601457737822366	0.013544898742697634	0.04508310112645558	0.05417656857237749	0.009140894673070719	0.00042940280181340246	98.47454045612609	0.0349057066499906
0.08863487825532566	0.01	0.007	0.007	0.007	0.01	0.02690700105073905	0.0438886679256375	0.03359455350916024	0.012914454669210975	0.0011898621251421125	0.017024510874339663	0.05536578327372762	0.06833124650880927	0.011639455500010568	0.0005164205483997224	98.26483622579113	0.03489265018778487
0.09996260310386935	0.01	0.007	0.007	0.007	0.01	0.028987697061732116	0.045781233453647	0.03634764952541684	0.01418085821799875	0.0012111254172757692	0.020969821637812806	0.06664574865792533	0.08445046329200602	0.01452629397874963	0.0006094865213797889	98.04525947339567	0.03487895440477955
0.11185074126826526	0.01	0.007	0.007	0.007	0.01	0.03094058754365467	0.047355023161305854	0.038941226604280454	0.015424940471734308	0.0012257985093668258	0.02539831411994853	0.07890494649073804	0.10261400799217228	0.017827931805955	0.0007083680902233673	97.8153473077067	0.0348645868354196
0.12431701990318733	0.01	0.007	0.007	0.007	0.01	0.03276071647098889	0.04864210053610841	0.04135593861017559	0.016638156281342187	0.001235434053386686	0.030322027431660955	0.09211429721844583	0.12287398094623883	0.021567129200757113	0.0008128186939951987	97.5748331993828	0.03484952690368579
0.13739534970202472	0.01	0.007	0.007	0.007	0.01	0.034446576902844965	0.04967581013342308	0.04357485464954727	0.01781266662472683	0.0012413381959167267	0.035757365819946214	0.1062614771122852	0.14529289980290042	0.02576981094501854	0.0009227896188599322	97.32314631037896	0.034833734573470033
0.1511216273145582	0.01	0.007	0.007	0.007	0.01	0.03599739885803947	0.05048778047772228	0.045579956374230915	0.01893967913432948	0.0012445905904049722	0.041720220043602416	0.12133732886545635	0.16992127531424442	0.030461053055588858	0.0010383076046049592	97.05968816193578	0.0348171675310057
0.16554179050640053	0.01	0.007	0.007	0.007	0.01	0.037413925171028956	0.051107919570075336	0.04735330878839913	0.020010042412649268	0.0012460967736319033	0.04822954688510292	0.13734501953150038	0.19680949237442533	0.03566738589126969	0.0011595379028368031	96.78367992600855	0.03479977148450639
0.18070765129978786	0.01	0.007	0.007	0.007	0.01	0.03869759720552385	0.05156360784291752	0.04887622975910149	0.021013751851662654	0.0012466354109545589	0.0553058543025561	0.15429570273087298	0.22599818993478182	0.04141508059211352	0.0012867466872868154	96.49424548496813	0.03478148522859406
0.19667932414301595	0.01	0.007	0.007	0.007	0.01	0.03985060361320219	0.051879576851445064	0.050129712598847326	0.021940077488271863	0.0012469059064603711	0.0629723735867548	0.17221103871371946	0.2575191703848313	0.047730404278645076	0.0014203221725845251	96.19036816006702	0.034762237751963444
0.2135234226648214	0.01	0.007	0.007	0.007	0.01	0.04087558336256024	0.05207776288517686	0.05109460045638915	0.02277746430836312	0.0012475702884199088	0.0712542053005208	0.191120785900896	0.2913874128130998	0.054638090820731254	0.0015607646447415662	95.87092878900842	0.034741950454104366
0.23131224084973961	0.01	0.007	0.007	0.007	0.01	0.04177555450303102	0.052177360725475075	0.05175230176194619	0.02351365998222578	0.0012492884899028796	0.08017773526984341	0.2110613025384101	0.3275938397723383	0.062159814174003424	0.0017086902671867004	95.53472498426105	0.03472053817523149
0.250119775746209	0.01	0.007	0.007	0.007	0.01	0.04255380157627828	0.052194951070908144	0.0520858448272613	0.024135907158251955	0.0012527454793347006	0.08976832506459428	0.23207044183396253	0.36609112207939615	0.07031100201858742	0.001864814825954568	95.18054984974796	0.034697914026000275
0.2700154387801312	0.01	0.007	0.007	0.007	0.01	0.04321388741988843	0.05214472726293803	0.05208158914410376	0.024631399808855484	0.0012586687075510296	0.10004663020876176	0.25417997293442796	0.40677506389160545	0.07909629122565852	0.0020299248464852398	94.80731264595492	0.03467399698061639
0.2910546511113875	0.01	0.007	0.007	0.007	0.01	0.04375979006395134	0.052038787184323164	0.051731653860527686	0.024988088398238503	0.0012678337563173548	0.11102319720120786	0.277404899343926	0.44946198366223805	0.08850348626960991	0.002204828236150887	94.41421485051669	0.03464872318187651
0.31327027048928	0.01	0.007	0.007	0.007	0.01	0.044196236369452795	0.05188743522484396	0.05103682067097062	0.025195926761411226	0.001281058236627789	0.12269355407017354	0.3017343191597543	0.4938731037075196	0.0984982599101176	0.00239031380908385	94.00090600975996	0.03462205619493526
0.3366721350774124	0.01	0.007	0.007	0.007	0.01	0.04452913358721132	0.051699385175216744	0.05000885957765782	0.02524832905428936	0.0012991920490380226	0.13503790840086624	0.3271317873001907	0.5396427413639253	0.1090235862296111	0.0025871758468112727	93.56748440774965	0.034593987470317764
0.36125901869144794	0.01	0.007	0.007	0.007	0.01	0.04476578954719483	0.051481797440925486	0.048670857322223426	0.02514321631813416	0.001323121203214082	0.14802790825495107	0.3535492079103543	0.5863567756105298	0.12000620969685237	0.0027963393623499657	93.11426790695346	0.03456452192024957
0.38703617844141935	0.01	0.007	0.007	0.007	0.01	0.04491465390560938	0.051240242545018896	0.04705522295826218	0.024883133827657958	0.0013537977752044665	0.1616366912664514	0.38094593569250756	0.6336016676616573	0.13136654941842163	0.0030190370609747444	92.64146779557709	0.03453365686173147
0.4140260673968499	0.01	0.007	0.007	0.007	0.01	0.04498469407352725	0.05097876810416483	0.045200688675257915	0.02447460692801662	0.0013922899867602298	0.17584522952306683	0.4092994209244312	0.6809952454474488	0.14302548667170722	0.0032569440397413655	92.14899659440917	0.03450136924203516
0.44226493874599687	0.01	0.007	0.007	0.007	0.01	0.044984775666800064	0.05070015990379712	0.04314997306068424	0.023927393934403133	0.001439830774609924	0.19064090046535315	0.438600353095864	0.7281873382060462	0.15490448608472318	0.003512210441622313	91.63653803936394	0.03446761979745553
0.47178095293294686	0.01	0.007	0.007	0.007	0.01	0.0449233401514319	0.050406410210017544	0.04094916144670267	0.023254284847620755	0.0014978287899799307	0.20600621140131833	0.4688291390393629	0.7748310864009105	0.1669181451777974	0.0037873363053062344	91.10394869828212	0.03443237927338288
0.5025488814740705	0.01	0.007	0.007	0.007	0.01	0.04480851962305967	0.05009939872064105	0.03864906289071491	0.02247185925855262	0.0015677839411280495	0.22189585055426614	0.4999107176597656	0.8205310312724216	0.1789596051051282	0.0040847918535911265	90.55206455883719	0.03439568238627084
0.5344339665034249	0.01	0.007	0.007	0.007	0.01	0.04464861821014022	0.049781627350023304	0.03630674186626149	0.021601789158371694	0.0016510675828553113	0.23820962628919312	0.531662741650707	0.8648017378724606	0.1908870974423751	0.004406406691734651	89.98366918796076	0.0343576943330521
0.5671875013264417	0.01	0.007	0.007	0.007	0.01	0.04445237860333245	0.049456373348295925	0.03398186765408441	0.020670369600773498	0.001748700961541566	0.2547936669859188	0.563799465555354	0.90712026250003	0.2025354942440185	0.004753082091072117	89.40350720220127	0.03431871528916571
0.6005342671511182	0.01	0.007	0.007	0.007	0.01	0.04422835750281069	0.049126889746204216	0.03172637034885181	0.01970453662216672	0.00186138532795998	0.27148795588935537	0.5960244460207884	0.9470780594697492	0.2137586546784618	0.005125393264074968	88.81667997191597	0.03427907568841203
0.6342516449187796	0.01	0.007	0.007	0.007	0.01	0.04398401383374942	0.048795690963094905	0.029577284641438394	0.01872778936749894	0.0019896672023886775	0.2881666723366422	0.628107500901949	0.9844638984084605	0.22445764650766722	0.00552428919477128	88.22724698968369	0.03423904208926823
0.6681828603211464	0.01	0.007	0.007	0.007	0.01	0.04372533208172739	0.048464493965917704	0.027556933674360233	0.01775871903416056	0.0021340150729499737	0.3047432336894794	0.6598931227710257	1.0192347883579207	0.23457873706386778	0.005951251606523362	87.6380248035519	0.03419880179438498
0.7022200937595033	0.01	0.007	0.007	0.007	0.01	0.04345691363776228	0.04813444187669282	0.02567627579071432	0.016811255032472643	0.0022948091108489234	0.3211600117351307	0.6912800140654256	1.0514554726542378	0.244100585539216	0.006408153374525754	87.05091512508851	0.03415848328399865
0.736290305107832	0.01	0.007	0.007	0.007	0.01	0.04318220167794809	0.04780628157721193	0.0239381255840061	0.015895322994257492	0.002472324400918961	0.337379800239993	0.722204561269304	1.0812536471212328	0.2530238436234786	0.006897131601670744	86.46717551755964	0.034118173312310436
0.7703454671791174	0.01	0.007	0.007	0.007	0.01	0.042903719887791895	0.047480483569219495	0.022339769243778007	0.015017580005345107	0.002666719208201781	0.35337985565021374	0.7526295109539136	1.1087901459825031	0.2613636490260863	0.0074204971107433805	85.88760556447863	0.03407792868384275
0.804357066816131	0.01	0.007	0.007	0.007	0.01	0.042623273889585166	0.04715731100481595	0.0208749125854944	0.014182079443585308	0.0028780365430444623	0.36914831304702717	0.7825372758488361	1.1342405225041035	0.2691445584544201	0.007980690963158964	85.31265426842215	0.034037782915367895
0.8383122728381015	0.01	0.007	0.007	0.007	0.01	0.04234211691481277	0.04683686694070743	0.019535133467349714	0.013390863947292875	0.003106211568058548	0.3846816255702719	0.811925200731612	1.1577831577971571	0.2763968745605392	0.008580261666224278	84.74249558452019	0.033997750887894536
0.8722113132289314	0.01	0.007	0.007	0.007	0.01	0.04206107953488641	0.04651912653060941	0.018310921513623575	0.012644465752780503	0.003351084061348146	0.39998274768316977	0.8408022243625999	1.1795919143339637	0.28315402832489683	0.00922186069055744	84.1770810358923	0.033957832042949915
0.9060653562785002	0.01	0.007	0.007	0.007	0.01	0.041780671198984376	0.04620396223986782	0.017192406629799515	0.011942321410956533	0.003612411933424747	0.4150596895323029	0.8691862214122207	1.1998316614685955	0.28945067838518085	0.009908246873990707	83.6161820475223	0.033918012963897265
0.9398948830780443	0.01	0.007	0.007	0.007	0.01	0.041501157578163146	0.04589116299501685	0.016169843479686134	0.01128310237841501	0.0038898853054365216	0.42992440487476075	0.8971019543670209	1.2186558581571347	0.295321386655547	0.010642299846181888	83.0594226458121	0.0338782693621289
0.9737284261208441	0.01	0.007	0.007	0.007	0.01	0.041222618875262504	0.04558044895739076	0.015233916442744723	0.010664972238296919	0.004183140020770628	0.44459192784975476	0.9245794780474892	1.2362055004657821	0.3007997237899644	0.011427040582024877	82.50630499431098	0.03383856762005395
1.0076016905976366	0.01	0.007	0.007	0.007	0.01	0.04094499266883535	0.04527148211691475	0.014375913990908278	0.01008578087722858	0.004491770661529564	0.4590797416605752	0.9516529672373915	1.2526089959916884	0.30591770626433523	0.012265660097004014	81.95622782482182	0.033798865875311355
1.0415570722809298	0.01	0.007	0.007	0.007	0.01	0.04066810426549105	0.0449638728562339	0.013587811648204927	0.009543206821851894	0.004815343429373856	0.47340736215497037	0.9783599362725687	1.2679826401353416	0.31070548156573885	0.013161558115502141	81.40849787403434	0.033759114633985315
1.0756435998366591	0.01	0.007	0.007	0.007	0.01	0.04039168680731841	0.04465718247323402	0.012862293162890538	0.009034858172072944	0.005153409557401196	0.4875961261980666	1.0047408308456007	1.2824314660137215	0.31519119508047505	0.014118394829390807	80.86233421824456	0.03371925688446981
1.1099173281393266	0.01	0.007	0.007	0.007	0.01	0.040115392860241315	0.04435092165100957	0.012192731894802808	0.008558341466111882	0.005505519963230886	0.5016691744867335	1.0308389703698086	1.2960503057671677	0.31940098507210113	0.015140159874487117	80.31686543797777	0.033679227685451965
1.1444423254390048	0.01	0.007	0.007	0.007	0.01	0.03983879785193157	0.044044543837571254	0.011573146268081631	0.008111304973838827	0.0058712429923853775	0.5156516652079542	1.0567009043650437	1.308924992370119	0.3233590762950597	0.01623126741377238	79.77111773488474	0.03363895306632756
1.1792923770536954	0.01	0.007	0.007	0.007	0.01	0.03956139560758177	0.04373743274257575	0.010998140020806105	0.007691462566853654	0.006250186855181418	0.529571241323787	1.0823772182607636	1.3211336393251771	0.32708794313704764	0.017396688140278962	79.22399256796295	0.033598348103654654
1.2145537852162576	0.01	0.007	0.007	0.007	0.01	0.039282584010235315	0.043428880984615434	0.010462831311328798	0.0072966007306988125	0.006642030859373653	0.5434588695784778	1.1079239965312544	1.3327480317618352	0.3306085415832831	0.018642140685972614	78.67422850627715	0.033557313740173796
1.2503297865503735	0.01	0.007	0.007	0.007	0.01	0.03900163769324736	0.04311805590129824	0.009962773004127031	0.006924570678313573	0.00704657081482297	0.5573502066566812	1.1334052125669907	1.343835175425483	0.3339406116988978	0.01997437661033247	78.12034017159951	0.033515731753169915
1.2867477947113903	0.01	0.007	0.007	0.007	0.01	0.03871765947076215	0.04280394293865784	0.009493859065110206	0.00657326245731459	0.007463790924616989	0.5712878836152415	1.1588967354956294	1.3544592014477683	0.3371030953444054	0.021401629393417335	77.56051716300327	0.03347345649036064
1.323971708863084	0.01	0.007	0.007	0.007	0.01	0.03842949476251652	0.04248524891701989	0.009052206147578902	0.00624055370807771	0.007893984802854845	0.5853254279924927	1.1844932195600102	1.364683974958375	0.3401147516475411	0.02293436132051011	76.99245136046096	0.033430300811193664
1.3622246212940106	0.01	0.007	0.007	0.007	0.01	0.03813557072292009	0.04216022262647549	0.008633978307322137	0.005924209950030817	0.008337980190343573	0.5995345711101154	1.2103209645273163	1.3745773027370185	0.34299519839825593	0.0245866164554555	76.4130166691024	0.03338601012528268
1.401835343999813	0.01	0.007	0.007	0.007	0.01	0.03783356323735893	0.04182628554075708	0.008235073163347956	0.005621675981977767	0.00879760581108505	0.6140203499800165	1.236564544302442	1.384218985424729	0.3457669589703992	0.02637875313457946	75.81760985739342	0.03334020915419933
1.443350889560063	0.01	0.007	0.007	0.007	0.01	0.03751958629480255	0.041479134807879854	0.007850404340938134	0.005329560035456687	0.00927684033185076	0.62895794904211	1.2635319049928182	1.3937199170967267	0.34846039633310993	0.028343954988897985	75.19854956233041	0.033292273116127286
1.4879033106718074	0.01	0.007	0.007	0.007	0.01	0.0371855317134905	0.041109801618813724	0.007471553065649664	0.005041887963612196	0.009785640000766047	0.6447141515989282	1.2918695105980997	1.4032852851925652	0.35113025085063926	0.030549091563234942	74.53982654405989	0.03324090720727731
1.5392193136476413	0.01	0.007	0.007	0.007	0.01	0.036804443783319894	0.04068848197631103	0.007073764334722011	0.004740334972448414	0.010361215999091447	0.6625170295937113	1.3237504876816957	1.4135653271552384	0.3539479769216979	0.033207801069565744	73.78824920022082	0.0331818415527558
1.5883157311298766	0.01	0.007	0.007	0.007	0.01	0.036443495696905026	0.04028943731514296	0.0067272815286306	0.004478515787032947	0.010898169437247288	0.6792104358060277	1.353507132167637	1.4227284814923733	0.3564100048095226	0.035864999111224274	73.07627457645957	0.03312542892645856
1.6340478154491407	0.01	0.007	0.007	0.007	0.01	0.03611046930494111	0.03992126638031418	0.006431052153877489	0.004255607679404873	0.011383740396260732	0.6944670621912378	1.3805819115784248	1.4307246495087425	0.3585167203745595	0.038434462019112166	72.41926916314362	0.03307296825455413
1.6789892563240576	0.01	0.007	0.007	0.007	0.01	0.03578616931267642	0.03956274579717568	0.006162147038141724	0.004054246086347532	0.011845278288156284	0.7091897879199011	1.406595978831813	1.4381176176676254	0.36042695461567337	0.04104284274579432	71.77937737326614	0.033021495494371944
1.7223238079769492	0.01	0.007	0.007	0.007	0.01	0.03547622761663147	0.03922010049048573	0.005921574704792702	0.003875072917150358	0.012274184996676605	0.7231369793986602	1.4311336309711746	1.4448431870598883	0.3621309573475742	0.04363115612775471	71.1677200065661	0.0329719390171194
1.764804479114304	0.01	0.007	0.007	0.007	0.01	0.03517500359040032	0.03888709387381004	0.005701844950230682	0.0037123617450750767	0.012678169191479466	0.7365760287774256	1.4546763807766534	1.4510800579183842	0.3636802599296048	0.04623337378882229	70.57317435998559	0.03292343120765484
1.806281671838294	0.01	0.007	0.007	0.007	0.01	0.034883367807758504	0.03856468790519856	0.005501261876302236	0.003564716122111058	0.013056068592142462	0.7494784742216247	1.4771828818172716	1.4568528340901414	0.3650859349438989	0.048831520805670554	69.9974657015622	0.032876138105678084
1.8470614619688481	0.01	0.007	0.007	0.007	0.01	0.03459899785829685	0.03825031484105783	0.005316300326380803	0.003429400954306841	0.013411101675616287	0.7619563442651082	1.4988562610544747	1.4622435268771323	0.36637230152117445	0.05143688768069265	69.43601591217656	0.03282970642697197
1.8871764903471933	0.01	0.007	0.007	0.007	0.01	0.03432153016405327	0.03794357255564856	0.005145192241193266	0.003304994466252577	0.013743984415908735	0.7740331791605523	1.5197437350169551	1.4672880163195188	0.3675515545003144	0.054044865798208074	68.88811252248466	0.032784095625091304
1.9267865144064769	0.01	0.007	0.007	0.007	0.01	0.03404974355330545	0.03764311091495655	0.004985917344530693	0.0031899089704258685	0.014056517688207877	0.7857687099274735	1.5399541378523594	1.472032872759359	0.3686377371512349	0.05665991972305745	68.3513488581919	0.03273912118986181
1.9659610185851961	0.01	0.007	0.007	0.007	0.01	0.03378306681043383	0.03734829835839353	0.0048371009955579265	0.003083044125839422	0.014349712578061034	0.797193120873188	1.5595440969745102	1.4765082899731536	0.3696404685772921	0.05928145178319927	67.82460077093072	0.03269470194131517
2.004800757758879	0.01	0.007	0.007	0.007	0.01	0.033520735415477794	0.03705828965353888	0.004697445671827836	0.002983371263872742	0.014624784593591832	0.8083439085811136	1.578581910504906	1.4807442360721255	0.37056882880692793	0.061911574710128994	67.3063615741288	0.03265072177298264
2.043372766044593	0.01	0.007	0.007	0.007	0.01	0.03326223283479343	0.036772513735707765	0.004565945050397111	0.002890085146402005	0.014882651517682732	0.8192470604227355	1.5971153395734816	1.4847635773911163	0.37142989549715594	0.06455067922442122	66.79561373391728	0.032607103320641234
2.081748255762325	0.01	0.007	0.007	0.007	0.01	0.0330070299711824	0.03649038566256534	0.004441708064699596	0.002802475331295912	0.015124218000295708	0.8299283549088768	1.6151911060512696	1.488587004501335	0.3722299256681031	0.06719987311783397	66.29131431807946	0.03256376492367126
2.11998348686605	0.01	0.007	0.007	0.007	0.01	0.03275471148718172	0.036211446261242446	0.004324000490508484	0.0027199536582567505	0.015350248245253691	0.8404081379414302	1.6328461053488619	1.4922314812350719	0.3729740859119752	0.06985959874028108	65.7926446576635	0.0325206422103926
2.15813234303558	0.01	0.007	0.007	0.007	0.01	0.03250488956164321	0.03593526678325815	0.004212182146948965	0.002642007908878312	0.015561454533892866	0.8507050631938784	1.6501138568728018	1.4957119436817488	0.37366686987216663	0.07253042796073396	65.29884002356845	0.032477673825213826
2.1962407585128547	0.01	0.007	0.007	0.007	0.01	0.03225723906767514	0.03566148779225152	0.004105708541405234	0.0025682013795334546	0.015758468431173563	0.8608347154269754	1.6670222622081814	1.499041075114853	0.37431209733402493	0.07521262239469759	64.80925921377909	0.03243480767220037
2.234350558103633	0.01	0.007	0.007	0.007	0.01	0.03201147068493046	0.035389789438381024	0.004004106103438081	0.0024981541714152802	0.01594186898189911	0.8708108059956644	1.6835956922729167	1.5022299355822877	0.374913080826975	0.07790635629476378	64.32333147464905	0.03239199654289758
2.2724988468169065	0.01	0.007	0.007	0.007	0.01	0.03176733359422307	0.03511989443650827	0.003906963643306109	0.002431536094378469	0.016112184258050024	0.8806451279087327	1.6998549740739828	1.5052881193515357	0.37547268863548694	0.08061163829104133	63.84056187882239	0.032349198768928764
2.310719340256688	0.01	0.007	0.007	0.007	0.01	0.03152460576183369	0.03485155732495677	0.003813920382726699	0.00236805740317737	0.01626990237584823	0.8903480078689139	1.7158181970551576	1.5082240428384017	0.37599342695213483	0.08332837641249065	63.36051216124314	0.032306376696928624
2.3490424756264363	0.01	0.007	0.007	0.007	0.01	0.03128309230686303	0.034584562660283584	0.003724658940993987	0.00230746313594832	0.016415475722993515	0.8999284192799167	1.731500945662114	1.5110450954625922	0.3764774906616734	0.08605636267752434	62.88279752823782	0.0322634965393253
2.387496088728945	0.01	0.007	0.007	0.007	0.01	0.031042620403155186	0.03431871938110496	0.0036388981520939206	0.0022495274841916237	0.016549327088779556	0.9093942268774691	1.746916741804665	1.5137578098903857	0.3769268133949764	0.0887953022045624	62.40707660766005	0.03222052759443313
2.426105665196086	0.01	0.007	0.007	0.007	0.01	0.030803037031357883	0.03405385832283625	0.0035563879641198047	0.0021940497087569134	0.016671853378353422	0.9187523101855034	1.76207728081104	1.5163679776220478	0.37734310420890693	0.09154481563274607	61.93304703005921	0.03217744194764188
2.464894731619302	0.01	0.007	0.007	0.007	0.01	0.030564205962032468	0.033789828882400834	0.0034769048239505934	0.0021408504872174124	0.016783429358059633	0.9280087118413597	1.77699270248605	1.5188807578460055	0.37772788015103637	0.09430445430591253	61.46043948436439	0.032134214019204216
2.503885099399125	0.01	0.007	0.007	0.007	0.01	0.030326005760448044	0.03352649681245041	0.0034002480539709603	0.0020897690172997484	0.016884410418908664	0.9371687407583791	1.7916717836165723	1.5213007617000534	0.37808249222326595	0.09707370721838328	60.989013790741154	0.03209082027943335
2.543097119636137	0.01	0.007	0.007	0.007	0.01	0.03008832780448036	0.0332637420300944	0.003326236734058506	0.0020406605311487146	0.016975134998118643	0.9462370707613105	1.8061221190397296	1.5236321259063497	0.3784081475586387	0.09985201053972324	60.5185549961107	0.03204723895388852
2.5825498787414674	0.01	0.007	0.007	0.007	0.01	0.029851074738127245	0.03300145690722171	0.00325470713743129	0.001993394240114752	0.017055926501813107	0.9552178188998196	1.820350266401552	1.5258785731512952	0.3787059277865945	0.1026387543557618	60.048870328860566	0.03200344979664314
2.622261377179216	0.01	0.007	0.007	0.007	0.01	0.0296141590869399	0.0327395447398319	0.003185510550760304	0.0019478515857797507	0.01712709491487831	0.9641146146766546	1.8343618733590656	1.5280434637270381	0.3789768046139446	0.10543328936113536	59.57978647164758	0.0319594338840209
2.662248681793713	0.01	0.007	0.007	0.007	0.01	0.029377502084605336	0.0324779184508022	0.0031185114338460017	0.001903924758802574	0.017188938119563447	0.9729306587658074	1.848161785425865	1.5301298391887792	0.3792216529981502	0.10823493259900444	59.1111472501127	0.03191517343917671
2.702528052031387	0.01	0.007	0.007	0.007	0.01	0.029141032698973734	0.03221649951314722	0.003053585864007071	0.0018615154418771473	0.017241742975272503	0.9816687721419318	1.8617541364342334	1.5321404592522523	0.37944126232449144	0.11104297210072007	58.64281171473277	0.03187065168689859
2.743115056258086	0.01	0.007	0.007	0.007	0.01	0.02890468675404648	0.03195521697936675	0.0029906201953792235	0.001820533724874943	0.017285786224320015	0.9903314398526072	1.8751424286487755	1.5340778337226297	0.37963634600763996	0.1138566714254142	58.17465241119911	0.0318258527204839
2.784024664954304	0.01	0.007	0.007	0.007	0.01	0.02866840622001021	0.03169400669657194	0.002929509921142452	0.0017808971793432991	0.017321335235059642	0.9989208470519835	1.8883295991357916	1.5359442495243163	0.37980754969450287	0.11667527306583898	57.706553982324564	0.031780761395146406
2.8252713479132465	0.01	0.007	0.007	0.007	0.01	0.02843213850839231	0.03143281052727462	0.002870158668946552	0.0017425300427778175	0.01734864863791509	1.0074389135183373	1.9013180822843039	1.53774179474329	0.3799554584082071	0.11949800251217915	57.238411778964505	0.03173536321787551
2.86686913455921	0.01	0.007	0.007	0.007	0.01	0.02819583600454981	0.03117157583255102	0.002812477368441835	0.0017053625344422593	0.017367976838988348	1.0158873184142918	1.914109856050393	1.539472378309975	0.380080602629916	0.12232407008521277	56.77013094015786	0.031689644278700524
2.9088316891732244	0.01	0.007	0.007	0.007	0.01	0.02795945553442816	0.030910254882541194	0.0027563834946015215	0.0016693302373644162	0.017379562475812137	1.0242675264986916	1.9267064893523684	1.541137748121129	0.380183463681976	0.12515267405570138	56.30162534224996	0.031643591166166274
2.9511723710753106	0.01	0.007	0.007	0.007	0.01	0.027722957936892244	0.030648804383659432	0.0027018004177846396	0.0016343735642720273	0.017383640798518916	1.0325808096649347	1.9391091813220696	1.5427395065264278	0.3802644783884051	0.12798300292860182	55.83281675644725	0.03159719089999209
2.9939042849555557	0.01	0.007	0.007	0.007	0.01	0.027486307707806672	0.030387185085124137	0.002648656838655533	0.001600437291196869	0.01738043999877109	1.0408282652079404	1.9513187947664503	1.5442791237614908	0.3803240431485274	0.1308142372270223	55.36363414795051	0.031550430875077695
3.0370403383401356	0.01	0.007	0.007	0.007	0.01	0.027249472619580894	0.03012536135836377	0.0025968862762265938	0.001567470136696634	0.017370181495617695	1.049010834287784	1.9633358891078696	1.545757950184562	0.38036251753014194	0.13364555187311758	54.89401292586998	0.031503298798207256
3.080593277690007	0.01	0.007	0.007	0.007	0.01	0.027012423472896747	0.029863300922551714	0.0025464266362679355	0.0015354244026162013	0.017353080186567404	1.0571293151979897	1.9751607448998223	1.5471772264688657	0.38038022740420674	0.1364761172446202	54.423894454687336	0.03145578264861496
3.124575702026425	0.01	0.007	0.007	0.007	0.01	0.026775133979341767	0.029600974714858768	0.0024972198489118156	0.0015042556677380176	0.017329344690066837	1.0651843717630904	1.9867933807661289	1.5485380920919438	0.38037746773747877	0.13930509889338738	53.95322582500652	0.031407870663379314
3.1690001271228727	0.01	0.007	0.007	0.007	0.01	0.026537580378529244	0.02933835646717754	0.0024492114870136128	0.001473922477185788	0.017299177547142396	1.0731765504217126	1.9982335824713764	1.5498415945525836	0.38035450509444535	0.1421316606282459	53.48195909738168	0.03135955126800747
3.2138790164191624	0.01	0.007	0.007	0.007	0.01	0.02629974124887921	0.029075422496941172	0.0024023504603408177	0.001444386087149251	0.017262775408038056	1.0811062901945385	2.0094809209931954	1.551088696572435	0.3803115798180356	0.14495496544342626	53.010050929775524	0.031310813043792136
3.259224803979966	0.01	0.007	0.007	0.007	0.01	0.02606159736851264	0.028812151553342172	0.0023565887477050777	0.0014156102398562422	0.017220329212754258	1.0889739306684063	2.0205347673601586	1.5522802823796302	0.3802489079826627	0.14777417599373485	52.537462304175165	0.031261644704125936
3.3050499305239196	0.01	0.007	0.007	0.007	0.01	0.025823131514634945	0.02854852459555067	0.0023118811418225793	0.0013875609522045979	0.0171720243494472	1.0967797217404265	2.031394309589829	1.5534171637259881	0.38016668312342655	0.15058845592240597	52.06415813090347	0.03121203505694088
3.3513668655242084	0.01	0.007	0.007	0.007	0.01	0.025584328344313755	0.02828452466091454	0.002268185032221677	0.0013602063333998566	0.017118040813724967	1.104523830378815	2.0420585650223573	1.5545000849478874	0.3800650777886811	0.15339697032826416	51.590107014186785	0.031161972982596493
3.39818815525998	0.01	0.007	0.007	0.007	0.01	0.02534517414920625	0.02802013659380918	0.0022254601847895767	0.001333516405064868	0.017058553328000034	1.112206351205916	2.052526397530865	1.5555297281109992	0.37994424486275147	0.15619888780267133	51.11528076725426	0.031111447384057134
3.4455264193485657	0.01	0.007	0.007	0.007	0.01	0.02510565688306307	0.02775534707604498	0.0021836685885097745	0.001307462967489318	0.016993731513433544	1.1198273080044518	2.0627965218904722	1.5565067164895265	0.379804318849581	0.1589933793346645	50.63965446871566	0.03106044719308088
3.4933944141105124	0.01	0.007	0.007	0.007	0.01	0.024865765854356278	0.027490144287064932	0.002142774257434812	0.0012820194415652114	0.016923739971962396	1.1273866657854419	2.072867522238847	1.5574316191147588	0.37964541685190284	0.16177962120595388	50.1632058538815	0.031008961304601273
3.5418050182213636	0.01	0.007	0.007	0.007	0.01	0.02462549182049494	0.027224518008102456	0.002102743117105554	0.0012571607667136195	0.016848738466164453	1.134884329830789	2.0827378525941103	1.5583049532982984	0.3794676396449911	0.164556793247977	49.68591550330246	0.03095697859522521
3.5907713123905443	0.01	0.007	0.007	0.007	0.01	0.0243848266174138	0.026958459212687934	0.002063542823758418	0.0012328632599601516	0.01676888195808051	1.1423201592028873	2.0924058563604553	1.55912718863771	0.3792710723300175	0.16732408254137096	49.207766108342035	0.03090448784093515
3.64030655725222	0.01	0.007	0.007	0.007	0.01	0.02414376330454338	0.026691960226915935	0.0020251426816190674	0.001209104538680819	0.01668432079621291	1.149693963893388	2.1018697638309205	1.5598987487831408	0.3790557852363697	0.17008068117642675	48.72874276023719	0.030851477744571833
3.690424263712582	0.01	0.007	0.007	0.007	0.01	0.023902295859489664	0.026425014391910355	0.0019875134954343045	0.0011858634055734443	0.016595200753970536	1.157005515813183	2.1111277075485084	1.5606200145430187	0.37882183438225486	0.17282578923753505	48.24883234446453	0.030797936864474948
3.7411381992843156	0.01	0.007	0.007	0.007	0.01	0.02366041919626275	0.02615761608397705	0.0019506274850711572	0.0011631197743180487	0.016501663167497217	1.1642545495768075	2.1201777240257726	1.561291325602085	0.37856926209643665	0.1755586140789607	47.76802357770595	0.030743853612205895
3.7924624289325406	0.01	0.007	0.007	0.007	0.01	0.02341812902257711	0.025889760556847746	0.0019144581821363184	0.0011408545860798164	0.01640384501371627	1.1714407680749528	2.129017761349184	1.5619129825383766	0.37829809741632	0.17827837145917563	47.28630672488402	0.03068921621374262
3.8444113581469765	0.01	0.007	0.007	0.007	0.01	0.02317542169800765	0.02562144378486994	0.0018789803350180792	0.0011190497330622314	0.016301878978235127	1.1785638477617202	2.1376456859359374	1.5624852485476257	0.37800835638045166	0.18098428664867144	46.80367331760674	0.030634012668890636
3.896999750186349	0.01	0.007	0.007	0.007	0.01	0.022932294222784096	0.025352662450619172	0.0018441698399670255	0.00109768799972423	0.016195893571405575	1.1856234399082555	2.146059283998913	1.563008350621618	0.37770004238872623	0.18367559407012432	46.32011613216074	0.030578230738690367
3.950242790499679	0.01	0.007	0.007	0.007	0.01	0.02268874401621878	0.02508341369994747	0.001810003647576788	0.001076752990370222	0.01608601315038525	1.1926191778484512	2.1542562698837924	1.5634824810057528	0.3773731462304373	0.1863515392702134	45.83562874896521	0.030521857883264163
4.004156111518137	0.01	0.007	0.007	0.007	0.01	0.02244476889161991	0.02481369511424962	0.001776459703741138	0.0010562290792847711	0.015972358017587306	1.1995506782594538	2.162234286751909	1.5639077979734652	0.37702764626432755	0.18901137867644438	45.35020550250127	0.03046488124241913
4.0587558406471755	0.01	0.007	0.007	0.007	0.01	0.022200366934401455	0.02454350457571133	0.0017435168815600804	0.0010361013565231432	0.01585504447328716	1.2064175451002113	2.169990910068613	1.5642844266262266	0.37666350840622215	0.19165438040679947	44.86384123851085	0.030407287592272545
4.1140586769550875	0.01	0.007	0.007	0.007	0.01	0.02195553626714509	0.024272840007580912	0.0017111549035137346	0.0010163555689120304	0.015734184804532682	1.2132193764426558	2.177523653720267	1.5646124596059139	0.37628068584922414	0.19427982624166104	44.37653084586701	0.030349063272462805
4.170081912342173	0.01	0.007	0.007	0.007	0.01	0.021710275078125597	0.024001699405703746	0.0016793543037778849	0.000996978086602686	0.015609887393828252	1.2199557636614953	2.1848299669275884	1.5648919571737734	0.37587911908916266	0.19688701069165607	43.88826931242157	0.030290194172791437
4.226843522211088	0.01	0.007	0.007	0.007	0.01	0.021464581356082618	0.023730080545306943	0.0016480963554383733	0.000977955849115934	0.015482256679037024	1.2266262986027856	2.1919072395089296	1.5651229474959016	0.3754587354173676	0.1994752431706449	43.39905119590468	0.0302306656475514
4.284362227002826	0.01	0.007	0.007	0.007	0.01	0.021218452774875787	0.023457980853482416	0.001617363022151458	0.0009592763271759977	0.015351393177337316	1.2332305762449494	2.1987528013223576	1.5653054264410693	0.37501944853687436	0.20204384846318463	42.90887039268117	0.030170462461710814
4.34265756911885	0.01	0.007	0.007	0.007	0.01	0.020971886530772185	0.02318539722930344	0.001587136907373461	0.0009409274838317463	0.015217393478653005	1.239768198380085	2.2053639220750574	1.5654393571878813	0.37456115800448464	0.2045921676086384	42.4177198117992	0.030109568722117386
4.401750006461128	0.01	0.007	0.007	0.007	0.01	0.02072487913259032	0.0229123258118232	0.001557401201624661	0.0009228977351041031	0.015080350205212305	1.2462387782014575	2.211737811125369	1.5655246695738856	0.3740837484729473	0.20711955915979732	41.92559095462708	0.030047967792712352
4.4616610038244255	0.01	0.007	0.007	0.007	0.01	0.020477426227544535	0.022638761787540217	0.0015281396378645402	0.0009051759162161071	0.014940351981614829	1.25264194355773	2.2178716148847246	1.5655612591145405	0.37358708887568914	0.20962539993895907	41.43247356502737	0.029985642213558823
4.522413166786656	0.01	0.007	0.007	0.007	0.01	0.020229522281010867	0.022364699036370412	0.001499336433172074	0.0008877512401331644	0.01479748331319773	1.2589773435660616	2.223762416245401	1.5655489857099614	0.3730710311842034	0.2121090871206339	40.93835498778616	0.029922573577416144
4.584030351359402	0.01	0.007	0.007	0.007	0.01	0.019981160392428535	0.02209012992811944	0.001470976250411672	0.0008706132687747194	0.01465182453001783	1.2652446511749074	2.229407228648768	1.5654876719285566	0.3725354092765377	0.2145700387392747	40.44321979752371	0.029858742433646862
4.6465378354143825	0.01	0.007	0.007	0.007	0.01	0.019732331898695363	0.021815044884024443	0.0014430441388194647	0.0008537518719869912	0.014503451597602059	1.2714435706062033	2.234802993080529	1.5653771008573718	0.3719800371914476	0.21700769611190301	39.94704900317116	0.02979412813035223
4.709962472105468	0.01	0.007	0.007	0.007	0.01	0.019483026098371044	0.021539432071850606	0.0014155254925079027	0.00083715719783762	0.014352435984626499	1.277573841048696	2.2399465696484198	1.5652170134602914	0.37140470743091863	0.21942152478878957	39.44981949219093	0.029728708678002407
4.774332910160214	0.01	0.007	0.007	0.007	0.01	0.019233229763300563	0.021263276865975143	0.0013884059890135667	0.0008208196313115325	0.014198844390436324	1.2836352449029447	2.244834730868525	1.5650071052826908	0.3708091885587149	0.22181101728450314	38.951503049704066	0.029662460547148963
4.839679816894489	0.01	0.007	0.007	0.007	0.01	0.01898292670543052	0.020986561368487536	0.0013616715385536173	0.0008047297599049774	0.01404273848864436	1.2896276137187668	2.2494641501383676	1.5647470224924132	0.37019322263958326	0.22417569488681738	38.45206548616812	0.029595358467230184
4.906036166706161	0.01	0.007	0.007	0.007	0.01	0.018732097164426677	0.020709263732179885	0.0013353082184124527	0.0007888783306677435	0.013884174542971002	1.2955508374347517	2.25383138960126	1.5644363569944624	0.36955652193065397	0.2265151107422226	37.951465405850385	0.029527375162472443
4.973437587779441	0.01	0.007	0.007	0.007	0.01	0.018480717066481387	0.020431357341133816	0.001309302199288703	0.0007732562028224701	0.013723202919295562	1.3014048753303438	2.2579328850508484	1.5640746404139305	0.3688987648441353	0.22882885358476632	37.449652716039154	0.029458481033597314
5.041922740591569	0.01	0.007	0.007	0.007	0.01	0.01822875727192695	0.020152809978929816	0.0012836396763833728	0.0007578543036266059	0.013559867566073091	1.307189765693776	2.261764924907674	1.5636613369281807	0.3682195914095458	0.23111655090916947	36.946567111331035	0.029388643813473333
5.11153383008542	0.01	0.007	0.007	0.007	0.01	0.017976182456637277	0.019873582591999627	0.0012583067694096738	0.0007426635659583686	0.013394205231182605	1.3129056421305907	2.2653236276764575	1.5631958341878263	0.3675185972015246	0.2333778747029673	36.44213582370214	0.0293178280940753
5.182317189387678	0.01	0.007	0.007	0.007	0.01	0.01772294989636133	0.019593627945664487	0.0012332894211708268	0.00072767486546336	0.013226244578817973	1.3185527496779077	2.2686049112832714	1.5626774323139971	0.3667953262713943	0.235612547015764	35.93627117469228	0.029245994790415047
5.254324030715947	0.01	0.007	0.007	0.007	0.01	0.01746900784607743	0.019312888832456677	0.0012085732651114331	0.0007128789395233897	0.013056004998314757	1.3241314671681534	2.2716044564669264	1.5621053300135819	0.3660492620622005	0.2378203478840771	35.42886731382091	0.02917310044651554
5.327611367979663	0.01	0.007	0.007	0.007	0.01	0.017214293560571196	0.019031295883801744	0.0011841434693873763	0.0006982662926307551	0.012883495121415392	1.3296423338503525	2.2743176598465076	1.561478607223491	0.3652798161542102	0.2400011247856646	34.91979623391236	0.029099096382504377
5.40224319769718	0.01	0.007	0.007	0.007	0.01	0.01695873072631602	0.018748764730876954	0.0011599845382200126	0.0006838270767158919	0.012708710879122188	1.335086084209245	2.2767395749093455	1.5607962029570646	0.36448631382529034	0.24215480512909252	34.40890260199797	0.029023927599650917
5.478292073931404	0.01	0.007	0.007	0.007	0.01	0.016702225947593685	0.018465192119904245	0.0011360800417039728	0.0006695509293126364	0.012531632830959528	1.3404636969149524	2.278864837634417	1.5600568861937927	0.3636679748122583	0.24428141405025214	33.89599668912738	0.028947531313067567
5.5558411036919235	0.01	0.007	0.007	0.007	0.01	0.01644466434834362	0.018180451049852886	0.0011124122866462598	0.0006554267772394474	0.012352222777438722	1.34577645425323	2.280687566802954	1.5592592182846827	0.36282388875377025	0.2463810959620928	33.38084551797838	0.02886983509449441
5.634986707845085	0.01	0.007	0.007	0.007	0.01	0.01618590333283129	0.017894383874664348	0.0010889618480152377	0.0006414425579757708	0.01217041895480165	1.3510260289527087	2.2822012342030495	1.5584015018155606	0.3619529812929227	0.24845414638780527	32.86316030934403	0.028790754290997048
5.715842459847234	0.01	0.007	0.007	0.007	0.01	0.015925763802348634	0.017606792593049477	0.0010657069119079316	0.0006275848298355558	0.011986129251150803	1.3562146075611732	2.2833984883613185	1.5574817099024245	0.36105396692044595	0.250501057442533	32.342578812652775	0.028710188426588987
5.798544480721081	0.01	0.007	0.007	0.007	0.01	0.015664017745557653	0.0173174251292497	0.001042622353095889	0.0006138382255924628	0.011799221586729136	1.3613450647327514	2.28427090745822	1.5564973867940886	0.36012528258253756	0.25252258224564017	31.81864034181617	0.028628016137748433
5.883259598809798	0.01	0.007	0.007	0.007	0.01	0.015400369087466614	0.01702595416104666	0.0010196783029492043	0.0006001846049198832	0.011609509094958646	1.366421238183413	2.2848086457698566	1.5554454997486984	0.3591649874861739	0.25451983724789173	31.290747261165034	0.028544087485237738
5.970197874438328	0.01	0.007	0.007	0.007	0.01	0.015134424041986169	0.016731944343729335	0.000996837935115203	0.0005866017448313706	0.011416727156026023	1.3714483566510547	2.284999900164264	1.554322212557859	0.3581706092400355	0.2564944619659133	30.758105367797555	0.02845821213137036
6.0596333515698575	0.01	0.007	0.007	0.007	0.01	0.014865641230701216	0.01643479716517407	0.0009740537223116594	0.0005730611264433396	0.011220494818368705	1.3764337710892258	2.284830065183644	1.5531225145750638	0.3571388893358776	0.25844889317298125	30.21962360813102	0.028370139694940864
6.151940864681471	0.01	0.007	0.007	0.007	0.01	0.014593242052050481	0.016133651856991026	0.0009512606849521856	0.0005595239435429666	0.011020245568825943	1.381388284684124	2.284280292456762	1.5518395690311015	0.3560653322671238	0.26038686550223417	29.673733912736182	0.028279524820660224
6.247668468079729	0.01	0.007	0.007	0.007	0.01	0.014316031899723929	0.015827187748085364	0.0009283628603203041	0.000545933102718637	0.010815089502651915	1.3863288409282457	2.2833247820342826	1.5504634444919083	0.3549433197286106	0.2623144269170865	29.118031900902405	0.028185858268012474
6.347702269348797	0.01	0.007	0.007	0.007	0.01	0.014031987901580893	0.015513168504147043	0.0009052019435147655	0.0005321946803291032	0.010603496163683454	1.3912848027532136	2.281924908672185	1.5489782600132878	0.3537620983940113	0.26424231882428	28.5484485232012	0.02808830970200729
6.453745096631294	0.01	0.007	0.007	0.007	0.01	0.013737044913996776	0.015187100036005671	0.0008814643906907257	0.0005181229791231981	0.010382363029824641	1.3963167055528407	2.2800131102129417	1.5473539999938204	0.3525009499317847	0.26619310888849357	27.956811265860832	0.027985270007773663
6.570279729205166	0.01	0.007	0.007	0.007	0.01	0.013420079625323919	0.014836685473259625	0.0008562965821775897	0.0005032128961638196	0.010143171878591215	1.4015942634757699	2.277428766790782	1.5455131584723631	0.35110530384099303	0.2682309129602851	27.320768849364185	0.027872471523807014
6.698575524041092	0.01	0.007	0.007	0.007	0.01	0.013079593029774505	0.01446026783042334	0.0008296415418511061	0.00048743212386800384	0.009884535854957225	1.407112923237147	2.2740289429018894	1.5434229468658667	0.34955817598761113	0.27035146881319233	26.637256367939955	0.02774881466697571
6.802279364477602	0.01	0.007	0.007	0.007	0.01	0.012810707761389348	0.01416300420874118	0.0008088603355003252	0.0004751361500156952	0.009679065867891296	1.411360549135537	2.2708782877425957	1.541687604854664	0.34830027925844115	0.27197541053974156	26.097278459228566	0.02764926162705057
6.901314502035728	0.01	0.007	0.007	0.007	0.01	0.012559099388411873	0.013884842104284409	0.0007896220020785943	0.0004637586013381685	0.00948587069775158	1.4152466703745938	2.2675504716474197	1.5399943522477855	0.3470935055702932	0.27345407466378596	25.591831333710044	0.027554523845228187
6.999444270533479	0.01	0.007	0.007	0.007	0.01	0.01231467527210416	0.013614622668916429	0.0007711195892422848	0.0004528211898735675	0.009297368605233725	1.4189396026913577	2.2639598634101765	1.5382836525769945	0.3458929569255991	0.2748522651841229	25.100661098872095	0.027460972322795582
7.096633654555189	0.01	0.007	0.007	0.007	0.01	0.012077291826785434	0.013352186866140337	0.0007533212763289804	0.00044230445545240596	0.009113544001725088	1.422448379339047	2.2601290508997676	1.5365586765943393	0.344699650052643	0.27617376629171564	24.623490047970424	0.02736863038420227
7.19274820260886	0.01	0.007	0.007	0.007	0.01	0.011847043109026612	0.013097638635787074	0.0007362146807535433	0.00043220048822322914	0.008934558166315824	1.4257782703262862	2.256084005091513	1.5348242646738781	0.3435157837411506	0.2774209612378813	24.160517990182164	0.02727761505909716
7.28789850803037	0.01	0.007	0.007	0.007	0.01	0.011623436825255677	0.012850433736532461	0.000719745518608832	0.00042247669233288733	0.008760109328495911	1.428942692943233	2.2518395442573715	1.5330807108833808	0.34234049712629844	0.2785992887254342	23.710765381370113	0.02718781095848592
7.382218875119349	0.01	0.007	0.007	0.007	0.01	0.011405954696173778	0.012609999199722279	0.000703860039779926	0.0004131008672859907	0.008589864318058563	1.4319546528061244	2.2474070470658827	1.5313275845654755	0.3411725769042238	0.2797139873174227	23.27319915026212	0.02709908196580068
7.475825565861067	0.01	0.007	0.007	0.007	0.01	0.011194149367377447	0.01237584046514309	0.0006885118518610086	0.0004040452252472176	0.00842353556082383	1.4348254450755764	2.2427965155219116	1.5295645228392971	0.3400109808758156	0.28076961304657777	22.846927715784965	0.02701131063851836
7.568817585866269	0.01	0.007	0.007	0.007	0.01	0.010987637126965193	0.012147533330915561	0.0006736609859362442	0.00039528582639998853	0.008260877217710148	1.4375648883290582	2.2380169471155105	1.5277912652996313	0.3388548378359457	0.28177013497085024	22.431186559104177	0.026924397154818893
7.661278777580766	0.01	0.007	0.007	0.007	0.01	0.010786088435480574	0.011924713484267439	0.00065927288253287	0.00038680196994366557	0.008101679246280344	1.4401815647346805	2.2330765738238276	1.5260076555252275	0.33770342931712416	0.2827190317226451	22.025319355947925	0.02683825707176388
7.753280344541005	0.01	0.007	0.007	0.007	0.01	0.01058921841324127	0.011707065985045461	0.0006453174448462766	0.0003785756271183487	0.007945761107796693	1.442683037448486	2.2279830090555546	1.5242136259366872	0.3365561642940247	0.2836193780438366	21.628758983831023	0.026752818731850425
7.844882943949782	0.01	0.007	0.007	0.007	0.01	0.010396779111578604	0.011494316721349502	0.0006317682768896451	0.0003705909851557425	0.00779296662053042	1.4450760246759162	2.222743357228346	1.5224091837927405	0.3354125579179679	0.284473913962386	21.24101208662123	0.026668021121398256
7.936138756034943	0.01	0.007	0.007	0.007	0.01	0.010208552539223823	0.011286224699994683	0.0006186020204954922	0.00036283405097235	0.007643159205071466	1.4473665477591984	2.217364275842435	1.520594391875188	0.334272209503836	0.2852851031837111	20.861645131305867	0.026583811793209344
8.027092833826067	0.01	0.007	0.007	0.007	0.01	0.010024345774452456	0.011082576642837754	0.0006057978745804177	0.0003552923634165436	0.007496218624384007	1.449560040251669	2.21185204005747	1.5187693588009783	0.3331347887077889	0.2860551763332751	20.49027464397368	0.02650014549081236
8.117783475910615	0.01	0.007	0.007	0.007	0.01	0.009843988435892187	0.010883184190689437	0.0005933373042894191	0.0003479548182108781	0.0073520394866709825	1.4516614195682906	2.2062126396521546	1.5169342457554766	0.3320000333359988	0.28678616016208724	20.126562184514324	0.02641698369403347
8.208244180751159	0.01	0.007	0.007	0.007	0.01	0.009667327283767839	0.010687877934834328	0.0005812035717984538	0.0003408113885379503	0.0072105273648166174	1.453675184984985	2.200451757543437	1.5150892388294632	0.3308677269072768	0.28747991522405586	19.770203522094015	0.026334292730199806
8.298503996380477	0.01	0.007	0.007	0.007	0.01	0.00949422437575422	0.010496505378267467	0.0005693815316483632	0.00033385300199559434	0.007071597670655559	1.455605466614498	2.1945748260772584	1.5132345512776892	0.3297376959114827	0.28813815564744905	19.42092496461732	0.026252043380943665
8.388588340921974	0.01	0.007	0.007	0.007	0.01	0.009324554484846924	0.010308928081078158	0.00055785738788148	0.00032707139547889823	0.006935173881977824	1.457456078282652	2.1885870406226475	1.5113704146633482	0.32860980089768005	0.28876246978222664	19.07847819151766	0.026170210069473187
8.478519472228701	0.01	0.007	0.007	0.007	0.01	0.009158203385094049	0.01012501976527752	0.0005466185216102666	0.00032045901187845757	0.006801186415439036	1.4592305563912515	2.182493383806195	1.5094970757847082	0.3274839317290043	0.2893543355660311	18.742636829610277	0.026088770380296677
8.568316963742145	0.01	0.007	0.007	0.007	0.01	0.008995066266228934	0.009944664562130688	0.0005356533359954879	0.0003140089073071629	0.00666957156409085	1.460932194098851	2.1762986402337474	1.5076147924004342	0.32636000258125764	0.2899151339274431	18.413193283081924	0.026007704582260156
8.657998058363521	0.01	0.007	0.007	0.007	0.01	0.008835046495713431	0.009767755643561466	0.0005249511319161967	0.0003077146766202051	0.006540270682125966	1.4625640690180042	2.1700074118306936	1.5057238305964944	0.32523794832520286	0.29044615968497206	18.089956259683248	0.025926995269998886
8.747577997828612	0.01	0.007	0.007	0.007	0.01	0.00867805452317711	0.009594194010979643	0.0005145019991096278	0.00030157038822850883	0.006413229457959836	1.464129067168965	2.1636241287210995	1.5038244619409091	0.3241177210994897	0.29094863092583284	17.772748580268523	0.025846627033898735
8.837070269862203	0.01	0.007	0.007	0.007	0.01	0.00852400701388952	0.009423887537311023	0.0005042967275495035	0.000295570530976403	0.006288397350215133	1.465629902706409	2.157153060774382	1.5019169617698904	0.32299928781796794	0.2914236967596945	17.461405447429637	0.025766586209496765
8.926486863315608	0.01	0.007	0.007	0.007	0.01	0.008372826036962721	0.00925675006953309	0.0004943267265784281	0.0002897099657141035	0.00616572704958353	1.4670691355207472	2.150598324366519	1.5000016068057436	0.3218826275001128	0.29187244417396446	17.155772821738076	0.025686860624307813
9.015838443329294	0.01	0.007	0.007	0.007	0.01	0.008224438450420351	0.00909270074885215	0.00048458396056747416	0.0002839838867014376	0.006045174084572745	1.4684491855745416	2.1439638913661487	1.4980786740579808	0.3207677295379611	0.29229590366362374	16.855706193314212	0.025607439420203475
9.105134494715207	0.01	0.007	0.007	0.007	0.01	0.008078775384804608	0.008931663439818001	0.00047506089393920236	0.00027838778861096755	0.0059266964943501185	1.469772345226405	2.137253597640812	1.496148440069425	0.31965459230622784	0.29269505407877344	16.56106955059386	0.02552831290708705
9.194383510885752	0.01	0.007	0.007	0.007	0.01	0.007935771693269545	0.008773566122386401	0.000465750436500531	0.00027291743379612366	0.005810254463224606	1.4710407909018193	2.130471145685941	1.494211178884775	0.3185432211606943	0.2930708271244413	16.271734279483802	0.025449472378996474
9.283593051399025	0.01	0.007	0.007	0.007	0.01	0.0077953656507927125	0.008618340559390937	0.00045664590719646925	0.000267568830454899	0.0056958101481407045	1.472256591689853	2.123620115049892	1.492267162610476	0.317433628037581	0.29342411080561026	15.987578564872635	0.02537091004903113
9.37276991665102	0.01	0.007	0.007	0.007	0.01	0.007657498493621608	0.008465921787387965	0.00044774098927021595	0.0002623382058047694	0.0055833273681523575	1.4734217186839595	2.116703962149395	1.4903166592258592	0.31632582956249455	0.2937557529846551	15.708486467625255	0.02529261888270108
9.461920179990669	0.01	0.007	0.007	0.007	0.01	0.007522114211000426	0.008316247886406149	0.000439029703407702	0.00025722198987649297	0.005472771492233011	1.4745380515106306	2.1097260294648232	1.4883599333128692	0.3152198469077482	0.2940665640139804	15.434347510930653	0.025214592558860823
9.551049296001635	0.01	0.007	0.007	0.007	0.01	0.00738915923693644	0.008169259639186181	0.00043050637574803033	0.0002522167963369995	0.005364109239714995	1.4756073852335947	2.1026895476565257	1.4863972449762417	0.31411570467895916	0.29435731939729753	15.165056063434056	0.025136825364932062
9.640162166959481	0.01	0.007	0.007	0.007	0.01	0.007258582226634368	0.008024900284023289	0.0004221656125811584	0.0002473194072806385	0.005257308544404198	1.4766314360834927	2.095597639790479	1.4844288495409401	0.31301343030273987	0.2946287620359998	14.900510892887036	0.025059312130310107
9.729263214815523	0.01	0.007	0.007	0.007	0.01	0.007130333841136785	0.007883115276681668	0.00041400227662997247	0.0002425267589861168	0.0051523384207751745	1.4776118467292505	2.0884533241755725	1.4824549970115342	0.3119130533297232	0.2948816042775757	14.640614735672097	0.02498204815614773
9.818356405687098	0.01	0.007	0.007	0.007	0.01	0.007004366614538894	0.007743852143598007	0.00040601146952327975	0.00023783593133928324	0.00504916889363889	1.4785501905725906	2.0812595201856228	1.4804759324825911	0.3108146053100665	0.29511652964253826	14.385274033007114	0.024905029187367908
9.90744533902709	0.01	0.007	0.007	0.007	0.01	0.006880634740220574	0.007607060245554984	0.00039818850993471474	0.00023324413473880103	0.004947770858010138	1.4794479763632977	2.0740190481852867	1.4784918950285422	0.3097181188577872	0.2953341945745593	14.134398502476115	0.024828251329482288
9.996533242216834	0.01	0.007	0.007	0.007	0.01	0.006759094002041204	0.0074726907016167896	0.00039052892165520757	0.00022874870285759995	0.004848116054422284	1.4803066514635541	2.0667346364562835	1.4765031186157556	0.3086236278707937	0.29553522979570507	13.887901002891413	0.02475171104802386
10.0	0.01	0.007	0.007	0.007	0.01	0.006754408104573781	0.007467510191129296	0.00039023410177830295	0.00022857568156848897	0.004844272013556085	1.4803392943590818	2.0664503215667134	1.476425635381022	0.30858107801539425	0.2955427251004892	13.8783962098978	0.024748737341529162
