0.0	0.01	0.007	0.007	0.007	0.01	0.0	0.0	0.0	0.0	0.0	0.0	0.0	0.0	0.0	0.0	100.0	0.035
0.007160803770404866	0.01	0.007	0.007	0.007	0.01	0.0028189418592774558	0.005136213942725908	0.00281418318622421	0.001031525740803764	0.0001381514508480344	0.000140762672701885	0.0003355195369905712	0.00019903511184815332	5.948750484686707e-5	4.176413035256158e-6	99.86354290598831	0.03499131496859445
0.01218331384058734	0.01	0.007	0.007	0.007	0.01	0.004697103340825453	0.008379788484005573	0.004692746466009176	0.0017356633697598197	0.00021070471125028272	0.0004015649752405652	0.0009437048791734189	0.0005680955214836228	0.00017080619692926946	1.1230957525653582e-5	99.76794449868316	0.03498522466773128
0.0196012067921569	0.01	0.007	0.007	0.007	0.01	0.007329504215890251	0.012685822822559461	0.007330772934021849	0.002747215358917578	0.0002908213406960415	0.001017428812364696	0.002342827878740031	0.0014404300433852031	0.0004368628701778312	2.6207898358449694e-5	99.6269197648495	0.03497623166199856
0.026814246567469703	0.01	0.007	0.007	0.007	0.01	0.009735852577197687	0.01637697996071679	0.00974767836038246	0.00369921620080255	0.0003459141078582464	0.001865199831824784	0.0042133710405247255	0.0026425219523405494	0.0008081327319776166	4.459091751445137e-5	99.48998074557802	0.03496748922468743
0.03534410328286991	0.01	0.007	0.007	0.007	0.01	0.01239836680268375	0.020188279322347718	0.012428175881366318	0.0047860366651590915	0.00039081700289024464	0.0031634368154775166	0.00699105543899043	0.004485404914923176	0.0013850529213943255	6.968501194002104e-5	99.32828494067235	0.034957153582663755
0.04428117217870534	0.01	0.007	0.007	0.007	0.01	0.014989007273512316	0.023621506464510205	0.015042866251110258	0.0058808955406731344	0.0004218120054346538	0.004843051892054092	0.010468954956264365	0.006872474697848206	0.002143378803026725	9.859570590122766e-5	99.15915174476778	0.034946327798169134
0.05410784249109611	0.01	0.007	0.007	0.007	0.01	0.01761942279371217	0.026829452354557422	0.017704342863409838	0.007034742591239572	0.00044348590922378537	0.007037570280083952	0.014862173688198269	0.009995045603926861	0.003150855737808667	0.00013235729113863086	98.97351532862417	0.03493442827808619
0.06451458868353144	0.01	0.007	0.007	0.007	0.01	0.020175177000563833	0.029677528629204055	0.020296394062473237	0.008201643744932255	0.00045743210387713576	0.009725410047587037	0.020059485782185364	0.013824085214765662	0.004406647560017374	0.00016948491678981195	98.77729954763204	0.03492183073790882
0.07564524811142263	0.01	0.007	0.007	0.007	0.01	0.02266848918737105	0.03219989501242394	0.022830107298330914	0.009389327161656644	0.0004660499062391071	0.012976944104451028	0.02613024622321016	0.018461349681919294	0.005953636790844001	0.00021008526269276738	98.56786513039431	0.034908361916353485
0.08740063329226416	0.01	0.007	0.007	0.007	0.01	0.025055651773886564	0.034376696338433606	0.025258974750986995	0.010578394903700489	0.00047093797559057474	0.016793051596732608	0.033009035958555186	0.023909297402082433	0.007803461205363704	0.000253478720318818	98.34715800000384	0.03489414277622611
0.09982984715684873	0.01	0.007	0.007	0.007	0.01	0.027330050311925203	0.03623238910984664	0.02757316375598912	0.01176537268494296	0.00047338788935109345	0.021211006432047902	0.040699830694251496	0.030221698543485075	0.009986162026365661	0.00029959780737461034	98.11433722324531	0.034879114882189664
0.1129141055379408	0.01	0.007	0.007	0.007	0.01	0.029474037506407043	0.037784682977059475	0.029750528466598085	0.012939735785035872	0.0004742769416152472	0.02624092298443969	0.04916041898210537	0.037412590986633285	0.012519507724351177	0.0003481884966862199	97.8698418012067	0.03486330198062601
0.12668668906692174	0.01	0.007	0.007	0.007	0.01	0.031481808240168274	0.03906255603512327	0.03177977143326993	0.014095580419811553	0.00047419894931812644	0.03190696148470179	0.05837668427700316	0.04551465274360122	0.015428921577663525	0.00039923763946423106	97.61314234020612	0.03484666495240888
0.14116651736565874	0.01	0.007	0.007	0.007	0.01	0.033346787212232866	0.04009423388684592	0.03364752278851409	0.015225114777024939	0.00047353288373599474	0.038224403644646306	0.06832358362462523	0.05454586088526009	0.018735874520120575	0.00045271215411068973	97.34398694558357	0.03482918214674314
0.1563947988044919	0.01	0.007	0.007	0.007	0.01	0.03506679377889956	0.04090950950031815	0.035343470945805214	0.016321619411701065	0.00047251453800409076	0.04521494067642709	0.07899066742119344	0.06453061306107545	0.02246541832040114	0.0005086826102662499	97.06171973601985	0.03481080512888841
0.17241481979815576	0.01	0.007	0.007	0.007	0.01	0.03664061305887224	0.0415366702064127	0.03685681907138563	0.01737752675203446	0.00047129029770735114	0.052898986688419886	0.09036954315626378	0.07548782370480502	0.026641948349401597	0.0005672391901583927	96.76566044132855	0.03479148312980222
0.18928341471532995	0.01	0.007	0.007	0.007	0.01	0.038068958731240804	0.042002428124746735	0.0381771840651659	0.018385054351354287	0.00046995655029120285	0.06130129560614244	0.10246232753163251	0.08743781131057088	0.03129182996684643	0.0006285277582626651	96.45489501776584	0.03477114924425795
0.20706498288823058	0.01	0.007	0.007	0.007	0.01	0.03935344288123371	0.0423310990368606	0.03929358293978723	0.019335569608014688	0.00046858987671780615	0.07044854374458694	0.11527760527316369	0.10039745012607044	0.03644166730651717	0.0006927245625634085	96.12839059677843	0.03474972770091925
0.22583515099031926	0.01	0.007	0.007	0.007	0.01	0.0404966379692724	0.042544468977320685	0.0401945733098046	0.020219653181390174	0.00046727045794541796	0.08037127106247818	0.12883288285592856	0.114381242466919	0.04211879246017979	0.000760049140018599	95.78493258187454	0.034727129504384315
0.2456785371264689	0.01	0.007	0.007	0.007	0.01	0.041501709892631605	0.04266165502661201	0.04086813716564575	0.021026872186870094	0.0004661034915161595	0.09110272686475025	0.14315259844098135	0.12939768309287034	0.04834986653753276	0.0008307591124696401	95.42317104433958	0.034703255195541606
0.2666884160499914	0.01	0.007	0.007	0.007	0.01	0.042372337247670366	0.04269916356874784	0.04130203687884857	0.021745791598586254	0.0004652411947851858	0.10267844100296593	0.15826732553213504	0.14544639629298067	0.055159642238687585	0.0009051563513875502	95.04163239945764	0.03467799532482611
0.288961897738872	0.01	0.007	0.007	0.007	0.01	0.04311255978127265	0.042671025208929285	0.04148445154920802	0.022364006782375965	0.0004649083383857712	0.11513314344754373	0.1742096716551321	0.16251147292751825	0.06256790365150118	0.0009835835140152534	94.63881256427354	0.03465123632082463
0.3125897471286846	0.01	0.007	0.007	0.007	0.01	0.043726724844737996	0.04258904089057572	0.04140524462459477	0.02286840238373911	0.00046543249387839554	0.128494406828768	0.19100645123012228	0.18055070682612642	0.0705841349545465	0.001066410974626536	94.21336475986702	0.034622872770691496
0.33763076028027106	0.01	0.007	0.007	0.007	0.01	0.04421947497267861	0.04246317589730206	0.04105828835116519	0.023245746542741644	0.00046727675942145923	0.14276731746511864	0.20866039824623855	0.19947430420836307	0.07919655562955331	0.001153982099187495	93.76455866089911	0.034592838158909796
0.36405660660033257	0.01	0.007	0.007	0.007	0.01	0.04459596507436196	0.04230221486680397	0.0404458247538638	0.023484105249270772	0.00047106156745185346	0.15790225776312916	0.22711255667679667	0.21910575000029459	0.08835107575209859	0.0012464683740279435	93.29325082365563	0.03456117081006094
0.39166785712831687	0.01	0.007	0.007	0.007	0.01	0.04486277242267396	0.04211467480626937	0.039585444282629195	0.023575942295855246	0.00047754154629377736	0.1737469601717998	0.24618774788895245	0.2391322843394148	0.09792205642758464	0.001343624774076683	92.80333180111147	0.034528113903552836
0.42008062751121666	0.01	0.007	0.007	0.007	0.01	0.04502983135694013	0.041909167054549695	0.0385148572361394	0.023522695449832206	0.00048751624440940104	0.19004147118207523	0.26559266324997904	0.2591229529786961	0.10771244462276379	0.0014447593294039526	92.30187677366355	0.0344941304045321
0.44889083252528483	0.01	0.007	0.007	0.007	0.01	0.0451112550896998	0.041693224879545486	0.037284732797748944	0.023336328868668932	0.0005017525361773972	0.2065174924659664	0.2850342806187973	0.27867517638226863	0.11752018432632502	0.0015492768243104546	91.79617406703503	0.034459705700534665
0.47780566947604136	0.01	0.007	0.007	0.007	0.01	0.04512291739515988	0.0414722787498978	0.035946192279088365	0.02303544540989822	0.0005209717161195386	0.22297771216550888	0.3043081587565042	0.2975149054946032	0.12719142588785307	0.001657097924741398	91.29142049903348	0.0344251905168098
0.506631967401632	0.01	0.007	0.007	0.007	0.01	0.045079720625816555	0.04124991245746241	0.034544494257781035	0.022640830551158724	0.0005458442334714654	0.2392899835551088	0.3232859417251686	0.31548019083185674	0.13661938620216615	0.0017685849421363532	90.79097525355	0.03439081543288112
0.5352462498927777	0.01	0.007	0.007	0.007	0.01	0.04499439704378943	0.04102838480699573	0.03311684660740818	0.0221727122667978	0.0005769864355453186	0.25536926318107583	0.34189140701070503	0.3324893710792244	0.14573379607425488	0.0018844106711413914	90.29692395553533	0.034356727122699736
0.5635710180483867	0.01	0.007	0.007	0.007	0.01	0.044877288415674475	0.040809076993849905	0.031692313838215726	0.02164939581329319	0.0006149583240292649	0.2711625762388062	0.3600820393875608	0.34851482266029427	0.15449112597042175	0.002005454008937306	89.81051921363753	0.03432301698962218
0.5915620137322841	0.01	0.007	0.007	0.007	0.01	0.04473654198709513	0.040592784020022296	0.030292490898000162	0.02108666476907601	0.0006602675805259324	0.28664023402098116	0.3778388341412265	0.3635658094675306	0.16286802882405882	0.0021327414285508424	89.3324202047331	0.03428973658239738
0.6191968492472281	0.01	0.007	0.007	0.007	0.01	0.0445784593752114	0.04037993067889634	0.028932726175725853	0.020497712477225233	0.000713371108772479	0.3017880837576313	0.39515770312998644	0.37767453040238813	0.17085536144894642	0.00226739602552163	88.8629013816037	0.034256911294642596
0.6464688188756572	0.01	0.007	0.007	0.007	0.01	0.04440785193731563	0.04017070029662222	0.027623305816669788	0.019893290818190544	0.0007746794389613891	0.3166029637854744	0.41204470817354016	0.39088724247693546	0.17845417841752104	0.0024106097678430276	88.4019670785961	0.034224547834564197
0.6733821842425065	0.01	0.007	0.007	0.007	0.01	0.04422835908341181	0.039965120941913866	0.026370574557067095	0.019281985105295725	0.0008445605825246621	0.3310892512606154	0.428512548251605	0.40325784936954484	0.1856725699351122	0.002563623697543658	87.9494376692234	0.03419263990209679
0.6999486805411974	0.01	0.007	0.007	0.007	0.01	0.04404271402261189	0.03976312255256933	0.025177905157248257	0.018670530880568928	0.0009233430688563148	0.34525631864622847	0.4445780405525488	0.41484346227607066	0.19252326116136392	0.002727714210647745	87.50501257593719	0.03416117238606944
0.7261851104572776	0.01	0.007	0.007	0.007	0.01	0.043852955732787004	0.03956457358902952	0.024046486325210552	0.018064122123532766	0.0010113185995439373	0.3591167706293824	0.4602604312485149	0.42570150056361383	0.19902187372154145	0.0029041846868256686	87.06831322153963	0.03413012424970256
0.7521115873767199	0.01	0.007	0.007	0.007	0.01	0.04366059480341809	0.03936930535205172	0.022975947413016746	0.01746669228301164	0.0011087439668041694	0.3726851746789258	0.47558020875738366	0.43588782388323344	0.20518565768284192	0.0030943601645369544	86.6389139136655	0.03409947063185947
0.777750332588119	0.01	0.007	0.007	0.007	0.01	0.043466740782682714	0.03917712762879649	0.021964837744577442	0.01688115717657303	0.0012158425884393558	0.3859771940173976	0.49055832217292644	0.44545562168479536	0.21103260161679574	0.0032995846516261948	86.21636267989224	0.034069184282176875
0.8031248237060822	0.01	0.007	0.007	0.007	0.01	0.04327219938231761	0.03898783899229449	0.021010988938512748	0.016309620012769973	0.0013328055767252679	0.3990089838344534	0.5052156553215402	0.45445479991466514	0.21658081069389823	0.0035212200026970616	85.80019573759667	0.03403923657389981
0.8282592256409983	0.01	0.007	0.007	0.007	0.01	0.0430775460912451	0.03880123335213267	0.02011178302687683	0.015753540429523726	0.0014597925552747757	0.4117967909688914	0.5195726968274397	0.46293171170358727	0.22184808842434878	0.003760646128373196	85.38994694684553	0.03400959817827156
0.8531780173597376	0.01	0.007	0.007	0.007	0.01	0.042883181794174344	0.03861710406256622	0.01926434795003891	0.015213872149821348	0.0015969322806768766	0.4243566940744343	0.5336493419629653	0.4709291087509023	0.22685166365579884	0.0040192621638565585	84.98515382922278	0.03398023950490507
0.8779057577964071	0.01	0.007	0.007	0.007	0.01	0.04268937474232995	0.0384352464072354	0.018465697793232375	0.01469117404469673	0.0017443231297558292	0.43670444219673626	0.5474647845510953	0.478486230821629	0.23160802112465514	0.0042984883801265574	84.58536118512916	0.03395113097631191
0.9024669699161616	0.01	0.007	0.007	0.007	0.01	0.042496292064878906	0.038255458859911606	0.017712830940611102	0.01418569875162295	0.0019020336269068932	0.4488553714171199	0.561037480463234	0.4856389827841948	0.23613280853558824	0.004599768945934606	84.19012272816208	0.033922243162331916
0.9268860893758177	0.01	0.007	0.007	0.007	0.01	0.0423040235529024	0.03807754366601933	0.017002797722188653	0.013697463445967605	0.0020701029297740103	0.46082436566899815	0.5743851481574983	0.49242015314641124	0.24044079268238203	0.004924575255020606	83.79900165810535	0.033893546838238794
0.9511874821874728	0.01	0.007	0.007	0.007	0.01	0.04211259943726404	0.03790130680464439	0.016332744946413322	0.013226305710711178	0.0022485414638874902	0.4726258589631169	0.5875248058093233	0.49885965661590304	0.2445458531200667	0.005274410120548218	83.41157013706052	0.03386501296181222
0.97539550170172	0.01	0.007	0.007	0.007	0.01	0.04192200371966408	0.03772655760692626	0.015699944026113896	0.012771927727669124	0.0024373316544434895	0.4842738606069512	0.6004728264557903	0.5049847796506394	0.24846099862619966	0.005650812741118516	83.02740817393503	0.0338366126046634
0.9995348471148545	0.01	0.007	0.007	0.007	0.01	0.04173218199783871	0.03755310618789739	0.015101800726216174	0.012333926290585476	0.0026364310719813157	0.4957821251927659	0.6132451477057272	0.5108204835941119	0.2521984395153349	0.006055369237444051	82.6460978038679	0.03380831653085138
1.0236301626888713	0.01	0.007	0.007	0.007	0.01	0.04154305288852151	0.03738076634783992	0.014535876438071442	0.011911829869981284	0.0028457694347712903	0.5071639583558782	0.6258570720120457	0.5163895018146439	0.25576954487459036	0.006489711625219015	82.26722935531278	0.03378009566676974
1.0477065918243766	0.01	0.007	0.007	0.007	0.01	0.041354510123274964	0.03720935160236742	0.013999879351957654	0.011505112329177324	0.0030652531083327356	0.5184324793188632	0.6383235705760725	0.521712656120084	0.2591849547243546	0.0069555326720086115	81.89039265162154	0.03375192045198008
1.0717898241425854	0.01	0.007	0.007	0.007	0.01	0.04116642726117031	0.037038674903249774	0.013491665451589563	0.011113211889934225	0.0032947656888295284	0.5296006359034313	0.6506593086541882	0.5268090225436017	0.26245460860953157	0.007454594098420223	81.51517635153401	0.03372376078609977
1.0959064253714454	0.01	0.007	0.007	0.007	0.01	0.040978659142010904	0.036868546378616834	0.013009230798394254	0.010735541891052615	0.0035341710959197353	0.5406813482413231	0.66287881043984	0.5316961399166347	0.2655878124639448	0.007988741514718537	81.14116295156894	0.03369558564595796
1.1200840979234752	0.01	0.007	0.007	0.007	0.01	0.04079104310232021	0.03669877162643886	0.012550704611541421	0.010371500436240454	0.0037833161723731254	0.5516876129175835	0.6749965772051069	0.5363901781853629	0.2685932888466748	0.008559920374814666	80.76792501493142	0.03366736278582697
1.1443520718981113	0.01	0.007	0.007	0.007	0.01	0.04060339859376038	0.03652914915461077	0.012114339612502417	0.01002047633486905	0.004042034622832616	0.5626326590989122	0.6870272600130397	0.5409061096911515	0.2714792367368456	0.009170197538487903	80.395019530783	0.03363905828743419
1.1687415538176218	0.01	0.007	0.007	0.007	0.01	0.0404155259367425	0.03635946750369192	0.011698502026751172	0.009681853263319098	0.0043101516185056945	0.5735301203048995	0.6989858466615623	0.545257866023778	0.2742533883345327	0.009821787947013666	80.02198157991792	0.03361063604538236
1.1932863172870287	0.01	0.007	0.007	0.007	0.01	0.040227203693441356	0.03618950148605037	0.011301660377231024	0.009355011564384393	0.004587489906704518	0.5843942570450393	0.7108879012815389	0.5494584945889036	0.2769230706174511	0.010517089651938635	79.64831606039952	0.03358205709048027
1.218023444408506	0.01	0.007	0.007	0.007	0.01	0.04003818471614124	0.0360190075161179	0.010922373743270385	0.00903932831614425	0.004873877486682682	0.5952402297864483	0.722749855320021	0.5535203124753388	0.27949526883731335	0.011258729241100615	79.27348741647154	0.0335532787418335
1.2429943473595584	0.01	0.007	0.007	0.007	0.01	0.03984818999782107	0.035847717185251385	0.010559278308180393	0.008734174787108598	0.005169158219635688	0.6060844734263363	0.7345894049341434	0.5574550741288907	0.28197670112998835	0.012049623820900182	78.89690550895487	0.033524253438594435
1.268246145669615	0.01	0.007	0.007	0.007	0.01	0.03965689988289838	0.03567532863820791	0.01021107233948132	0.008438911450014068	0.00547320611959637	0.6169451968482361	0.7464260388404523	0.561274155543603	0.28437390440929083	0.012893065721295487	78.51790665258147	0.03349492716596662
1.293833628081347	0.01	0.007	0.007	0.007	0.01	0.039463941058984264	0.035501494293597356	0.009876497961840702	0.00815287922473027	0.005785945744341307	0.6278430932157649	0.7582817875349785	0.5649887772205987	0.28669334368172883	0.013792842827060335	78.13572661505833	0.033465237213005455
1.319822155119584	0.01	0.007	0.007	0.007	0.01	0.03926886686373822	0.03532580266152713	0.00955431749851861	0.007875385056926925	0.006107382498952179	0.6388023916420245	0.7701823318881098	0.5686102964532604	0.2889415612126403	0.014753415719325882	77.74946063755992	0.03343510885451965
1.3462921228318032	0.01	0.007	0.007	0.007	0.01	0.03907112658538428	0.03514775034853695	0.009243280542730088	0.007605678485680195	0.006437649521189626	0.649852477261078	0.7821587107463712	0.5721506206906875	0.2911253935586298	0.015780188842928932	77.35800187960545	0.033404450246894875
1.3733463165739208	0.01	0.007	0.007	0.007	0.01	0.03887001439424475	0.03496669580869516	0.008942072680592572	0.007342911203253908	0.006777085781987132	0.6610305740250271	0.7942501511085632	0.5756228595997753	0.2932523219865596	0.016879952203044224	76.95993972846061	0.03337314401464854
1.4011228445328452	0.01	0.007	0.007	0.007	0.01	0.03866457896893031	0.034781777791281256	0.008649228163099232	0.00708606385815294	0.007126375159907387	0.6723864862414851	0.8065090747290315	0.5790424471337664	0.29533108446062034	0.018061650607948693	76.55338048543439	0.03334103244581239
1.429820441101108	0.01	0.007	0.007	0.007	0.01	0.038453445777814524	0.03459175525468762	0.00836295972687761	0.006833798414486272	0.007486822820773819	0.683991935857127	0.8190109705518445	0.5824293368742187	0.2973728874136578	0.01933786815432274	76.13559537729152	0.03330788850975145
1.4597555042131378	0.01	0.007	0.007	0.007	0.01	0.03823441479344514	0.034394645284487844	0.008080770962383093	0.006584115932723704	0.007860988746503855	0.6959617509975143	0.831876828834967	0.585813002930773	0.2993941910994037	0.020728126913528808	75.70222443400087	0.03327335048618863
1.491527307093459	0.01	0.007	0.007	0.007	0.01	0.03800329013453631	0.03418667003103446	0.007798303665232005	0.006333330970823947	0.00825455874109585	0.7085157388849487	0.8453387629440747	0.5892472440717859	0.3014250297584674	0.022268264946565697	75.24496109627147	0.03323673247316552
1.5267672712546374	0.01	0.007	0.007	0.007	0.01	0.03774855258945402	0.033957463617352836	0.007503970215675011	0.006071281466208323	0.00868498039664221	0.7222613132904239	0.8600402115649964	0.5928787789117955	0.3035478376900051	0.024052243148945555	74.74101358506091	0.033196164429528115
1.572170236990644	0.01	0.007	0.007	0.007	0.01	0.03742284596138186	0.03366442003540969	0.007151629478143576	0.0057569060150562965	0.009227053401720697	0.7396977466643434	0.8786300754405354	0.5973013316510036	0.30609541402690377	0.02646380295647633	74.0967028924122	0.0331439697845446
1.603818517620265	0.01	0.007	0.007	0.007	0.01	0.037197465212626506	0.03346165059810153	0.0069224034037191455	0.005552163997115786	0.009594864252908926	0.7516724316823375	0.8913575539498543	0.600224984367966	0.30775482048381636	0.028216881498812026	73.6508721668628	0.033107635889665525
1.6394789227656668	0.01	0.007	0.007	0.007	0.01	0.036945131629032506	0.0332346390818442	0.006678872666826058	0.0053346236825546805	0.009997851011951026	0.7649910647336065	0.9054748009899236	0.6033731406307008	0.3095177522248556	0.030259685536008135	73.15173581358447	0.03306674358714947
1.6711215971936508	0.01	0.007	0.007	0.007	0.01	0.036722656767953755	0.033034494460464595	0.006474909586521949	0.00515252774244765	0.010344289794511775	0.7766565822999452	0.9178055438134032	0.6060444249835555	0.3109928379180242	0.03212930937391218	72.71166857107897	0.03303050076876351
1.703401586311312	0.01	0.007	0.007	0.007	0.01	0.03649707821514702	0.03283156101729593	0.006277733446386828	0.0049766803948660485	0.01068606898870167	0.788411103602227	0.930197211595611	0.6086578807641659	0.312416255733419	0.034088843008623755	72.26546571011568	0.03299356891608085
1.734059026626113	0.01	0.007	0.007	0.007	0.01	0.03628411918684188	0.03263998267818699	0.006099958357913245	0.004818377794288001	0.010999191684586932	0.7994399365086227	0.9417928922954154	0.6110411436544055	0.3136962332808581	0.035996038875149426	71.84422660957802	0.032958531670858215
1.7645285332066192	0.01	0.007	0.007	0.007	0.01	0.03607369525827898	0.03245068672136128	0.0059318216413847425	0.004668940548883991	0.011298855321886842	0.8102725294101675	0.9531523968269426	0.6133193324426445	0.3149027189971575	0.037933470502193645	71.42800267592108	0.032923746074251546
1.7941959827087064	0.01	0.007	0.007	0.007	0.01	0.03586998188685935	0.03226742888139216	0.005775774414069233	0.004530553972167662	0.011579252979465542	0.8206981684820143	0.9640565946958416	0.615455179499804	0.3160178364530593	0.03985758995933413	71.0250522196437	0.032889911425675905
1.823548864532959	0.01	0.007	0.007	0.007	0.01	0.03566955993433916	0.032087132978630147	0.005628358795857713	0.004400143988871181	0.011845403983532678	0.8308963248667227	0.9746951716935784	0.6174922293329974	0.3170661876200526	0.04179552612234817	70.62861150069189	0.03285646974992509
1.8524471993718563	0.01	0.007	0.007	0.007	0.01	0.035473335119965435	0.03191061352245243	0.005489594890289298	0.004277717576335324	0.012096341241900089	0.8408241915983639	0.9850249071451809	0.6194271706710075	0.31804755473630697	0.043734438062559375	70.24047164587009	0.03282357915570632
1.8810814406731158	0.01	0.007	0.007	0.007	0.01	0.035279967947970545	0.031736665336778144	0.005357963585443758	0.004161918025425325	0.012334061906545074	0.850552573010113	0.995120809558082	0.6212784882676174	0.31897268727788236	0.04568378276956226	69.85798279813754	0.03279102161402422
1.9094439271959383	0.01	0.007	0.007	0.007	0.01	0.035089474857630004	0.03156530306561563	0.005233004235851123	0.004052322187340927	0.012558799265886525	0.8600830631834787	1.0049855949596846	0.6230503709232429	0.31984485009383007	0.047640171209429004	69.48117727196707	0.03275880489689759
1.9376246390547938	0.01	0.007	0.007	0.007	0.01	0.03490122124991313	0.03139595573166627	0.00511388884867297	0.003948183974048637	0.012771564108603218	0.869449540313858	1.0146552638611945	0.6247525341292031	0.32066988524265827	0.04960719911103208	69.10879965525851	0.032726826005026036
1.9656482969929407	0.01	0.007	0.007	0.007	0.01	0.03471501834334124	0.031228453429574407	0.005000146136166869	0.003849071016292571	0.012972816369401728	0.8786631593025762	1.0241420987398273	0.626389941138436	0.3214511323790029	0.05158425133222492	68.74047642502039	0.03269505629183161
1.9935668066053434	0.01	0.007	0.007	0.007	0.01	0.03453050198555664	0.031062468515334816	0.004891245431298776	0.003754500087476999	0.013163193293400873	0.8877434565390071	1.033466870691833	0.6279686526907233	0.32219232735851355	0.05357284244824484	68.37548718960625	0.03266343644990753
2.0214090910786493	0.01	0.007	0.007	0.007	0.01	0.03434746623439341	0.0308978156807451	0.004786796094370169	0.0036641112397959277	0.013343141174861933	0.8967018394565338	1.04264183575817	0.6294929243041354	0.3228962261531695	0.05557306141269668	68.01342452637869	0.03263193339365884
2.0492104884537126	0.01	0.007	0.007	0.007	0.01	0.034165667494747844	0.03073427575744731	0.004686421217427793	0.00357755775891227	0.013513127691159513	0.9055513126149514	1.0516807651602502	0.6309669887422837	0.3235654723242192	0.057585615260011484	67.6538065435343	0.032600506917461
2.0769966515087797	0.01	0.007	0.007	0.007	0.01	0.03398492999784777	0.030571690599922385	0.004589812876883288	0.0034945539603574707	0.013673538260619181	0.9143013396050154	1.0605936941722391	0.6323942218736691	0.3242022250629522	0.05961065018362605	67.29628552383573	0.03256912790269886
2.1047937743606986	0.01	0.007	0.007	0.007	0.01	0.03380507807167975	0.03040990215623873	0.004496688722069668	0.0034148375190106227	0.013824744591534046	0.9229611883244501	1.0693903626420493	0.6337777515444146	0.32480845371661815	0.06164846418663621	66.9405139459884	0.032537766732156775
2.132623553879945	0.01	0.007	0.007	0.007	0.01	0.03362596852891531	0.030248781601615017	0.004406805542458942	0.0033381810176918505	0.01396707738538187	0.9315383868449222	1.078078653512587	0.6351202370752353	0.325385850476471	0.06369912263939785	66.58620854985126	0.03250639896906676
2.1605066443293524	0.01	0.007	0.007	0.007	0.01	0.03344746780468917	0.030088208771226723	0.00431994374428841	0.0032643784888025636	0.014100848475620553	0.9400398536471749	1.0866657554051107	0.6364240816191741	0.3259359350823794	0.06576269484303371	66.2331051108192	0.03247500144441836
2.1884612201699647	0.01	0.007	0.007	0.007	0.01	0.03326946087979436	0.02992808018633002	0.004235909117166735	0.003193246798492081	0.014226345293575754	0.9484714900040643	1.0951577593569422	0.637691391537034	0.3264600459933263	0.06783913576031246	65.88097609031779	0.03244355386740897
2.2165042317730825	0.01	0.007	0.007	0.007	0.01	0.03309184290735423	0.02976830152124953	0.004154526333056899	0.003124619990387877	0.014343838966081955	0.9568385984214741	1.103560091245795	0.638924061644436	0.3269593844482206	0.0699283681207199	65.5296140715237	0.03241203740163182
2.2446510665458184	0.01	0.007	0.007	0.007	0.01	0.032914521120076	0.029608789318560678	0.004075637916670567	0.00305834830339955	0.014453584222701377	0.9651458074119329	1.111877443535194	0.6401237806350046	0.32743502327153606	0.07203024861411603	65.17883553187701	0.03238043503903961
2.272916055549395	0.01	0.007	0.007	0.007	0.01	0.032737411389388876	0.02944946789341529	0.003999100996393466	0.002994295325000146	0.014555822878824249	0.973397247468999	1.1201139589610694	0.6412920716445581	0.3278879291998218	0.07414459830398547	64.82847403622485	0.032348731023831616
2.3013124478988205	0.01	0.007	0.007	0.007	0.01	0.03256043819876189	0.029290269309227106	0.003924785906430872	0.0029323367226187936	0.01465078478267263	0.981596563777367	1.128273249023329	0.6424303062365598	0.3283189734298151	0.07627119466129724	64.47838018392896	0.03231691087579864
2.329852660138347	0.01	0.007	0.007	0.007	0.01	0.032383532914563806	0.0291311318219555	0.003852574248166157	0.0028723585336194422	0.014738689638276693	0.9897470069654124	1.1363584897378474	0.6435397277626563	0.3287289451107438	0.07840978510280094	64.12841818822635	0.032284961105839505
2.358548323320627	0.01	0.007	0.007	0.007	0.01	0.032206633353063494	0.028971999490401946	0.003782357699038694	0.0028142560932778596	0.01481974790433948	0.9978514618640063	1.1443724546727727	0.6446214642836962	0.32911856009395096	0.08056008621000457	63.77846501966945	0.032252869159262565
2.3874104258680595	0.01	0.007	0.007	0.007	0.01	0.032029682772780406	0.028812821269612883	0.00371403673023223	0.002757932897004267	0.01489416187042965	1.0059125016265174	1.152317572563325	0.6456765436798806	0.32948846994272424	0.08272179077062804	63.428408412800415	0.03222062325244097
2.416449376546524	0.01	0.007	0.007	0.007	0.01	0.03185262938258873	0.02865355056826737	0.00364751966356644	0.002703299753748623	0.014962126355992167	1.0139324169389328	1.1601959596093925	0.6467059042168787	0.3298392687577483	0.08489456936979646	63.078145893123114	0.03218821229953734
2.4456750826433984	0.01	0.007	0.007	0.007	0.01	0.031675425771442285	0.028494144735582448	0.0035827218002804314	0.002650274006643386	0.01502382936069114	1.0219132479500774	1.1680094540018187	0.6477104045553927	0.33017149939180274	0.08707807355913334	62.727583649030585	0.032155625822699964
2.475097011125759	0.01	0.007	0.007	0.007	0.01	0.0314980284568617	0.028334564655072256	0.0035195646849093556	0.0025987788721341656	0.015079452586008426	1.0298568099886996	1.1757596438939404	0.6486908321420993	0.3304856587284699	0.08927193811345023	62.37663563867841	0.03212285388172574
2.5047242483246284	0.01	0.007	0.007	0.007	0.01	0.03132039745505623	0.02817477435778437	0.0034579754530289484	0.0025487428542875037	0.015129171882090899	1.0377647176022786	1.1834478933456964	0.649647910697545	0.3307822023311286	0.09147578347494975	62.02522273965559	0.03208988700576799
2.5345655425154736	0.01	0.007	0.007	0.007	0.01	0.03114249596513173	0.028014740738176103	0.003397886284057098	0.002500099250510958	0.015173157603436325	1.0456384028828705	1.1910753623607524	0.6505823064093895	0.33106154838858687	0.09368921716881048	61.67327212434951	0.03205671614444467
2.564629350982584	0.01	0.007	0.007	0.007	0.01	0.03096429003564075	0.02785443325411627	0.0033392339023692644	0.002452785701540429	0.015211574925638972	1.0534791340712273	1.1986430269120074	0.6514946336602284	0.33132408126690993	0.09591183575870836	61.32071660037278	0.032023332614253656
2.594923863700708	0.01	0.007	0.007	0.007	0.01	0.030785748378238456	0.027693823759225612	0.003281959174316928	0.002406743823466124	0.015244584091229507	1.0612880272252052	1.2061516920105058	0.6523854595079979	0.33157015447157173	0.0981432252439599	60.967494242011654	0.03198972807122903
2.6254570495854814	0.01	0.007	0.007	0.007	0.01	0.030606842054354634	0.027532886220993504	0.0032260067032944062	0.0023619188421061983	0.015272340654190369	1.069066063103968	1.213602009598584	0.6532553084057006	0.3318000934863474	0.10038296327291056	60.61354777044844	0.03195589445875908
2.656236669024018	0.01	0.007	0.007	0.007	0.01	0.030427544367171364	0.027371596623584984	0.003171324526055906	0.002318259312383989	0.015294995659472722	1.076814094721096	1.2209944872688636	0.6541046655262616	0.33201419804966276	0.10263061899352258	60.2588243401486	0.0319218239930269
2.6872703133067386	0.01	0.007	0.007	0.007	0.01	0.03024783060079562	0.02720993273319398	0.0031178637905108575	0.0022757168259347226	0.01531269582904963	1.0845328612783744	1.2283295029442993	0.6549339805304063	0.33221274440042703	0.10488575498732831	59.90327502293445	0.031887509118803795
2.718565415994457	0.01	0.007	0.007	0.007	0.01	0.030067677928535094	0.02704787401551877	0.0030655785124470048	0.0022342457846957963	0.015325583705775832	1.0922229945008881	1.2356073121367306	0.6557436702420039	0.33239598710215945	0.10714792723573902	59.546854626605544	0.03185294249650008
2.7501292749178643	0.01	0.007	0.007	0.007	0.01	0.02988706526275561	0.026885401500688952	0.0030144253363995547	0.0021938031802079833	0.015333797794424626	1.099885027307509	1.2428280573240327	0.6565341213762836	0.3325641607672438	0.10941668594708795	59.189521397979526	0.031818116977568964
2.7819690705449593	0.01	0.007	0.007	0.007	0.01	0.029705973129752813	0.026722497670696413	0.002964363324328777	0.0021543483973440304	0.015337472687956367	1.1075194012028984	1.2499917759910457	0.6573056929379798	0.33271748159134606	0.11169157618415486	58.83123677541555	0.03178302558406703
2.8140918762904223	0.01	0.007	0.007	0.007	0.01	0.029524383593701537	0.02655914639097639	0.0029153537754615312	0.0021158430447418227	0.015336739183780014	1.1151264714323774	1.2570984064693218	0.6580587182264935	0.33285614870711555	0.11397213797510217	58.47196523843113	0.031747661497212816
2.846504692865469	0.01	0.007	0.007	0.007	0.01	0.029342280047942072	0.02639533272265107	0.0028673600261880294	0.0020782507715516674	0.01533172439079582	1.1227065175317201	1.2641477987164844	0.6587935072227173	0.3329803455117757	0.11625790817808909	58.111673894841694	0.031712018019598144
2.8792144359013507	0.01	0.007	0.007	0.007	0.01	0.029159647273349777	0.02623104297503253	0.0028203473360552595	0.00204153715360037	0.015322551830440694	1.1302597425443157	1.2711397144189194	0.659510347719087	0.333090240677827	0.11854841906853188	57.750332596314585	0.03167608858895128
2.9122279559075093	0.01	0.007	0.007	0.007	0.01	0.028976471315103385	0.02606626459476472	0.0027742827357189128	0.0020056695511222926	0.015309341536408509	1.1377862797814908	1.2780738341034057	0.6602095070961759	0.33318598922101783	0.12084319927759021	57.38791369462689	0.03163986675635283
2.945552038959583	0.01	0.007	0.007	0.007	0.01	0.02879273946935717	0.025900986153831684	0.0027291349143754268	0.0019706169988465507	0.015292210154409553	1.1452861949254565	1.2849497598666806	0.6608912335486246	0.3332677334118185	0.12314177341557335	57.02439201536518	0.03160334618570953
2.9791934387650607	0.01	0.007	0.007	0.007	0.01	0.02860844009851418	0.025735197183381985	0.0026848740745450297	0.001936350072108011	0.015271271023123851	1.1527594950504243	1.291767024397766	0.6615557578493979	0.3333356036888733	0.12544366389667921	56.65974449250219	0.03156652061890805
3.0131588601958033	0.01	0.007	0.007	0.007	0.01	0.02842356271638695	0.02556888825033457	0.002641471862385967	0.0019028408129239246	0.01524663427531345	1.1602061265222046	1.2985250897353597	0.6622032940112876	0.33338971937562023	0.1277483894362008	56.29395033695315	0.031529383894251514
3.0474549923593233	0.01	0.007	0.007	0.007	0.01	0.028238097802655227	0.025402050790470438	0.0025989012399552603	0.0018700626122226689	0.015218406908475958	1.1676259838417355	1.3052233559880009	0.662834040857434	0.3334301894451229	0.13005546697659762	55.92699066952943	0.031491929910706006
3.0820884945714573	0.01	0.007	0.007	0.007	0.01	0.028052036876330507	0.025234677174517647	0.0025571364262993285	0.0018379901464138752	0.015186692883985987	1.175018907941803	1.3118611604047898	0.6634481825910514	0.3334571131383584	0.1323644104217568	55.55884866635127	0.031454152643753015
3.1170660166331827	0.01	0.007	0.007	0.007	0.01	0.02786537238356489	0.0250667606072275	0.002516152801032101	0.0018065992859898558	0.015151593200203855	1.182384691916563	1.3184377831616048	0.6640458899528917	0.3334705805890407	0.1346747317241493	55.18950933692487	0.031416046123788635
3.1523942011505874	0.01	0.007	0.007	0.007	0.01	0.027678097684441603	0.024898295115491215	0.0024759268368440552	0.0017758670274047033	0.015113205976908283	1.189723082713632	1.3249524494489635	0.6646273209714332	0.33347067337322317	0.13698594077233836	54.81895949806034	0.0313776044342176
3.1880796954532347	0.01	0.007	0.007	0.007	0.01	0.027490206989681288	0.024729275491402695	0.002436436026127282	0.0017457714213464268	0.015071626528704956	1.1970337847577546	1.3314043332531258	0.6651926218189611	0.33345746502085094	0.13929754592934038	54.447187648689564	0.03133882169914961
3.2241291471800637	0.01	0.007	0.007	0.007	0.01	0.02730169538480499	0.02455969731399438	0.0023976588309247175	0.0017162915196699405	0.015026947455203667	1.2043164601144014	1.3377925580421917	0.6657419273488092	0.33343102149099463	0.14160905352142747	54.07418401772861	0.03129969208891814
3.2605492166370094	0.01	0.007	0.007	0.007	0.01	0.02711255876632024	0.024389556891832316	0.002359574618191204	0.0016874073119036437	0.014979258711680446	1.2115707320669313	1.344116200458423	0.6662753618609856	0.33339140161283026	0.14391996843975322	53.69994043786372	0.031260209807403225
3.2973465823615986	0.01	0.007	0.007	0.007	0.01	0.026922793815255263	0.024218851239208288	0.0023221636072000094	0.0016590996718041956	0.014928647684962815	1.218796187181675	1.350374292632761	0.6667930397047511	0.33333865749065	0.14622979430332622	53.324450293233774	0.031220369086816278
3.3345279494191713	0.01	0.007	0.007	0.007	0.01	0.02673239795772912	0.024047578040670085	0.0022854068180431343	0.001631350305475694	0.014875199263924034	1.2259923778276292	1.3565658248633572	0.6672950658754785	0.33327283487379505	0.14853803380067818	52.94770844145861	0.03118016417959129
3.372100040490471	0.01	0.007	0.007	0.007	0.01	0.026541369414273982	0.023875735695389845	0.0022492860403539655	0.0016041417154339216	0.014818995933868729	1.2331588213232232	1.3626897453778446	0.667781536345303	0.3331939735324542	0.15084418797792506	52.56971131128343	0.031139589368930454
3.4100696220174367	0.01	0.007	0.007	0.007	0.01	0.02634970707063178	0.0237033232009375	0.0022137837706174006	0.0015774571416145905	0.01476011781890768	1.2402950057987396	1.3687449658487574	0.6682525388298789	0.333102107545171	0.15314775770935685	52.19045664696767	0.03109863894150237
3.4484434931839676	0.01	0.007	0.007	0.007	0.01	0.026157410539594052	0.02353034020890953	0.002178883189024666	0.0015512805328459077	0.014698642776647472	1.247400388818039	1.3747303606631733	0.6687081530224853	0.3329972656301031	0.15544824287040498	51.809943630696274	0.031057307200380333
3.4872285002187287	0.01	0.007	0.007	0.007	0.01	0.025964480094670936	0.023356786965260005	0.0021445681144351657	0.0015255965024013635	0.014634646454105284	1.2544744007962667	1.380644770280254	0.6691484511299173	0.3328794714042966	0.1577451430759172	51.42817275137276	0.031015588450683324
3.5264315278157863	0.01	0.007	0.007	0.007	0.01	0.025770916719214332	0.023182664354490113	0.00211082298262139	0.001500390301581664	0.014568202378862057	1.2615164441301487	1.3864870009595365	0.6695734981084562	0.3327487436856043	0.16003795705270704	51.04514590187027	0.03097347700992048
3.5660595192270272	0.01	0.007	0.007	0.007	0.01	0.02557672201339559	0.0230079738159686	0.002077632801209793	0.0014756477763793708	0.014499382001889471	1.268525897532202	1.3922558288329	0.6699833522035462	0.3326050966917755	0.1623261837209537	50.66086619500513	0.030930967187542104
3.606119467916916	0.01	0.007	0.007	0.007	0.01	0.02538189824314701	0.02283271738795781	0.0020449831317190434	0.0014513553449263408	0.014428254786234157	1.2755021151512127	1.3979499996098328	0.6703780651458131	0.3324485403109865	0.1646093216008749	50.275338060428496	0.0308880532951288
3.6466184331160156	0.01	0.007	0.007	0.007	0.01	0.025186448272071716	0.02265689764636235	0.0020128600530838737	0.001427499961602215	0.014354888253605093	1.282444429925842	1.4035682317730889	0.6707576825809353	0.33227908027547903	0.16688686961615135	49.88856710993264	0.03084472963097833
3.6875635370050492	0.01	0.007	0.007	0.007	0.01	0.024990375584167352	0.022480517725170575	0.00198125014239002	0.0014040690944381448	0.014279348061468232	1.289352153642631	1.409109217046142	0.6711222442877715	0.33209671838686217	0.1691583268383338	49.50056018246219	0.030800990484461922
3.7289619644670378	0.01	0.007	0.007	0.007	0.01	0.024793684293472718	0.02230358132513238	0.0019501404544178954	0.0013810507020380156	0.014201698075436999	1.2962245774965395	1.414571621299262	0.6714717844189302	0.3319014527275639	0.17142319240660833	49.11132536325081	0.03075683013763963
3.7708209824027397	0.01	0.007	0.007	0.007	0.01	0.024596379061503755	0.02212609263948764	0.00191951848805963	0.001358433201216343	0.01412200040349624	1.3030609758580445	1.4199540879898556	0.6718063318876091	0.33169327776716434	0.1736809665192766	48.72087182048054	0.03071224284607204
3.8131479232380836	0.01	0.007	0.007	0.007	0.01	0.024398465185499516	0.021948056433349204	0.0018893721810772674	0.00133620545601159	0.01404031549604703	1.309860604059899	1.4252552368376294	0.6721259104350639	0.33147218462608313	0.1759311494681368	48.32920997995894	0.030667222857893077
3.8559502161770145	0.01	0.007	0.007	0.007	0.01	0.024199948462069788	0.021769477921045305	0.0018596898711152176	0.0013143567421518639	0.013956702153899556	1.3166227039637624	1.4304736686216801	0.6724305390668992	0.33123816109296367	0.1781732432540294	47.936351255331935	0.030621764382082656
3.899235356403073	0.01	0.007	0.007	0.007	0.01	0.024000835341877733	0.021590362905266478	0.0018304603022765082	0.0012928767454920712	0.013871217654528338	1.3233464995085489	1.4356079621485194	0.6727202320030627	0.33099119195459575	0.18040674990002845	47.54230835424003	0.03057586162281491
3.943010936967824	0.01	0.007	0.007	0.007	0.01	0.023801132792177954	0.02141071765340988	0.0018016725883623845	0.001271755528855059	0.013783917755711727	1.3300312022749403	1.4406566790086968	0.6729949990835784	0.33073125898716055	0.18263117309151233	47.14709500633401	0.030529508747212657
3.987284640942289	0.01	0.007	0.007	0.007	0.01	0.02360084834528682	0.02123054894118149	0.0017733162052336075	0.0012509835206656605	0.01369485677491203	1.3366760106718252	1.445618363368935	0.6732548458670998	0.3304583411498469	0.1848460177148932	46.750726059242766	0.03048269989541571
4.0320642390515475	0.01	0.007	0.007	0.007	0.01	0.023399990120405945	0.021049864072227902	0.001745380979520617	0.0012305515011777023	0.013604087657513041	1.3432801100871403	1.450491542560724	0.6734997737763619	0.3301724147518155	0.18705078972205044	46.353217521812326	0.03043542918481938
4.0773576113869705	0.01	0.007	0.007	0.007	0.01	0.02319856673790428	0.020868670801027483	0.0017178570631995354	0.0012104505786672774	0.013511661994913368	1.3498426765716995	1.4552747302724582	0.673729780365229	0.32987345345883884	0.18924499718378743	45.95458639451562	0.03038769068896143
4.123172733486858	0.01	0.007	0.007	0.007	0.01	0.02299658739461711	0.02068697740062692	0.0016907349315280367	0.0011906721830120823	0.01341763011334954	1.3563628752012535	1.4599664257867317	0.6739448593739894	0.32956142851732356	0.1914281495769427	45.55485081852168	0.03033947845412194
4.169517686373342	0.01	0.007	0.007	0.007	0.01	0.022794061831300325	0.020504792633364174	0.0016640053664459206	0.0011712080488971285	0.013322041113164955	1.3628398620119688	1.4645651158810427	0.6741450009155754	0.3292363088246138	0.19359975827127618	45.15403001133738	0.030290786490667673
4.216400651406931	0.01	0.007	0.007	0.007	0.01	0.022591000367452204	0.020322125782193043	0.0016376594497111148	0.0011520502063831037	0.013224942937898655	1.3692727837585092	1.4690692751591274	0.6743301915818245	0.32889806109727926	0.19575933629571665	44.75214433577623	0.030241608780443217
4.263829936547087	0.01	0.007	0.007	0.007	0.01	0.02238741380029993	0.020138986559815178	0.0016116885389764735	0.0011331909593148444	0.01312638237707536	1.3756607819817774	1.4734773694064687	0.6745004146682618	0.32854664980929793	0.1979063995587724	44.34921510009255	0.030191939251280903
4.311813939787422	0.01	0.007	0.007	0.007	0.01	0.022183313575466844	0.019955385262206325	0.001586084279502948	0.0011146228898676388	0.013026405198047373	1.3820029884966367	1.477787852966678	0.6746556501511629	0.32818203758330694	0.20004046519484914	43.9452648958106	0.030141771817447576
4.360361181912688	0.01	0.007	0.007	0.007	0.01	0.021978711657817514	0.01977133265243316	0.0015608385775530739	0.0010963388354546068	0.012925056132820361	1.3882985303747377	1.4819991727637603	0.6747958749308584	0.32780418507726516	0.20216105310555157	43.54031734216663	0.030091100347452326
4.409480295057827	0.01	0.007	0.007	0.007	0.01	0.021773620593155563	0.019586840016154662	0.0015359435988643684	0.0010783318840720973	0.01282237895530393	1.3945465289108046	1.4861097681443771	0.6749210629023146	0.32741305119071007	0.20426768548700566	43.13439720827694	0.030039918678248755
4.459180023825084	0.01	0.007	0.007	0.007	0.01	0.021568053515033037	0.019401919167747663	0.0015113917603406758	0.001060595364906596	0.012718416531227652	1.4007461003525978	1.490118071983572	0.675031185076103	0.3270085931805838	0.20635988695526167	42.72753042667719	0.029988220616302578
4.509469226394031	0.01	0.007	0.007	0.007	0.01	0.021362024151315658	0.019216582456212716	0.0014871757220960243	0.0010431228393847872	0.012613210866707482	1.4068963566544443	1.4940225118269697	0.6751262096979419	0.32659076677616106	0.20843718468583688	42.31974410638115	0.029935999938716137
4.56035687562382	0.01	0.007	0.007	0.007	0.01	0.021155546830484477	0.01903084277084311	0.0014632883798336572	0.0010259080926444814	0.012506803155435885	1.412996406254141	1.4978215110692914	0.6752061023669175	0.3261595262932005	0.21049910856719545	41.91106654541969	0.02988325039441109
4.611852053244723	0.01	0.007	0.007	0.007	0.01	0.020948636515250866	0.018844713571463754	0.0014397228606624769	0.0010089451276487315	0.012399233838893211	1.4190453540704495	1.5015134896842204	0.675270826144874	0.3257148248075841	0.21254519109638934	41.50152729744422	0.029829965712506346
4.663963947118632	0.01	0.007	0.007	0.007	0.01	0.020741308822041803	0.018658208905959536	0.001416472517392125	0.000992228158352945	0.012290542658579458	1.4250423019724907	1.505096865318101	0.6753203416797052	0.325256614307509	0.21457496743923118	41.09115721036871	0.02977613960750303
4.716701848266775	0.01	0.007	0.007	0.007	0.01	0.020533580040114605	0.018471343427470407	0.0013935309229913275	0.000975751603136859	0.012180768707085055	1.4309863492988724	1.5085700544681635	0.6753546073336659	0.32478484585023876	0.2165879755127921	40.67998846428273	0.029721765784715973
4.77007515123144	0.01	0.007	0.007	0.007	0.01	0.020325467136372434	0.018284132398723445	0.0013708918637058806	0.0009595100774159761	0.012069950470521283	1.4368765938176744	1.5119314739665037	0.6753735793175162	0.3242994696907081	0.2185837562228236	40.26805458106516	0.029666837942280366
4.824093325434494	0.01	0.007	0.007	0.007	0.01	0.02011698787094347	0.018096591796003907	0.0013485493442950002	0.0009434983950734267	0.011958125929260597	1.442712129614749	1.5151795408015798	0.6753772118258248	0.3238004356794212	0.22056185266561001	39.855390653247376	0.02961134980296354
4.878765936044097	0.01	0.007	0.007	0.007	0.01	0.019908160717088685	0.0179087382371072	0.0013264975720446465	0.0009277115547862462	0.011845332553712711	1.4484920505863368	1.5183126752351737	0.6753654572023488	0.32328769321601447	0.22252181123411652	39.44203318557605	0.029555295094967782
4.93410260673824	0.01	0.007	0.007	0.007	0.01	0.019699005003810346	0.017720589109624672	0.0013047309649290406	0.0009121447437830022	0.011731607418362672	1.4542154477243472	1.5213293005151465	0.6753382661046663	0.32276119174061774	0.22446318062619752	39.02802037739376	0.029498667592408503
4.990113013941312	0.01	0.007	0.007	0.007	0.01	0.01948954093170121	0.017532162585201166	0.0012832441459473798	0.0008967933317874105	0.01161698724771913	1.4598814100810307	1.524227844825505	0.6752955876993247	0.3222208809478263	0.22638551210524185	38.613392154124504	0.029441461123269758
5.046806873107258	0.01	0.007	0.007	0.007	0.01	0.019279789615872237	0.0173434776581515	0.0012620319404498116	0.0008816528672091226	0.011501508475963745	1.4654890250460793	1.5270067429699106	0.6752373698709278	0.3216667110802701	0.22828835953404508	38.19819025236616	0.029383669585412785
5.104193920325239	0.01	0.007	0.007	0.007	0.01	0.019069773141782632	0.01715455419568332	0.001241089374773921	0.0008667190743655279	0.011385207313043917	1.4710373783678654	1.529664438078994	0.6751635594542028	0.32109863327555743	0.23017127932819614	37.782458330532954	0.029325286967192717
5.162283865566831	0.01	0.007	0.007	0.007	0.01	0.018859514717871784	0.01696541307519985	0.0012204116842739815	0.0008519878574794626	0.011268119864322504	1.47652555177064	1.5321993824143805	0.6750741025351815	0.32051660020810746	0.2320338296001826	37.36624227113382	0.029266307396629554
5.221086398308176	0.01	0.007	0.007	0.007	0.01	0.01864903862963489	0.016776076142987997	0.0011999943014096516	0.0008374552905376494	0.011150282139848795	1.4819526259516493	1.5346100409793613	0.6749689447140311	0.3199205662243595	0.23387557113650603	36.94959009001835	0.029206725136994346
5.2806111138095915	0.01	0.007	0.007	0.007	0.01	0.018438370473372784	0.01658656642449191	0.0011798328712309177	0.0008231176267447403	0.011031730219009207	1.487317676414039	1.5368948920639565	0.6748480315196248	0.31931048828434216	0.23569606595138687	36.53255239926485	0.02914653466260732
5.340867503655549	0.01	0.007	0.007	0.007	0.01	0.018227537147696357	0.016396908116670963	0.0011599232427867022	0.0008089712908922183	0.010912500280044032	1.4926197758002258	1.5390524311053722	0.6747113087646589	0.31868632627472393	0.23749487805514985	36.1151823905506	0.02908573066892243
5.4018648968715635	0.01	0.007	0.007	0.007	0.01	0.018016567011775904	0.016207126730355566	0.0011402614765307316	0.0007950128831814516	0.010792628722664144	1.4978579920962454	1.541081173032573	0.6745587230274601	0.31804804383663676	0.239271572830776	35.69753614862365	0.029024308132176515
5.463612397672366	0.01	0.007	0.007	0.007	0.01	0.017805490039906557	0.0160172492292893	0.001120843850725249	0.0007812391823769206	0.010672152289277502	1.5030313872288947	1.5429796553050186	0.67439022220679	0.3173956092535996	0.24102571655453442	35.27967295751052	0.028962262371626198
5.526118819736088	0.01	0.007	0.007	0.007	0.01	0.017594337971800777	0.015827304165327162	0.0011016668668947065	0.0007676471483299056	0.010551108184243941	1.5081390160617776	1.5447464416531331	0.6742057561492861	0.3167289963988434	0.2427568760640261	34.86165559829443	0.02889958911439829
5.589392625391407	0.01	0.007	0.007	0.007	0.01	0.017383144429834206	0.015637321783906376	0.001082727251866446	0.0007542339221317205	0.010429534174326028	1.513179926462656	1.5463801267344222	0.6740052773212695	0.31604818564944653	0.24446461880248058	34.44355058149926	0.028836284554488296
5.653441818728912	0.01	0.007	0.007	0.007	0.01	0.017171945171796776	0.015447334251412865	0.0010640219715481426	0.0007409968346250984	0.010307468767329134	1.5181531564252453	1.5478793404345363	0.6737887416892103	0.3153531653154036	0.24614851187966202	34.02542864776716	0.02877234545679549
5.7182738589743645	0.01	0.007	0.007	0.007	0.01	0.01696077825149912	0.015257375799657904	0.0010455482356693086	0.000727933408544903	0.010184951338543632	1.5230577338000566	1.54924275383799	0.6735561096246929	0.31464393287909703	0.24780812203401884	33.607365086156285	0.02870776923944079
5.783895521133784	0.01	0.007	0.007	0.007	0.01	0.016749684326411645	0.015067483002620076	0.0010273035148185546	0.0007150413693896501	0.01006202234297728	1.5278926729861382	1.5504690851700456	0.673307347079469	0.31392049683404655	0.24944301458520324	33.18944034357049	0.028642554107091586
5.850312798304641	0.01	0.007	0.007	0.007	0.01	0.0165387067996975	0.014877694904213966	0.0010092855422429781	0.0007023186455446828	0.009938723432254859	1.5326569759229327	1.5515571079168058	0.6730424267094328	0.3131828780949473	0.2510527538632291	32.77174030637305	0.028576699140921296
5.917530704944149	0.01	0.007	0.007	0.007	0.01	0.01632789224711647	0.01468805340231881	0.0009914923394838701	0.0006897633852729645	0.009815097738361027	1.5373496270514815	1.5525056585202328	0.6727613294810272	0.31243111252683803	0.252636901622746	32.35435714604161	0.02851020448484198
5.985553129374387	0.01	0.007	0.007	0.007	0.01	0.016117290645123964	0.01449860345396938	0.000973922223842889	0.0006773739608823638	0.009691190042796163	1.541969593416957	1.5533136466922302	0.6724640462192285	0.3116652529636101	0.2541950172239363	31.937389771289887	0.028443071480181794
6.054382638272316	0.01	0.007	0.007	0.007	0.01	0.015906955709722302	0.014309393380175782	0.000956573824549452	0.0006651489790612154	0.009567047011292747	1.546515822818415	1.5539800665921457	0.6721505794687276	0.31088537178475506	0.2557266571833807	31.52094449952065	0.02837530284516413
6.124020216401476	0.01	0.007	0.007	0.007	0.01	0.01569694538328899	0.014120475303858493	0.0009394461100079624	0.0006530872990287979	0.009442717517424613	1.5509872394634094	1.5545040093446671	0.6718209457962554	0.31009156425567336	0.25723137392040596	31.105136021335607	0.028306902914750843
6.194465060694494	0.01	0.007	0.007	0.007	0.01	0.015487322099909537	0.013931905388533741	0.0009225383956865948	0.000641188037053321	0.009318252836859817	1.5553827451419184	1.554884678194285	0.6714751780009585	0.3092839512797152	0.2587087164024325	30.69008792658331	0.028237877823113225
6.2657142570195665	0.01	0.007	0.007	0.007	0.01	0.015278153345946753	0.013743744342583665	0.0009058503751745522	0.00062945058730147	0.009193707017586105	1.5597012148242562	1.5551214048856796	0.6711133280329733	0.3084626835074858	0.260158228955947	30.27593381503857	0.02816823579712599
6.33776249216412	0.01	0.007	0.007	0.007	0.01	0.015069512045544152	0.013556057766043291	0.0008893821358131653	0.000617874631830613	0.009069137148003618	1.5639414968194707	1.5552136687808225	0.6707354699258058	0.3076279450679014	0.2615794516603131	29.862818060554826	0.028097987410268182
6.410601731982691	0.01	0.007	0.007	0.007	0.01	0.01486147697826689	0.013368916526297639	0.0008731341762046348	0.000606460151924914	0.008944603644872474	1.5681024129721095	1.5551611180487084	0.6703417030552526	0.30677995769503813	0.2629719208024432	29.450896638933127	0.0280271458644881
6.484220835817386	0.01	0.007	0.007	0.007	0.01	0.014654133304869792	0.013182397231046096	0.0008571074313742897	0.0005952074448256517	0.008820170606960349	1.5721827574672356	1.5549635932277068	0.6699321559073185	0.3059189855979913	0.2643351689191668	29.040338169981872	0.027955727328312408
6.558605224975562	0.01	0.007	0.007	0.007	0.01	0.014447572861008945	0.012996582492517311	0.0008413032792249905	0.0005841171273432962	0.008695906030311295	1.576181300993704	1.5546211530527974	0.6695069897150114	0.30504533969246395	0.2656687266870743	28.631324500181545	0.027883751216168828
6.633736505770554	0.01	0.007	0.007	0.007	0.01	0.01424189450692689	0.012811561242035766	0.0008257235513800452	0.0005731901425977232	0.008571882056588856	1.5800967942783233	1.5541341022202118	0.6690664024690809	0.3041593823324656	0.2669721246505974	28.224051396252474	0.027811240505673664
6.7095921691084675	0.01	0.007	0.007	0.007	0.01	0.01403720419688378	0.012627428792481799	0.0008103705230873378	0.0005624277521247999	0.008448175051489218	1.5839279773236559	1.5535030202247484	0.6686106325817871	0.30326153109382425	0.26824489689508657	27.818728683840526	0.027738221974761307
6.786145322967004	0.01	0.007	0.007	0.007	0.01	0.013833614908009302	0.012444286774291007	0.0007952468939850119	0.0005518315216663008	0.00832486559536495	1.5876735911390016	1.5527287904408817	0.6681399623734797	0.30235226209033556	0.26948658557526634	27.415580107847774	0.02766472640183716
6.863364545090362	0.01	0.007	0.007	0.007	0.01	0.0136312462140269	0.012262242751993162	0.0007803557446538345	0.0005414032901059512	0.008202038254633542	1.5913323954600085	1.5518126276492576	0.667654720776656	0.3014321117604995	0.270696747437772	27.014842489514322	0.027590788646065983
6.941213942582174	0.01	0.007	0.007	0.007	0.01	0.01343022331793552	0.012081409354047244	0.0007657004570365832	0.0005311451132595155	0.008079781018065132	1.5949031949071903	1.550756101087346	0.6671552845707293	0.30050167605032957	0.27187496310549153	26.616763812009218	0.027516447527369835
7.019653418974891	0.01	0.007	0.007	0.007	0.01	0.013230675600989296	0.011901902967554326	0.0007512846050796172	0.0005210591870333938	0.007958184429123393	1.5983848713724547	1.5495611505053002	0.6666420779575902	0.29956160693958944	0.2730208483338995	26.22160034796109	0.027441745509475642
7.098639315077099	0.01	0.007	0.007	0.007	0.01	0.013032734331727778	0.011723841677379715	0.0007371117918991073	0.0005111477334286213	0.007837340193747527	1.6017764276154387	1.5482300900507118	0.6661155691976381	0.29861260428182723	0.2741340688105955	25.82961212332779	0.02736672803227806
7.1781253922251524	0.01	0.007	0.007	0.007	0.01	0.012836529710833785	0.011547342607807327	0.0007231854488851455	0.0005014128602496296	0.00771733936609747	1.605077037332042	1.5467655968214609	0.6655762642473547	0.29765540329253737	0.27521435684388523	25.44105706552261	0.027291442530292635
7.258064247622825	0.01	0.007	0.007	0.007	0.01	0.012642187122022731	0.011372518549965908	0.0007095085894972019	0.0004918563894979321	0.0075982700295311794	1.6082861024538695	1.5451706792982254	0.6650246965683128	0.2966907565902576	0.2762615300966503	25.05618357860043	0.02721593705920194
7.338409099684216	0.01	0.007	0.007	0.007	0.01	0.012449822841459908	0.011199474102163676	0.0006960835373769509	0.00048247966820360764	0.007480214624395434	1.6114033120486326	1.5434486236468454	0.6644614133089513	0.2957194115391263	0.2772755104274388	24.675222045382196	0.02714025859713943
7.419115820730502	0.01	0.007	0.007	0.007	0.01	0.012259539575621516	0.011028301655895632	0.0006829116550339487	0.00047328338002277027	0.007363247148979851	1.614428696040426	1.5416029185784215	0.6638869585920315	0.29474208441104693	0.2782563405629642	24.29837598900507	0.02706445114282268
7.500144932527299	0.01	0.007	0.007	0.007	0.01	0.01207142252913298	0.010859077858599155	0.0006699931202605354	0.0004642673904549714	0.007247430667420356	1.6173626628110174	1.5396371653010352	0.6633018559520141	0.29375943488505724	0.2792041950406894	23.92581428324745	0.026988553881369025
7.58146322076262	0.01	0.007	0.007	0.007	0.01	0.011885536753411287	0.010691861228576663	0.0006573267978617245	0.0004554306587429136	0.007132815593776127	1.6202060107162772	1.537554983944392	0.6627065926441797	0.2927720451633441	0.2801193822814124	23.55766589877907	0.02691259973789384
7.663044622691582	0.01	0.007	0.007	0.007	0.01	0.01170192643393293	0.010526691513840428	0.0006449102453387196	0.0004467712432015742	0.007019439168596852	1.6229599066897527	1.5353599312882245	0.6621016088044365	0.2917804080272082	0.28100233577701306	23.194018488470057	0.026836614633357684
7.744869852461452	0.01	0.007	0.007	0.007	0.01	0.011520617099609488	0.010363591679587746	0.0006327399110479048	0.0004382864405375687	0.006907326749176171	1.6256258218117061	1.5330554529308562	0.6614872960702242	0.29078493045977555	0.28185359143948496	22.834922760050492	0.026760617925706654
7.82692466624573	0.01	0.007	0.007	0.007	0.01	0.011341620653648394	0.01020257243379076	0.000620811508539939	0.00042997304751226295	0.006796494867613682	1.6282054313120562	1.5306448840466202	0.660864007219164	0.28978595411576513	0.2826737539037913	22.48040243745406	0.02668462410333673
7.90919676956502	0.01	0.007	0.007	0.007	0.01	0.011164942901796827	0.010043638999350988	0.0006091205376493652	0.0004218277242238191	0.006686955869367475	1.6307004891225585	1.5281315091024752	0.6602320775471564	0.28878379262702436	0.2834634554025521	22.130469169514846	0.026608645703450895
7.991671732035753	0.01	0.007	0.007	0.007	0.01	0.010990592511102366	0.009886799173101465	0.0005976628764648367	0.0004138474060261942	0.006578723479723447	1.6331126962920617	1.525518677624437	0.6595918557521674	0.28777878123853257	0.2842233136700462	21.785140273426144	0.026532697094344165
8.074328684935379	0.01	0.007	0.007	0.007	0.01	0.01081858959883466	0.009732071052116905	0.0005864353250869889	0.00040602968115872797	0.006471818181698995	1.6354435898044124	1.522809954877312	0.6589437385237236	0.2867713292018195	0.28495389740713334	21.444455747280962	0.026456798392380042
8.157137102243812	0.01	0.007	0.007	0.007	0.01	0.010648971297530176	0.009579488039847006	0.0005754359332734057	0.0003983730173830036	0.006366270746386612	1.637694485401889	1.5200092609498757	0.658288198334892	0.2857619589129508	0.2856557097100657	21.10848929465513	0.02638097832062994
8.240056159244196	0.01	0.007	0.007	0.007	0.01	0.01048179159122354	0.009429098698800457	0.0005646639491141517	0.00039087672467056636	0.006262122210791334	1.6398665028043375	1.5171209345175034	0.6576257916471444	0.2847513134483248	0.28632919775994464	20.777348002737455	0.026305274667323658
8.32303825947234	0.01	0.007	0.007	0.007	0.01	0.010317112891189775	0.009280959172365405	0.0005541192442749546	0.0003835405539715295	0.006159418693450105	1.6419606938221085	1.514149643943955	0.6569571332523266	0.28374011308042113	0.28697479412522187	20.451155658061335	0.026229730945799924
8.406037665931038	0.01	0.007	0.007	0.007	0.01	0.010154988449685744	0.009135117364793445	0.000543801180500223	0.0003763639081373476	0.006058200446077141	1.643978268768729	1.511100083877681	0.6562828272092887	0.2827290495213807	0.28759298687120416	20.13001791237388	0.026154388484307414
8.489023587550317	0.01	0.007	0.007	0.007	0.01	0.009995437903797403	0.008991590941246947	0.0005337070834573102	0.0003693447810490239	0.005958486536124574	1.6459208769254137	1.507976453575865	0.6556033577209995	0.28171862616244725	0.28818440346392515	19.81397383709274	0.026079274625143017
8.571994493680197	0.01	0.007	0.007	0.007	0.01	0.009838422853294395	0.00885034535843068	0.0005238307698648322	0.0003624787352324817	0.005860259458609542	1.6477908481998556	1.5047818229115673	0.6549189653199661	0.280708984090675	0.2887498792834581	19.502947540815928	0.026004390021154664
8.654988426725673	0.01	0.007	0.007	0.007	0.01	0.009683832256064265	0.008711280726787828	0.0005141617325051948	0.0003557583378927363	0.005763455817756168	1.6495912849794803	1.501517596336674	0.6542295521679742	0.27969977790603684	0.28929047756684384	19.19671923038104	0.025929699749209677
8.738083796750287	0.01	0.007	0.007	0.007	0.01	0.00953148672712827	0.008574235677734559	0.0005046855187526394	0.0003491734266775965	0.005667968827789192	1.651325921058498	1.4981833293343159	0.6535346649551755	0.27869016839656835	0.2898074379232312	18.89493371639027	0.025855133109135734
8.821386865381417	0.01	0.007	0.007	0.007	0.01	0.009381166552019472	0.008439012563560779	0.0004953855541301416	0.00034271237861086484	0.005573665733338302	1.6529987290437627	1.4947771089317825	0.652833591271785	0.27767897751531295	0.2903020514844587	18.597155897072362	0.025780595325336223
8.905005187859128	0.01	0.007	0.007	0.007	0.01	0.009232662098892655	0.008305422806506929	0.00048624627924810534	0.00033636428941179495	0.005480419409600386	1.6546133317628082	1.4912965943898142	0.6521255801990493	0.2766650132567896	0.29077548343538473	18.302970618975227	0.025705991564825868
8.989007650327112	0.01	0.007	0.007	0.007	0.01	0.009085842901287361	0.00817334904336613	0.0004772573294119244	0.0003301218741641924	0.0053881518680907355	1.6561722947905866	1.487740749804385	0.6514101857268761	0.2756475549386231	0.29122856966811983	18.012119533539696	0.025631262453929604
9.073372286100803	0.01	0.007	0.007	0.007	0.01	0.008940740979946604	0.00804282007909662	0.00046841845597870126	0.00032398487973214345	0.005296886931526975	1.6576763766081473	1.48411226432714	0.6506877260300857	0.27462698241295946	0.2916616133843023	17.724666174092498	0.02555642980021159
9.157927324918507	0.01	0.007	0.007	0.007	0.01	0.008797637159841831	0.007914088534849368	0.00045974448995697657	0.0003179635230492913	0.005206805040931764	1.6591238716916465	1.4804204534279146	0.6499598137644458	0.2736054809414287	0.29207422316132753	17.441166981125942	0.025481647476250827
9.242310419878775	0.01	0.007	0.007	0.007	0.01	0.008657108334836098	0.007787673365790046	0.0004512678248200911	0.0003120802046929258	0.00511827371686538	1.6605104574470826	1.4766835288185625	0.6492297409639539	0.2725875190553713	0.2924653083603644	17.16276497514554	0.025407235382003585
9.326010166121245	0.01	0.007	0.007	0.007	0.01	0.008519935612486792	0.007664277231231068	0.00044303251978289576	0.0003063654073407177	0.005031790433001945	1.661830420130125	1.4729272295007012	0.6485021521736676	0.27157932921578776	0.29283346527571863	16.89100782018207	0.02533364055874071
9.408566239546136	0.01	0.007	0.007	0.007	0.01	0.008386766962417254	0.007544483024099224	0.0004350739588387276	0.000300843578735572	0.004947770180023967	1.6630800011583975	1.4691759774628197	0.6477813139992264	0.2705864853208179	0.293177924847727	16.627179498723983	0.025261260163523667
9.489866570620215	0.01	0.007	0.007	0.007	0.01	0.008257658682002166	0.007428341388247942	0.0004273918723408184	0.0002955144247643608	0.004866255227911878	1.6642613464107041	1.4654388602774582	0.6470684847905259	0.2696103395464025	0.29349959650700813	16.37139184124783	0.025190182836210818
9.570324961167238	0.01	0.007	0.007	0.007	0.01	0.008131844688137222	0.007315163180598837	0.0004199374855487184	0.00029034401629438023	0.004786767513774211	1.6653838361043247	1.4617003678932745	0.6463602817660346	0.2686459288441222	0.2938013248216944	16.12212735743259	0.02512003847622394
9.650816820390466	0.01	0.007	0.007	0.007	0.01	0.008007896832118269	0.007203663685027221	0.0004126239364572821	0.0002852720372101652	0.004708408294216294	1.6664617948470386	1.4579222050358642	0.6456491662467474	0.26768279873713574	0.2940871522330881	15.87655675085537	0.025050060383118657
9.732523961985724	0.01	0.007	0.007	0.007	0.01	0.007884010062659711	0.007092219135708707	0.00040534371494228995	0.0002802238923161651	0.004630037830429231	1.6675113980709184	1.4540497714545777	0.64492475992063	0.2667069093290623	0.29436140704384206	15.631103820475182	0.024979225122248153
9.816956743173915	0.01	0.007	0.007	0.007	0.01	0.007758004208697971	0.00697886832084753	0.0003979691492891922	0.00027511105229437464	0.0045502764211247755	1.6685502353151151	1.450010591781884	0.6441736132056722	0.26570041562721336	0.2946285220578422	15.38144893981731	0.02490623732492441
9.906883033834703	0.01	0.007	0.007	0.007	0.01	0.007626014294294633	0.006860134432174581	0.0003902766853862746	0.0002697785759708719	0.004466675448105845	1.6696071349192398	1.4456686790747533	0.6433708592154798	0.2646306859189195	0.2948954040641718	15.119934062477748	0.0248287351874801
10.0	0.01	0.007	0.007	0.007	0.01	0.0074917077416215795	0.006739316563360677	0.000382482818026172	0.0002643765908595973	0.004381566697166144	1.6706494976803106	1.4411315668354483	0.6425368064960316	0.26352552354367653	0.29515326211413534	14.853825130307849	0.02474873734152919
